5203727
5209733
5211132
5213189
5214034
5215394
5217401
5218267
5219005
5220959
5222020
5222532
5233118
5234367
5234535
5237414
5240590
5240643
5241264
5242388
5243614
5244433
5244470
5249422
5249972
5250270
5251376
5251575
5252104
5252707
5253191
5254632
5254736
5254931
5258667
5260296
5260712
5261476
5261952
5264531
5265421
5265505
5266225
5266568
5267815
5268278
5270852
5272792
5274662
5278478
5281248
5281318
5283717
5285493
5285892
5286831
5286924
5288043
5289466
5290207
5290431
5290642
5291801
5291887
5292837
5296575
5298324
5301295
5301356
5303489
5304550
5308306
5308464
5310569
5311098
5311284
5315431
5317363
5317739
5318856
5319766
5321157
5321340
5321559
5322070
5322542
5323674
5324051
5324257
5324896
5326833
5326919
5327127
5330787
5332723
5333090
5333619
5335954
5337349
5338156
5343481
5343718
5345496
5345852
5346596
5348529
5351888
5353216
5353461
5354541
5357928
5359969
5361311
5365343
5366099
5366508
5367779
5369458
5369983
5371108
5372770
5373225
5374831
5376723
5377209
5377835
5377908
5378503
5378870
5379965
5379998
5380150
5380867
5382877
5385942
5387752
5388262
5388779
5389252
5389494
5389551
5393931
5395469
5399235
5399283
5399314
5401007
5402018
5408307
5410854
5411091
5412374
5416685
5419441
5420057
5421066
5422007
5425186
5425451
5431401
5432127
5432504
5434584
5435646
5435902
5439098
5439490
5440826
5443306
5443571
5443600
5444768
5446773
5449473
5450234
5450703
5450736
5451210
5452214
5452659
5453164
5454409
5456250
5457330
5458259
5461173
5461624
5461822
5462279
5462348
5463687
5464849
5466991
5467880
5469080
5469315
5470554
5472874
5473374
5475244
5476906
5477692
5478196
5478689
5478899
5479519
5480264
5481766
5481909
5482308
5484289
5485611
5489265
5492238
5492280
5492674
5494680
5495676
5498754
5499128
5501895
5502977
5503507
5503706
5504287
5505149
5505905
5506420
5506732
5511040
5511109
5514636
5514755
5515276
5515811
5517980
5518660
5518687
5521055
5521486
5522376
5523011
5523121
5527681
5531222
5532544
5535084
5535500
5535686
5536284
5537081
5537551
5538435
5543029
5543862
5544516
5547326
5549666
5550445
5552048
5552810
5559554
5559597
5561319
5562722
5564450
5564717
5565140
5565466
5570977
5571349
5571415
5571459
5571736
5572005
5572815
5573236
5574050
5574279
5575955
5577848
5578766
5579778
5581406
5582309
5582868
5583880
5584631
5586463
5588715
5589207
5589601
5589717
5592286
5592413
5592425
5592623
5595411
5595694
5597479
5600793
5601001
5601874
5602218
5602591
5603045
5603601
5608640
5609139
5610904
5611992
5612991
5614172
5616934
5618008
5621205
5621369
5622165
5622609
5623673
5624553
5626504
5626781
5627352
5627812
5630202
5630561
5632244
5633119
5634610
5637581
5637911
5640447
5640832
5643225
5644743
5646354
5646517
5646694
5649105
5649514
5650996
5651703
5655380
5659505
5659658
5660302
5660531
5661280
5661689
5661719
5662088
5662363
5664345
5665519
5666268
5668218
5670808
5671132
5672543
5672760
5673049
5674276
5680664
5681802
5682539
5682676
5682789
5683692
5684791
5684897
5684966
5687517
5687839
5688557
5688646
5689997
5690483
5691426
5694701
5695652
5696745
5697413
5697924
5698244
5699956
5705614
5706004
5706082
5706101
5706999
5708132
5711414
5711867
5713431
5713763
5714536
5714849
5716501
5717278
