2112214
2114268
2114319
2115445
2116901
2122772
2122799
2123884
2124242
2125362
2125848
2127247
2128280
2128908
2129659
2132308
2134531
2136305
2136803
2136874
2137107
2137326
2138477
2140642
2140655
2142925
2144850
2145018
2145480
2146509
2147130
2152446
2152475
2153405
2153732
2153834
2155125
2155806
2156124
2156599
2157404
2157775
2161141
2161658
2163441
2166092
2167248
2167320
2168972
2170730
2171015
2171558
2171894
2172054
2172520
2173158
2173328
2175430
2175891
2178108
2178484
2178994
2181627
2182242
2182553
2186331
2186412
2186518
2189374
2191215
2192330
2192769
2195060
2199853
2201133
2201482
2201918
2203449
2203494
2205193
2206679
2207819
2208647
2211485
2213083
2215641
2216569
2220866
2221602
2222045
2223251
2223546
2224267
2224933
2227249
2228072
2228514
2228697
2229410
2230251
2234225
2235166
2236775
2237152
2237981
2238274
2240280
2240603
2241822
2241988
2242082
2244265
2244472
2247370
2248285
2250168
2250693
2250825
2252879
2256999
2257347
2258231
2258857
2260495
2261083
2262782
2263420
2264237
2266008
2266152
2270021
2272143
2274619
2274678
2277313
2277325
2277871
2281650
2283355
2286441
2287286
2289808
2290249
2291575
2291853
2292570
2293629
2294880
2295244
2296656
2296713
2299253
2303127
2304029
2304178
2304862
2308501
2308688
2310185
2311396
2312071
2312561
2313305
2314425
2315249
2315554
2316649
2321393
2322817
2323176
2324502
2324918
2325245
2325289
2327777
2329390
2329925
2330375
2330545
2330740
2330955
2335147
2336219
2337792
2338626
2341971
2342536
2342753
2343321
2349918
2350595
2350681
2350758
2352555
2353316
2354424
2357046
2357699
2359867
2360188
2360246
2363256
2365925
2368066
2369211
2370294
2372129
2373419
2373493
2373900
2374260
2374758
2376038
2377894
2378412
2380027
2381448
2386915
2387066
2388255
2393829
2396133
2397455
2399500
2399859
2400288
2400528
2401399
2403764
2405828
2406624
2410731
2411220
2411243
2414669
2415228
2415465
2416921
2417282
2421089
2422310
2426926
2427341
2430238
2432397
2432633
2434064
2437488
2440445
2440777
2442742
2443372
2444822
2445260
2448887
2450831
2452929
2457142
2457332
2459109
2459215
2459583
2461336
2461487
2465392
2466846
2469591
2470541
2470775
2471732
2474587
2475043
2477986
2478545
2482301
2483302
2483748
2483949
2484031
2485651
2486647
2487011
2488383
2489584
2489742
2490258
2492363
2492391
2492483
2494631
2496110
2496936
2498193
2499036
2500482
2500791
2501153
2502879
2504190
2506313
2506759
2508380
2508821
2511198
2513256
2514132
2514483
2514806
2515202
2515460
2515768
2515900
2516476
2517527
2517931
2521535
2522396
2524188
2524449
2525213
2525297
2526676
2528577
2531300
2532034
2532343
2532707
2533138
2534120
2536797
2537216
2539413
2543598
2543957
2544552
2545273
2545522
2547404
2548174
2548413
2549398
2552786
2553028
2555602
2558369
2558633
2559431
2562145
2562356
2563246
2565292
2566753
2566833
2568241
2570071
2570345
2571227
2571816
2572170
2572634
2575123
2575177
2577463
2580777
2581015
2582872
2583641
2584351
2585736
2586937
2587062
2588516
2588582
2589066
2589569
2589686
2591135
2593545
2593574
2593618
2593651
2594207
2596872
2599202
2601296
2601770
2602906
2604636
2606415
2607952
2608185
2613282
2613522
2616263
2616755
2617606
2618624
2619442
2620951
2621302
