5719364
5719893
5720461
5723294
5724275
5725756
5727094
5728327
5730608
5736024
5737132
5738457
5739602
5739865
5741496
5742043
5743114
5748804
5749069
5749164
5750139
5751000
5751076
5751329
5752727
5757147
5759362
5760711
5760745
5762792
5763421
5764079
5765853
5766265
5768109
5768665
5768913
5769889
5772724
5773633
5774748
5776078
5776379
5777480
5778120
5778226
5778514
5780348
5781113
5781771
5783328
5785846
5786515
5787311
5789393
5790696
5790779
5792539
5794207
5794791
5799040
5799223
5799389
5799892
5802742
5803070
5804915
5806272
5810837
5812133
5812678
5813445
5813871
5814405
5815224
5816182
5818260
5819511
5820075
5822960
5825335
5826480
5827198
5828325
5828715
5831619
5833742
5835266
5836511
5836666
5839225
5840593
5841597
5843002
5843169
5844283
5844897
5845635
5846856
5849673
5849969
5851561
5855959
5859243
5860156
5862533
5866878
5867483
5867806
5871471
5872871
5873340
5873601
5876085
5876882
5877166
5877312
5878005
5879607
5879994
5880207
5880210
5881341
5881377
5886160
5887689
5887844
5889151
5890337
5891441
5891891
5891916
5892417
5892532
5894155
5897482
5899421
5901579
5903681
5906446
5908101
5912005
5914517
5914723
5915273
5916434
5916757
5918917
5920509
5921059
5922069
5922217
5922316
5923295
5925809
5926090
5927650
5929554
5930383
5930497
5931199
5934869
5935492
5941339
5943520
5944765
5947834
5947878
5949570
5949609
5949680
5956519
5957595
5964399
5966220
5971109
5971138
5972302
5973268
5974217
5974350
5975495
5975923
5979187
5979509
5983124
5986290
5986781
5989070
5989448
5989664
5990053
5990191
5990507
5991850
5992244
5992943
5994801
5995584
5995908
5995927
5996019
5996150
5997859
5998973
5999346
6002071
6003521
6004335
6006082
6007054
6008181
6008273
6009553
6010238
6012101
6012694
6015706
6018066
6022139
W000019
