1007197
1009615
1013128
1013446
1015351
1015439
1016072
1019907
1021811
1023353
1023404
1023825
1025647
1027287
1028301
1028387
1028475
1030717
1030724
1030869
1036031
1036397
1036871
1037382
1037485
1038812
1040163
1040374
1042067
1043142
1045689
1046533
1048929
1051375
1053227
1053924
1054060
1057374
1057401
1062394
1062676
1063708
1064045
1064498
1064523
1066494
1069879
1071061
1075934
1076180
1078227
1079603
1079689
1081246
1083669
1086823
1090312
1090423
1092307
1092873
1095591
1095910
1096346
1099034
1099570
1100162
1100801
1100921
1101398
1103722
1105432
1106597
1107902
1109003
1113994
1116631
1119755
1119856
1121247
1121250
1121338
1122280
1122406
1123623
1123766
1124675
1124858
1125722
1126416
1127478
1127493
1127794
1130448
1131671
1131896
1132007
1132072
1133077
1133352
1136141
1136164
1137759
1138305
1140278
1140595
1140891
1140947
1141112
1143275
1146309
1149055
1150032
1151624
1152552
1152649
1155230
1158084
1160314
1161274
1165355
1166657
1168154
1169488
1171040
1171948
1173695
1174592
1175646
1176056
1177085
1179840
1181944
1181972
1182269
1182521
1183062
1183202
1183288
1183629
1184904
1184947
1185067
1189432
1189664
1190837
1190997
1192362
1192416
1193935
1194878
1195645
1196305
1196379
1197704
1197911
1198234
1246671
1250654
1255218
1256100
1256317
1258138
1258389
1259440
1275800
1276797
1279174
1279432
1280493
1280650
1282272
1285177
1285505
1288179
1288774
1289456
1290332
1290853
1292778
1294129
1294232
1294889
1295736
1296185
1299446
1312167
1314802
1314859
1315101
1315668
1316740
1316870
1316901
1318535
1319902
1321031
1322351
1327197
1327684
1329295
1329476
1330583
1330629
1332966
1334547
1335690
1337500
1337990
1338402
1339154
1339435
1340149
1340717
1341127
1342442
1342851
1345841
1348511
1349083
1349824
1351982
1354279
1357854
1359188
1359350
1359726
1361844
1364442
1365816
1366446
1366967
1372520
1373602
1375595
1375875
1379156
1381750
1382539
1384299
1387220
1388836
1389631
1390077
1391039
1398429
1399862
1400208
1401569
1402488
1403265
1403795
1407961
1408198
1415852
1416067
1416678
1419896
1420200
1420772
1423547
1426008
1426712
1428882
1429412
1429778
1431835
1432088
1432806
1435310
1436084
1436532
1436608
1436750
1437585
1440375
1440885
1440960
1442052
1445147
1445462
1446321
1446875
1449354
1449871
1450731
1450802
1451474
1451552
1451649
1452874
1453805
1454838
1456994
1458470
1458636
1459174
1462149
1463788
1465069
1466568
1469987
1472335
1472602
1474446
1474877
1475403
1475474
1477359
1478493
1479182
1483074
1484113
1485303
1486975
1490447
1491323
1493254
1494469
1495037
1495249
1497537
1498169
1502006
1505381
1505961
1506461
1507091
1507364
1507531
1507781
1511734
1513891
1515085
1515526
1515779
1517254
1518546
1519564
1519897
1520460
1520837
1521111
1525566
1525584
1526646
1529795
1529942
1534663
1535349
1535697
1538009
1538565
1538893
1540217
1541783
1544536
1546980
1548334
1549258
1551290
1552086
1553652
1554253
1554587
1556284
1557835
1561669
1561880
1563516
1571326
1575672
1576081
1576433
1577524
1578549
1583945
1584611
1586278
1588185
1588601
1590355
1590614
1591853
1594349
1594982
1597472
1598579
1598726
1598986
1599033
1600478
1601448
1602937
1605398
1605433
1608028
1610268
1610446
1611928
1612652
