4704970
4705412
4707773
4712297
4712427
4713095
4713434
4713599
4714441
4716661
4717574
4717618
4718470
4722720
4722779
4722963
4723382
4724888
4724945
4725178
4726558
4726795
4728117
4728528
4731129
4731680
4733588
4734410
4734499
4734522
4734567
4735264
4738945
4740031
4740445
4741204
4741857
4742382
4742433
4742962
4743804
4744392
4744915
4746272
4746825
4747146
4749911
4750271
4752312
4754228
4754687
4755418
4755420
4757621
4759478
4763079
4764690
4766669
4766703
4767033
4769187
4770170
4772215
4772434
4772604
4773440
4775417
4776685
4779306
4779654
4783153
4784160
4785324
4786390
4786820
4788664
4790550
4792407
4792499
4794599
4794997
4795865
4795991
4796144
4796640
4798777
4799404
4799709
4800384
4804354
4805309
4805558
4806493
4808804
4809636
4810626
4810992
4811565
4812561
4812629
4818309
4818620
4819010
4820399
4821500
4822459
4826543
4827621
4829303
4829604
4830708
4835570
4836852
4839517
4840443
4840656
4840661
4840994
4842015
4844138
4844954
4846773
4847254
4850083
4853246
4854212
4854989
4855300
4856030
4856100
4857781
4860097
4861646
4862509
4863036
4864960
4865264
4867166
4868043
4868597
4870896
4871178
4871575
4872104
4872131
4873866
4873954
4874166
4875564
4877993
4880086
4881425
4883956
4886594
4886675
4886941
4887079
4888143
4888287
4889181
4891503
4892347
4895676
4895736
4896813
4898628
4899066
4899554
4900033
4902931
4903410
4907983
4911154
4912263
4913286
4914646
4917014
4917374
4917851
4918994
4919051
4920343
4922268
4922653
4922841
4926040
4928481
4930912
4931899
4932993
4933852
4937691
4940309
4940870
4941117
4941303
4942443
4945462
4946118
4946880
4946965
4947766
4948897
4949871
4951047
4954056
4955813
4956290
4957265
4958263
4959094
4961111
4963935
4964644
4965304
4971752
4975580
4978163
4978223
4978460
4978721
4980304
4985768
4986816
4987600
4988747
4988911
4989267
4990482
4990601
4992843
4993803
4993867
4994006
4995144
4998375
4999931
5000137
5001577
5001678
5005325
5006100
5008374
5010127
5012250
5013118
5016608
5019157
5019601
5020374
5020948
5021094
5023490
5023621
5023935
5026506
5029375
5029483
5030369
5031637
5033057
5034822
5037604
5038842
5039334
5040275
5040844
5041408
5042517
5043447
5046208
5046526
5046963
5048270
5049222
5050482
5051610
5053594
5054519
5054766
5055409
5057304
5057667
5057828
5058410
5058435
5061430
5065590
5065739
5067106
5070952
5074775
5077633
5080113
5081138
5082046
5088272
5089853
5093948
5095601
5099882
5104470
5104674
5107271
5108149
5108261
5111092
5111438
5112703
5113391
5113692
5115139
5115364
5116069
5117685
5118959
5119322
5119487
5119706
5120791
5121171
5121699
5122303
5122455
5123104
5125084
5127579
5128015
5128812
5130462
5131441
5132092
5132463
5132640
5135380
5136442
5136698
5136768
5137498
5137502
5138094
5139373
5140554
5140903
5141134
5141369
5141397
5142337
5142803
5143086
5146127
5146732
5146970
5148603
5148742
5149189
5150650
5152244
5153160
5154661
5155667
5157387
5157747
5160134
5162373
5165931
5170009
5170302
5170598
5172113
5172352
5174599
5174818
5176110
5176798
5177453
5177557
5177568
5177874
5180488
5183622
5183995
5184018
5185649
5186806
5188507
5189440
5190760
5191557
5191609
5193256
5194536
5195202
5195712
5196705
5198135
5198704
5199834
5200829
5201815
