2625270
2625967
2627331
2627914
2629745
2631056
2631600
2634961
2635987
2638705
2640974
2641313
2641702
2641827
2642408
2642680
2643215
2644863
2645011
2648331
2650027
2650442
2652848
2653668
2655793
2656213
2657671
2657922
2658722
2663253
2668492
2668656
2671291
2672391
2672942
2672987
2673370
2676576
2677366
2678187
2678474
2679261
2679473
2681036
2681447
2683246
2684206
2684500
2687289
2687776
2689408
2689710
2691744
2693327
2695264
2698020
2698896
2699635
2701142
2703818
2706748
2708406
2708908
2712063
2713782
2717593
2719840
2722886
2726501
2728417
2730523
2731222
2732152
2732604
2737123
2738216
2740175
2740389
2742133
2743591
2746585
2747936
2752995
2753214
2753555
2755441
2755973
2757163
2761417
2761945
2762234
2763483
2764763
2765359
2765396
2765516
2766263
2766734
2768116
2768761
2769124
2770756
2771852
2772823
2773842
2774031
2775041
2775231
2775833
2779224
2780139
2780565
2780573
2783745
2786627
2788325
2788591
2788621
2789036
2790083
2790540
2793291
2793579
2794627
2795777
2795839
2798599
2798673
2798997
2799019
2800364
2800957
2801217
2802651
2803201
2804698
2805310
2805578
2809848
2810200
2810486
2811242
2814126
2814332
2815679
2817966
2818641
2822778
2823917
2824131
2825394
2827008
2831463
2831830
2833375
2835052
2835108
2835957
2837300
2837668
2838281
2838836
2840950
2841577
2845467
2845715
2846885
2847531
2853022
2853157
2854204
2854435
2857488
2857947
2858438
2859290
2860876
2866082
2867537
2868567
2868926
2868960
2869278
2870567
2873922
2874470
2875093
2877383
2879657
2879895
2881029
2881612
2884118
2887567
2887666
2888940
2893134
2894195
2899567
2905711
2906523
2906660
2907460
2908162
2909576
2911615
2913126
2915329
2915778
2915856
2916337
2919100
2919169
2919298
2922176
2925239
2927663
2931170
2932816
2933373
2935348
2940361
2940602
2941671
2943739
2944832
2945754
2947332
2950536
2950812
2951264
2953815
2955320
2956824
2957033
2957049
2958465
2958854
2959694
2961814
2963175
2964056
2969006
2970636
2971213
2971351
2972178
2974229
2980353
2980905
2982805
2983379
2985249
2987209
2987793
2988265
2989965
2990281
2991880
2993437
2993484
2993700
2995250
2996014
2998882
3000535
3001190
3002966
3003633
3005329
3005690
3007877
3010911
3012366
3012889
3013401
3014789
3015074
3015112
3016091
3016437
3018701
3019344
3020676
3023076
3023755
3023861
3023927
3025160
3025606
3026926
3028556
3032073
3032458
3032702
3032862
3033897
3034499
3035138
3036006
3036214
3037586
3037809
3038424
3038782
3039377
3040668
3041100
3042123
3042263
3042579
3044594
3045083
3045385
3046058
3046386
3047086
3047733
3051438
3052697
3053154
3053499
3053545
3055211
3055529
3057397
3061698
3061879
3063360
3064177
3065276
3065890
3066789
3067033
3067208
3068588
3068601
3069284
3073297
3073624
3074766
3075156
3075212
3076730
3077636
3078620
3079496
3083635
3085148
3085692
3086733
3089069
3091076
3092125
3094241
3094556
3095307
3095816
3096491
3096639
3099244
3099655
3100585
3101722
3102156
3103842
3104546
3107106
3108432
3108659
3109263
3110272
3110687
3115005
3116187
3116490
3118317
3118795
3121128
3121206
3121387
3123753
3124339
3125046
3125912
3126263
3127354
3130806
3130821
3131599
3132140
3135116
3135297
3136703
3137214
3137909
3140108
3141196
3141421
3141674
