3673106
3673149
3675900
3676542
3676784
3679834
3680937
3683495
3684623
3685597
3686591
3687246
3691789
3691904
3692221
3692695
3696152
3696712
3698779
3701830
3702260
3703363
3704395
3704502
3706123
3707029
3707612
3708822
3709507
3709631
3710325
3713103
3716228
3720707
3720874
3723267
3723341
3723842
3724332
3724612
3726925
3728917
3729611
3732934
3735952
3738788
3739655
3740059
3740934
3743815
3744566
3745087
3746625
3747021
3749029
3749073
3750092
3750731
3751827
3751910
3752557
3753152
3754648
3754904
3757934
3758726
3760712
3762450
3764290
3768184
3769002
3769955
3773449
3773835
3774446
3776456
3782160
3782552
3782621
3782668
3786476
3788043
3789516
3790431
3793915
3794784
3796777
3796839
3798483
3798574
3800449
3800470
3800520
3802612
3803450
3804380
3804522
3807184
3807553
3809531
3809565
3811502
3811876
3814110
3814945
3815702
3817713
3819453
3820387
3825045
3826484
3827590
3827727
3831057
3831239
3832431
3835102
3835406
3839231
3842163
3842768
3848176
3848651
3849105
3849260
3853267
3857937
3858174
3859433
3860038
3861658
3862558
3863099
3863260
3867198
3870649
3872350
3874173
3874351
3874845
3875201
3875852
3875863
3877124
3877650
3878364
3878683
3879037
3879888
3880448
3880779
3882402
3887126
3888281
3889163
3890407
3890978
3891583
3891818
3892195
3892290
3892359
3894224
3894280
3895652
3896260
3898386
3898897
3901694
3901886
3904278
3905011
3908584
3909831
3910806
3913729
3914645
3916758
3916838
3917335
3917737
3920188
3921585
3921710
3923256
3925175
3930832
3932303
3932544
3934792
3936004
3937734
3940223
3941111
3941189
3941476
3942502
3944504
3945433
3945856
3947798
3948540
3949934
3951740
3952726
3952962
3953174
3953335
3954803
3956256
3956371
3957733
3958222
3960239
3960286
3962539
3963096
3967016
3969180
3972084
3972107
3972686
3973052
3974187
3974840
3977966
3978829
3979130
3979622
3979971
3983099
3983184
3983219
3983514
3983625
3985850
3985917
3987213
3987337
3992085
3993611
3993674
3994463
3995591
3996618
4001544
4002610
4002672
4003830
4004224
4012654
4014327
4018254
4019014
4023060
4023874
4024021
4025043
4026517
4027520
4028522
4030427
4031931
4032500
4032671
4032750
4034193
4035023
4037854
4038677
4039000
4041723
4044260
4044459
4046140
4047714
4049481
4052619
4053580
4053764
4053972
4055331
4057043
4059273
4060098
4060279
4060685
4062238
4063295
4063688
4064533
4064617
4066660
4066897
4067311
4067733
4069084
4070732
4071365
4074191
4075718
4076051
4076110
4077213
4077783
4078759
4079194
4079717
4080982
4082344
4084958
4085134
4085205
4087699
4088039
4088288
4088733
4088997
4091129
4091521
4092944
4093395
4093450
4095152
4097789
4098773
4100613
4100767
4104393
4107826
4109320
4111097
4113916
4116438
4117427
4117728
4118972
4120124
4121696
4122011
4122106
4122738
4123313
4123702
4125433
4125551
4126384
4127731
4128105
4128846
4129380
4130606
4130972
4132412
4132872
4133310
4134384
4134427
4135904
4135998
4136045
4137223
4138330
4141728
4143228
4143353
4146705
4147600
4152336
4152925
4153471
4155438
4158651
4159370
4161654
4162161
4165643
4166117
4167235
4168335
4168816
4170534
4172595
4173503
4178408
4178439
4179460
4180391
4181884
4182127
4183729
4184551
4185055
4186120
4187344
4188660
4189591
4190958
4193426
4194595
