1800003
1800011
1800022
1800036
1800045
1800058
1800067
1800074
1800089
1800106
1800112
1800121
1800133
1800149
1800157
1800168
1800170
1800185
1800194
1800207
1800210
1800228
1800244
1800256
1800261
1800272
1800283
1800299
1800339
1800340
1800353
1800386
1800395
1800404
1800416
1800429
1800431
1800447
1800450
1800473
1800482
1800498
1800502
1800523
1800530
1800541
1800559
1800564
1800577
1800588
1800596
1800601
1800626
1800634
1800642
1800655
1800660
1800678
1800687
1800693
1800709
1800717
1800724
1800738
1800746
1800752
1800763
1800775
1800780
1800791
1800800
1800813
1800825
1800832
1800848
1800869
1800876
1800881
1800897
1800905
1800918
1800920
1800937
1800943
1800951
1800966
1800979
1800984
1800992
1801009
1801017
1801024
1801038
1801052
1801063
1801075
1801080
1801091
1801108
1801114
1801127
1801139
1801140
1801153
1801162
1801171
1801186
1801195
1801203
1801211
1801222
1801236
1801245
1801258
1801267
1801274
1801289
1801290
1801302
1801315
1801323
1801330
1801341
1801359
1801364
1801377
1801388
1801396
1801405
1801418
1801420
1801437
1801443
1801451
1801479
1801484
1801492
1801504
1801516
1801531
1801547
1801550
1801565
1801573
1801582
1801598
1801607
1801610
1801628
1801635
1801644
1801656
1801661
1801672
1801683
1801700
1801713
1801725
1801732
1801748
1801754
1801769
1801776
1801781
1801797
1801801
1801819
1801826
1801834
1801855
1801878
1801887
1801893
1801906
1801912
1801933
1801957
1801968
1801970
1801985
1801994
1802008
1802014
1802027
1802040
1802053
1802062
1802071
1802086
1802095
1802109
1802117
1802124
1802138
1802146
1802175
1802180
1802191
1802215
1802223
1802230
1802241
1802259
1802264
1802277
1802288
1802296
1802303
1802311
1802322
1802336
1802345
1802358
1802367
1802374
1802389
1802390
1802401
1802419
1802426
1802434
1802442
1802455
1802460
1802478
1802487
1802493
1802510
1802528
1802535
1802544
1802556
1802561
1802572
1802583
1802599
1802604
1802616
1802631
1802647
1802650
1802665
1802673
1802698
1802706
1802712
1802749
1802757
1802768
1802770
1802785
1802794
1802818
1802820
1802837
1802843
1802851
1802866
1802879
1802884
1802892
1802900
1802932
1802948
1802954
1802969
1802976
1802981
1802997
1803001
1803019
1803026
1803034
1803042
1803055
1803060
1803078
1803087
1803093
1803104
1803116
1803129
1803131
1803150
1803165
1803173
1803182
1803198
1803200
1803213
1803225
1803232
1803248
1803254
1803269
1803276
1803281
1803297
1803305
1803318
1803320
1803337
1803351
1803366
1803379
1803384
1803392
1803408
1803414
1803427
1803439
1803440
1803453
1803462
1803471
1803486
1803495
1803506
1803512
1803521
1803533
1803549
1803557
1803568
1803570
1803594
1803609
1803617
1803624
1803638
1803652
1803663
1803675
1803691
1803710
1803728
1803735
1803744
1803756
1803772
1803799
1803803
1803811
1803822
1803836
1803845
1803858
1803867
1803874
1803889
1803890
1803902
1803915
1803923
1803930
1803941
1803959
1803964
1803977
1803988
1803996
1804006
1804021
1804033
1804049
1804057
1804068
1804070
1804085
1804094
1804103
1804111
1804122
1804136
1804145
1804158
1804167
1804174
1804189
1804190
1804214
1804227
1804239
1804240
1804253
1804262
1804271
1804286
1804295
1804307
1804310
1804328
1804335
1804344
1804356
1804361
1804372
1804383
1804399
1804400
1804413
1804425
1804432
1804448
1804454
1804469
1804476
1804481
1804497
1804501
1804519
1804526
1804534
1804542
1804555
1804560
1804587
1804593
1804602
1804615
1804623
1804630
1804641
1804659
1804664
1804677
1804688
1804696
1804705
1804718
1804720
1804737
1804743
1804751
1804766
1804779
1804784
1804792
1804804
1804816
1804829
1804847
1804850
1804865
1804873
1804882
1804898
1804909
1804917
1804924
1804938
1804946
1804952
1804963
1804975
1804980
1804991
1805005
1805018
1805020
1805037
1805043
1805051
1805066
1805079
1805084
1805092
1805107
1805110
1805128
1805135
1805144
1805156
1805161
1805172
1805183
1805199
1805206
1805212
1805221
1805233
1805249
1805268
1805270
1805285
1805294
1805301
1805319
1805326
1805334
1805342
1805355
1805360
1805378
1805393
1805409
1805417
1805424
1805438
1805452
1805475
1805480
1805491
1805500
1805513
1805525
1805532
1805548
1805554
1805569
1805576
1805581
1805597
1805608
1805614
1805627
1805639
1805640
1805653
1805662
1805671
1805695
1805704
1805716
1805729
1805731
1805747
1805750
1805765
1805773
1805782
1805798
1805802
1805815
1805823
1805841
1805859
1805864
1805877
1805888
1805896
1805903
1805911
1805922
1805936
1805945
1805958
1805967
1805974
1805989
1805990
1806004
1806016
1806029
1806031
1806047
1806050
1806073
1806082
1806098
1806101
1806119
1806126
1806134
1806142
1806155
1806160
1806178
1806187
1806193
1806205
1806218
1806220
1806237
1806251
1806266
1806279
1806284
1806292
1806300
1806313
1806325
1806332
1806348
1806369
1806376
1806381
1806397
1806403
1806411
1806422
1806436
1806445
1806458
1806467
1806474
1806489
1806490
1806509
1806517
1806538
1806546
1806552
1806563
1806575
1806580
1806591
1806606
1806621
1806633
1806649
1806657
1806668
1806670
1806694
1806702
1806730
1806741
1806759
1806764
1806788
1806796
1806808
1806814
1806839
1806840
1806853
1806862
1806871
1806886
1806895
1806907
1806910
1806935
1806944
1806956
1806961
1806972
1806983
1806999
1807000
1807013
1807025
1807032
1807048
1807054
1807069
1807076
1807081
1807097
1807102
1807115
1807130
1807141
1807159
1807164
1807177
1807188
1807224
1807238
1807246
1807252
1807263
1807275
1807280
1807291
1807304
1807316
1807329
1807331
1807347
1807350
1807365
1807373
1807382
1807398
1807406
1807412
1807421
1807433
1807449
1807457
1807468
1807470
1807485
1807494
1807505
1807518
1807520
1807543
1807551
1807566
1807584
1807592
1807603
1807611
1807622
1807636
1807645
1807658
1807667
1807689
1807690
1807701
1807719
1807726
1807755
1807760
1807778
1807787
1807807
1807810
1807828
1807835
1807844
1807856
1807861
1807872
1807883
1807899
1807908
1807914
1807927
1807939
1807940
1807953
1807962
1807971
1807986
1807995
1808002
1808015
1808023
1808030
1808041
1808059
1808064
1808077
1808096
1808100
1808113
1808132
1808169
1808176
1808181
1808204
1808216
1808231
1808247
1808250
1808265
1808273
1808282
1808298
1808309
1808317
1808324
1808338
1808346
1808352
1808363
1808375
1808391
1808407
1808435
1808444
1808461
1808472
1808483
1808499
1808503
1808511
1808536
1808545
1808567
1808574
1808589
1808590
1808605
1808618
1808620
1808651
1808666
1808679
1808684
1808692
1808708
1808714
1808727
1808739
1808740
1808753
1808762
1808786
1808795
1808806
1808821
1808833
1808849
1808857
1808868
1808885
1808894
1808901
1808934
1808942
1808955
1808960
1808978
1808987
1808993
1809007
1809010
1809035
1809044
1809056
1809061
1809072
1809083
1809105
1809118
1809120
1809151
1809166
1809179
1809184
1809192
1809201
1809219
1809226
1809234
1809242
1809255
1809260
1809278
1809287
1809293
1809306
1809312
1809321
1809333
1809349
1809357
1809368
1809370
1809385
1809394
1809402
1809415
1809423
1809430
1809441
1809459
1809477
1809488
1809496
1809514
1809527
1809539
1809540
1809553
1809562
1809586
1809600
1809613
1809625
1809632
1809648
1809654
1809669
1809676
1809681
1809697
1809711
1809722
1809736
1809745
1809758
1809767
1809774
1809789
1809790
1809809
1809817
1809824
1809838
1809846
1809863
1809875
1809880
1809891
1809904
1809916
1809929
1809947
1809965
1809973
1809982
1809998
1810000
1810013
1810025
1810032
1810048
1810054
1810069
1810076
1810081
1810097
1810102
1810115
1810123
1810130
1810141
1810159
1810164
1810177
1810196
1810217
1810224
1810238
1810252
1810263
1810275
1810280
1810291
1810304
1810316
1810329
1810331
1810347
1810350
1810365
1810373
1810382
1810398
1810406
1810412
1810449
1810457
1810468
1810485
1810494
1810505
1810518
1810520
1810537
1810543
1810551
1810566
1810584
1810592
1810603
1810611
1810622
1810645
1810658
1810667
1810674
1810689
1810690
1810701
1810726
1810734
1810755
1810760
1810778
1810787
1810807
1810810
1810828
1810835
1810844
1810856
1810861
1810872
1810883
1810908
1810914
1810927
1810939
1810940
1810953
1810962
1810971
1810986
1810995
1811001
1811019
1811026
1811034
1811042
1811055
1811060
1811078
1811087
1811093
1811104
1811116
1811129
1811147
1811150
1811165
1811173
1811182
1811198
1811200
1811213
1811225
1811232
1811248
1811254
1811269
1811276
1811281
1811297
1811305
1811318
1811337
1811343
1811351
1811366
1811379
1811384
1811392
1811408
1811414
1811439
1811440
1811453
1811462
1811471
1811486
1811495
1811506
1811512
1811521
1811533
1811549
1811568
1811570
1811585
1811594
1811609
1811617
1811624
1811638
1811646
1811652
1811663
1811680
1811691
1811707
1811710
1811728
1811744
1811756
1811761
1811772
1811783
1811799
1811811
1811822
1811836
1811845
1811858
1811867
1811874
1811889
1811890
1811902
1811915
1811923
1811941
1811959
1811964
1811977
1811988
1811996
1812016
1812029
1812047
1812050
1812073
1812082
1812098
1812119
1812126
1812134
1812142
1812155
1812160
1812178
1812187
1812193
1812205
1812218
1812237
1812243
1812251
1812266
1812279
1812284
1812292
1812300
1812313
1812325
1812332
1812348
1812354
1812369
1812376
1812381
1812403
1812411
1812422
1812436
1812445
1812458
1812467
1812474
1812490
1812509
1812517
1812524
1812538
1812546
1812552
1812563
1812580
1812606
1812612
1812621
1812633
1812649
1812657
1812668
1812670
1812685
1812694
1812702
1812715
1812723
1812730
1812741
1812759
1812764
1812777
1812814
1812827
1812839
1812840
1812853
1812862
1812871
1812886
1812895
1812907
1812910
1812928
1812935
1812944
1812956
1812961
1812999
1813003
1813011
1813022
1813045
1813058
1813067
1813074
1813089
1813090
1813106
1813112
1813121
1813133
1813149
1813157
1813168
1813170
1813185
1813194
1813207
1813228
1813235
1813244
1813256
1813272
1813283
1813299
1813308
1813314
1813327
1813339
1813340
1813353
1813362
1813386
1813395
1813404
1813416
1813429
1813431
1813447
1813450
1813473
1813482
1813498
1813502
1813515
1813523
1813530
1813541
1813564
1813588
1813596
1813601
1813619
1813626
1813634
1813642
1813655
1813660
1813678
1813687
1813693
1813709
1813717
1813724
1813738
1813746
1813752
1813763
1813780
1813791
1813800
1813813
1813825
1813832
1813848
1813854
1813869
1813876
1813881
1813897
1813905
1813918
1813920
1813937
1813943
1813951
1813966
1813979
1813984
1813992
1814002
1814015
1814023
1814041
1814059
1814064
1814077
1814088
1814096
1814100
1814113
1814125
1814132
1814154
1814169
1814181
1814197
1814204
1814216
1814229
1814231
1814247
1814250
1814265
1814273
1814282
1814298
1814317
1814324
1814338
1814346
1814352
1814363
1814375
1814380
1814407
1814410
1814428
1814444
1814456
1814461
1814472
1814483
1814499
1814503
1814511
1814522
1814536
1814545
1814558
1814567
1814574
1814589
1814605
1814618
1814637
1814643
1814651
1814666
1814679
1814684
1814692
1814708
1814714
1814727
1814739
1814740
1814753
1814762
1814771
1814795
1814806
1814812
1814821
1814833
1814849
1814857
1814868
1814870
1814885
1814894
1814901
1814919
1814926
1814934
1814942
1814955
1814960
1814978
1814987
1814993
1815008
1815014
1815027
1815039
1815040
1815053
1815062
1815071
1815086
1815095
1815109
1815117
1815124
1815146
1815152
1815163
1815175
1815180
1815191
1815202
1815223
1815230
1815241
1815259
1815264
1815288
1815303
1815311
1815322
1815336
1815345
1815358
1815367
1815374
1815389
1815390
1815401
1815419
1815426
1815434
1815442
1815455
1815460
1815478
1815487
1815507
1815510
1815528
1815535
1815556
1815561
1815572
1815583
1815599
1815604
1815616
1815629
1815631
1815647
1815650
1815665
1815673
1815682
1815698
1815712
1815721
1815733
1815749
1815757
1815770
1815785
1815794
1815805
1815818
1815820
1815837
1815843
1815866
1815879
1815884
1815892
1815900
1815913
1815925
1815932
1815948
1815954
1815969
1815976
1815981
1815997
1816006
1816021
1816033
1816049
1816057
1816068
1816070
1816085
1816094
1816111
1816122
1816136
1816145
1816158
1816167
1816174
1816189
1816208
1816214
1816239
1816240
1816253
1816262
1816271
1816286
1816295
1816307
1816310
1816328
1816335
1816344
1816356
1816361
1816372
1816383
1816399
1816400
1816413
1816425
1816448
1816454
1816469
1816476
1816481
1816497
1816501
1816519
1816526
1816534
1816542
1816555
1816560
1816578
1816587
1816593
1816602
1816615
1816623
1816630
1816641
1816659
1816664
1816677
1816688
1816696
1816705
1816718
1816720
1816737
1816743
1816751
1816766
1816784
1816792
1816804
1816816
1816829
1816831
1816847
1816850
1816865
1816873
1816882
1816909
1816917
1816924
1816938
1816946
1816952
1816963
1816975
1816980
1816991
1817007
1817028
1817035
1817044
1817056
1817061
1817072
1817083
1817099
1817105
1817120
1817137
1817166
1817179
1817184
1817201
1817219
1817226
1817242
1817255
1817260
1817278
1817287
1817306
1817312
1817321
1817333
1817349
1817357
1817368
1817370
1817394
1817402
1817415
1817423
1817430
1817459
1817464
1817477
1817488
1817496
1817508
1817514
1817527
1817539
1817540
1817553
1817562
1817571
1817586
1817595
1817600
1817613
1817625
1817632
1817648
1817654
1817669
1817676
1817681
1817697
1817703
1817711
1817722
1817736
1817758
1817767
1817774
1817789
1817790
1817817
1817824
1817838
1817852
1817863
1817875
1817880
1817891
1817904
1817916
1817929
1817947
1817965
1817973
1817982
1817998
1818005
1818018
1818020
1818037
1818043
1818066
1818079
1818092
1818107
1818110
1818128
1818135
1818144
1818156
1818161
1818172
1818183
1818199
1818206
1818212
1818221
1818249
1818257
1818268
1818270
1818285
1818294
1818301
1818326
1818334
1818342
1818355
1818360
1818378
1818387
1818393
1818409
1818417
1818424
1818438
1818446
1818452
1818463
1818475
1818491
1818500
1818513
1818525
1818532
1818569
1818576
1818581
1818614
1818627
1818639
1818640
1818653
1818662
1818671
1818686
1818704
1818716
1818729
1818731
1818747
1818750
1818765
1818773
1818782
1818798
1818802
1818815
1818823
1818830
1818841
1818859
1818864
1818877
1818888
1818896
1818911
1818922
1818936
1818945
1818958
1818967
1818989
1818990
1819009
1819017
1819024
1819046
1819052
1819063
1819075
1819080
1819108
1819114
1819127
1819139
1819140
1819153
1819162
1819171
1819186
1819195
1819211
1819222
1819236
1819245
1819258
1819267
1819274
1819289
1819290
1819302
1819323
1819330
1819341
1819359
1819364
1819377
1819388
1819396
1819405
1819418
1819420
1819437
1819443
1819451
1819466
1819479
1819484
1819492
1819504
1819516
1819529
1819531
1819547
1819550
1819565
1819573
1819582
1819598
1819607
1819610
1819635
1819644
1819656
1819661
1819672
1819683
1819699
1819713
1819725
1819732
1819754
1819769
1819776
1819781
1819797
1819801
1819819
1819826
1819834
1819842
1819855
1819860
1819878
1819887
1819906
1819912
1819921
1819933
1819949
1819957
1819968
1819970
1819985
1819994
1820002
1820023
1820030
1820041
1820059
1820064
1820077
1820096
1820100
1820113
1820125
1820148
1820154
1820169
1820176
1820181
1820197
1820204
1820216
1820229
1820231
1820247
1820250
1820265
1820282
1820298
1820309
1820317
1820324
1820338
1820346
1820352
1820363
1820375
1820380
1820391
1820407
1820410
1820428
1820435
1820444
1820456
1820461
1820472
1820483
1820499
1820503
1820511
1820522
1820536
1820545
1820558
1820567
1820574
1820589
1820605
1820618
1820620
1820637
1820643
1820651
1820666
1820679
1820684
1820692
1820708
1820714
1820727
1820739
1820740
1820753
1820771
1820786
1820795
1820806
1820812
1820821
1820833
1820849
1820857
1820868
1820870
1820885
1820894
1820901
1820919
1820926
1820934
1820942
1820960
1820978
1820987
1820993
1821008
1821014
1821027
1821039
1821040
1821062
1821071
1821086
1821095
1821109
1821117
1821124
1821138
1821146
1821152
1821163
1821180
1821191
1821202
1821215
1821223
1821230
1821241
1821259
1821264
1821277
1821288
1821296
1821303
1821311
1821322
1821336
1821358
1821367
1821374
1821389
1821390
1821401
1821419
1821426
1821434
1821442
1821455
1821460
1821478
1821487
1821493
1821507
1821528
1821535
1821544
1821556
1821561
1821572
1821583
1821599
1821604
1821616
1821631
1821647
1821650
1821665
1821673
1821682
1821698
1821706
1821712
1821721
1821733
1821749
1821757
1821768
1821770
1821785
1821794
1821805
1821818
1821820
1821837
1821851
1821866
1821879
1821884
1821892
1821900
1821913
1821925
1821932
1821954
1821969
1821976
1821981
1821997
1822009
1822017
1822024
1822038
1822046
1822052
1822063
1822080
1822091
1822114
1822127
1822139
1822140
1822153
1822171
1822195
1822203
1822211
1822222
1822236
1822245
1822258
1822267
1822274
1822289
1822290
1822302
1822315
1822330
1822341
1822359
1822364
1822377
1822396
1822405
1822418
1822420
1822437
1822443
1822466
1822479
1822492
1822504
1822516
1822529
1822531
1822547
1822550
1822565
1822573
1822582
1822598
1822607
1822610
1822628
1822635
1822644
1822656
1822661
1822672
1822683
1822699
1822700
1822713
1822725
1822732
1822748
1822754
1822769
1822776
1822781
1822797
1822801
1822819
1822826
1822834
1822842
1822855
1822860
1822878
1822893
1822906
1822921
1822933
1822949
1822957
1822968
1822970
1822994
1823005
1823018
1823037
1823043
1823051
1823066
1823079
1823092
1823107
1823110
1823128
1823135
1823144
1823156
1823161
1823172
1823183
1823199
1823206
1823221
1823233
1823249
1823257
1823268
1823270
1823285
1823294
1823301
1823319
1823326
1823334
1823342
1823355
1823360
1823378
1823393
1823409
1823417
1823424
1823438
1823446
1823452
1823475
1823480
1823491
1823500
1823513
1823525
1823532
1823548
1823554
1823569
1823576
1823608
1823614
1823639
1823640
1823653
1823662
1823671
1823686
1823704
1823716
1823731
1823747
1823750
1823765
1823773
1823782
1823798
1823802
1823815
1823823
1823830
1823859
1823864
1823877
1823888
1823896
1823903
1823911
1823922
1823936
1823945
1823958
1823967
1823974
1823989
1823990
1824000
1824013
1824025
1824032
1824048
1824054
1824076
1824081
1824097
1824102
1824115
1824123
1824130
1824141
1824159
1824164
1824177
1824188
1824196
1824209
1824217
1824224
1824238
1824246
1824252
1824263
1824275
1824280
1824291
1824304
1824331
1824347
1824365
1824373
1824382
1824398
1824406
1824412
1824421
1824433
1824449
1824457
1824468
1824470
1824485
1824494
1824505
1824518
1824520
1824537
1824551
1824566
1824579
1824584
1824592
1824603
1824611
1824622
1824636
1824645
1824658
1824667
1824674
1824689
1824690
1824701
1824719
1824726
1824742
1824755
1824760
1824778
1824787
1824793
1824810
1824828
1824844
1824856
1824872
1824899
1824908
1824914
1824927
1824939
1824940
1824953
1824962
1824971
1824986
1824995
1825001
1825019
1825026
1825034
1825042
1825055
1825060
1825078
1825087
1825093
1825104
1825116
1825131
1825147
1825150
1825165
1825173
1825198
1825200
1825213
1825225
1825232
1825248
1825254
1825269
1825281
1825305
1825320
1825337
1825343
1825351
1825366
1825379
1825384
1825408
1825414
1825427
1825439
1825453
1825462
1825471
1825486
1825495
1825506
1825512
1825521
1825533
1825549
1825557
1825568
1825570
1825585
1825594
1825609
1825617
1825624
1825638
1825646
1825652
1825663
1825675
1825680
1825707
1825710
1825728
1825735
1825744
1825756
1825761
1825772
1825783
1825799
1825803
1825811
1825836
1825845
1825858
1825867
1825874
1825889
1825890
1825902
1825915
1825923
1825930
1825941
1825959
1825964
1825977
1825988
1825996
1826007
1826010
1826028
1826035
1826044
1826056
1826061
1826072
1826083
1826099
1826105
1826118
1826137
1826143
1826151
1826179
1826184
1826192
1826219
1826226
1826234
1826242
1826255
1826260
1826278
1826287
1826293
1826306
1826321
1826333
1826349
1826357
1826368
1826370
1826385
1826394
1826402
1826423
1826430
1826441
1826459
1826464
1826477
1826488
1826496
1826514
1826527
1826539
1826553
1826562
1826571
1826586
1826595
1826600
1826613
1826625
1826632
1826654
1826669
1826676
1826681
1826697
1826711
1826722
1826736
1826745
1826758
1826767
1826774
1826789
1826790
1826809
1826817
1826824
1826838
1826852
1826863
1826875
1826880
1826891
1826904
1826916
1826931
1826950
1826965
1826973
1826982
1826998
1827006
1827012
1827021
1827033
1827057
1827068
1827070
1827085
1827094
1827103
1827111
1827122
1827136
1827145
1827158
1827174
1827189
1827190
1827208
1827214
1827239
1827240
1827253
1827262
1827271
1827286
1827295
1827307
1827310
1827328
1827335
1827344
1827356
1827361
1827372
1827383
1827399
1827400
1827425
1827432
1827448
1827454
1827469
1827476
1827497
1827501
1827519
1827526
1827534
1827542
1827555
1827560
1827587
1827593
1827602
1827615
1827630
1827641
1827664
1827677
1827688
1827696
1827705
1827718
1827720
1827737
1827743
1827751
1827766
1827779
1827784
1827792
1827816
1827829
1827831
1827847
1827850
1827865
1827873
1827882
1827898
1827909
1827917
1827924
1827938
1827946
1827952
1827963
1827975
1827980
1827991
1828011
1828022
1828045
1828058
1828067
1828074
1828089
1828090
1828112
1828121
1828149
1828157
1828168
1828170
1828207
1828210
1828228
1828235
1828244
1828256
1828261
1828272
1828283
1828299
1828308
1828314
1828327
1828339
1828340
1828353
1828362
1828371
1828386
1828395
1828404
1828416
1828429
1828447
1828450
1828465
1828473
1828482
1828498
1828502
1828515
1828523
1828530
1828541
1828559
1828564
1828577
1828588
1828596
1828601
1828619
1828626
1828634
1828642
1828655
1828660
1828687
1828693
1828709
1828717
1828724
1828738
1828746
1828752
1828763
1828775
1828780
1828791
1828813
1828825
1828832
1828848
1828854
1828869
1828876
1828881
1828897
1828905
1828918
1828920
1828937
1828943
1828951
1828966
1828979
1828984
1828992
1829016
1829029
1829031
1829047
1829065
1829073
1829082
1829098
1829101
1829126
1829134
1829142
1829155
1829160
1829178
1829187
1829193
1829205
1829218
1829237
1829243
1829251
1829266
1829279
1829284
1829292
1829300
1829325
1829332
1829354
1829369
1829376
1829381
1829397
1829403
1829411
1829422
1829436
1829445
1829458
1829467
1829474
1829489
1829490
1829509
1829517
1829524
1829546
1829552
1829563
1829575
1829591
1829606
1829612
1829621
1829633
1829649
1829657
1829668
1829670
1829685
1829694
1829723
1829730
1829741
1829759
1829764
1829777
1829788
1829808
1829814
1829827
1829839
1829840
1829853
1829862
1829871
1829886
1829895
1829907
1829910
1829928
1829935
1829944
1829956
1829961
1829972
1829983
1830005
1830018
1830020
1830037
1830043
1830051
1830066
1830079
1830084
1830092
1830107
1830110
1830128
1830135
1830144
1830156
1830161
1830172
1830183
1830199
1830212
1830221
1830233
1830249
1830257
1830268
1830270
1830285
1830294
1830301
1830319
1830326
1830334
1830342
1830355
1830378
1830387
1830393
1830409
1830417
1830424
1830446
1830452
1830463
1830475
1830480
1830491
1830500
1830513
1830532
1830548
1830554
1830569
1830576
1830581
1830597
1830608
1830614
1830627
1830639
1830640
1830653
1830662
1830671
1830686
1830695
1830704
1830716
1830729
1830731
1830747
1830750
1830765
1830773
1830782
1830798
1830802
1830815
1830823
1830830
1830841
1830859
1830864
1830877
1830888
1830896
1830903
1830911
1830936
1830958
1830967
1830989
1830990
1831004
1831016
1831029
1831031
1831047
1831050
1831065
1831073
1831082
1831098
1831101
1831126
1831134
1831142
1831160
1831178
1831187
1831193
1831205
1831218
1831220
1831237
1831243
1831266
1831279
1831284
1831292
1831300
1831313
1831325
1831332
1831354
1831369
1831376
1831381
1831397
1831403
1831411
1831436
1831445
1831458
1831467
1831474
1831489
1831490
1831509
1831517
1831524
1831538
1831546
1831552
1831563
1831575
1831580
1831591
1831606
1831612
1831621
1831633
1831649
1831657
1831668
1831670
1831685
1831694
1831702
1831715
1831723
1831730
1831741
1831759
1831764
1831777
1831788
1831808
1831814
1831827
1831839
1831853
1831862
1831871
1831907
1831910
1831928
1831935
1831944
1831956
1831961
1831972
1831983
1831999
1832001
1832019
1832026
1832034
1832042
1832060
1832078
1832087
1832093
1832104
1832116
1832129
1832131
1832147
1832150
1832165
1832173
1832198
1832200
1832213
1832225
1832232
1832248
1832254
1832269
1832281
1832305
1832318
1832320
1832337
1832343
1832351
1832366
1832379
1832384
1832392
1832408
1832414
1832427
1832439
1832440
1832453
1832462
1832471
1832486
1832495
1832506
1832521
1832533
1832549
1832557
1832568
1832570
1832585
1832617
1832638
1832646
1832652
1832663
1832675
1832680
1832691
1832707
1832728
1832735
1832744
1832756
1832761
1832772
1832783
1832803
1832811
1832822
1832845
1832858
1832867
1832874
1832889
1832890
1832902
1832915
1832923
1832930
1832941
1832959
1832977
1832988
1832996
1833014
1833027
1833039
1833040
1833053
1833062
1833071
1833095
1833117
1833124
1833138
1833152
1833163
1833180
1833215
1833223
1833230
1833241
1833264
1833277
1833288
1833296
1833303
1833311
1833322
1833336
1833345
1833358
1833367
1833374
1833389
1833390
1833401
1833419
1833426
1833434
1833442
1833455
1833460
1833487
1833493
1833507
1833510
1833528
1833544
1833556
1833561
1833572
1833583
1833599
1833604
1833616
1833629
1833631
1833647
1833650
1833665
1833673
1833682
1833698
1833706
1833712
1833721
1833733
1833749
1833757
1833770
1833785
1833794
1833805
1833818
1833820
1833837
1833843
1833851
1833866
1833879
1833884
1833892
1833900
1833913
1833925
1833932
1833948
1833954
1833969
1833976
1833981
1833997
1834007
1834010
1834028
1834035
1834044
1834056
1834072
1834083
1834099
1834105
1834120
1834137
1834143
1834151
1834166
1834184
1834192
1834201
1834219
1834226
1834234
1834242
1834255
1834260
1834278
1834287
1834293
1834321
1834333
1834349
1834357
1834368
1834385
1834394
1834415
1834423
1834430
1834441
1834477
1834488
1834496
1834508
1834514
1834527
1834539
1834553
1834562
1834571
1834586
1834595
1834600
1834613
1834625
1834632
1834648
1834676
1834697
1834703
1834711
1834722
1834736
1834758
1834767
1834774
1834789
1834790
1834809
1834817
1834838
1834852
1834863
1834875
1834880
1834904
1834916
1834929
1834931
1834947
1834950
1834965
1834973
1834982
1834998
1835003
1835011
1835022
1835036
1835045
1835058
1835074
1835089
1835090
1835106
1835112
1835121
1835133
1835149
1835157
1835170
1835185
1835194
1835207
1835210
1835235
1835244
1835256
1835261
1835272
1835283
1835299
1835308
1835314
1835327
1835339
1835340
1835353
1835362
1835371
1835386
1835395
1835404
1835431
1835447
1835450
1835465
1835473
1835482
1835498
1835502
1835515
1835523
1835530
1835541
1835559
1835564
1835577
1835588
1835596
1835601
1835619
1835626
1835634
1835642
1835655
1835660
1835678
1835693
1835709
1835717
1835724
1835738
1835752
1835763
1835775
1835780
1835791
1835800
1835813
1835825
1835832
1835848
1835854
1835869
1835876
1835881
1835897
1835905
1835918
1835920
1835937
1835943
1835951
1835966
1835979
1835984
1835992
1836009
1836017
1836024
1836038
1836046
1836052
1836075
1836080
1836091
1836108
1836114
1836139
1836140
1836153
1836162
1836171
1836186
1836195
1836203
1836211
1836236
1836245
1836274
1836289
1836290
1836302
1836315
1836323
1836330
1836341
1836359
1836364
1836377
1836388
1836396
1836418
1836420
1836437
1836443
1836466
1836479
1836492
1836504
1836516
1836529
1836531
1836547
1836550
1836565
1836573
1836582
1836598
1836607
1836610
1836628
1836635
1836644
1836656
1836661
1836672
1836683
1836699
1836700
1836725
1836732
1836748
1836754
1836769
1836776
1836781
1836797
1836801
1836819
1836826
1836834
1836842
1836855
1836860
1836878
1836887
1836906
1836912
1836921
1836933
1836949
1836957
1836968
1836970
1837002
1837015
1837023
1837030
1837041
1837059
1837064
1837096
1837100
1837113
1837125
1837132
1837148
1837154
1837176
1837181
1837197
1837204
1837216
1837229
1837231
1837247
1837250
1837265
1837273
1837298
1837309
1837317
1837324
1837338
1837346
1837352
1837363
1837380
1837391
1837407
1837410
1837428
1837435
1837444
1837456
1837461
1837472
1837483
1837499
1837511
1837522
1837536
1837545
1837558
1837567
1837574
1837589
1837590
1837605
1837618
1837620
1837637
1837643
1837651
1837666
1837679
1837684
1837692
1837708
1837714
1837727
1837739
1837740
1837753
1837762
1837771
1837786
1837795
1837806
1837812
1837821
1837833
1837849
1837857
1837868
1837885
1837894
1837901
1837919
1837926
1837934
1837942
1837955
1837960
1837978
1837987
1837993
1838000
1838013
1838032
1838048
1838054
1838069
1838076
1838102
1838115
1838123
1838130
1838141
1838159
1838164
1838177
1838188
1838196
1838209
1838217
1838224
1838238
1838246
1838252
1838263
1838280
1838291
1838304
1838316
1838329
1838331
1838347
1838365
1838373
1838398
1838406
1838412
1838421
1838433
1838449
1838457
1838468
1838470
1838494
1838505
1838518
1838520
1838537
1838543
1838551
1838566
1838579
1838584
1838603
1838611
1838622
1838636
1838645
1838658
1838667
1838674
1838689
1838701
1838719
1838726
1838734
1838742
1838760
1838778
1838787
1838793
1838807
1838810
1838835
1838844
1838856
1838861
1838872
1838883
1838899
1838908
1838914
1838939
1838940
1838953
1838962
1838971
1839006
1839012
1839021
1839033
1839049
1839068
1839070
1839085
1839094
1839103
1839111
1839122
1839136
1839145
1839158
1839167
1839189
1839190
1839208
1839214
1839227
1839239
1839240
1839262
1839271
1839286
1839295
1839307
1839328
1839335
1839344
1839356
1839361
1839372
1839383
1839399
1839400
1839413
1839425
1839432
1839448
1839454
1839469
1839476
1839481
1839497
1839501
1839519
1839526
1839534
1839542
1839555
1839560
1839578
1839587
1839593
1839602
1839615
1839623
1839630
1839641
1839659
1839664
1839677
1839688
1839696
1839705
1839718
1839720
1839737
1839743
1839751
1839766
1839779
1839784
1839792
1839804
1839816
1839829
1839831
1839847
1839865
1839873
1839882
1839898
1839909
1839924
1839938
1839946
1839952
1839963
1839975
1839980
1839991
1840001
1840019
1840026
1840034
1840042
1840060
1840087
1840093
1840104
1840129
1840131
1840147
1840150
1840165
1840173
1840182
1840198
1840200
1840213
1840225
1840232
1840248
1840254
1840269
1840276
1840281
1840297
1840305
1840318
1840320
1840337
1840343
1840351
1840366
1840384
1840408
1840414
1840427
1840440
1840453
1840462
1840471
1840486
1840506
1840521
1840533
1840549
1840568
1840570
1840585
1840609
1840617
1840624
1840638
1840646
1840652
1840663
1840680
1840691
1840707
1840710
1840728
1840735
1840744
1840756
1840761
1840772
1840783
1840799
1840803
1840811
1840822
1840836
1840858
1840867
1840874
1840889
1840890
1840902
1840915
1840941
1840959
1840964
1840977
1840988
1840996
1841007
1841010
1841028
1841035
1841044
1841056
1841061
1841072
1841099
1841105
1841118
1841120
1841137
1841143
1841151
1841166
1841179
1841184
1841192
1841201
1841219
1841226
1841234
1841242
1841255
1841260
1841278
1841287
1841293
1841306
1841312
1841321
1841333
1841349
1841357
1841368
1841370
1841385
1841394
1841402
1841415
1841423
1841430
1841441
1841459
1841464
1841477
1841488
1841496
1841508
1841514
1841527
1841539
1841540
1841553
1841562
1841571
1841586
1841595
1841613
1841625
1841632
1841648
1841654
1841676
1841681
1841697
1841703
1841711
1841722
1841745
1841758
1841767
1841789
1841790
1841809
1841817
1841824
1841838
1841846
1841852
1841863
1841875
1841891
1841904
1841916
1841929
1841931
1841947
1841950
1841973
1841982
1841998
1842005
1842018
1842020
1842037
1842043
1842051
1842066
1842079
1842084
1842092
1842107
1842110
1842128
1842135
1842144
1842156
1842161
1842172
1842183
1842199
1842206
1842212
1842233
1842249
1842257
1842268
1842270
1842285
1842294
1842319
1842326
1842334
1842342
1842355
1842360
1842378
1842387
1842393
1842409
1842424
1842438
1842446
1842463
1842475
1842480
1842491
1842500
1842513
1842525
1842532
1842548
1842554
1842569
1842576
1842581
1842608
1842627
1842639
1842653
1842662
1842671
1842686
1842695
1842704
1842716
1842729
1842731
1842747
1842750
1842765
1842773
1842782
1842798
1842802
1842815
1842823
1842841
1842859
1842864
1842877
1842888
1842896
1842903
1842922
1842945
1842967
1842974
1842989
1842990
1843009
1843024
1843038
1843046
1843052
1843063
1843075
1843080
1843091
1843108
1843114
1843127
1843139
1843140
1843153
1843162
1843171
1843186
1843203
1843211
1843222
1843236
1843245
1843258
1843267
1843289
1843290
1843315
1843323
1843330
1843359
1843364
1843377
1843388
1843396
1843405
1843418
1843420
1843437
1843443
1843451
1843466
1843479
1843492
1843504
1843516
1843529
1843531
1843547
1843550
1843565
1843573
1843582
1843607
1843610
1843628
1843635
1843644
1843656
1843661
1843672
1843683
1843699
1843700
1843713
1843725
1843732
1843748
1843754
1843769
1843776
1843781
1843797
1843801
1843819
1843826
1843834
1843842
1843855
1843860
1843878
1843887
1843893
1843906
1843912
1843921
1843933
1843957
1843970
1843985
1843994
1844004
1844016
1844031
1844047
1844065
1844073
1844082
1844098
1844101
1844119
1844134
1844142
1844155
1844160
1844178
1844187
1844193
1844205
1844218
1844220
1844237
1844243
1844251
1844266
1844279
1844300
1844325
1844332
1844348
1844354
1844369
1844381
1844397
1844403
1844422
1844436
1844445
1844458
1844467
1844474
1844489
1844490
1844509
1844517
1844524
1844538
1844546
1844552
1844563
1844575
1844580
1844591
1844606
1844612
1844633
1844649
1844657
1844668
1844670
1844685
1844694
1844702
1844715
1844723
1844730
1844741
1844759
1844764
1844777
1844788
1844808
1844814
1844827
1844839
1844840
1844853
1844862
1844871
1844886
1844895
1844907
1844910
1844928
1844935
1844944
1844956
1844961
1844972
1844983
1844999
1845002
1845015
1845023
1845030
1845041
1845059
1845064
1845077
1845088
1845096
1845100
1845125
1845132
1845154
1845169
1845176
1845181
1845216
1845229
1845231
1845247
1845250
1845265
1845273
1845282
1845298
1845309
1845317
1845324
1845338
1845346
1845352
1845363
1845375
1845380
1845391
1845407
1845410
1845428
1845435
1845456
1845472
1845483
1845503
1845511
1845522
1845536
1845545
1845558
1845567
1845574
1845590
1845605
1845620
1845637
1845643
1845651
1845666
1845679
1845692
1845714
1845727
1845739
1845753
1845762
1845771
1845786
1845795
1845806
1845821
1845833
1845849
1845857
1845868
1845885
1845894
1845901
1845919
1845926
1845934
1845942
1845960
1845978
1845987
1846008
1846014
1846027
1846039
1846040
1846053
1846062
1846071
1846086
1846124
1846138
1846146
1846152
1846163
1846175
1846180
1846191
1846202
1846215
1846223
1846230
1846241
1846259
1846264
1846277
1846288
1846296
1846303
1846311
1846322
1846336
1846345
1846358
1846367
1846389
1846390
1846419
1846426
1846434
1846442
1846455
1846460
1846478
1846487
1846493
1846510
1846528
1846535
1846544
1846556
1846561
1846572
1846583
1846599
1846604
1846616
1846629
1846631
1846647
1846673
1846682
1846698
1846706
1846712
1846721
1846749
1846757
1846768
1846770
1846785
1846794
1846805
1846818
1846820
1846837
1846843
1846851
1846866
1846879
1846884
1846892
1846913
1846925
1846948
1846954
1846969
1846981
1846997
1847003
1847011
1847022
1847045
1847058
1847067
1847074
1847089
1847090
1847106
1847112
1847121
1847133
1847149
1847157
1847168
1847185
1847207
1847210
1847228
1847235
1847244
1847256
1847261
1847272
1847283
1847299
1847308
1847314
1847327
1847339
1847353
1847362
1847386
1847395
1847404
1847416
1847429
1847431
1847447
1847450
1847465
1847473
1847482
1847498
1847502
1847515
1847523
1847530
1847541
1847559
1847564
1847577
1847588
1847596
1847601
1847619
1847626
1847634
1847642
1847655
1847660
1847678
1847687
1847693
1847709
1847717
1847724
1847746
1847752
1847763
1847775
1847780
1847791
1847800
1847813
1847832
1847848
1847854
1847869
1847876
1847881
1847897
1847905
1847918
1847920
1847937
1847943
1847951
1847966
1847979
1847984
1847992
1848006
1848012
1848021
1848033
1848049
1848057
1848068
1848070
1848085
1848094
1848103
1848111
1848122
1848136
1848145
1848158
1848167
1848174
1848189
1848208
1848214
1848227
1848240
1848253
1848262
1848271
1848286
1848295
1848307
1848310
1848328
1848335
1848344
1848356
1848361
1848372
1848383
1848399
1848400
1848413
1848432
1848448
1848454
1848469
1848476
1848481
1848497
1848501
1848519
1848526
1848534
1848542
1848555
1848560
1848587
1848593
1848602
1848615
1848623
1848630
1848641
1848659
1848664
1848688
1848705
1848718
1848720
1848737
1848743
1848766
1848779
1848784
1848792
1848804
1848816
1848829
1848831
1848847
1848850
1848865
1848873
1848882
1848898
1848909
1848917
1848924
1848938
1848946
1848952
1848963
1848975
1848991
1849000
1849032
1849048
1849054
1849069
1849076
1849081
1849097
1849102
1849115
1849123
1849130
1849141
1849159
1849164
1849177
1849188
1849196
1849217
1849224
1849238
1849246
1849252
1849280
1849291
1849304
1849316
1849329
1849331
1849350
1849365
1849373
1849382
1849398
1849406
1849412
1849421
1849449
1849457
1849468
1849470
1849485
1849494
1849505
1849518
1849520
1849537
1849551
1849566
1849579
1849584
1849592
1849603
1849611
1849622
1849636
1849645
1849658
1849667
1849674
1849689
1849690
1849701
1849719
1849726
1849734
1849742
1849760
1849778
1849787
1849793
1849807
1849810
1849828
1849835
1849844
1849856
1849861
1849872
1849883
1849899
1849908
1849914
1849927
1849940
1849953
1849962
1849971
1849986
1849995
1850009
1850017
1850024
1850038
1850046
1850052
1850063
1850075
1850091
1850108
1850127
1850139
1850140
1850153
1850162
1850171
1850186
1850195
1850203
1850211
1850222
1850236
1850245
1850258
1850274
1850289
1850290
1850302
1850323
1850330
1850341
1850359
1850364
1850377
1850388
1850396
1850405
1850420
1850437
1850443
1850451
1850466
1850484
1850492
1850504
1850516
1850529
1850531
1850547
1850550
1850565
1850573
1850582
1850598
1850607
1850610
1850628
1850635
1850644
1850656
1850672
1850683
1850699
1850700
1850713
1850732
1850748
1850754
1850769
1850776
1850797
1850801
1850819
1850826
1850834
1850842
1850855
1850860
1850878
1850893
1850906
1850912
1850921
1850933
1850949
1850957
1850968
1850970
1850985
1850994
1851000
1851013
1851025
1851032
1851048
1851054
1851069
1851076
1851081
1851097
1851102
1851115
1851123
1851141
1851159
1851164
1851177
1851188
1851196
1851209
1851217
1851224
1851238
1851246
1851263
1851275
1851280
1851291
1851304
1851316
1851331
1851347
1851350
1851365
1851373
1851382
1851398
1851406
1851412
1851421
1851433
1851449
1851457
1851468
1851485
1851494
1851505
1851518
1851520
1851543
1851551
1851566
1851584
1851592
1851603
1851611
1851622
1851636
1851645
1851658
1851667
1851674
1851689
1851690
1851701
1851719
1851726
1851734
1851742
1851760
1851778
1851787
1851793
1851807
1851810
1851828
1851835
1851844
1851856
1851861
1851872
1851883
1851899
1851908
1851914
1851927
1851939
1851940
1851953
1851962
1851971
1851986
1851995
1852002
1852023
1852030
1852041
1852059
1852064
1852077
1852088
1852096
1852100
1852113
1852125
1852132
1852148
1852154
1852169
1852176
1852181
1852197
1852216
1852229
1852231
1852247
1852250
1852265
1852273
1852282
1852298
1852324
1852338
1852346
1852352
1852375
1852380
1852391
1852407
1852428
1852435
1852444
1852456
1852472
1852483
1852499
1852503
1852511
1852522
1852545
1852558
1852574
1852589
1852605
1852618
1852620
1852637
1852643
1852651
1852666
1852679
1852684
1852692
1852708
1852714
1852727
1852739
1852753
1852762
1852771
1852786
1852795
1852812
1852821
1852833
1852849
1852857
1852868
1852870
1852885
1852894
1852901
1852919
1852942
1852955
1852960
1852978
1852987
1852993
1853010
1853028
1853035
1853044
1853056
1853061
1853072
1853083
1853099
1853105
1853118
1853120
1853137
1853143
1853151
1853166
1853179
1853184
1853192
1853219
1853226
1853234
1853242
1853255
1853278
1853287
1853293
1853312
1853333
1853349
1853357
1853368
1853370
1853385
1853394
1853402
1853415
1853423
1853430
1853441
1853459
1853464
1853477
1853488
1853496
1853508
1853514
1853527
1853539
1853540
1853553
1853586
1853595
1853625
1853632
1853648
1853654
1853669
1853676
1853681
1853697
1853703
1853711
1853722
1853736
1853745
1853758
1853767
1853774
1853789
1853790
1853809
1853817
1853824
1853846
1853852
1853863
1853875
1853880
1853891
1853904
1853916
1853929
1853931
1853947
1853950
1853965
1853973
1853982
1853998
1854014
1854027
1854039
1854053
1854062
1854071
1854095
1854109
1854117
1854124
1854138
1854146
1854152
1854163
1854175
1854180
1854191
1854202
1854215
1854223
1854230
1854241
1854259
1854264
1854277
1854288
1854296
1854303
1854311
1854322
1854336
1854345
1854358
1854367
1854374
1854389
1854390
1854401
1854419
1854434
1854442
1854455
1854460
1854478
1854487
1854493
1854507
1854510
1854528
1854544
1854556
1854561
1854583
1854599
1854604
1854616
1854629
1854631
1854647
1854650
1854665
1854673
1854682
1854698
1854706
1854712
1854721
1854733
1854749
1854757
1854768
1854770
1854785
1854805
1854818
1854820
1854837
1854843
1854851
1854866
1854879
1854884
1854892
1854900
1854913
1854925
1854932
1854948
1854954
1854976
1854981
1854997
1855006
1855012
1855021
1855033
1855049
1855068
1855070
1855085
1855094
1855103
1855111
1855122
1855136
1855145
1855158
1855167
1855174
1855190
1855208
1855214
1855227
1855239
1855240
1855253
1855262
1855271
1855286
1855295
1855307
1855310
1855328
1855335
1855344
1855356
1855361
1855372
1855383
1855399
1855400
1855413
1855425
1855432
1855448
1855454
1855469
1855476
1855497
1855501
1855519
1855526
1855534
1855542
1855555
1855560
1855578
1855587
1855593
1855602
1855615
1855623
1855630
1855641
1855659
1855677
1855688
1855696
1855705
1855718
1855720
1855737
1855743
1855751
1855766
1855779
1855784
1855792
1855804
1855816
1855829
1855831
1855847
1855850
1855865
1855873
1855882
1855898
1855909
1855917
1855938
1855946
1855952
1855963
1855975
1855980
1856005
1856018
1856020
1856037
1856043
1856051
1856066
1856079
1856084
1856092
1856107
1856110
1856135
1856144
1856156
1856161
1856172
1856183
1856199
1856206
1856212
1856221
1856233
1856257
1856268
1856270
1856285
1856294
1856301
1856319
1856326
1856334
1856342
1856355
1856360
1856378
1856387
1856393
1856417
1856424
1856438
1856446
1856452
1856463
1856480
1856491
1856500
1856513
1856525
1856532
1856548
1856554
1856569
1856576
1856581
1856608
1856614
1856627
1856639
1856640
1856653
1856662
1856671
1856686
1856695
1856704
1856716
1856729
1856731
1856750
1856765
1856773
1856798
1856802
1856815
1856823
1856830
1856841
1856859
1856864
1856877
1856896
1856903
1856911
1856922
1856936
1856945
1856967
1856974
1856989
1856990
1857001
1857019
1857026
1857034
1857042
1857055
1857060
1857078
1857087
1857093
1857104
1857116
1857129
1857131
1857147
1857150
1857165
1857182
1857198
1857200
1857213
1857225
1857232
1857248
1857254
1857269
1857276
1857281
1857297
1857305
1857320
1857337
1857343
1857351
1857366
1857379
1857384
1857392
1857408
1857414
1857427
1857439
1857453
1857462
1857471
1857486
1857506
1857512
1857521
1857533
1857549
1857557
1857568
1857570
1857585
1857594
1857609
1857617
1857624
1857638
1857646
1857652
1857675
1857680
1857691
1857710
1857728
1857735
1857744
1857756
1857761
1857772
1857783
1857799
1857803
1857822
1857836
1857845
1857858
1857867
1857874
1857890
1857902
1857915
1857923
1857930
1857941
1857959
1857964
1857977
1857988
1857996
1858004
1858016
1858031
1858047
1858065
1858073
1858082
1858101
1858119
1858126
1858134
1858142
1858155
1858160
1858187
1858193
1858205
1858220
1858237
1858243
1858266
1858279
1858284
1858292
1858300
1858313
1858325
1858332
1858354
1858369
1858376
1858381
1858397
1858403
1858411
1858436
1858445
1858458
1858467
1858489
1858509
1858517
1858524
1858546
1858552
1858563
1858575
1858606
1858612
1858621
1858633
1858649
1858657
1858670
1858685
1858694
1858715
1858723
1858730
1858741
1858759
1858764
1858777
1858788
1858796
1858808
1858814
1858827
1858839
1858840
1858853
1858862
1858871
1858886
1858895
1858910
1858928
1858944
1858956
1858961
1858972
1858983
1858999
1859003
1859022
1859036
1859058
1859067
1859074
1859090
1859106
1859112
1859121
1859133
1859149
1859157
1859168
1859185
1859194
1859207
1859210
1859244
1859256
1859261
1859272
1859283
1859299
1859308
1859314
1859327
1859339
1859340
1859353
1859362
1859371
1859386
1859395
1859404
1859416
1859429
1859431
1859450
1859465
1859482
1859498
1859502
1859515
1859523
1859530
1859541
1859559
1859564
1859577
1859588
1859596
1859601
1859619
1859626
1859634
1859642
1859655
1859660
1859687
1859709
1859717
1859724
1859746
1859752
1859763
1859775
1859780
1859813
1859825
1859832
1859848
1859854
1859869
1859876
1859881
1859905
1859918
1859920
1859943
1859951
1859966
1859979
1859984
1859992
1860010
1860028
1860035
1860044
1860056
1860072
1860083
1860099
1860105
1860118
1860120
1860137
1860151
1860166
1860179
1860184
1860192
1860201
1860219
1860226
1860234
1860242
1860255
1860260
1860278
1860287
1860293
1860306
1860312
1860321
1860333
1860349
1860357
1860368
1860370
1860385
1860394
1860402
1860415
1860423
1860430
1860441
1860459
1860477
1860488
1860496
1860508
1860514
1860527
1860539
1860540
1860553
1860562
1860571
1860586
1860595
1860600
1860613
1860625
1860632
1860648
1860669
1860676
1860681
1860697
1860711
1860736
1860745
1860758
1860767
1860774
1860789
1860790
1860809
1860817
1860824
1860838
1860846
1860852
1860863
1860875
1860880
1860891
1860904
1860916
1860929
1860931
1860947
1860950
1860965
1860973
1860998
1861003
1861011
1861022
1861036
1861045
1861058
1861074
1861090
1861106
1861112
1861121
1861149
1861157
1861168
1861170
1861185
1861194
1861207
1861210
1861228
1861235
1861244
1861256
1861261
1861272
1861283
1861299
1861308
1861314
1861327
1861339
1861340
1861353
1861362
1861371
1861386
1861395
1861404
1861416
1861429
1861431
1861447
1861450
1861465
1861473
1861482
1861498
1861502
1861515
1861523
1861530
1861541
1861559
1861564
1861577
1861588
1861596
1861601
1861619
1861626
1861634
1861642
1861655
1861660
1861678
1861687
1861709
1861717
1861724
1861738
1861746
1861752
1861763
1861775
1861780
1861791
1861800
1861813
1861825
1861832
1861848
1861854
1861869
1861876
1861897
1861905
1861918
1861920
1861937
1861943
1861951
1861966
1861984
1861992
1862006
1862012
1862021
1862033
1862049
1862057
1862068
1862070
1862085
1862094
1862103
1862111
1862122
1862136
1862145
1862158
1862167
1862174
1862189
1862190
1862208
1862214
1862227
1862239
1862240
1862253
1862262
1862271
1862286
1862295
1862307
1862328
1862356
1862372
1862383
1862399
1862400
1862413
1862425
1862432
1862454
1862469
1862476
1862481
1862497
1862501
1862519
1862526
1862534
1862542
1862555
1862560
1862587
1862593
1862602
1862615
1862623
1862630
1862641
1862659
1862664
1862677
1862696
1862705
1862718
1862720
1862737
1862743
1862751
1862766
1862779
1862784
1862792
1862804
1862816
1862829
1862831
1862847
1862850
1862865
1862873
1862882
1862898
1862909
1862917
1862924
1862938
1862946
1862952
1862975
1862980
1862991
1863000
1863013
1863025
1863032
1863048
1863054
1863069
1863076
1863081
1863097
1863102
1863115
1863123
1863130
1863141
1863159
1863164
1863177
1863188
1863196
1863209
1863217
1863224
1863238
1863246
1863252
1863263
1863275
1863280
1863291
1863304
1863316
1863329
1863331
1863347
1863350
1863365
1863373
1863382
1863406
1863412
1863421
1863433
1863449
1863457
1863468
1863470
1863485
1863494
1863505
1863518
1863520
1863537
1863551
1863566
1863579
1863584
1863592
1863603
1863611
1863622
1863636
1863645
1863667
1863674
1863689
1863690
1863701
1863719
1863726
1863734
1863755
1863778
1863787
1863793
1863807
1863810
1863828
1863835
1863844
1863861
1863872
1863883
1863899
1863908
1863914
1863927
1863939
1863953
1863962
1863971
1863986
1863995
1864005
1864018
1864020
1864037
1864043
1864051
1864066
1864079
1864084
1864092
1864107
1864110
1864128
1864144
1864161
1864172
1864199
1864206
1864212
1864221
1864249
1864257
1864268
1864270
1864294
1864301
1864319
1864326
1864334
1864342
1864360
1864378
1864387
1864393
1864409
1864417
1864424
1864438
1864446
1864452
1864463
1864475
1864480
1864491
1864500
1864525
1864532
1864548
1864554
1864576
1864581
1864597
1864608
1864614
1864627
1864639
1864640
1864653
1864662
1864671
1864686
1864695
1864704
1864716
1864729
1864731
1864747
1864765
1864773
1864782
1864798
1864802
1864815
1864823
1864830
1864841
1864859
1864864
1864877
1864888
1864896
1864903
1864911
1864922
1864936
1864945
1864958
1864967
1864974
1864989
1864990
1865016
1865029
1865031
1865047
1865050
1865065
1865073
1865082
1865098
1865101
1865126
1865134
1865142
1865155
1865160
1865187
1865193
1865205
1865218
1865220
1865237
1865243
1865251
1865266
1865279
1865284
1865292
1865300
1865313
1865332
1865348
1865354
1865369
1865376
1865381
1865397
1865403
1865422
1865436
1865445
1865458
1865467
1865474
1865489
1865490
1865509
1865517
1865524
1865538
1865546
1865552
1865575
1865580
1865591
1865606
1865621
1865633
1865649
1865657
1865668
1865670
1865685
1865694
1865702
1865723
1865741
1865759
1865764
1865777
1865788
1865796
1865808
1865814
1865827
1865840
1865853
1865862
1865886
1865895
1865907
1865910
1865928
1865935
1865944
1865956
1865961
1865972
1865983
1865999
1866002
1866015
1866023
1866030
1866059
1866064
1866077
1866088
1866096
1866100
1866125
1866132
1866148
1866154
1866169
1866176
1866181
1866197
1866204
1866216
1866229
1866231
1866247
1866250
1866273
1866298
1866309
1866317
1866324
1866338
1866346
1866352
1866363
1866375
1866391
1866407
1866410
1866428
1866435
1866444
1866456
1866461
1866472
1866483
1866499
1866503
1866511
1866522
1866536
1866545
1866567
1866574
1866589
1866590
1866605
1866618
1866620
1866637
1866643
1866651
1866666
1866679
1866684
1866692
1866708
1866714
1866727
1866739
1866740
1866753
1866762
1866771
1866786
1866795
1866812
1866821
1866833
1866849
1866857
1866868
1866870
1866919
1866926
1866934
1866942
1866955
1866960
1866978
1866993
1867009
1867017
1867024
1867038
1867046
1867052
1867063
1867075
1867080
1867091
1867108
1867114
1867127
1867139
1867140
1867153
1867162
1867186
1867203
1867211
1867222
1867245
1867258
1867267
1867274
1867289
1867290
1867302
1867315
1867323
1867330
1867359
1867364
1867377
1867388
1867396
1867405
1867420
1867437
1867443
1867466
1867479
1867484
1867492
1867516
1867529
1867531
1867547
1867550
1867565
1867573
1867582
1867598
1867607
1867628
1867635
1867644
1867656
1867661
1867672
1867683
1867699
1867700
1867713
1867725
1867732
1867748
1867769
1867776
1867781
1867797
1867801
1867819
1867826
1867834
1867842
1867855
1867860
1867878
1867887
1867893
1867912
1867921
1867933
1867957
1867968
1867985
1868008
1868014
1868027
1868039
1868040
1868053
1868062
1868071
1868086
1868095
1868109
1868124
1868138
1868146
1868152
1868163
1868175
1868180
1868191
1868202
1868223
1868241
1868259
1868264
1868277
1868288
1868296
1868303
1868311
1868322
1868336
1868345
1868358
1868367
1868374
1868389
1868390
1868401
1868419
1868426
1868434
1868455
1868460
1868478
1868487
1868493
1868507
1868510
1868528
1868535
1868544
1868556
1868561
1868572
1868583
1868599
1868604
1868616
1868629
1868631
1868647
1868673
1868682
1868698
1868706
1868712
1868721
1868733
1868749
1868757
1868768
1868805
1868820
1868837
1868866
1868879
1868884
1868892
1868900
1868913
1868925
1868932
1868948
1868969
1868976
1868981
1868997
1869019
1869034
1869055
1869060
1869078
1869087
1869093
1869104
1869116
1869129
1869131
1869147
1869150
1869165
1869173
1869182
1869198
1869200
1869213
1869225
1869232
1869248
1869254
1869276
1869281
1869305
1869318
1869337
1869343
1869351
1869366
1869379
1869384
1869392
1869408
1869414
1869427
1869439
1869440
1869453
1869462
1869471
1869486
1869506
1869512
1869521
1869533
1869549
1869557
1869568
1869570
1869585
1869594
1869617
1869638
1869646
1869652
1869663
1869675
1869680
1869691
1869707
1869710
1869735
1869744
1869756
1869761
1869772
1869783
1869799
1869803
1869811
1869822
1869836
1869845
1869874
1869889
1869890
1869902
1869915
1869923
1869930
1869941
1869964
1869977
1869988
1869996
1870014
1870027
1870039
1870062
1870086
1870095
1870109
1870117
1870124
1870138
1870146
1870163
1870175
1870180
1870191
1870202
1870215
1870223
1870230
1870241
1870259
1870264
1870277
1870288
1870303
1870311
1870322
1870336
1870345
1870358
1870367
1870374
1870389
1870390
1870401
1870419
1870426
1870434
1870442
1870455
1870460
1870478
1870487
1870493
1870507
1870510
1870528
1870535
1870544
1870556
1870572
1870583
1870599
1870604
1870629
1870631
1870647
1870650
1870665
1870673
1870698
1870706
1870712
1870721
1870733
1870749
1870757
1870768
1870770
1870785
1870794
1870805
1870818
1870820
1870837
1870843
1870851
1870866
1870879
1870884
1870892
1870900
1870913
1870925
1870932
1870948
1870954
1870969
1870981
1870997
1871006
1871012
1871021
1871033
1871049
1871057
1871068
1871070
1871085
1871094
1871103
1871111
1871136
1871145
1871158
1871167
1871174
1871189
1871190
1871208
1871214
1871239
1871240
1871253
1871262
1871271
1871286
1871295
1871310
1871328
1871335
1871344
1871372
1871383
1871399
1871413
1871432
1871448
1871454
1871469
1871476
1871481
1871497
1871501
1871519
1871526
1871534
1871542
1871555
1871560
1871578
1871593
1871602
1871615
1871623
1871641
1871659
1871664
1871677
1871688
1871696
1871718
1871720
1871737
1871751
1871766
1871779
1871784
1871792
1871804
1871829
1871831
1871847
1871850
1871865
1871873
1871882
1871898
1871909
1871917
1871924
1871938
1871946
1871952
1871963
1871975
1871980
1871991
1872003
1872011
1872022
1872036
1872045
1872058
1872067
1872074
1872089
1872090
1872106
1872112
1872121
1872133
1872149
1872157
1872168
1872170
1872185
1872194
1872207
1872210
1872228
1872235
1872244
1872256
1872261
1872272
1872283
1872299
1872308
1872327
1872339
1872340
1872353
1872371
1872386
1872395
1872404
1872416
1872429
1872431
1872447
1872450
1872465
1872473
1872482
1872498
1872502
1872515
1872523
1872530
1872541
1872559
1872564
1872577
1872588
1872596
1872626
1872634
1872642
1872655
1872660
1872678
1872687
1872693
1872709
1872717
1872724
1872738
1872746
1872752
1872763
1872775
1872780
1872791
1872800
1872825
1872848
1872854
1872869
1872876
1872881
1872897
1872905
1872918
1872920
1872943
1872951
1872966
1872979
1872984
1872992
1873004
1873016
1873029
1873031
1873047
1873073
1873082
1873098
1873119
1873126
1873134
1873142
1873155
1873178
1873187
1873205
1873218
1873237
1873243
1873251
1873266
1873279
1873284
1873292
1873313
1873325
1873332
1873348
1873354
1873369
1873376
1873381
1873397
1873403
1873411
1873436
1873445
1873458
1873467
1873474
1873489
1873490
1873509
1873517
1873524
1873538
1873546
1873552
1873563
1873580
1873621
1873633
1873649
1873657
1873668
1873670
1873685
1873702
1873715
1873723
1873730
1873741
1873759
1873764
1873777
1873788
1873808
1873814
1873827
1873839
1873853
1873862
1873871
1873886
1873895
1873907
1873910
1873935
1873944
1873956
1873961
1873983
1873999
1874009
1874017
1874024
1874038
1874046
1874052
1874063
1874075
1874080
1874091
1874108
1874114
1874127
1874139
1874140
1874153
1874162
1874171
1874186
1874195
1874203
1874211
1874222
1874236
1874245
1874258
1874267
1874274
1874289
1874290
1874315
1874323
1874330
1874341
1874359
1874364
1874377
1874388
1874396
1874418
1874420
1874437
1874443
1874466
1874484
1874492
1874504
1874516
1874529
1874547
1874550
1874565
1874573
1874582
1874598
1874607
1874628
1874635
1874644
1874656
1874661
1874672
1874683
1874699
1874700
1874713
1874725
1874732
1874748
1874754
1874769
1874776
1874781
1874797
1874801
1874819
1874826
1874834
1874842
1874855
1874860
1874878
1874887
1874893
1874912
1874921
1874933
1874957
1874968
1874970
1874985
1874994
1875000
1875013
1875025
1875032
1875048
1875054
1875069
1875076
1875081
1875097
1875115
1875123
1875130
1875141
1875159
1875164
1875177
1875188
1875196
1875209
1875217
1875224
1875238
1875246
1875252
1875263
1875275
1875280
1875291
1875304
1875316
1875329
1875331
1875347
1875350
1875365
1875373
1875382
1875412
1875421
1875433
1875449
1875457
1875468
1875470
1875485
1875494
1875505
1875518
1875520
1875537
1875543
1875551
1875566
1875579
1875584
1875592
1875603
1875611
1875622
1875636
1875645
1875658
1875667
1875674
1875689
1875690
1875701
1875719
1875734
1875742
1875755
1875760
1875778
1875787
1875793
1875807
1875810
1875828
1875835
1875844
1875856
1875861
1875872
1875883
1875899
1875908
1875914
1875927
1875939
1875940
1875953
1875962
1875986
1875995
1876001
1876019
1876026
1876034
1876055
1876060
1876078
1876093
1876104
1876116
1876129
1876131
1876147
1876150
1876165
1876173
1876182
1876198
1876200
1876213
1876225
1876232
1876248
1876254
1876269
1876276
1876281
1876297
1876305
1876318
1876320
1876337
1876343
1876351
1876366
1876379
1876384
1876392
1876408
1876414
1876427
1876440
1876453
1876462
1876471
1876486
1876495
1876506
1876512
1876521
1876533
1876549
1876557
1876568
1876585
1876594
1876609
1876617
1876624
1876638
1876652
1876663
1876675
1876680
1876691
1876707
1876710
1876735
1876744
1876756
1876761
1876772
1876783
1876799
1876803
1876811
1876822
1876836
1876845
1876858
1876867
1876874
1876889
1876902
1876915
1876923
1876930
1876941
1876959
1876964
1876977
1876988
1876996
1877005
1877018
1877020
1877037
1877043
1877066
1877079
1877084
1877092
1877107
1877110
1877128
1877135
1877144
1877156
1877161
1877172
1877183
1877199
1877206
1877212
1877221
1877233
1877249
1877257
1877268
1877285
1877294
1877301
1877319
1877326
1877334
1877355
1877378
1877387
1877393
1877409
1877417
1877424
1877438
1877446
1877452
1877463
1877480
1877491
1877500
1877513
1877525
1877532
1877548
1877554
1877569
1877576
1877581
1877597
1877608
1877614
1877627
1877639
1877640
1877653
1877662
1877671
1877695
1877704
1877716
1877729
1877731
1877747
1877750
1877765
1877773
1877782
1877798
1877802
1877815
1877823
1877830
1877841
1877859
1877864
1877877
1877888
1877896
1877903
1877911
1877922
1877936
1877945
1877958
1877967
1877990
1878007
1878010
1878028
1878044
1878056
1878061
1878072
1878099
1878105
1878118
1878120
1878137
1878143
1878151
1878166
1878179
1878184
1878192
1878201
1878219
1878226
1878234
1878255
1878278
1878287
1878293
1878306
1878312
1878321
1878333
1878357
1878368
1878385
1878402
1878415
1878423
1878430
1878441
1878459
1878464
1878488
1878508
1878514
1878527
1878539
1878540
1878553
1878562
1878571
1878586
1878595
1878600
1878613
1878632
1878648
1878669
1878676
1878681
1878697
1878703
1878711
1878736
1878745
1878758
1878767
1878774
1878789
1878790
1878809
1878817
1878838
1878846
1878852
1878863
1878875
1878880
1878891
1878904
1878916
1878929
1878931
1878947
1878950
1878965
1878973
1878982
1878998
1879002
1879015
1879023
1879030
1879041
1879059
1879064
1879077
1879088
1879096
1879100
1879113
1879125
1879132
1879148
1879154
1879176
1879181
1879197
1879204
1879216
1879229
1879231
1879247
1879250
1879265
1879273
1879282
1879298
1879309
1879324
1879338
1879346
1879352
1879363
1879375
1879380
1879391
1879407
1879410
1879428
1879435
1879456
1879461
1879483
1879499
1879503
1879511
1879522
1879536
1879545
1879558
1879567
1879589
1879590
1879605
1879620
1879637
1879643
1879651
1879666
1879679
1879684
1879692
1879708
1879714
1879727
1879739
1879740
1879753
1879762
1879786
1879806
1879812
1879821
1879833
1879849
1879857
1879868
1879870
1879885
1879894
1879901
1879926
1879934
1879955
1879978
1879987
1879993
1880004
1880029
1880031
1880050
1880065
1880073
1880082
1880098
1880101
1880119
1880126
1880134
1880142
1880155
1880160
1880178
1880187
1880193
1880205
1880218
1880220
1880237
1880243
1880251
1880266
1880279
1880284
1880292
1880300
1880313
1880325
1880348
1880354
1880369
1880376
1880381
1880397
1880411
1880422
1880436
1880445
1880458
1880467
1880474
1880489
1880490
1880509
1880517
1880524
1880538
1880546
1880552
1880563
1880575
1880580
1880591
1880606
1880612
1880621
1880633
1880649
1880657
1880668
1880670
1880685
1880694
1880702
1880715
1880723
1880730
1880741
1880764
1880777
1880788
1880796
1880814
1880827
1880839
1880840
1880853
1880862
1880871
1880886
1880895
1880910
1880928
1880935
1880944
1880956
1880961
1880972
1880983
1880999
1881002
1881015
1881023
1881030
1881041
1881059
1881064
1881088
1881096
1881100
1881113
1881125
1881132
1881148
1881154
1881169
1881176
1881181
1881197
1881204
1881216
1881229
1881231
1881247
1881265
1881273
1881282
1881298
1881309
1881324
1881338
1881346
1881352
1881363
1881375
1881380
1881391
1881407
1881410
1881428
1881435
1881444
1881456
1881461
1881472
1881483
1881503
1881511
1881522
1881536
1881545
1881558
1881567
1881574
1881589
1881590
1881605
1881618
1881620
1881637
1881643
1881651
1881666
1881679
1881692
1881708
1881714
1881727
1881739
1881740
1881753
1881762
1881771
1881786
1881795
1881812
1881821
1881849
1881857
1881868
1881870
1881885
1881894
1881901
1881919
1881926
1881934
1881942
1881955
1881978
1881993
1882000
1882013
1882025
1882032
1882048
1882054
1882069
1882076
1882097
1882102
1882115
1882123
1882130
1882141
1882159
1882164
1882177
1882188
1882196
1882209
1882217
1882224
1882238
1882246
1882252
1882263
1882275
1882280
1882291
1882304
1882316
1882329
1882347
1882365
1882373
1882382
1882406
1882412
1882421
1882433
1882449
1882457
1882468
1882470
1882485
1882494
1882505
1882518
1882520
1882537
1882543
1882551
1882566
1882579
1882584
1882592
1882603
1882611
1882622
1882636
1882645
1882658
1882667
1882674
1882689
1882690
1882701
1882719
1882726
1882734
1882742
1882755
1882760
1882778
1882787
1882793
1882807
1882810
1882828
1882835
1882844
1882856
1882861
1882872
1882883
1882899
1882914
1882927
1882939
1882940
1882953
1882971
1882986
1882995
1883006
1883012
1883021
1883033
1883049
1883057
1883068
1883070
1883085
1883094
1883103
1883111
1883122
1883136
1883145
1883158
1883167
1883174
1883189
1883190
1883208
1883214
1883227
1883239
1883240
1883253
1883262
1883271
1883286
1883295
1883307
1883310
1883328
1883335
1883344
1883356
1883361
1883372
1883383
1883399
1883400
1883413
1883425
1883432
1883448
1883454
1883469
1883476
1883481
1883497
1883501
1883519
1883526
1883534
1883542
1883560
1883578
1883593
1883602
1883615
1883623
1883630
1883641
1883659
1883664
1883677
1883688
1883696
1883705
1883718
1883720
1883737
1883751
1883766
1883779
1883784
1883792
1883804
1883816
1883829
1883831
1883847
1883850
1883865
1883873
1883882
1883898
1883917
1883924
1883938
1883946
1883952
1883963
1883975
1883980
1884019
1884026
1884034
1884042
1884055
1884078
1884087
1884093
1884104
1884116
1884129
1884131
1884147
1884150
1884165
1884173
1884182
1884198
1884200
1884213
1884232
1884248
1884254
1884276
1884281
1884297
1884305
1884318
1884320
1884337
1884343
1884351
1884366
1884379
1884384
1884392
1884408
1884414
1884427
1884439
1884440
1884453
1884462
1884471
1884486
1884495
1884506
1884512
1884521
1884533
1884549
1884568
1884570
1884585
1884594
1884609
1884617
1884624
1884638
1884646
1884652
1884663
1884675
1884691
1884707
1884728
1884735
1884744
1884756
1884772
1884783
1884799
1884803
1884822
1884845
1884858
1884867
1884874
1884889
1884890
1884902
1884915
1884923
1884930
1884941
1884959
1884964
1884977
1884988
1884996
1885010
1885028
1885035
1885044
1885056
1885061
1885072
1885083
1885099
1885105
1885118
1885120
1885143
1885151
1885179
1885184
1885192
1885201
1885219
1885226
1885234
1885242
1885255
1885260
1885278
1885287
1885293
1885306
1885312
1885321
1885333
1885349
1885357
1885368
1885370
1885385
1885394
1885402
1885415
1885423
1885430
1885441
1885459
1885464
1885477
1885488
1885496
1885508
1885514
1885527
1885539
1885540
1885553
1885562
1885571
1885586
1885595
1885600
1885613
1885625
1885632
1885648
1885669
1885681
1885697
1885703
1885711
1885722
1885736
1885745
1885758
1885767
1885774
1885789
1885790
1885809
1885817
1885824
1885838
1885846
1885852
1885863
1885875
1885880
1885891
1885904
1885916
1885929
1885931
1885947
1885950
1885965
1885973
1885982
1885998
1886003
1886011
1886036
1886058
1886067
1886074
1886089
1886090
1886106
1886112
1886121
1886133
1886149
1886157
1886168
1886170
1886185
1886194
1886207
1886210
1886228
1886235
1886244
1886256
1886261
1886272
1886283
1886299
1886308
1886314
1886327
1886340
1886353
1886362
1886371
1886395
1886416
1886429
1886447
1886450
1886465
1886473
1886482
1886498
1886502
1886515
1886523
1886530
1886541
1886559
1886564
1886577
1886588
1886596
1886601
1886619
1886634
1886642
1886655
1886660
1886678
1886687
1886693
1886709
1886717
1886724
1886738
1886746
1886752
1886763
1886775
1886780
1886791
1886800
1886813
1886825
1886832
1886848
1886854
1886869
1886876
1886881
1886897
1886905
1886918
1886920
1886937
1886943
1886951
1886966
1886979
1886992
1887008
1887014
1887027
1887039
1887040
1887062
1887071
1887086
1887095
1887109
1887117
1887124
1887146
1887152
1887163
1887175
1887180
1887191
1887215
1887223
1887230
1887241
1887259
1887264
1887277
1887288
1887296
1887303
1887311
1887322
1887336
1887345
1887358
1887367
1887389
1887390
1887401
1887419
1887426
1887434
1887442
1887455
1887460
1887478
1887487
1887493
1887507
1887510
1887528
1887535
1887544
1887556
1887561
1887572
1887583
1887604
1887629
1887631
1887647
1887650
1887665
1887673
1887682
1887706
1887712
1887733
1887749
1887757
1887768
1887770
1887785
1887794
1887818
1887820
1887837
1887843
1887851
1887866
1887879
1887884
1887892
1887900
1887913
1887925
1887932
1887948
1887954
1887969
1887976
1887997
1888009
1888017
1888024
1888038
1888046
1888052
1888063
1888075
1888080
1888091
1888114
1888127
1888139
1888140
1888153
1888162
1888171
1888186
1888195
1888203
1888211
1888222
1888236
1888245
1888258
1888267
1888274
1888289
1888290
1888302
1888315
1888323
1888330
1888341
1888359
1888364
1888377
1888388
1888396
1888405
1888418
1888420
1888437
1888443
1888451
1888466
1888479
1888484
1888492
1888504
1888516
1888529
1888547
1888550
1888565
1888573
1888582
1888598
1888607
1888610
1888628
1888635
1888644
1888656
1888661
1888672
1888683
1888699
1888700
1888713
1888725
1888732
1888748
1888754
1888769
1888781
1888797
1888801
1888819
1888826
1888834
1888842
1888855
1888860
1888878
1888887
1888893
1888906
1888912
1888921
1888933
1888949
1888957
1888968
1888970
1888985
1888994
1889005
1889020
1889037
1889043
1889051
1889066
1889079
1889084
1889092
1889107
1889110
1889128
1889135
1889144
1889156
1889172
1889183
1889199
1889206
1889212
1889249
1889257
1889268
1889270
1889285
1889294
1889301
1889319
1889342
1889355
1889360
1889387
1889393
1889409
1889417
1889438
1889446
1889452
1889475
1889480
1889491
1889500
1889513
1889525
1889532
1889548
1889554
1889569
1889576
1889581
1889597
1889608
1889614
1889627
1889639
1889640
1889653
1889662
1889671
1889686
1889695
1889704
1889716
1889729
1889731
1889747
1889765
1889773
1889782
1889798
1889802
1889815
1889823
1889830
1889841
1889859
1889877
1889888
1889896
1889903
1889922
1889936
1889945
1889958
1889967
1889974
1889989
1889990
1890006
1890012
1890021
1890033
1890049
1890057
1890068
1890070
1890094
1890103
1890111
1890122
1890136
1890145
1890158
1890167
1890174
1890189
1890190
1890214
1890227
1890239
1890240
1890253
1890262
1890271
1890286
1890295
1890307
1890310
1890328
1890335
1890344
1890356
1890361
1890372
1890383
1890399
1890400
1890425
1890432
1890448
1890469
1890476
1890481
1890497
1890501
1890519
1890526
1890534
1890542
1890555
1890560
1890578
1890587
1890593
1890602
1890615
1890623
1890630
1890641
1890659
1890664
1890677
1890688
1890696
1890705
1890718
1890720
1890737
1890751
1890766
1890779
1890784
1890804
1890816
1890829
1890831
1890847
1890873
1890882
1890898
1890909
1890924
1890938
1890946
1890963
1890975
1890980
1890991
1891005
1891018
1891020
1891037
1891043
1891051
1891066
1891079
1891084
1891092
1891107
1891110
1891128
1891135
1891144
1891156
1891161
1891172
1891183
1891199
1891206
1891212
1891221
1891233
1891249
1891257
1891268
1891270
1891285
1891294
1891301
1891319
1891326
1891334
1891342
1891355
1891360
1891378
1891387
1891393
1891409
1891438
1891446
1891452
1891463
1891475
1891480
1891500
1891513
1891525
1891548
1891554
1891569
1891576
1891581
1891597
1891614
1891627
1891639
1891640
1891653
1891671
1891686
1891704
1891716
1891729
1891731
1891747
1891750
1891765
1891773
1891782
1891798
1891802
1891815
1891823
1891830
1891841
1891859
1891864
1891888
1891896
1891903
1891911
1891922
1891936
1891945
1891958
1891974
1891989
1891990
1892007
1892028
1892035
1892044
1892056
1892061
1892072
1892083
1892099
1892105
1892118
1892120
1892137
1892143
1892151
1892166
1892184
1892192
1892201
1892219
1892226
1892234
1892242
1892255
1892260
1892278
1892293
1892312
1892321
1892333
1892349
1892357
1892368
1892370
1892385
1892394
1892402
1892415
1892423
1892430
1892441
1892464
1892477
1892488
1892496
1892508
1892514
1892527
1892539
1892553
1892562
1892571
1892586
1892595
1892600
1892613
1892625
1892632
1892654
1892669
1892676
1892681
1892697
1892703
1892711
1892722
1892736
1892745
1892758
1892767
1892774
1892789
1892790
1892809
1892817
1892824
1892838
1892846
1892852
1892863
1892875
1892880
1892891
1892904
1892916
1892929
1892931
1892950
1892973
1892982
1893002
1893015
1893023
1893030
1893059
1893064
1893077
1893088
1893096
1893100
1893113
1893125
1893132
1893154
1893169
1893181
1893204
1893216
1893229
1893231
1893247
1893250
1893265
1893273
1893282
1893298
1893309
1893317
1893324
1893346
1893352
1893363
1893380
1893391
1893407
1893410
1893428
1893435
1893444
1893461
1893472
1893483
1893499
1893503
1893522
1893536
1893545
1893558
1893567
1893574
1893589
1893590
1893605
1893618
1893620
1893637
1893651
1893666
1893679
1893684
1893692
1893708
1893714
1893739
1893740
1893753
1893762
1893771
1893795
1893806
1893812
1893821
1893833
1893849
1893857
1893870
1893885
1893894
1893901
1893919
1893926
1893934
1893942
1893955
1893960
1893978
1893987
1893993
1894003
1894011
1894022
1894036
1894058
1894067
1894074
1894090
1894106
1894112
1894121
1894133
1894149
1894157
1894168
1894185
1894194
1894207
1894210
1894228
1894244
1894256
1894261
1894283
1894308
1894314
1894327
1894339
1894340
1894353
1894362
1894371
1894386
1894404
1894416
1894429
1894431
1894447
1894450
1894465
1894473
1894482
1894498
1894502
1894515
1894523
1894530
1894541
1894559
1894564
1894577
1894588
1894596
1894601
1894619
1894626
1894634
1894642
1894655
1894660
1894678
1894687
1894693
1894709
1894717
1894724
1894752
1894763
1894775
1894780
1894791
1894800
1894813
1894825
1894832
1894848
1894854
1894869
1894876
1894881
1894897
1894905
1894918
1894920
1894943
1894951
1894966
1894979
1894984
1895009
1895017
1895024
1895038
1895046
1895052
1895063
1895075
1895080
1895108
1895114
1895127
1895139
1895140
1895162
1895171
1895186
1895195
1895203
1895211
1895222
1895236
1895245
1895258
1895267
1895274
1895289
1895302
1895315
1895323
1895330
1895341
1895359
1895364
1895377
1895388
1895396
1895405
1895418
1895443
1895466
1895484
1895492
1895516
1895529
1895531
1895547
1895550
1895565
1895573
1895598
1895607
1895610
1895628
1895644
1895656
1895661
1895672
1895683
1895699
1895700
1895713
1895725
1895732
1895748
1895754
1895769
1895776
1895781
1895797
1895801
1895819
1895834
1895855
1895860
1895878
1895887
1895893
1895906
1895912
1895921
1895933
1895949
1895957
1895968
1895970
1895985
1895994
1896000
1896013
1896025
1896032
1896048
1896054
1896076
1896081
1896102
1896115
1896123
1896141
1896159
1896164
1896188
1896196
1896209
1896217
1896224
1896238
1896246
1896252
1896263
1896275
1896280
1896304
1896316
1896329
1896347
1896350
1896365
1896373
1896382
1896398
1896406
1896412
1896421
1896433
1896449
1896457
1896468
1896470
1896485
1896494
1896505
1896518
1896520
1896537
1896543
1896551
1896566
1896579
1896584
1896592
1896603
1896611
1896636
1896645
1896658
1896667
1896674
1896690
1896701
1896719
1896726
1896734
1896742
1896755
1896760
1896778
1896787
1896793
1896807
1896810
1896835
1896844
1896856
1896872
1896899
1896908
1896914
1896927
1896939
1896962
1896971
1896986
1896995
1897004
1897016
1897029
1897031
1897050
1897073
1897082
1897098
1897101
1897119
1897126
1897134
1897142
1897155
1897160
1897187
1897193
1897205
1897218
1897220
1897237
1897251
1897266
1897279
1897284
1897292
1897300
1897313
1897332
1897348
1897354
1897369
1897376
1897381
1897411
1897422
1897436
1897445
1897458
1897467
1897489
1897490
1897509
1897517
1897524
1897538
1897546
1897552
1897580
1897591
1897606
1897612
1897621
1897633
1897657
1897668
1897694
1897702
1897723
1897730
1897741
1897759
1897764
1897777
1897788
1897796
1897808
1897814
1897839
1897840
1897853
1897862
1897871
1897886
1897895
1897907
1897910
1897928
1897944
1897956
1897961
1897972
1897983
1897999
1898001
1898019
1898026
1898034
1898042
1898055
1898060
1898078
1898087
1898093
1898104
1898116
1898131
1898147
1898165
1898173
1898182
1898198
1898200
1898213
1898225
1898232
1898248
1898254
1898269
1898276
1898281
1898297
1898305
1898318
1898320
1898337
1898343
1898351
1898366
1898379
1898384
1898392
1898408
1898414
1898427
1898439
1898440
1898453
1898462
1898495
1898506
1898512
1898521
1898533
1898549
1898557
1898568
1898570
1898585
1898594
1898609
1898617
1898624
1898646
1898652
1898663
1898675
1898680
1898707
1898710
1898728
1898735
1898744
1898761
1898783
1898799
1898803
1898811
1898822
1898836
1898845
1898858
1898867
1898874
1898889
1898890
1898902
1898923
1898930
1898941
1898959
1898964
1898977
1898988
1898996
1899008
1899027
1899039
1899040
1899053
1899062
1899071
1899086
1899095
1899109
1899124
1899138
1899146
1899152
1899163
1899175
1899180
1899191
1899202
1899215
1899223
1899230
1899241
1899259
1899264
1899277
1899296
1899303
1899311
1899322
1899336
1899345
1899358
1899367
1899374
1899389
1899390
1899401
1899434
1899478
1899487
1899493
1899507
1899510
1899528
1899535
1899544
1899556
1899561
1899572
1899604
1899616
1899629
1899631
1899647
1899650
1899665
1899673
1899682
1899698
1899706
1899712
1899721
1899749
1899757
1899768
1899770
1899785
1899794
1899805
1899818
1899820
1899837
1899843
1899851
1899866
1899879
1899892
1899900
1899913
1899925
1899932
1899948
1899969
1899976
1899981
1899997
