2101026
2101034
2101858
2102300
2103775
2103832
2104002
2104574
2104868
2104901
2105616
2106085
2106295
2106542
2109153
2109573
2110226
2110632
2111185
2112593
2112705
2113141
2113350
2113579
2113734
2114043
2115381
2115668
2115685
2116503
2117114
2117127
2117222
2117598
2117801
2117826
2117933
2118442
2118794
2119060
2119822
2120268
2120355
2120597
2120782
2121538
2121612
2122131
2122521
2123367
2123866
2124010
2124061
2124312
2124368
2125003
2125780
2126531
2126801
2127096
2127346
2127499
2127833
2127978
2128940
2129413
2129720
2130027
2130277
2130426
2130487
2130712
2131208
2131630
2131946
2134330
2134492
2134635
2135196
2135331
2135457
2135579
2136439
2136440
2136811
2137051
2137183
2137249
2137257
2138083
2138539
2139503
2139567
2139679
2139714
2140577
2140660
2140848
2141245
2141644
2141683
2142109
2142493
2142805
2142997
2143453
2143923
2145773
2146220
2147081
2147252
2147291
2147667
2147914
2147971
2148590
2148753
2149056
2149697
2149852
2150225
2150568
2150594
2150890
2150902
2151711
2152945
2153195
2154956
2155483
2155567
2155955
2156086
2156223
2156230
2156851
2156892
2156932
2157022
2158145
2158262
2158784
2158946
2159719
2159734
2161899
2162002
2162125
2162282
2163600
2163654
2163931
2164647
2164749
2164818
2166051
2166128
2166326
2167060
2167165
2167213
2167392
2167427
2167783
2167858
2167941
2168187
2168490
2168657
2169416
2169693
2169791
2169825
2172115
2172793
2173898
2174131
2179249
2180328
2182105
2182496
2182676
2183605
2184619
2188761
2189230
2189879
2190885
2191478
2191665
2192466
2193424
2195248
2195735
2197476
2198854
