2100350
2100810
2103194
2103717
2107370
2107477
2107931
2109826
2109855
2109893
2109957
2109994
2112328
2112400
2112696
2113123
2123561
2139096
2145782
2173174
2173286
2173917
2174173
2174638
2174941
2176121
2176416
2176848
2177095
2179110
2179627
2181221
2181597
2181815
2181823
2182028
2182508
2182539
2182697
2182817
2183620
2183786
2183795
2183857
2184121
2184371
2184763
2184876
2185052
2185267
2185531
2185801
2186667
2186734
2187187
2187251
2187575
2187808
2188617
2190148
2190955
2192341
2192607
2192878
2193608
2194689
2194914
2196891
2197307
2197664
2199458
