2100000
2100032
2100069
2100130
2100141
2100164
2100177
2100209
2100217
2100224
2100246
2100252
2100280
2100304
2100316
2100347
2100350
2100373
2100398
2100412
2100433
2100468
2100505
2100518
2100592
2100611
2100645
2100658
2100674
2100701
2100734
2100760
2100787
2100807
2100810
2100828
2100844
2100899
2100939
2100940
2100962
2100971
2100995
2101001
2101019
2101026
2101034
2101055
2101060
2101078
2101087
2101104
2101116
2101165
2101173
2101198
2101200
2101213
2101225
2101232
2101254
2101281
2101297
2101320
2101366
2101379
2101408
2101414
2101440
2101486
2101506
2101521
2101557
2101570
2101594
2101638
2101663
2101680
2101735
2101761
2101772
2101783
2101803
2101822
2101845
2101858
2101889
2101902
2101923
2101977
2101988
2101996
2102016
2102029
2102047
2102050
2102065
2102073
2102082
2102119
2102178
2102187
2102220
2102237
2102251
2102284
2102292
2102300
2102354
2102376
2102458
2102474
2102490
2102538
2102580
2102621
2102649
2102657
2102668
2102694
2102715
2102723
2102741
2102777
2102788
2102796
2102827
2102862
2102999
2103058
2103067
2103074
2103089
2103121
2103133
2103149
2103194
2103210
2103261
2103308
2103340
2103371
2103404
2103429
2103431
2103447
2103450
2103473
2103523
2103541
2103588
2103601
2103619
2103626
2103660
2103687
2103709
2103717
2103746
2103752
2103763
2103775
2103813
2103832
2103869
2103918
2103951
2104002
2104023
2104030
2104064
2104096
2104100
2104132
2104181
2104197
2104204
2104231
2104247
2104317
2104324
2104363
2104375
2104410
2104444
2104461
2104483
2104499
2104503
2104536
2104574
2104637
2104666
2104753
2104762
2104806
2104812
2104833
2104849
2104857
2104868
2104870
2104894
2104901
2104919
2104926
2105039
2105095
2105191
2105215
2105259
2105288
2105303
2105311
2105358
2105389
2105390
2105426
2105434
2105455
2105528
2105535
2105583
2105616
2105647
2105650
2105698
2105706
2105768
2105785
2105805
2105818
2105837
2105866
2105879
2105913
2105932
2105954
2105981
2105997
2106012
2106049
2106070
2106085
2106111
2106145
2106167
2106174
2106190
2106208
2106239
2106253
2106262
2106295
2106310
2106328
2106344
2106383
2106469
2106476
2106481
2106542
2106587
2106615
2106623
2106630
2106696
2106766
2106779
2106784
2106792
2106804
2106816
2106829
2106831
2106847
2106850
2106909
2106938
2106946
2106963
2106975
2106980
2106991
2107010
2107028
2107035
2107044
2107061
2107083
2107118
2107143
2107179
2107184
2107226
2107242
2107260
2107278
2107293
2107306
2107312
2107321
2107370
2107464
2107477
2107496
2107508
2107527
2107540
2107586
2107600
2107625
2107722
2107767
2107774
2107789
2107809
2107824
2107838
2107852
2107863
2107880
2107916
2107929
2107931
2107947
2107998
2108037
2108066
2108079
2108084
2108128
2108135
2108144
2108161
2108183
2108199
2108206
2108257
2108270
2108355
2108387
2108446
2108463
2108491
2108554
2108576
2108581
2108608
2108614
2108627
2108639
2108662
2108729
2108750
2108773
2108802
2108815
2108841
2108877
2108896
2108903
2108945
2108989
2108990
2109017
2109127
2109153
2109195
2109203
2109267
2109274
2109290
2109315
2109341
2109359
2109443
2109451
2109466
2109484
2109492
2109516
2109565
2109573
2109635
2109644
2109661
2109699
2109769
2109781
2109819
2109826
2109834
2109855
2109860
2109893
2109921
2109957
2109994
2110010
2110028
2110056
2110061
2110118
2110226
2110234
2110312
2110441
2110459
2110464
2110508
2110600
2110613
2110625
2110632
2110654
2110703
2110722
2110758
2110767
2110774
2110790
2110809
2110846
2110863
2110891
2110950
2110998
2111045
2111074
2111112
2111149
2111185
2111194
2111207
2111244
2111256
2111261
2111299
2111308
2111340
2111353
2111362
2111371
2111416
2111429
2111431
2111450
2111515
2111678
2111687
2111693
2111717
2111724
2111746
2111752
2111763
2111775
2111780
2111848
2111854
2111876
2111905
2111918
2111943
2111979
2111984
2112070
2112094
2112103
2112122
2112136
2112167
2112174
2112189
2112208
2112214
2112328
2112361
2112372
2112400
2112432
2112454
2112476
2112481
2112497
2112560
2112587
2112593
2112659
2112696
2112705
2112737
2112743
2112751
2112779
2112792
2112882
2112909
2112946
2112980
2112991
2113032
2113054
2113069
2113076
2113097
2113123
2113130
2113141
2113177
2113224
2113275
2113329
2113347
2113350
2113373
2113382
2113421
2113433
2113457
2113518
2113566
2113579
2113592
2113636
2113674
2113726
2113734
2113742
2113793
2113810
2113835
2113844
2113856
2113914
2113940
2113971
2113986
2113995
2114005
2114020
2114043
2114051
2114066
2114110
2114156
2114212
2114233
2114268
2114319
2114378
2114387
2114417
2114452
2114475
2114532
2114576
2114597
2114608
2114614
2114662
2114695
2114731
2114747
2114830
2114841
2114859
2114864
2114989
2115004
2115047
2115073
2115082
2115101
2115218
2115237
2115243
2115266
2115284
2115292
2115348
2115354
2115369
2115381
2115445
2115458
2115467
2115474
2115489
2115490
2115517
2115524
2115538
2115546
2115563
2115580
2115606
2115633
2115668
2115685
2115730
2115796
2115808
2115814
2115853
2115871
2115886
2115895
2115907
2115956
2115983
2116030
2116064
2116088
2116096
2116100
2116132
2116154
2116169
2116176
2116204
2116229
2116231
2116250
2116265
2116298
2116309
2116317
2116346
2116352
2116407
2116435
2116503
2116511
2116522
2116558
2116567
2116574
2116605
2116637
2116651
2116666
2116692
2116714
2116771
2116786
2116795
2116833
2116849
2116868
2116894
2116901
2116960
2116978
2117009
2117038
2117063
2117075
2117108
2117114
2117127
2117153
2117211
2117222
2117258
2117267
2117274
2117289
2117290
2117302
2117315
2117330
2117359
2117420
2117451
2117504
2117529
2117582
2117598
2117607
2117610
2117644
2117656
2117713
2117725
2117776
2117801
2117826
2117834
2117842
2117893
2117921
2117933
2117968
2117994
2118027
2118039
2118040
2118062
2118095
2118175
2118191
2118202
2118215
2118230
2118277
2118296
2118311
2118345
2118367
2118389
2118401
2118419
2118434
2118442
2118478
2118493
2118561
2118583
2118616
2118650
2118665
2118673
2118682
2118712
2118768
2118770
2118794
2118851
2118866
2118892
2118925
2118932
2118948
2119019
2119026
2119060
2119129
2119150
2119165
2119198
2119269
2119297
2119305
2119392
2119427
2119439
2119471
2119506
2119512
2119521
2119557
2119570
2119585
2119594
2119652
2119663
2119675
2119772
2119783
2119803
2119822
2119845
2119874
2119902
2119923
2119996
2120020
2120066
2120110
2120156
2120172
2120206
2120212
2120249
2120257
2120268
2120301
2120355
2120360
2120387
2120417
2120446
2120463
2120480
2120491
2120554
2120569
2120597
2120640
2120662
2120671
2120716
2120729
2120750
2120773
2120782
2120802
2120859
2120877
2120888
2120903
2121047
2121050
2121082
2121098
2121119
2121134
2121160
2121178
2121187
2121220
2121237
2121243
2121300
2121325
2121332
2121376
2121381
2121397
2121411
2121467
2121474
2121489
2121490
2121509
2121538
2121546
2121552
2121580
2121606
2121612
2121621
2121657
2121668
2121685
2121694
2121730
2121741
2121759
2121788
2121796
2121839
2121886
2122034
2122042
2122087
2122093
2122129
2122131
2122198
2122200
2122254
2122269
2122276
2122318
2122320
2122337
2122343
2122439
2122453
2122495
2122506
2122521
2122609
2122624
2122638
2122663
2122691
2122707
2122710
2122744
2122756
2122772
2122783
2122799
2122811
2122822
2122836
2122889
2122915
2122959
2123014
2123062
2123086
2123124
2123146
2123175
2123180
2123241
2123259
2123264
2123277
2123296
2123336
2123367
2123390
2123426
2123455
2123487
2123510
2123535
2123544
2123556
2123561
2123572
2123599
2123604
2123629
2123650
2123673
2123698
2123706
2123712
2123721
2123768
2123843
2123851
2123866
2123884
2123932
2123981
2123997
2124010
2124028
2124056
2124061
2124099
2124219
2124242
2124260
2124312
2124333
2124368
2124370
2124385
2124394
2124415
2124423
2124527
2124540
2124562
2124595
2124625
2124774
2124789
2124846
2124863
2124875
2124904
2124916
2124950
2124965
2124973
2125003
2125011
2125036
2125090
2125210
2125228
2125235
2125244
2125261
2125272
2125283
2125327
2125339
2125362
2125386
2125431
2125447
2125450
2125473
2125498
2125530
2125559
2125564
2125577
2125588
2125678
2125687
2125717
2125763
2125780
2125800
2125825
2125832
2125848
2125897
2125951
2125992
2126009
2126017
2126075
2126080
2126091
2126108
2126139
2126153
2126171
2126203
2126290
2126323
2126364
2126377
2126396
2126405
2126466
2126516
2126529
2126531
2126547
2126550
2126573
2126607
2126610
2126635
2126656
2126661
2126672
2126713
2126748
2126754
2126769
2126776
2126801
2126860
2126878
2126887
2126893
2126906
2126957
2126985
2127015
2127096
2127100
2127132
2127148
2127176
2127197
2127204
2127216
2127247
2127265
2127273
2127282
2127317
2127346
2127352
2127363
2127380
2127407
2127428
2127435
2127444
2127499
2127503
2127511
2127536
2127545
2127574
2127590
2127620
2127651
2127692
2127714
2127740
2127771
2127786
2127795
2127806
2127812
2127821
2127833
2127901
2127978
2128000
2128025
2128032
2128069
2128076
2128097
2128102
2128130
2128196
2128217
2128238
2128252
2128280
2128304
2128331
2128365
2128382
2128398
2128412
2128449
2128485
2128505
2128543
2128579
2128584
2128603
2128622
2128636
2128667
2128674
2128742
2128787
2128844
2128861
2128872
2128908
2128940
2128962
2128986
2128995
2129021
2129085
2129094
2129111
2129208
2129240
2129262
2129286
2129307
2129356
2129361
2129372
2129399
2129413
2129425
2129432
2129448
2129469
2129519
2129526
2129534
2129602
2129615
2129641
2129659
2129677
2129688
2129718
2129720
2129737
2129743
2129751
2129766
2129779
2129816
2129831
2129850
2129873
2129917
2129924
2129946
2129952
2129975
2130008
2130014
2130027
2130040
2130095
2130175
2130180
2130215
2130241
2130277
2130288
2130311
2130322
2130389
2130401
2130426
2130434
2130455
2130478
2130487
2130493
2130507
2130535
2130583
2130616
2130650
2130682
2130706
2130712
2130721
2130733
2130757
2130785
2130820
2130866
2130884
2130892
2130913
2130954
2130976
2131057
2131070
2131085
2131174
2131189
2131208
2131239
2131253
2131262
2131271
2131286
2131295
2131335
2131344
2131383
2131448
2131476
2131501
2131630
2131641
2131696
2131718
2131720
2131829
2131882
2131898
2131946
2131963
2131975
2131980
2132003
2132036
2132058
2132074
2132089
2132106
2132112
2132121
2132149
2132194
2132261
2132283
2132299
2132308
2132327
2132362
2132371
2132386
2132429
2132450
2132473
2132577
2132588
2132619
2132626
2132642
2132687
2132693
2132717
2132746
2132763
2132780
2132825
2132848
2132876
2132881
2132937
2132984
2132992
2133004
2133016
2133065
2133082
2133098
2133187
2133193
2133205
2133243
2133279
2133284
2133292
2133313
2133354
2133369
2133376
2133381
2133436
2133467
2133490
2133509
2133517
2133524
2133538
2133575
2133606
2133633
2133649
2133657
2133670
2133702
2133715
2133723
2133759
2133788
2133827
2133839
2133840
2133895
2133983
2133999
2134024
2134038
2134052
2134075
2134114
2134127
2134195
2134203
2134236
2134258
2134274
2134289
2134290
2134315
2134323
2134330
2134359
2134364
2134396
2134405
2134418
2134437
2134451
2134492
2134504
2134529
2134531
2134582
2134607
2134610
2134628
2134635
2134661
2134699
2134700
2134732
2134748
2134769
2134834
2134842
2134855
2134878
2134921
2134968
2134970
2135025
2135032
2135130
2135141
2135164
2135177
2135196
2135217
2135246
2135252
2135275
2135280
2135304
2135331
2135365
2135373
2135406
2135457
2135485
2135543
2135551
2135579
2135584
2135667
2135719
2135734
2135755
2135807
2135835
2135844
2135861
2135908
2136001
2136019
2136078
2136104
2136147
2136173
2136248
2136297
2136305
2136320
2136351
2136379
2136384
2136414
2136427
2136439
2136440
2136462
2136486
2136512
2136533
2136568
2136570
2136585
2136594
2136646
2136691
2136710
2136756
2136761
2136799
2136803
2136811
2136822
2136858
2136867
2136874
2136889
2136915
2136923
2136941
2136964
2136988
2136996
2137005
2137037
2137051
2137079
2137084
2137092
2137107
2137110
2137172
2137183
2137249
2137257
2137270
2137319
2137326
2137342
2137355
2137393
2137417
2137463
2137475
2137480
2137548
2137581
2137597
2137614
2137640
2137653
2137686
2137773
2137798
2137815
2137841
2137859
2137903
2137922
2137945
2138007
2138010
2138028
2138083
2138105
2138137
2138143
2138151
2138179
2138184
2138192
2138201
2138219
2138226
2138255
2138278
2138287
2138321
2138333
2138349
2138357
2138385
2138430
2138441
2138477
2138488
2138514
2138539
2138553
2138600
2138669
2138676
2138681
2138697
2138703
2138711
2138758
2138774
2138790
2138824
2138838
2138846
2138863
2138875
2138880
2138916
2138965
2139023
2139030
2139041
2139064
2139077
2139096
2139176
2139181
2139247
2139265
2139282
2139309
2139338
2139375
2139380
2139428
2139444
2139472
2139483
2139503
2139522
2139536
2139545
2139567
2139666
2139679
2139684
2139714
2139727
2139739
2139821
2139833
2139849
2139857
2139868
2139901
2139926
2140003
2140045
2140058
2140067
2140106
2140133
2140149
2140207
2140210
2140235
2140244
2140299
2140314
2140339
2140340
2140353
2140416
2140431
2140473
2140498
2140515
2140523
2140541
2140564
2140577
2140601
2140619
2140642
2140655
2140660
2140724
2140746
2140752
2140800
2140813
2140825
2140848
2140905
2141009
2141046
2141052
2141075
2141091
2141153
2141171
2141222
2141245
2141267
2141289
2141315
2141364
2141396
2141405
2141437
2141451
2141466
2141479
2141504
2141550
2141565
2141582
2141598
2141610
2141635
2141644
2141661
2141683
2141699
2141713
2141754
2141769
2141781
2141797
2141801
2141819
2141826
2141855
2141921
2141968
2142008
2142027
2142053
2142086
2142095
2142109
2142124
2142146
2142163
2142175
2142202
2142230
2142259
2142264
2142277
2142358
2142389
2142478
2142487
2142493
2142507
2142510
2142528
2142599
2142604
2142616
2142647
2142673
2142698
2142749
2142757
2142768
2142770
2142785
2142805
2142820
2142843
2142866
2142879
2142900
2142925
2142948
2142954
2142969
2142976
2142997
2143001
2143019
2143026
2143055
2143093
2143104
2143150
2143213
2143225
2143232
2143248
2143254
2143269
2143281
2143318
2143343
2143351
2143366
2143379
2143384
2143439
2143440
2143453
2143506
2143570
2143585
2143638
2143663
2143691
2143756
2143783
2143799
2143803
2143822
2143858
2143874
2143890
2143902
2143915
2143923
2143959
2143964
2143977
2143988
2144006
2144021
2144033
2144049
2144094
2144145
2144167
2144174
2144190
2144240
2144295
2144310
2144344
2144361
2144372
2144383
2144400
2144432
2144454
2144469
2144497
2144501
2144519
2144526
2144542
2144578
2144593
2144602
2144615
2144630
2144641
2144677
2144688
2144779
2144784
2144804
2144829
2144831
2144847
2144850
2144873
2144924
2144938
2144946
2144952
2144975
2144991
2145018
2145020
2145043
2145051
2145107
2145128
2145144
2145156
2145183
2145206
2145212
2145233
2145249
2145360
2145378
2145409
2145417
2145438
2145446
2145463
2145475
2145480
2145491
2145500
2145548
2145554
2145576
2145608
2145640
2145653
2145695
2145704
2145773
2145782
2145823
2145841
2145859
2145888
2145936
2145945
2145958
2145990
2146016
2146082
2146205
2146220
2146237
2146251
2146266
2146279
2146348
2146369
2146376
2146381
2146397
2146403
2146422
2146445
2146474
2146489
2146509
2146538
2146546
2146552
2146575
2146612
2146668
2146670
2146685
2146694
2146702
2146723
2146796
2146814
2146827
2146871
2146895
2146910
2146928
2146935
2146944
2146956
2146983
2146999
2147000
2147025
2147032
2147054
2147069
2147076
2147081
2147102
2147115
2147130
2147141
2147177
2147224
2147238
2147246
2147252
2147280
2147291
2147316
2147350
2147365
2147382
2147406
2147412
2147421
2147505
2147543
2147584
2147603
2147667
2147689
2147726
2147755
2147760
2147793
2147807
2147828
2147844
2147856
2147899
2147914
2147927
2147971
2147995
2148002
2148015
2148023
2148077
2148113
2148125
2148204
2148216
2148229
2148265
2148282
2148338
2148380
2148499
2148574
2148589
2148590
2148618
2148620
2148637
2148708
2148740
2148753
2148821
2148857
2148868
2148987
2149007
2149044
2149056
2149061
2149105
2149118
2149120
2149143
2149151
2149184
2149192
2149234
2149242
2149260
2149287
2149333
2149368
2149423
2149430
2149459
2149496
2149508
2149514
2149553
2149562
2149632
2149676
2149681
2149697
2149711
2149736
2149774
2149790
2149809
2149817
2149824
2149852
2149880
2149891
2149904
2149929
2149950
2150019
2150116
2150165
2150198
2150213
2150225
2150269
2150297
2150318
2150366
2150427
2150495
2150512
2150521
2150549
2150557
2150568
2150594
2150609
2150617
2150638
2150652
2150680
2150707
2150728
2150836
2150867
2150874
2150889
2150890
2150902
2150941
2150959
2150996
2151056
2151072
2151083
2151118
2151151
2151192
2151226
2151242
2151293
2151306
2151312
2151368
2151423
2151441
2151459
2151464
2151514
2151539
2151562
2151586
2151595
2151600
2151676
2151711
2151790
2151809
2151817
2151891
2151973
2152020
2152043
2152051
2152079
2152084
2152092
2152110
2152128
2152183
2152206
2152212
2152233
2152257
2152285
2152294
2152319
2152334
2152355
2152360
2152387
2152409
2152446
2152452
2152475
2152480
2152491
2152500
2152513
2152554
2152576
2152581
2152597
2152627
2152639
2152704
2152716
2152729
2152747
2152765
2152773
2152782
2152864
2152877
2152903
2152922
2152945
2152967
2153017
2153046
2153052
2153114
2153127
2153153
2153195
2153245
2153258
2153274
2153359
2153396
2153405
2153420
2153484
2153504
2153529
2153531
2153547
2153565
2153656
2153661
2153700
2153732
2153797
2153819
2153834
2153860
2153893
2153921
2154047
2154050
2154082
2154101
2154134
2154218
2154251
2154284
2154313
2154348
2154381
2154403
2154411
2154436
2154458
2154467
2154489
2154509
2154524
2154546
2154552
2154606
2154612
2154649
2154657
2154668
2154723
2154730
2154788
2154808
2154853
2154862
2154886
2154895
2154910
2154928
2154944
2154956
2154961
2155023
2155064
2155077
2155088
2155096
2155125
2155132
2155154
2155169
2155204
2155216
2155247
2155273
2155309
2155324
2155338
2155380
2155428
2155456
2155483
2155545
2155558
2155567
2155589
2155590
2155618
2155666
2155692
2155727
2155739
2155753
2155771
2155806
2155821
2155857
2155894
2155919
2155942
2155955
2155960
2156027
2156039
2156062
2156071
2156086
2156109
2156124
2156152
2156175
2156180
2156223
2156230
2156241
2156259
2156264
2156277
2156288
2156322
2156358
2156390
2156401
2156426
2156442
2156455
2156460
2156478
2156493
2156510
2156535
2156561
2156599
2156647
2156665
2156712
2156768
2156770
2156794
2156805
2156820
2156837
2156851
2156866
2156879
2156892
2156900
2156913
2156925
2156932
2156969
2156981
2157022
2157045
2157074
2157090
2157112
2157210
2157261
2157314
2157386
2157395
2157404
2157416
2157450
2157465
2157473
2157559
2157596
2157619
2157775
2157780
2157854
2157881
2157937
2157943
2157951
2157992
2158012
2158057
2158094
2158111
2158145
2158189
2158214
2158240
2158262
2158307
2158310
2158335
2158356
2158361
2158372
2158383
2158399
2158413
2158454
2158469
2158476
2158501
2158519
2158555
2158560
2158630
2158641
2158677
2158688
2158718
2158784
2158792
2158804
2158831
2158847
2158882
2158909
2158917
2158938
2158946
2158952
2158963
2158975
2158980
2159013
2159032
2159048
2159054
2159076
2159081
2159097
2159123
2159141
2159196
2159224
2159280
2159291
2159331
2159347
2159365
2159382
2159412
2159449
2159457
2159485
2159520
2159543
2159579
2159584
2159592
2159603
2159622
2159674
2159719
2159734
2159793
2159844
2159872
2159899
2159962
2159995
2160017
2160024
2160052
2160063
2160075
2160114
2160140
2160153
2160171
2160258
2160290
2160315
2160330
2160377
2160418
2160420
2160504
2160516
2160547
2160607
2160610
2160635
2160699
2160700
2160713
2160725
2160732
2160748
2160754
2160769
2160776
2160781
2160797
2160801
2160819
2160842
2160860
2160878
2160893
2160985
2161069
2161076
2161081
2161102
2161123
2161141
2161196
2161238
2161252
2161275
2161280
2161304
2161329
2161347
2161373
2161398
2161433
2161494
2161518
2161520
2161537
2161551
2161566
2161579
2161584
2161611
2161622
2161645
2161658
2161667
2161719
2161726
2161778
2161793
2161828
2161856
2161899
2161914
2161939
2161962
2162002
2162023
2162030
2162041
2162059
2162077
2162096
2162100
2162113
2162125
2162154
2162204
2162229
2162231
2162247
2162273
2162282
2162317
2162324
2162346
2162352
2162410
2162444
2162472
2162499
2162503
2162522
2162605
2162620
2162637
2162684
2162708
2162714
2162727
2162740
2162806
2162833
2162857
2162868
2162894
2162919
2162934
2162987
2162993
2163010
2163028
2163044
2163083
2163118
2163166
2163201
2163219
2163255
2163260
2163287
2163293
2163306
2163349
2163357
2163368
2163385
2163394
2163402
2163423
2163430
2163441
2163464
2163514
2163527
2163562
2163571
2163600
2163632
2163654
2163676
2163697
2163703
2163758
2163789
2163790
2163809
2163824
2163863
2163880
2163904
2163931
2163947
2163982
2164014
2164027
2164040
2164053
2164062
2164086
2164095
2164124
2164152
2164175
2164215
2164230
2164241
2164277
2164288
2164296
2164358
2164367
2164374
2164401
2164434
2164442
2164460
2164478
2164507
2164535
2164556
2164561
2164572
2164583
2164604
2164647
2164673
2164712
2164749
2164818
2164837
2164851
2164866
2164892
2164900
2164948
2164976
2164981
2165006
2165012
2165070
2165085
2165122
2165136
2165145
2165167
2165174
2165208
2165214
2165227
2165286
2165307
2165344
2165361
2165383
2165399
2165400
2165448
2165476
2165497
2165519
2165526
2165542
2165578
2165623
2165630
2165705
2165720
2165766
2165792
2165804
2165829
2165847
2165898
2165917
2165991
2166018
2166051
2166066
2166092
2166128
2166135
2166156
2166161
2166233
2166249
2166270
2166301
2166326
2166342
2166355
2166360
2166463
2166513
2166525
2166532
2166569
2166581
2166597
2166627
2166640
2166671
2166716
2166747
2166782
2166815
2166864
2166877
2166888
2166896
2166903
2167001
2167019
2167026
2167055
2167060
2167093
2167104
2167150
2167165
2167182
2167200
2167213
2167225
2167232
2167248
2167269
2167320
2167337
2167392
2167408
2167414
2167427
2167462
2167471
2167506
2167557
2167570
2167585
2167646
2167675
2167744
2167772
2167783
2167845
2167858
2167874
2167902
2167930
2167941
2167977
2167988
2168031
2168047
2168050
2168065
2168101
2168126
2168155
2168160
2168187
2168205
2168325
2168348
2168369
2168397
2168411
2168458
2168474
2168490
2168509
2168546
2168575
2168591
2168612
2168657
2168670
2168702
2168715
2168741
2168759
2168777
2168788
2168796
2168840
2168853
2168862
2168886
2168972
2168999
2169011
2169036
2169089
2169090
2169121
2169149
2169228
2169244
2169256
2169283
2169327
2169353
2169371
2169386
2169404
2169416
2169465
2169473
2169577
2169588
2169619
2169634
2169678
2169687
2169693
2169709
2169724
2169738
2169791
2169800
2169813
2169825
2169832
2169869
2169876
2169881
2169897
2169920
2169937
2169979
2169992
2170004
2170047
2170065
2170073
2170098
2170101
2170178
2170218
2170220
2170284
2170292
2170300
2170332
2170348
2170376
2170381
2170403
2170445
2170458
2170467
2170474
2170517
2170546
2170552
2170575
2170580
2170606
2170612
2170649
2170668
2170694
2170730
2170741
2170777
2170788
2170814
2170871
2170956
2170961
2171015
2171064
2171088
2171197
2171216
2171229
2171247
2171265
2171282
2171298
2171309
2171317
2171324
2171338
2171346
2171391
2171428
2171444
2171536
2171545
2171558
2171589
2171590
2171618
2171643
2171679
2171684
2171708
2171739
2171740
2171762
2171795
2171806
2171812
2171821
2171833
2171849
2171857
2171870
2171894
2171926
2171934
2171955
2171960
2171978
2172048
2172054
2172069
2172081
2172115
2172130
2172188
2172217
2172246
2172252
2172280
2172291
2172304
2172350
2172365
2172382
2172398
2172406
2172412
2172449
2172457
2172505
2172518
2172520
2172537
2172551
2172566
2172579
2172584
2172592
2172622
2172636
2172658
2172726
2172755
2172760
2172778
2172793
2172807
2172810
2172844
2172856
2172861
2172899
2172914
2172953
2173006
2173057
2173070
2173085
2173103
2173158
2173174
2173240
2173253
2173262
2173271
2173286
2173328
2173335
2173432
2173448
2173469
2173501
2173578
2173587
2173593
2173641
2173659
2173677
2173705
2173718
2173720
2173743
2173766
2173779
2173850
2173873
2173882
2173898
2173917
2173924
2173938
2173963
2174019
2174042
2174055
2174060
2174087
2174104
2174129
2174131
2174173
2174182
2174198
2174232
2174254
2174276
2174320
2174351
2174379
2174392
2174408
2174427
2174439
2174462
2174486
2174557
2174570
2174609
2174624
2174638
2174646
2174652
2174663
2174680
2174707
2174744
2174799
2174803
2174811
2174874
2174889
2174890
2174902
2174923
2174941
2174977
2174988
2174996
2175007
2175028
2175105
2175143
2175151
2175166
2175179
2175184
2175192
2175201
2175234
2175260
2175321
2175349
2175357
2175368
2175423
2175430
2175459
2175464
2175477
2175488
2175496
2175562
2175669
2175703
2175711
2175745
2175767
2175774
2175790
2175809
2175824
2175838
2175846
2175875
2175880
2175891
2175916
2175965
2175973
2175982
2176003
2176090
2176106
2176112
2176121
2176133
2176185
2176207
2176235
2176272
2176299
2176314
2176416
2176429
2176431
2176447
2176450
2176473
2176588
2176619
2176655
2176660
2176678
2176687
2176693
2176709
2176746
2176848
2176869
2176876
2176897
2176905
2176937
2176943
2177014
2177039
2177095
2177109
2177202
2177223
2177241
2177264
2177288
2177296
2177336
2177345
2177374
2177390
2177426
2177434
2177460
2177487
2177510
2177528
2177583
2177599
2177616
2177647
2177665
2177673
2177706
2177733
2177749
2177768
2177770
2177794
2177837
2177843
2177900
2177913
2177932
2177997
2178046
2178075
2178091
2178108
2178162
2178186
2178195
2178258
2178274
2178302
2178341
2178388
2178396
2178405
2178466
2178484
2178492
2178529
2178531
2178550
2178582
2178607
2178610
2178628
2178661
2178699
2178725
2178748
2178754
2178769
2178834
2178878
2178906
2178933
2178949
2178968
2178994
2179005
2179043
2179110
2179128
2179172
2179206
2179212
2179221
2179249
2179257
2179270
2179294
2179319
2179326
2179334
2179342
2179355
2179360
2179387
2179417
2179438
2179452
2179525
2179532
2179569
2179576
2179581
2179608
2179614
2179627
2179639
2179695
2179729
2179747
2179750
2179782
2179798
2179823
2179830
2179896
2179903
2179911
2179936
2179945
2179958
2179974
2179990
2180006
2180057
2180094
2180103
2180111
2180122
2180167
2180174
2180208
2180227
2180328
2180361
2180399
2180432
2180469
2180476
2180519
2180560
2180587
2180593
2180602
2180630
2180664
2180688
2180705
2180720
2180737
2180779
2180784
2180816
2180865
2180873
2180882
2180909
2180938
2180946
2180975
2180991
2181043
2181079
2181084
2181110
2181128
2181172
2181199
2181212
2181221
2181233
2181268
2181285
2181294
2181393
2181452
2181500
2181532
2181597
2181627
2181704
2181716
2181729
2181731
2181765
2181782
2181815
2181823
2181841
2181859
2181877
2181903
2181936
2181967
2181990
2182007
2182028
2182035
2182056
2182083
2182105
2182143
2182201
2182219
2182242
2182394
2182402
2182423
2182477
2182496
2182508
2182527
2182539
2182553
2182562
2182586
2182595
2182625
2182676
2182697
2182711
2182736
2182767
2182809
2182817
2182824
2182838
2182846
2182852
2182880
2182891
2182931
2182947
2182965
2182973
2182998
2183002
2183023
2183030
2183100
2183125
2183154
2183169
2183204
2183216
2183231
2183247
2183250
2183265
2183273
2183282
2183298
2183317
2183352
2183375
2183380
2183428
2183435
2183472
2183567
2183605
2183620
2183666
2183679
2183684
2183714
2183753
2183786
2183795
2183833
2183849
2183857
2184067
2184089
2184121
2184170
2184185
2184207
2184235
2184261
2184283
2184314
2184327
2184362
2184371
2184395
2184429
2184482
2184515
2184523
2184588
2184596
2184619
2184634
2184655
2184660
2184678
2184724
2184738
2184746
2184752
2184763
2184775
2184780
2184791
2184800
2184813
2184825
2184869
2184876
2184951
2184984
2185009
2185052
2185075
2185080
2185091
2185140
2185153
2185162
2185211
2185222
2185236
2185245
2185258
2185267
2185274
2185359
2185396
2185529
2185531
2185607
2185610
2185661
2185700
2185713
2185725
2185754
2185801
2185826
2185855
2185878
2185906
2185912
2185933
2185957
2185968
2186000
2186032
2186076
2186081
2186102
2186130
2186141
2186159
2186164
2186188
2186196
2186304
2186316
2186329
2186331
2186365
2186373
2186412
2186433
2186457
2186468
2186470
2186485
2186518
2186537
2186566
2186603
2186611
2186622
2186636
2186667
2186674
2186689
2186690
2186701
2186734
2186742
2186755
2186807
2186810
2186835
2186939
2187029
2187047
2187065
2187073
2187098
2187126
2187134
2187142
2187155
2187178
2187187
2187205
2187220
2187251
2187266
2187284
2187325
2187332
2187369
2187436
2187445
2187474
2187489
2187490
2187509
2187552
2187563
2187575
2187591
2187606
2187649
2187670
2187685
2187694
2187702
2187741
2187759
2187788
2187808
2187814
2187827
2187886
2187910
2187961
2187983
2188001
2188055
2188198
2188213
2188269
2188276
2188320
2188343
2188414
2188427
2188471
2188486
2188506
2188521
2188533
2188557
2188568
2188570
2188609
2188617
2188663
2188707
2188735
2188744
2188756
2188761
2188803
2188845
2188858
2188867
2188890
2188941
2188977
2189014
2189027
2189039
2189053
2189062
2189071
2189086
2189095
2189138
2189146
2189163
2189215
2189230
2189259
2189288
2189296
2189303
2189336
2189345
2189374
2189389
2189419
2189434
2189442
2189460
2189478
2189493
2189510
2189535
2189599
2189604
2189616
2189631
2189665
2189673
2189682
2189698
2189770
2189794
2189805
2189879
2189925
2189932
2189954
2189969
2189976
2189997
2190059
2190077
2190088
2190096
2190100
2190148
2190197
2190204
2190247
2190250
2190265
2190282
2190309
2190317
2190324
2190352
2190375
2190380
2190391
2190428
2190461
2190499
2190558
2190567
2190605
2190618
2190692
2190727
2190740
2190786
2190812
2190849
2190868
2190870
2190885
2190901
2190955
2191008
2191039
2191062
2191071
2191109
2191138
2191146
2191163
2191180
2191191
2191215
2191259
2191303
2191419
2191426
2191434
2191442
2191478
2191507
2191599
2191604
2191631
2191665
2191706
2191712
2191721
2191733
2191757
2191794
2191805
2191837
2191892
2191913
2191954
2192009
2192017
2192046
2192063
2192080
2192091
2192114
2192127
2192139
2192203
2192211
2192222
2192245
2192267
2192289
2192323
2192330
2192341
2192359
2192377
2192388
2192405
2192420
2192443
2192451
2192466
2192504
2192516
2192550
2192607
2192628
2192635
2192644
2192699
2192713
2192732
2192748
2192754
2192769
2192776
2192801
2192826
2192834
2192878
2192933
2192970
2192985
2193005
2193037
2193043
2193066
2193084
2193092
2193107
2193128
2193144
2193199
2193221
2193268
2193294
2193301
2193319
2193334
2193355
2193360
2193378
2193417
2193424
2193438
2193452
2193475
2193513
2193525
2193576
2193608
2193627
2193639
2193640
2193662
2193704
2193731
2193747
2193765
2193841
2193859
2193864
2193888
2193896
2193903
2193958
2193989
2194048
2194097
2194159
2194196
2194209
2194224
2194246
2194252
2194347
2194350
2194365
2194373
2194433
2194449
2194494
2194518
2194551
2194566
2194584
2194611
2194622
2194636
2194689
2194690
2194726
2194742
2194835
2194844
2194856
2194883
2194908
2194914
2194953
2194962
2195026
2195060
2195078
2195087
2195165
2195182
2195200
2195248
2195318
2195351
2195392
2195439
2195506
2195512
2195549
2195570
2195675
2195691
2195707
2195735
2195744
2195756
2195799
2195822
2195858
2195874
2195902
2195959
2195988
2195996
2196007
2196056
2196061
2196099
2196118
2196143
2196151
2196166
2196219
2196242
2196293
2196312
2196321
2196349
2196394
2196415
2196477
2196496
2196514
2196562
2196571
2196595
2196632
2196669
2196697
2196722
2196736
2196774
2196817
2196824
2196863
2196875
2196891
2196916
2196929
2196931
2196950
2196965
2197006
2197021
2197033
2197049
2197068
2197070
2197085
2197094
2197103
2197122
2197174
2197189
2197190
2197253
2197262
2197286
2197307
2197344
2197361
2197372
2197413
2197476
2197481
2197578
2197602
2197623
2197630
2197664
2197705
2197737
2197779
2197816
2197829
2197831
2197865
2197917
2197952
2197963
2197980
2197991
2198011
2198022
2198058
2198067
2198106
2198121
2198207
2198210
2198235
2198261
2198272
2198340
2198362
2198386
2198404
2198416
2198431
2198482
2198502
2198559
2198577
2198588
2198601
2198634
2198678
2198724
2198791
2198832
2198854
2198876
2198881
2198905
2198918
2198943
2198966
2198984
2199065
2199073
2199126
2199134
2199160
2199178
2199237
2199251
2199266
2199284
2199300
2199369
2199376
2199397
2199422
2199445
2199458
2199489
2199509
2199524
2199538
2199563
2199621
2199633
2199649
2199685
2199730
2199741
2199777
2199796
2199827
2199839
2199853
2199907
2199935
2199944
2199961
2199983
2199999
