1300793
1301078
1301440
1304511
1305071
1305616
1306743
1306847
1307415
1309516
1310863
1311327
1311353
1312924
1316064
1316282
1316857
1318544
1319305
1323117
1323241
1325074
1325897
1326776
1327363
1328505
1330191
1331501
1331784
1335246
1336131
1336182
1338312
1339181
1344240
1344696
1346292
1346563
1346827
1347449
1348567
1349226
1350248
1350744
1350959
1351711
1353776
1353826
1356230
1356650
1357431
1358033
1360080
1361398
1361470
1361719
1361971
1363600
1365615
1367680
1368907
1371250
1374414
1375255
1376752
1376876
1378970
1379716
1380469
1383077
1383100
1383849
1383987
1384283
1384746
1384775
1385377
1388392
1391152
1391535
1391932
1392754
1393326
1393671
1394013
1394835
1395486
1398244
1399016
1399073
1399098
