1308614
1311943
1312335
1312372
1312432
1313076
1313872
1314532
1315422
1316536
1316692
1316762
1318008
1318202
1318884
1319889
1319923
1320480
1322318
1323616
1323673
1324929
1325272
1325780
1326290
1326330
1326699
1328793
1328807
1328810
1329399
1330749
1331432
1331587
1331751
1332036
1332106
1335123
1335331
1336116
1336902
1338044
1338648
1338669
1338703
1339169
1340228
1340465
1341091
1341258
1341683
1342892
1343093
1343320
1344526
1345773
1346422
1346808
1347069
1347252
1347883
1348030
1349242
1349625
1349789
1349880
1350042
1350116
1350150
1350318
1351061
1351824
1352500
1352597
1353222
1353267
1353274
1354369
1354524
1354886
1355522
1356367
1356733
1357256
1357314
1357447
1358432
1358587
1358865
1360516
1360672
1361485
1361518
1361986
1362204
1362282
1362919
1363540
1364665
1364843
1365070
1365469
1365938
1366525
1366640
1366773
1368134
1368187
1368300
1369717
1369800
1369869
1370134
1370657
1370670
1370944
1371298
1371444
1371786
1371833
1372986
1373784
1373829
1374001
1374728
1374744
1374803
1374889
1375120
1375137
1375151
1375496
1375758
1377230
1377277
1377932
1379206
1379888
1379911
1380898
1381135
1381815
1382242
1383346
1383410
1383428
1384194
1384979
1385139
1385258
1385437
1385776
1385860
1386013
1386953
1387376
1388874
1389434
1389460
1389535
1390317
1390375
1390461
1390483
1391851
1393199
1393877
1394130
1396219
1396394
1396459
1396973
1397208
1398450
1398660
1399649
