1300025
1300032
1300054
1300081
1300097
1300102
1300115
1300130
1300164
1300177
1300238
1300246
1300252
1300275
1300280
1300291
1300304
1300329
1300331
1300347
1300398
1300433
1300449
1300470
1300494
1300505
1300518
1300543
1300579
1300592
1300603
1300622
1300667
1300689
1300701
1300742
1300755
1300778
1300787
1300793
1300807
1300844
1300856
1300861
1300899
1300908
1300971
1301019
1301055
1301078
1301087
1301104
1301116
1301173
1301198
1301200
1301213
1301232
1301248
1301254
1301276
1301320
1301343
1301379
1301392
1301408
1301414
1301440
1301486
1301495
1301521
1301557
1301568
1301570
1301594
1301624
1301638
1301663
1301691
1301707
1301728
1301735
1301744
1301756
1301783
1301803
1301811
1301845
1301867
1301874
1301890
1301902
1301930
1301988
1302016
1302029
1302031
1302047
1302098
1302101
1302119
1302134
1302178
1302193
1302218
1302279
1302284
1302292
1302325
1302354
1302369
1302381
1302403
1302422
1302436
1302445
1302524
1302563
1302575
1302606
1302621
1302657
1302670
1302685
1302715
1302730
1302759
1302777
1302788
1302808
1302862
1302944
1302999
1303011
1303022
1303045
1303058
1303074
1303089
1303106
1303157
1303170
1303194
1303207
1303272
1303283
1303314
1303395
1303416
1303447
1303465
1303473
1303502
1303530
1303559
1303596
1303601
1303619
1303626
1303642
1303678
1303687
1303709
1303717
1303724
1303738
1303746
1303775
1303897
1303943
1303979
1303984
1304002
1304023
1304064
1304077
1304096
1304148
1304176
1304216
1304231
1304247
1304250
1304273
1304298
1304317
1304346
1304352
1304380
1304391
1304435
1304483
1304511
1304574
1304605
1304618
1304643
1304651
1304679
1304714
1304727
1304739
1304740
1304786
1304857
1304894
1304919
1304934
1304942
1304955
1304987
1304993
1305040
1305086
1305109
1305117
1305124
1305146
1305152
1305175
1305191
1305215
1305264
1305277
1305288
1305296
1305311
1305374
1305389
1305426
1305434
1305544
1305616
1305665
1305698
1305721
1305749
1305770
1305794
1305837
1305843
1305866
1305925
1305969
1305981
1306006
1306012
1306049
1306085
1306094
1306103
1306136
1306189
1306190
1306239
1306253
1306310
1306399
1306413
1306425
1306448
1306469
1306497
1306555
1306560
1306602
1306641
1306659
1306677
1306696
1306737
1306743
1306766
1306831
1306847
1306882
1306917
1306952
1306963
1306980
1306991
1307007
1307010
1307028
1307072
1307083
1307151
1307179
1307192
1307226
1307234
1307242
1307260
1307287
1307349
1307357
1307368
1307370
1307423
1307430
1307488
1307514
1307600
1307613
1307625
1307632
1307654
1307676
1307681
1307697
1307711
1307789
1307824
1307846
1307863
1307875
1307891
1307916
1307929
1307973
1307982
1308005
1308018
1308020
1308051
1308066
1308079
1308092
1308107
1308128
1308135
1308161
1308199
1308233
1308270
1308285
1308294
1308326
1308355
1308446
1308475
1308500
1308513
1308548
1308576
1308627
1308640
1308686
1308729
1308731
1308773
1308798
1308823
1308841
1308859
1308936
1308958
1308967
1308990
1309009
1309017
1309038
1309052
1309080
1309114
1309127
1309195
1309203
1309211
1309236
1309258
1309267
1309274
1309323
1309330
1309377
1309396
1309516
1309529
1309550
1309573
1309582
1309598
1309628
1309635
1309656
1309683
1309713
1309748
1309797
1309842
1309860
1309887
1309893
1309949
1309957
1309968
1309994
1310010
1310035
1310061
1310072
1310166
1310184
1310192
1310201
1310226
1310278
1310287
1310312
1310321
1310368
1310370
1310385
1310402
1310415
1310430
1310464
1310477
1310514
1310527
1310539
1310540
1310586
1310600
1310613
1310654
1310669
1310681
1310703
1310711
1310745
1310774
1310789
1310790
1310817
1310852
1310863
1310875
1310931
1310947
1310973
1310982
1311011
1311036
1311045
1311058
1311074
1311089
1311106
1311121
1311185
1311194
1311299
1311327
1311340
1311353
1311386
1311395
1311416
1311431
1311465
1311482
1311502
1311523
1311559
1311577
1311588
1311619
1311626
1311655
1311660
1311678
1311687
1311693
1311709
1311752
1311763
1311791
