1300025
1300032
1300048
1300054
1300081
1300097
1300102
1300115
1300130
1300164
1300177
1300238
1300246
1300252
1300275
1300280
1300291
1300304
1300329
1300331
1300347
1300398
1300433
1300449
1300470
1300494
1300505
1300518
1300543
1300566
1300579
1300592
1300603
1300622
1300667
1300689
1300701
1300742
1300755
1300778
1300787
1300793
1300807
1300844
1300856
1300861
1300899
1300908
1300971
1301019
1301055
1301078
1301087
1301104
1301116
1301173
1301198
1301200
1301213
1301232
1301248
1301254
1301276
1301320
1301343
1301379
1301392
1301408
1301414
1301440
1301486
1301495
1301521
1301557
1301568
1301570
1301594
1301624
1301638
1301663
1301691
1301707
1301728
1301735
1301744
1301756
1301783
1301803
1301811
1301845
1301867
1301874
1301890
1301902
1301930
1301988
1302016
1302029
1302031
1302047
1302098
1302101
1302119
1302134
1302160
1302178
1302193
1302218
1302279
1302284
1302292
1302325
1302354
1302369
1302381
1302403
1302422
1302436
1302445
1302524
1302563
1302575
1302606
1302621
1302657
1302670
1302685
1302715
1302730
1302759
1302777
1302788
1302808
1302862
1302944
1302999
1303011
1303022
1303045
1303058
1303074
1303089
1303106
1303157
1303170
1303194
1303207
1303272
1303283
1303314
1303395
1303416
1303447
1303465
1303473
1303502
1303530
1303559
1303596
1303601
1303619
1303626
1303642
1303678
1303687
1303709
1303717
1303724
1303738
1303746
1303775
1303825
1303897
1303920
1303943
1303979
1303984
1304002
1304023
1304064
1304077
1304096
1304148
1304176
1304216
1304231
1304247
1304250
1304273
1304298
1304317
1304346
1304352
1304380
1304391
1304435
1304483
1304511
1304574
1304605
1304618
1304643
1304651
1304679
1304714
1304727
1304739
1304740
1304786
1304812
1304857
1304894
1304919
1304934
1304942
1304955
1304987
1304993
1305040
1305071
1305086
1305109
1305117
1305124
1305146
1305152
1305175
1305180
1305191
1305215
1305264
1305277
1305288
1305296
1305311
1305374
1305389
1305426
1305434
1305544
1305616
1305665
1305698
1305721
1305749
1305770
1305794
1305837
1305843
1305866
1305925
1305969
1305976
1305981
1306006
1306012
1306033
1306049
1306085
1306094
1306103
1306136
1306189
1306190
1306239
1306253
1306310
1306399
1306413
1306425
1306448
1306469
1306497
1306555
1306560
1306602
1306641
1306659
1306677
1306696
1306737
1306743
1306766
1306831
1306847
1306882
1306917
1306952
1306963
1306980
1306991
1307007
1307010
1307028
1307072
1307083
1307099
1307151
1307179
1307184
1307192
1307226
1307234
1307242
1307260
1307287
1307349
1307357
1307368
1307370
1307415
1307423
1307430
1307441
1307488
1307514
1307600
1307613
1307625
1307632
1307654
1307676
1307681
1307697
1307711
1307789
1307824
1307846
1307863
1307875
1307891
1307916
1307929
1307965
1307973
1307982
1308005
1308018
1308020
1308051
1308066
1308079
1308092
1308107
1308128
1308135
1308161
1308199
1308233
1308249
1308270
1308285
1308294
1308326
1308355
1308446
1308475
1308500
1308513
1308548
1308576
1308614
1308627
1308640
1308686
1308729
1308731
1308773
1308798
1308823
1308841
1308859
1308936
1308958
1308967
1308990
1309009
1309017
1309038
1309052
1309080
1309114
1309127
1309195
1309203
1309211
1309236
1309258
1309267
1309274
1309323
1309330
1309377
1309396
1309451
1309516
1309529
1309550
1309573
1309582
1309598
1309628
1309635
1309656
1309683
1309713
1309748
1309797
1309842
1309860
1309887
1309893
1309921
1309949
1309957
1309968
1309994
1310007
1310010
1310035
1310061
1310072
1310166
1310184
1310192
1310201
1310226
1310278
1310287
1310312
1310321
1310368
1310370
1310385
1310402
1310415
1310430
1310464
1310477
1310514
1310527
1310539
1310540
1310586
1310600
1310613
1310654
1310669
1310681
1310703
1310711
1310745
1310774
1310789
1310790
1310817
1310852
1310863
1310875
1310931
1310947
1310973
1310982
1311011
1311036
1311045
1311058
1311074
1311089
1311106
1311121
1311185
1311194
1311299
1311327
1311339
1311340
1311353
1311386
1311395
1311416
1311431
1311465
1311482
1311502
1311523
1311559
1311577
1311588
1311619
1311626
1311655
1311660
1311678
1311687
1311693
1311709
1311752
1311763
1311791
1311832
1311848
1311854
1311918
1311943
1311966
1311992
1312012
1312103
1312136
1312145
1312167
1312208
1312262
1312310
1312335
1312372
1312383
1312400
1312432
1312481
1312519
1312526
1312534
1312542
1312555
1312560
1312578
1312602
1312623
1312677
1312751
1312779
1312792
1312804
1312816
1312873
1312898
1312909
1312924
1312938
1312946
1312952
1312963
1312975
1312980
1312991
1313013
1313025
1313032
1313048
1313054
1313076
1313081
1313115
1313130
1313141
1313177
1313196
1313209
1313217
1313238
1313275
1313316
1313331
1313347
1313485
1313520
1313537
1313579
1313584
1313636
1313645
1313667
1313689
1313734
1313742
1313778
1313861
1313872
1313927
1313953
1313962
1314005
1314018
1314043
1314110
1314156
1314161
1314199
1314212
1314268
1314270
1314285
1314319
1314326
1314334
1314342
1314355
1314378
1314393
1314513
1314532
1314569
1314576
1314608
1314614
1314627
1314639
1314662
1314695
1314773
1314802
1314823
1314859
1314936
1314967
1314974
1314989
1315004
1315047
1315073
1315098
1315101
1315119
1315126
1315155
1315160
1315178
1315187
1315205
1315237
1315251
1315266
1315284
1315292
1315313
1315325
1315354
1315369
1315397
1315422
1315436
1315524
1315538
1315552
1315591
1315606
1315621
1315657
1315668
1315685
1315702
1315759
1315814
1315871
1315886
1315895
1315935
1316015
1316023
1316064
1316100
1316154
1316169
1316181
1316204
1316231
1316247
1316282
1316298
1316338
1316346
1316352
1316380
1316410
1316444
1316472
1316522
1316536
1316545
1316589
1316643
1316651
1316666
1316692
1316708
1316740
1316753
1316762
1316795
1316849
1316857
1316870
1316901
1316919
1316934
1316960
1316993
1317038
1317075
1317162
1317171
1317195
1317211
1317236
1317315
1317323
1317341
1317377
1317388
1317405
1317420
1317437
1317443
1317479
1317504
1317516
1317547
1317582
1317628
1317683
1317748
1317754
1317769
1317801
1317819
1317826
1317842
1317855
1317860
1317906
1317912
1317921
1317949
1317985
1318008
1318039
1318040
1318062
1318071
1318095
1318124
1318175
1318180
1318202
1318230
1318241
1318259
1318277
1318303
1318336
1318358
1318367
1318389
1318390
1318419
1318426
1318442
1318487
1318493
1318507
1318528
1318535
1318544
1318561
1318673
1318682
1318706
1318733
1318757
1318768
1318785
1318818
1318820
1318866
1318879
1318884
1318892
1318900
1318913
1318925
1318948
1318954
1319019
1319034
1319042
1319055
1319060
1319093
1319173
1319225
1319248
1319254
1319269
1319281
1319297
1319305
1319379
1319408
1319414
1319440
1319471
1319486
1319521
1319549
1319568
1319570
1319609
1319663
1319710
1319735
1319761
1319772
1319803
1319836
1319845
1319889
1319902
1319915
1319923
1319977
1320005
1320037
1320043
1320066
1320084
1320092
1320107
1320135
1320144
1320199
1320206
1320257
1320268
1320285
1320301
1320319
1320326
1320334
1320417
1320424
1320438
1320480
1320513
1320532
1320548
1320554
1320608
1320639
1320640
1320653
1320704
1320716
1320747
1320782
1320815
1320823
1320864
1320922
1320936
1321004
1321016
1321029
1321031
1321047
1321065
1321126
1321160
1321178
1321187
1321193
1321218
1321279
1321445
1321474
1321489
1321517
1321524
1321552
1321563
1321591
1321606
1321633
1321649
1321715
1321730
1321741
1321764
1321788
1321814
1321827
1321839
1321840
1321871
1321907
1321910
1321972
1322001
1322034
1322055
1322078
1322129
1322131
1322147
1322150
1322173
1322198
1322225
1322232
1322254
1322318
1322337
1322343
1322351
1322366
1322392
1322427
1322439
1322440
1322453
1322521
1322533
1322549
1322557
1322570
1322638
1322728
1322735
1322772
1322783
1322836
1322867
1322902
1322996
1323040
1323095
1323117
1323138
1323152
1323163
1323180
1323202
1323223
1323230
1323241
1323264
1323322
1323345
1323358
1323374
1323434
1323455
1323460
1323507
1323528
1323544
1323599
1323616
1323631
1323650
1323673
1323706
1323733
1323757
1323785
1323805
1323851
1323913
1323932
1323954
1323976
1324007
1324010
1324035
1324044
1324056
1324061
1324072
1324083
1324099
1324105
1324118
1324137
1324143
1324166
1324219
1324234
1324242
1324287
1324293
1324306
1324312
1324321
1324357
1324370
1324423
1324430
1324441
1324496
1324508
1324514
1324540
1324553
1324562
1324571
1324595
1324613
1324625
1324632
1324654
1324669
1324697
1324758
1324767
1324774
1324809
1324863
1324929
1324965
1325074
1325089
1325112
1325121
1325149
1325170
1325207
1325210
1325235
1325261
1325272
1325283
1325299
1325339
1325362
1325395
1325447
1325482
1325541
1325559
1325564
1325577
1325588
1325634
1325642
1325660
1325678
1325709
1325717
1325752
1325775
1325780
1325825
1325832
1325854
1325869
1325881
1325897
1325918
1325920
1325937
1325943
1326017
1326080
1326139
1326186
1326211
1326222
1326245
1326274
1326290
1326315
1326330
1326341
1326418
1326443
1326516
1326531
1326547
1326565
1326573
1326582
1326656
1326661
1326683
1326699
1326700
1326776
1326826
1326855
1326878
1326887
1326893
1326912
1326933
1326949
1326957
1326968
1327015
1327023
1327041
1327064
1327100
1327148
1327197
1327204
1327250
1327298
1327338
1327346
1327363
1327472
1327483
1327499
1327545
1327574
1327605
1327620
1327651
1327684
1327708
1327740
1327795
1327812
1327857
1327885
1327901
1327919
1327942
1327955
1327978
1328048
1328081
1328115
1328123
1328159
1328196
1328217
1328224
1328252
1328263
1328275
1328291
1328316
1328347
1328382
1328412
1328433
1328505
1328520
1328543
1328579
1328622
1328636
1328667
1328690
1328793
1328807
1328810
1328835
1328844
1328872
1328883
1328908
1328914
1328940
1328953
1328962
1328986
1329006
1329012
1329021
1329033
1329057
1329070
1329085
1329094
1329158
1329189
1329227
1329239
1329240
1329262
1329271
1329286
1329295
1329344
1329372
1329383
1329399
1329413
1329448
1329476
1329481
1329497
1329534
1329555
1329587
1329602
1329615
1329623
1329659
1329688
1329718
1329784
1329804
1329924
1329946
1329975
1329980
1330040
1330053
1330086
1330138
1330146
1330175
1330180
1330191
1330202
1330215
1330223
1330230
1330288
1330311
1330336
1330345
1330390
1330487
1330528
1330561
1330572
1330583
1330599
1330629
1330650
1330673
1330682
1330698
1330706
1330733
1330749
1330785
1330818
1330820
1330837
1330843
1330900
1330932
1330948
1330976
1331006
1331049
1331085
1331094
1331145
1331158
1331189
1331227
1331262
1331295
1331307
1331361
1331383
1331425
1331432
1331476
1331481
1331501
1331519
1331526
1331534
1331555
1331578
1331587
1331593
1331615
1331623
1331630
1331696
1331737
1331751
1331784
1331829
1331831
1331850
1331865
1331873
1331917
1331963
1331980
1331991
1332036
1332058
1332106
1332228
1332256
1332261
1332283
1332308
1332327
1332395
1332429
1332447
1332482
1332498
1332523
1332530
1332541
1332559
1332564
1332588
1332596
1332642
1332678
1332687
1332693
1332709
1332717
1332752
1332775
1332780
1332791
1332881
1332905
1332918
1332937
1332943
1332966
1332979
1332992
1333004
1333050
1333073
1333119
1333155
1333187
1333205
1333220
1333266
1333292
1333300
1333325
1333376
1333397
1333403
1333422
1333445
1333524
1333580
1333633
1333657
1333685
1333702
1333715
1333723
1333759
1333777
1333840
1333895
1333928
1333972
1334038
1334046
1334063
1334091
1334162
1334186
1334211
1334236
1334245
1334258
1334267
1334315
1334359
1334377
1334405
1334418
1334451
1334466
1334492
1334529
1334531
1334547
1334565
1334598
1334635
1334661
1334700
1334713
1334732
1334748
1334797
1334801
1334834
1334878
1334933
1334968
1334985
1335013
1335054
1335076
1335081
1335102
1335115
1335123
1335164
1335188
1335196
1335217
1335246
1335252
1335263
1335280
1335316
1335331
1335347
1335350
1335365
1335421
1335433
1335449
1335505
1335518
1335543
1335566
1335584
1335592
1335603
1335667
1335690
1335701
1335760
1335793
1335835
1335844
1335914
1335927
1335939
1335995
1336001
1336055
1336093
1336104
1336116
1336131
1336165
1336182
1336200
1336254
1336318
1336337
1336379
1336440
1336462
1336486
1336512
1336521
1336568
1336585
1336617
1336638
1336652
1336680
1336707
1336735
1336744
1336803
1336811
1336822
1336845
1336858
1336890
1336902
1336915
1336923
1336930
1336941
1336959
1336964
1336996
1337051
1337092
1337107
1337110
1337128
1337135
1337161
1337172
1337212
1337268
1337285
1337342
1337355
1337387
1337409
1337417
1337491
1337500
1337513
1337525
1337581
1337608
1337653
1337671
1337686
1337695
1337704
1337729
1337731
1337750
1337765
1337773
1337841
1337877
1337896
1337936
1337958
1337967
1337989
1337990
1338007
1338010
1338035
1338044
1338083
1338137
1338143
1338151
1338179
1338219
1338260
1338278
1338287
1338306
1338312
1338349
1338357
1338370
1338394
1338402
1338415
1338423
1338430
1338441
1338477
1338488
1338553
1338600
1338648
1338669
1338703
1338722
1338736
1338789
1338817
1338824
1338838
1338875
1338891
1338904
1338916
1338947
1338973
1338998
1339002
1339023
1339030
1339041
1339064
1339113
1339125
1339132
1339154
1339169
1339181
1339204
1339216
1339231
1339282
1339309
1339324
1339338
1339428
1339435
1339456
1339461
1339511
1339574
1339605
1339618
1339637
1339651
1339666
1339692
1339714
1339727
1339753
1339762
1339771
1339868
1339870
1339885
1339919
1339934
1339942
1339960
1339978
1339987
1340036
1340045
1340058
1340121
1340149
1340170
1340228
1340353
1340395
1340416
1340450
1340465
1340473
1340482
1340523
1340541
1340564
1340596
1340601
1340619
1340626
1340687
1340717
1340724
1340746
1340763
1340791
1340825
1340832
1340854
1340876
1340881
1340920
1340966
1340984
1341009
1341052
1341063
1341091
1341127
1341153
1341171
1341186
1341203
1341236
1341258
1341274
1341289
1341323
1341341
1341396
1341420
1341529
1341531
1341573
1341598
1341610
1341628
1341656
1341661
1341672
1341683
1341713
1341732
1341754
1341769
1341781
1341819
1341826
1341834
1341842
1341893
1341912
1341921
1341933
1341957
1341985
1341994
1342014
1342039
1342040
1342053
1342062
1342109
1342124
1342138
1342163
1342180
1342223
1342303
1342358
1342374
1342390
1342401
1342419
1342426
1342434
1342442
1342455
1342460
1342572
1342599
1342616
1342631
1342682
1342698
1342706
1342712
1342721
1342733
1342770
1342794
1342820
1342843
1342851
1342884
1342892
1342954
1342976
1342981
1343034
1343042
1343087
1343093
1343116
1343129
1343165
1343182
1343200
1343213
1343232
1343254
1343269
1343281
1343297
1343318
1343320
1343337
1343351
1343366
1343408
1343427
1343439
1343453
1343462
1343471
1343486
1343506
1343521
1343568
1343570
1343638
1343652
1343663
1343710
1343756
1343783
1343799
1343803
1343811
1343836
1343845
1343874
1343889
1343890
1343902
1343930
1343959
1344021
1344070
1344085
1344190
1344214
1344240
1344262
1344271
1344286
1344335
1344413
1344432
1344454
1344526
1344542
1344555
1344560
1344587
1344602
1344641
1344659
1344688
1344696
1344751
1344779
1344792
1344804
1344816
1344829
1344898
1344917
1344924
1344938
1344952
1344963
1344975
1344991
1345005
1345018
1345043
1345051
1345084
1345092
1345135
1345144
1345161
1345172
1345221
1345257
1345294
1345301
1345342
1345355
1345360
1345378
1345393
1345491
1345500
1345513
1345525
1345532
1345614
1345639
1345671
1345695
1345750
1345773
1345782
1345815
1345830
1345841
1345859
1345864
1345877
1345888
1345903
1345911
1345936
1345958
1345967
1345990
1346004
1346016
1346031
1346073
1346082
1346119
1346126
1346134
1346142
1346160
1346237
1346251
1346279
1346292
1346300
1346313
1346348
1346354
1346403
1346422
1346445
1346474
1346489
1346524
1346546
1346563
1346606
1346612
1346621
1346649
1346694
1346730
1346741
1346808
1346814
1346827
1346862
1346871
1346895
1346907
1346972
1346983
1347069
1347102
1347115
1347141
1347159
1347188
1347196
1347209
1347252
1347263
1347275
1347280
1347316
1347331
1347347
1347365
1347406
1347421
1347449
1347470
1347505
1347520
1347543
1347551
1347566
1347579
1347584
1347592
1347603
1347622
1347636
1347658
1347674
1347734
1347760
1347807
1347835
1347844
1347856
1347883
1347927
1347953
1347986
1348002
1348030
1348059
1348088
1348113
1348148
1348154
1348169
1348197
1348216
1348247
1348265
1348282
1348298
1348317
1348338
1348346
1348352
1348363
1348499
1348511
1348545
1348558
1348567
1348589
1348590
1348620
1348637
1348643
1348708
1348739
1348806
1348833
1348857
1348868
1348901
1348919
1348934
1348942
1348960
1349028
1349035
1349044
1349056
1349061
1349083
1349105
1349151
1349179
1349184
1349201
1349226
1349242
1349287
1349312
1349321
1349349
1349385
1349394
1349402
1349415
1349423
1349430
1349441
1349477
1349508
1349514
1349527
1349539
1349540
1349553
1349571
1349625
1349632
1349654
1349703
1349711
1349722
1349767
1349789
1349809
1349817
1349824
1349838
1349863
1349880
1349904
1349947
1349998
1350019
1350026
1350042
1350104
1350116
1350150
1350173
1350248
1350269
1350276
1350297
1350305
1350318
1350320
1350337
1350343
1350351
1350366
1350379
1350408
1350427
1350453
1350471
1350486
1350512
1350585
1350646
1350680
1350707
1350710
1350728
1350744
1350772
1350811
1350822
1350836
1350923
1350959
1351007
1351010
1351035
1351061
1351072
1351099
1351118
1351166
1351226
1351287
1351306
1351333
1351357
1351370
1351394
1351415
1351459
1351514
1351539
1351595
1351632
1351648
1351654
1351703
1351711
1351722
1351736
1351745
1351758
1351774
1351817
1351824
1351838
1351846
1351852
1351929
1351947
1351950
1351973
1351982
1352037
1352051
1352066
1352079
1352092
1352128
1352135
1352156
1352172
1352199
1352206
1352212
1352221
1352249
1352257
1352268
1352294
1352301
1352319
1352334
1352360
1352387
1352438
1352480
1352491
1352500
1352548
1352554
1352569
1352597
1352608
1352640
1352653
1352671
1352695
1352731
1352747
1352765
1352782
1352798
1352823
1352841
1352888
1352958
1352967
1353024
1353052
1353063
1353075
1353080
1353108
1353114
1353171
1353195
1353203
1353222
1353236
1353258
1353267
1353274
1353315
1353330
1353341
1353364
1353388
1353405
1353479
1353484
1353565
1353573
1353582
1353598
1353672
1353699
1353700
1353732
1353776
1353826
1353855
1353906
1353933
1353949
1353957
1353970
1353994
1354016
1354050
1354065
1354073
1354082
1354193
1354237
1354251
1354279
1354284
1354313
1354325
1354348
1354369
1354381
1354436
1354489
1354524
1354538
1354546
1354563
1354580
1354657
1354694
1354715
1354796
1354840
1354886
1354935
1354956
1354961
1354972
1355125
1355148
1355154
1355204
1355216
1355247
1355265
1355273
1355282
1355317
1355352
1355407
1355428
1355483
1355503
1355511
1355522
1355536
1355574
1355589
1355620
1355643
1355684
1355786
1355806
1355821
1355849
1355885
1355955
1356027
1356039
1356062
1356071
1356095
1356124
1356146
1356163
1356191
1356202
1356230
1356259
1356288
1356311
1356345
1356358
1356367
1356389
1356390
1356442
1356487
1356510
1356528
1356544
1356572
1356583
1356599
1356647
1356650
1356712
1356733
1356757
1356770
1356785
1356794
1356818
1356820
1356851
1356892
1356913
1356954
1356976
1357011
1357036
1357045
1357058
1357106
1357112
1357170
1357194
1357228
1357244
1357256
1357283
1357314
1357327
1357353
1357371
1357404
1357416
1357431
1357447
1357450
1357465
1357473
1357482
1357541
1357642
1357693
1357717
1357724
1357746
1357775
1357780
1357791
1357848
1357854
1357869
1357881
1357918
1357966
1358021
1358033
1358049
1358057
1358145
1358214
1358239
1358253
1358262
1358271
1358295
1358310
1358372
1358399
1358425
1358432
1358454
1358469
1358476
1358501
1358526
1358542
1358555
1358587
1358602
1358659
1358664
1358677
1358688
1358696
1358705
1358720
1358743
1358751
1358784
1358804
1358816
1358847
1358850
1358865
1358873
1358924
1358991
1359000
1359054
1359115
1359177
1359188
1359196
1359224
1359238
1359280
1359350
1359365
1359382
1359398
1359433
1359449
1359494
1359520
1359537
1359543
1359592
1359611
1359645
1359658
1359667
1359674
1359689
1359726
1359742
1359760
1359787
1359835
1359844
1359856
1359872
1359914
1359927
1359940
1359953
1359962
1359986
1360052
1360063
1360080
1360091
1360108
1360114
1360153
1360171
1360195
1360222
1360258
1360330
1360341
1360359
1360364
1360443
1360466
1360484
1360516
1360531
1360550
1360565
1360573
1360598
1360672
1360699
1360732
1360748
1360769
1360797
1360801
1360819
1360834
1360860
1360878
1360933
1360949
1360968
1361000
1361025
1361102
1361115
1361159
1361164
1361177
1361188
1361246
1361263
1361304
1361316
1361329
1361347
1361350
1361365
1361382
1361398
1361406
1361421
1361449
1361470
1361485
1361505
1361518
1361551
1361566
1361592
1361603
1361622
1361658
1361690
1361701
1361719
1361726
1361760
1361787
1361810
1361828
1361844
1361856
1361899
1361914
1361971
1361986
1361995
1362015
1362041
1362064
1362077
1362088
1362100
1362148
1362154
1362204
1362247
1362282
1362298
1362309
1362317
1362346
1362363
1362375
1362410
1362428
1362444
1362472
1362511
1362643
1362762
1362771
1362806
1362821
1362833
1362849
1362857
1362870
1362885
1362919
1362934
1362942
1363028
1363044
1363061
1363105
1363137
1363166
1363192
1363219
1363255
1363260
1363293
1363306
1363312
1363349
1363385
1363394
1363423
1363459
1363477
1363527
1363540
1363553
1363562
1363595
1363600
1363613
1363632
1363767
1363774
1363789
1363809
1363824
1363852
1363950
1363965
1364027
1364040
1364053
1364071
1364086
1364095
1364124
1364152
1364163
1364175
1364191
1364215
1364322
1364336
1364401
1364426
1364442
1364460
1364478
1364493
1364544
1364561
1364572
1364631
1364665
1364673
1364733
1364757
1364768
1364805
1364818
1364820
1364843
1364851
1364879
1364913
1364969
1365006
1365021
1365070
1365085
1365103
1365111
1365122
1365136
1365145
1365158
1365174
1365214
1365239
1365262
1365271
1365328
1365335
1365400
1365413
1365454
1365469
1365497
1365501
1365587
1365593
1365615
1365630
1365641
1365659
1365664
1365705
1365737
1365751
1365816
1365873
1365924
1365938
1365991
1366079
1366084
1366092
1366110
1366156
1366161
1366199
1366212
1366233
1366268
1366326
1366334
1366342
1366378
1366387
1366438
1366446
1366525
1366554
1366576
1366639
1366640
1366662
1366695
1366704
1366716
1366729
1366731
1366750
1366773
1366802
1366823
1366841
1366859
1366864
1366877
1366888
1366911
1366922
1366967
1366989
1367019
1367026
1367034
1367087
1367104
1367150
1367182
1367198
1367213
1367225
1367232
1367248
1367254
1367276
1367281
1367343
1367351
1367384
1367414
1367427
1367440
1367462
1367486
1367495
1367521
1367549
1367568
1367570
1367594
1367609
1367646
1367680
1367756
1367761
1367803
1367822
1367890
1367915
1367923
1368073
1368098
1368101
1368126
1368134
1368187
1368205
1368251
1368266
1368284
1368300
1368332
1368348
1368354
1368376
1368403
1368422
1368436
1368467
1368489
1368552
1368612
1368621
1368649
1368668
1368694
1368702
1368741
1368759
1368777
1368788
1368796
1368814
1368839
1368840
1368886
1368907
1368928
1368972
1368999
1369045
1369058
1369067
1369112
1369133
1369149
1369157
1369168
1369170
1369185
1369210
1369256
1369308
1369340
1369353
1369395
1369429
1369482
1369498
1369502
1369515
1369523
1369530
1369559
1369577
1369588
1369596
1369601
1369619
1369717
1369724
1369738
1369746
1369763
1369775
1369791
1369800
1369848
1369869
1369881
1369897
1369905
1369918
1369937
1369979
1369984
1369992
1370004
1370031
1370082
1370101
1370119
1370134
1370155
1370193
1370220
1370279
1370300
1370313
1370325
1370369
1370422
1370458
1370467
1370474
1370509
1370517
1370552
1370575
1370580
1370606
1370657
1370668
1370670
1370723
1370730
1370759
1370814
1370839
1370886
1370944
1370961
1370983
1371023
1371064
1371096
1371132
1371148
1371154
1371176
1371181
1371250
1371282
1371298
1371352
1371380
1371407
1371410
1371428
1371444
1371456
1371461
1371472
1371483
1371499
1371511
1371536
1371545
1371605
1371620
1371637
1371651
1371786
1371833
1371870
1371955
1371960
1372013
1372048
1372069
1372102
1372123
1372130
1372159
1372164
1372196
1372224
1372238
1372246
1372263
1372275
1372304
1372316
1372331
1372365
1372373
1372398
1372406
1372412
1372421
1372433
1372449
1372470
1372485
1372494
1372518
1372520
1372537
1372543
1372551
1372584
1372592
1372611
1372645
1372658
1372701
1372734
1372778
1372787
1372793
1372828
1372844
1372883
1372899
1372914
1372940
1372953
1372986
1373006
1373068
1373070
1373085
1373094
1373111
1373145
1373174
1373189
1373208
1373240
1373286
1373295
1373307
1373335
1373356
1373399
1373425
1373432
1373454
1373469
1373519
1373587
1373593
1373602
1373615
1373623
1373630
1373659
1373664
1373677
1373696
1373705
1373718
1373737
1373751
1373766
1373784
1373804
1373816
1373829
1373847
1373865
1373873
1373917
1373963
1373991
1374001
1374019
1374026
1374055
1374078
1374087
1374093
1374104
1374116
1374129
1374131
1374147
1374150
1374213
1374225
1374248
1374281
1374297
1374337
1374343
1374351
1374366
1374379
1374384
1374392
1374414
1374439
1374440
1374462
1374471
1374506
1374521
1374533
1374549
1374557
1374617
1374638
1374652
1374675
1374680
1374728
1374744
1374756
1374783
1374799
1374803
1374845
1374889
1374890
1374915
1374923
1374930
1374941
1374964
1375010
1375035
1375120
1375137
1375151
1375184
1375201
1375226
1375234
1375242
1375255
1375260
1375278
1375321
1375349
1375385
1375394
1375441
1375459
1375477
1375488
1375496
1375562
1375586
1375595
1375600
1375648
1375676
1375697
1375703
1375722
1375745
1375758
1375767
1375790
1375809
1375824
1375838
1375852
1375863
1375875
1375931
1375973
1375982
1375998
1376011
1376036
1376058
1376067
1376089
1376106
1376121
1376133
1376157
1376194
1376210
1376235
1376244
1376256
1376283
1376339
1376340
1376362
1376371
1376404
1376447
1376515
1376541
1376596
1376601
1376619
1376626
1376752
1376775
1376791
1376800
1376813
1376848
1376869
1376876
1376897
1376943
1376966
1377027
1377039
1377040
1377163
1377175
1377180
1377202
1377215
1377230
1377277
1377288
1377303
1377322
1377358
1377374
1377390
1377426
1377434
1377442
1377478
1377487
1377535
1377556
1377572
1377583
1377629
1377647
1377698
1377733
1377770
1377794
1377818
1377837
1377843
1377925
1377932
1377948
1378009
1378024
1378038
1378046
1378052
1378063
1378080
1378140
1378171
1378195
1378290
1378302
1378330
1378341
1378364
1378377
1378388
1378405
1378418
1378437
1378451
1378479
1378484
1378516
1378547
1378573
1378725
1378732
1378834
1378855
1378906
1378912
1378949
1378970
1379005
1379084
1379092
1379107
1379156
1379172
1379206
1379233
1379249
1379334
1379355
1379387
1379417
1379424
1379438
1379446
1379480
1379500
1379513
1379525
1379532
1379569
1379640
1379671
1379686
1379695
1379704
1379716
1379731
1379747
1379830
1379859
1379877
1379888
1379896
1379911
1379922
1379945
1379958
1379989
1379990
1380012
1380033
1380085
1380136
1380145
1380167
1380208
1380262
1380295
1380307
1380328
1380335
1380344
1380356
1380399
1380413
1380432
1380469
1380476
1380526
1380534
1380542
1380623
1380630
1380664
1380677
1380718
1380720
1380737
1380743
1380831
1380847
1380898
1380924
1380963
1380980
1381043
1381084
1381092
1381110
1381135
1381156
1381172
1381212
1381221
1381233
1381257
1381268
1381270
1381294
1381301
1381326
1381334
1381378
1381387
1381424
1381500
1381525
1381548
1381569
1381581
1381639
1381653
1381716
1381731
1381750
1381798
1381815
1381888
1381903
1381958
1381967
1382035
1382083
1382105
1382234
1382242
1382287
1382306
1382333
1382415
1382488
1382496
1382508
1382527
1382539
1382540
1382562
1382586
1382600
1382697
1382703
1382711
1382722
1382745
1382774
1382838
1382852
1382863
1382931
1382947
1382973
1383002
1383023
1383030
1383077
1383100
1383113
1383125
1383132
1383204
1383216
1383229
1383250
1383282
1383298
1383346
1383363
1383407
1383410
1383428
1383435
1383456
1383483
1383499
1383536
1383589
1383590
1383679
1383684
1383739
1383821
1383833
1383849
1383901
1383919
1383926
1383942
1383987
1384011
1384036
1384067
1384121
1384149
1384157
1384185
1384194
1384207
1384228
1384244
1384256
1384261
1384283
1384299
1384308
1384314
1384339
1384340
1384362
1384416
1384502
1384515
1384530
1384596
1384634
1384687
1384724
1384746
1384775
1384800
1384813
1384825
1384876
1384881
1384897
1384918
1384943
1384966
1384979
1385052
1385075
1385080
1385108
1385127
1385139
1385140
1385211
1385245
1385258
1385289
1385290
1385315
1385330
1385377
1385420
1385437
1385443
1385504
1385531
1385565
1385582
1385607
1385628
1385635
1385644
1385656
1385661
1385732
1385748
1385754
1385769
1385776
1385834
1385860
1385893
1385921
1385949
1385968
1386000
1386013
1386025
1386069
1386076
1386097
1386123
1386164
1386188
1386209
1386246
1386252
1386263
1386280
1386329
1386347
1386373
1386382
1386398
1386406
1386421
1386433
1386449
1386485
1386518
1386520
1386579
1386584
1386622
1386645
1386689
1386690
1386701
1386755
1386760
1386787
1386861
1386872
1386899
1386914
1386927
1386939
1386940
1386953
1387004
1387029
1387050
1387065
1387098
1387142
1387160
1387205
1387220
1387251
1387284
1387300
1387332
1387348
1387376
1387422
1387467
1387490
1387517
1387546
1387575
1387606
1387633
1387668
1387670
1387694
1387715
1387741
1387796
1387871
1387886
1387907
1387928
1387961
1387972
1387983
1387999
1388034
1388055
1388116
1388198
1388213
1388225
1388248
1388269
1388305
1388318
1388351
1388366
1388392
1388427
1388440
1388495
1388521
1388533
1388568
1388585
1388594
1388609
1388624
1388680
1388691
1388707
1388735
1388761
1388836
1388867
1388874
1388902
1388941
1388964
1388996
1389008
1389062
1389086
1389095
1389124
1389175
1389191
1389223
1389241
1389259
1389296
1389311
1389358
1389401
1389434
1389460
1389507
1389535
1389544
1389572
1389604
1389629
1389631
1389650
1389673
1389712
1389749
1389805
1389818
1389820
1389866
1389976
1390015
1390023
1390059
1390077
1390096
1390100
1390148
1390154
1390181
1390204
1390216
1390298
1390317
1390324
1390346
1390375
1390380
1390407
1390428
1390456
1390461
1390483
1390503
1390511
1390522
1390545
1390558
1390567
1390574
1390620
1390714
1390739
1390806
1390821
1390849
1390870
1390885
1390894
1390919
1390955
1390993
1391027
1391039
1391053
1391109
1391146
1391152
1391175
1391180
1391223
1391230
1391241
1391259
1391288
1391311
1391322
1391367
1391426
1391460
1391487
1391528
1391535
1391572
1391583
1391604
1391698
1391712
1391757
1391805
1391820
1391837
1391851
1391879
1391884
1391913
1391932
1392038
1392046
1392052
1392075
1392108
1392139
1392186
1392222
1392245
1392258
1392315
1392359
1392388
1392405
1392418
1392420
1392437
1392466
1392479
1392504
1392531
1392565
1392573
1392582
1392607
1392628
1392683
1392713
1392732
1392754
1392776
1392797
1392819
1392826
1392860
1392878
1392893
1392912
1392985
1393018
1393037
1393092
1393135
1393144
1393172
1393183
1393199
1393221
1393249
1393257
1393294
1393319
1393326
1393334
1393360
1393378
1393387
1393393
1393409
1393424
1393500
1393525
1393532
1393554
1393569
1393597
1393639
1393640
1393653
1393662
1393671
1393686
1393704
1393716
1393750
1393773
1393798
1393823
1393830
1393841
1393859
1393864
1393877
1393936
1393967
1393990
1394013
1394032
1394069
1394115
1394130
1394164
1394177
1394209
1394217
1394316
1394373
1394382
1394457
1394468
1394470
1394518
1394543
1394551
1394584
1394592
1394611
1394622
1394636
1394689
1394701
1394734
1394778
1394787
1394810
1394828
1394835
1394844
1394856
1394872
1394883
1394908
1394914
1394939
1394940
1394986
1395042
1395087
1395093
1395129
1395147
1395182
1395198
1395225
1395232
1395248
1395254
1395269
1395305
1395337
1395343
1395392
1395408
1395414
1395439
1395453
1395486
1395533
1395549
1395609
1395617
1395624
1395646
1395675
1395680
1395735
1395744
1395811
1395836
1395902
1395915
1395930
1395941
1395964
1395977
1395996
1396007
1396028
1396035
1396083
1396120
1396201
1396219
1396255
1396278
1396312
1396321
1396357
1396394
1396459
1396508
1396540
1396586
1396600
1396613
1396648
1396669
1396697
1396736
1396745
1396758
1396767
1396809
1396824
1396846
1396863
1396880
1396929
1396931
1396973
1397006
1397012
1397021
1397033
1397068
1397085
1397103
1397145
1397167
1397189
1397208
1397295
1397307
1397399
1397400
1397413
1397432
1397476
1397481
1397497
1397501
1397519
1397526
1397534
1397560
1397587
1397593
1397630
1397677
1397688
1397696
1397718
1397743
1397816
1397831
1397847
1397898
1397909
1397917
1397938
1397946
1397963
1397975
1398003
1398022
1398036
1398045
1398058
1398067
1398090
1398157
1398168
1398228
1398244
1398283
1398299
1398314
1398353
1398362
1398371
1398395
1398429
1398450
1398498
1398515
1398530
1398564
1398577
1398596
1398619
1398634
1398655
1398660
1398687
1398693
1398709
1398752
1398775
1398791
1398832
1398876
1398897
1398918
1398943
1398951
1398979
1398992
1399004
1399016
1399031
1399065
1399073
1399098
1399119
1399126
1399142
1399160
1399178
1399187
1399266
1399279
1399313
1399325
1399376
1399381
1399397
1399411
1399422
1399458
1399474
1399490
1399524
1399546
1399563
1399606
1399612
1399633
1399649
1399657
1399685
1399702
1399723
1399741
1399777
1399808
1399814
1399839
1399862
1399907
1399910
1399928
1399935
1399972
1399983
1399999
