1201044
1201600
1205154
1205338
1205363
1205483
1206086
1207416
1207709
1209159
1213594
1213710
1214240
1214850
1214991
1215020
1215084
1218391
1221135
1221581
1222681
1224687
1225127
1225479
1226953
1227292
1227381
1227436
1229478
1229604
1232492
1232819
1233639
1234115
1234457
1234520
1235248
1236166
1237917
1240211
1242821
1245307
1246206
1247001
1247408
1248436
1248621
1249416
1252847
1253579
1254608
1254989
1255251
1255313
1255621
1256934
1258117
1258706
1259521
1259941
1262928
1263045
1263465
1265604
1265866
1266952
1268686
1271047
1272318
1272761
1273062
1274010
1275022
1276359
1276377
1276957
1278778
1279310
1279743
1281526
1283134
1285760
1288929
1289096
1289309
1290155
1291727
1293847
1295423
1296876
1299500
