1200001
1200042
1200055
1200104
1200129
1200150
1200165
1200182
1200198
1200232
1200248
1200269
1200320
1200337
1200343
1200351
1200384
1200392
1200414
1200453
1200462
1200512
1200533
1200549
1200568
1200609
1200624
1200638
1200663
1200680
1200710
1200728
1200744
1200761
1200772
1200799
1200822
1200845
1200858
1200867
1200874
1200889
1200890
1200902
1200930
1200941
1200959
1200964
1200977
1200996
1201007
1201028
1201044
1201056
1201099
1201118
1201151
1201166
1201184
1201192
1201201
1201219
1201255
1201260
1201287
1201312
1201321
1201333
1201349
1201368
1201370
1201385
1201402
1201423
1201430
1201441
1201459
1201464
1201477
1201488
1201508
1201527
1201540
1201553
1201562
1201600
1201625
1201648
1201654
1201669
1201681
1201711
1201736
1201745
1201758
1201767
1201789
1201817
1201824
1201846
1201852
1201863
1201880
1201904
1201916
1201931
1201950
1201965
1201973
1201982
1201998
1202020
1202037
1202066
1202084
1202110
1202128
1202156
1202161
1202172
1202183
1202199
1202212
1202249
1202257
1202270
1202285
1202319
1202326
1202360
1202378
1202409
1202417
1202452
1202463
1202475
1202491
1202500
1202513
1202525
1202532
1202548
1202569
1202581
1202597
1202608
1202614
1202627
1202640
1202653
1202662
1202671
1202686
1202704
1202716
1202747
1202750
1202765
1202802
1202815
1202841
1202859
1202877
1202896
1202903
1202911
1202936
1202945
1202958
1202967
1202974
1203009
1203017
1203038
1203046
1203052
1203063
1203108
1203139
1203140
1203171
1203211
1203222
1203236
1203245
1203267
1203274
1203289
1203359
1203364
1203377
1203405
1203418
1203420
1203479
1203484
1203504
1203516
1203565
1203573
1203598
1203635
1203644
1203661
1203683
1203699
1203700
1203713
1203725
1203732
1203769
1203781
1203797
1203819
1203855
1203878
1203893
1203906
1203921
1203933
1203949
1203968
1203985
1204016
1204029
1204050
1204082
1204098
1204119
1204126
1204155
1204187
1204218
1204237
1204251
1204279
1204284
1204325
1204332
1204348
1204354
1204376
1204381
1204397
1204403
1204445
1204458
1204474
1204489
1204490
1204517
1204546
1204563
1204575
1204580
1204621
1204657
1204715
1204723
1204741
1204759
1204796
1204808
1204814
1204839
1204840
1204853
1204871
1204895
1204910
1204928
1204961
1205002
1205015
1205030
1205041
1205059
1205064
1205100
1205113
1205125
1205148
1205154
1205176
1205216
1205231
1205250
1205265
1205309
1205338
1205346
1205352
1205363
1205391
1205444
1205456
1205472
1205483
1205503
1205545
1205567
1205618
1205620
1205637
1205643
1205651
1205684
1205727
1205753
1205762
1205771
1205812
1205821
1205833
1205868
1205870
1205885
1205894
1205934
1205960
1205978
1205993
1206014
1206040
1206086
1206124
1206138
1206152
1206191
1206241
1206259
1206264
1206288
1206296
1206303
1206322
1206336
1206367
1206401
1206426
1206442
1206507
1206583
1206599
1206604
1206616
1206629
1206647
1206650
1206665
1206698
1206706
1206721
1206768
1206818
1206843
1206851
1206879
1206900
1206925
1206948
1206954
1206969
1206976
1206981
1207022
1207036
1207067
1207090
1207121
1207133
1207157
1207168
1207170
1207185
1207207
1207210
1207244
1207256
1207261
1207308
1207339
1207340
1207416
1207431
1207450
1207498
1207559
1207564
1207596
1207601
1207619
1207626
1207634
1207660
1207687
1207709
1207717
1207763
1207775
1207780
1207848
1207869
1207897
1207920
1207951
1207966
1207992
1208021
1208068
1208094
1208103
1208167
1208190
1208208
1208262
1208271
1208295
1208307
1208335
1208344
1208356
1208361
1208383
1208399
1208413
1208469
1208519
1208526
1208534
1208542
1208578
1208587
1208593
1208705
1208718
1208720
1208743
1208751
1208766
1208784
1208792
1208804
1208816
1208831
1208850
1208865
1208898
1208909
1208917
1208924
1208938
1208946
1208952
1208963
1208991
1209000
1209013
1209048
1209054
1209076
1209097
1209102
1209123
1209141
1209159
1209188
1209209
1209217
1209246
1209252
1209263
1209280
1209291
1209316
1209329
1209350
1209373
1209398
1209433
1209449
1209470
1209485
1209494
1209518
1209520
1209537
1209584
1209603
1209645
1209667
1209674
1209689
1209701
1209719
1209726
1209787
1209810
1209828
1209856
1209872
1209899
1209914
1209939
1209962
1209971
1209986
1209995
1210003
1210022
1210036
1210067
1210106
1210112
1210149
1210168
1210185
1210210
1210228
1210235
1210256
1210261
1210272
1210327
1210340
1210353
1210386
1210404
1210429
1210431
1210447
1210450
1210498
1210502
1210523
1210559
1210596
1210601
1210619
1210634
1210678
1210693
1210724
1210738
1210746
1210763
1210791
1210813
1210854
1210876
1210881
1210897
1210905
1210920
1210951
1211017
1211024
1211038
1211052
1211063
1211080
1211108
1211114
1211127
1211140
1211171
1211211
1211222
1211236
1211245
1211315
1211364
1211377
1211388
1211420
1211437
1211443
1211484
1211492
1211516
1211531
1211547
1211573
1211598
1211607
1211610
1211628
1211635
1211644
1211725
1211748
1211754
1211769
1211776
1211781
1211826
1211834
1211878
1211887
1211893
1211921
1211933
1211949
1211970
1212040
1212062
1212071
1212086
1212095
1212109
1212124
1212138
1212146
1212175
1212180
1212191
1212215
1212223
1212241
1212259
1212277
1212303
1212311
1212358
1212389
1212401
1212434
1212442
1212455
1212510
1212556
1212572
1212583
1212604
1212616
1212631
1212647
1212650
1212665
1212673
1212682
1212698
1212706
1212721
1212757
1212768
1212785
1212794
1212818
1212837
1212843
1212851
1212884
1212892
1212913
1212932
1212948
1212954
1212969
1212976
1212997
1213019
1213026
1213055
1213060
1213078
1213093
1213104
1213116
1213129
1213147
1213150
1213173
1213198
1213200
1213225
1213232
1213269
1213276
1213297
1213305
1213320
1213366
1213408
1213427
1213440
1213453
1213462
1213471
1213486
1213512
1213533
1213549
1213557
1213568
1213570
1213594
1213609
1213624
1213646
1213652
1213663
1213707
1213710
1213728
1213744
1213772
1213803
1213822
1213874
1213889
1213890
1213915
1213923
1213941
1213959
1213964
1213977
1213988
1214006
1214012
1214068
1214103
1214111
1214136
1214174
1214189
1214208
1214214
1214239
1214240
1214271
1214295
1214307
1214344
1214356
1214361
1214383
1214425
1214432
1214454
1214469
1214476
1214481
1214497
1214501
1214526
1214534
1214560
1214615
1214659
1214677
1214688
1214696
1214720
1214737
1214751
1214766
1214779
1214784
1214792
1214804
1214829
1214831
1214850
1214865
1214882
1214898
1214909
1214917
1214938
1214975
1214991
1215005
1215020
1215051
1215079
1215084
1215092
1215128
1215156
1215172
1215183
1215199
1215212
1215221
1215233
1215268
1215270
1215294
1215319
1215360
1215378
1215409
1215417
1215424
1215446
1215463
1215475
1215480
1215491
1215500
1215554
1215569
1215581
1215608
1215614
1215639
1215662
1215729
1215765
1215773
1215782
1215802
1215823
1215830
1215841
1215877
1215888
1215896
1215903
1215922
1215958
1215967
1215974
1215989
1216029
1216031
1216047
1216098
1216101
1216155
1216160
1216187
1216237
1216243
1216284
1216292
1216325
1216369
1216381
1216458
1216467
1216489
1216509
1216538
1216546
1216552
1216575
1216621
1216649
1216668
1216702
1216759
1216788
1216796
1216808
1216840
1216853
1216862
1216886
1216895
1216910
1216928
1216935
1216944
1216956
1216961
1216983
1217032
1217048
1217054
1217076
1217081
1217102
1217123
1217141
1217159
1217188
1217224
1217252
1217275
1217280
1217316
1217329
1217331
1217350
1217365
1217373
1217412
1217470
1217485
1217505
1217520
1217543
1217551
1217584
1217592
1217611
1217645
1217689
1217701
1217719
1217734
1217755
1217793
1217810
1217828
1217844
1217856
1217899
1217908
1217939
1217940
1217962
1217971
1218015
1218041
1218088
1218096
1218100
1218148
1218197
1218204
1218229
1218231
1218250
1218346
1218363
1218380
1218391
1218407
1218410
1218428
1218456
1218461
1218499
1218503
1218536
1218545
1218574
1218589
1218618
1218620
1218637
1218643
1218679
1218684
1218739
1218753
1218762
1218771
1218795
1218812
1218833
1218849
1218857
1218885
1218901
1218934
1218978
1218987
1218993
1219010
1219035
1219056
1219072
1219083
1219120
1219137
1219143
1219179
1219226
1219234
1219260
1219278
1219287
1219293
1219321
1219349
1219368
1219394
1219402
1219430
1219441
1219464
1219496
1219508
1219527
1219539
1219553
1219571
1219586
1219600
1219613
1219632
1219722
1219745
1219767
1219774
1219809
1219817
1219824
1219838
1219852
1219891
1219904
1219916
1219931
1219998
1220006
1220012
1220057
1220068
1220070
1220103
1220145
1220158
1220189
1220208
1220214
1220227
1220239
1220240
1220253
1220262
1220295
1220307
1220310
1220328
1220372
1220399
1220400
1220425
1220432
1220448
1220454
1220476
1220481
1220501
1220526
1220578
1220615
1220623
1220630
1220641
1220659
1220664
1220705
1220718
1220737
1220743
1220751
1220766
1220784
1220847
1220898
1220909
1220924
1220938
1220963
1221018
1221020
1221043
1221051
1221066
1221084
1221135
1221144
1221156
1221161
1221172
1221183
1221199
1221212
1221221
1221249
1221257
1221268
1221301
1221319
1221393
1221417
1221463
1221475
1221500
1221513
1221525
1221532
1221569
1221576
1221581
1221608
1221627
1221639
1221662
1221695
1221704
1221716
1221729
1221731
1221747
1221750
1221773
1221841
1221859
1221877
1221936
1221967
1221974
1222010
1222028
1222035
1222056
1222072
1222083
1222099
1222105
1222118
1222120
1222166
1222179
1222184
1222192
1222219
1222226
1222234
1222287
1222306
1222312
1222333
1222357
1222370
1222394
1222430
1222459
1222477
1222514
1222527
1222539
1222613
1222632
1222654
1222669
1222681
1222711
1222736
1222745
1222758
1222774
1222789
1222790
1222809
1222824
1222846
1222875
1222947
1222950
1222973
1222982
1223064
1223088
1223125
1223132
1223154
1223181
1223197
1223216
1223247
1223250
1223265
1223273
1223309
1223338
1223352
1223363
1223375
1223428
1223444
1223456
1223461
1223472
1223503
1223522
1223545
1223567
1223589
1223590
1223618
1223620
1223637
1223643
1223666
1223692
1223714
1223739
1223740
1223753
1223786
1223795
1223870
1223934
1223955
1223960
1223978
1223993
1224011
1224036
1224067
1224090
1224112
1224121
1224157
1224168
1224170
1224185
1224194
1224207
1224228
1224235
1224244
1224283
1224299
1224327
1224371
1224395
1224429
1224447
1224465
1224515
1224564
1224588
1224596
1224619
1224626
1224634
1224655
1224687
1224717
1224724
1224746
1224763
1224775
1224813
1224825
1224869
1224876
1224881
1224905
1224918
1224943
1224966
1224979
1225024
1225075
1225108
1225127
1225140
1225153
1225162
1225186
1225203
1225211
1225222
1225245
1225258
1225267
1225274
1225315
1225405
1225418
1225420
1225437
1225451
1225479
1225492
1225504
1225516
1225531
1225550
1225573
1225582
1225598
1225610
1225635
1225644
1225683
1225700
1225776
1225860
1225887
1225893
1225912
1225933
1225949
1225970
1225985
1226032
1226054
1226069
1226076
1226081
1226102
1226130
1226159
1226177
1226196
1226224
1226238
1226246
1226252
1226275
1226280
1226316
1226382
1226468
1226485
1226505
1226518
1226543
1226551
1226592
1226603
1226658
1226667
1226674
1226689
1226690
1226701
1226734
1226760
1226778
1226793
1226807
1226810
1226856
1226872
1226883
1226899
1226914
1226939
1226953
1226962
1226971
1226995
1227016
1227031
1227047
1227050
1227065
1227082
1227098
1227119
1227126
1227134
1227142
1227155
1227160
1227205
1227218
1227220
1227266
1227279
1227292
1227325
1227332
1227348
1227354
1227369
1227381
1227397
1227403
1227411
1227422
1227436
1227458
1227474
1227489
1227490
1227538
1227563
1227580
1227591
1227606
1227612
1227633
1227649
1227657
1227694
1227723
1227741
1227759
1227764
1227777
1227788
1227796
1227827
1227840
1227853
1227886
1227910
1227972
1227999
1228001
1228019
1228026
1228087
1228093
1228104
1228147
1228150
1228182
1228198
1228213
1228225
1228232
1228248
1228269
1228281
1228320
1228343
1228366
1228384
1228408
1228414
1228440
1228462
1228471
1228506
1228549
1228557
1228568
1228570
1228585
1228594
1228617
1228624
1228638
1228646
1228675
1228680
1228691
1228710
1228728
1228744
1228783
1228822
1228858
1228867
1228874
1228889
1228915
1228977
1228996
1229008
1229039
1229040
1229053
1229062
1229071
1229086
1229095
1229109
1229117
1229138
1229163
1229175
1229180
1229191
1229215
1229223
1229241
1229264
1229277
1229288
1229296
1229303
1229311
1229322
1229345
1229358
1229374
1229401
1229426
1229434
1229442
1229455
1229460
1229478
1229487
1229507
1229544
1229556
1229583
1229599
1229604
1229616
1229647
1229650
1229673
1229712
1229768
1229794
1229818
1229837
1229843
1229851
1229884
1229900
1229913
1229925
1229948
1229954
1229969
1229976
1229997
1230002
1230015
1230023
1230041
1230059
1230077
1230088
1230096
1230100
1230113
1230125
1230148
1230176
1230181
1230204
1230231
1230247
1230273
1230324
1230338
1230352
1230363
1230375
1230391
1230407
1230428
1230461
1230472
1230499
1230511
1230522
1230545
1230558
1230567
1230589
1230605
1230618
1230620
1230643
1230684
1230692
1230714
1230727
1230740
1230771
1230786
1230821
1230833
1230849
1230885
1230901
1230926
1230934
1230987
1231008
1231014
1231040
1231053
1231062
1231071
1231180
1231202
1231223
1231230
1231241
1231259
1231264
1231288
1231296
1231303
1231311
1231322
1231345
1231367
1231374
1231389
1231390
1231401
1231419
1231442
1231556
1231599
1231629
1231631
1231665
1231682
1231698
1231706
1231712
1231749
1231768
1231785
1231805
1231820
1231837
1231843
1231851
1231913
1231948
1231969
1231997
1232017
1232038
1232075
1232114
1232127
1232139
1232140
1232162
1232171
1232195
1232245
1232258
1232267
1232274
1232289
1232315
1232364
1232388
1232396
1232405
1232418
1232420
1232466
1232479
1232492
1232516
1232529
1232531
1232573
1232582
1232607
1232610
1232628
1232644
1232656
1232672
1232683
1232699
1232713
1232732
1232748
1232754
1232769
1232781
1232797
1232819
1232826
1232834
1232855
1232878
1232887
1232906
1232912
1232921
1232949
1232985
1233005
1233020
1233043
1233092
1233107
1233144
1233156
1233161
1233206
1233212
1233221
1233257
1233268
1233285
1233301
1233326
1233334
1233342
1233393
1233409
1233417
1233424
1233438
1233446
1233491
1233500
1233532
1233554
1233569
1233576
1233581
1233608
1233614
1233639
1233662
1233671
1233686
1233695
1233729
1233747
1233750
1233773
1233782
1233798
1233802
1233815
1233823
1233841
1233859
1233911
1233989
1234000
1234013
1234032
1234054
1234081
1234102
1234115
1234123
1234141
1234159
1234164
1234177
1234196
1234217
1234252
1234263
1234316
1234331
1234350
1234365
1234398
1234457
1234485
1234494
1234518
1234520
1234543
1234551
1234579
1234584
1234592
1234603
1234611
1234658
1234667
1234674
1234689
1234690
1234719
1234734
1234742
1234755
1234807
1234835
1234872
1234899
1234914
1234962
1234971
1234986
1235001
1235026
1235042
1235060
1235078
1235087
1235104
1235131
1235182
1235213
1235248
1235276
1235297
1235318
1235320
1235337
1235351
1235379
1235392
1235408
1235427
1235495
1235506
1235512
1235568
1235570
1235624
1235646
1235663
1235675
1235691
1235707
1235710
1235756
1235772
1235783
1235799
1235803
1235822
1235836
1235915
1235923
1235930
1235941
1235959
1235977
1235996
1236010
1236028
1236061
1236083
1236105
1236118
1236120
1236166
1236179
1236201
1236219
1236242
1236255
1236260
1236278
1236306
1236321
1236370
1236385
1236394
1236441
1236488
1236508
1236514
1236527
1236539
1236553
1236562
1236571
1236586
1236595
1236600
1236625
1236648
1236654
1236676
1236711
1236745
1236767
1236789
1236790
1236824
1236846
1236863
1236904
1236947
1236973
1237021
1237049
1237057
1237085
1237111
1237136
1237145
1237167
1237174
1237189
1237190
1237208
1237239
1237253
1237295
1237310
1237328
1237335
1237356
1237361
1237372
1237399
1237425
1237432
1237454
1237469
1237476
1237481
1237501
1237519
1237526
1237534
1237542
1237555
1237578
1237602
1237615
1237718
1237720
1237737
1237751
1237766
1237792
1237804
1237831
1237865
1237873
1237909
1237917
1237938
1237946
1237952
1237963
1237975
1237991
1238022
1238045
1238067
1238074
1238089
1238090
1238106
1238133
1238157
1238185
1238194
1238210
1238228
1238235
1238283
1238308
1238314
1238353
1238386
1238395
1238416
1238429
1238431
1238482
1238502
1238530
1238541
1238559
1238577
1238588
1238601
1238619
1238626
1238634
1238655
1238678
1238687
1238693
1238752
1238791
1238813
1238832
1238876
1238897
1238905
1238920
1238951
1238966
1239004
1239065
1239073
1239119
1239142
1239178
1239187
1239193
1239218
1239237
1239284
1239292
1239332
1239348
1239354
1239369
1239376
1239381
1239397
1239445
1239467
1239474
1239517
1239538
1239546
1239606
1239612
1239649
1239670
1239694
1239702
1239715
1239723
1239730
1239741
1239764
1239777
1239796
1239814
1239827
1239853
1239871
1239895
1239910
1239935
1239956
1239972
1239983
1239999
1240017
1240024
1240046
1240052
1240075
1240091
1240108
1240127
1240140
1240153
1240211
1240222
1240258
1240267
1240274
1240290
1240315
1240323
1240330
1240359
1240388
1240396
1240405
1240443
1240466
1240484
1240492
1240529
1240531
1240547
1240550
1240628
1240644
1240672
1240699
1240725
1240769
1240776
1240781
1240797
1240801
1240842
1240860
1240878
1240887
1240893
1240906
1240957
1240985
1240994
1241032
1241069
1241097
1241115
1241159
1241188
1241196
1241209
1241224
1241238
1241246
1241263
1241291
1241329
1241331
1241350
1241365
1241373
1241382
1241406
1241468
1241505
1241518
1241520
1241537
1241543
1241551
1241584
1241603
1241611
1241622
1241645
1241674
1241689
1241690
1241701
1241719
1241734
1241742
1241807
1241810
1241828
1241835
1241844
1241856
1241861
1241908
1241939
1241940
1241962
1241971
1241986
1241995
1242015
1242023
1242030
1242059
1242077
1242096
1242100
1242125
1242132
1242154
1242169
1242181
1242229
1242231
1242317
1242324
1242346
1242352
1242380
1242472
1242483
1242511
1242522
1242545
1242558
1242567
1242574
1242589
1242590
1242618
1242620
1242643
1242679
1242708
1242714
1242739
1242753
1242786
1242795
1242806
1242812
1242821
1242833
1242857
1242870
1242901
1242919
1242934
1242942
1242960
1243007
1243028
1243061
1243072
1243099
1243105
1243118
1243143
1243166
1243179
1243184
1243201
1243234
1243242
1243255
1243312
1243321
1243349
1243368
1243370
1243402
1243415
1243423
1243430
1243441
1243464
1243477
1243488
1243514
1243553
1243600
1243613
1243632
1243648
1243669
1243681
1243697
1243711
1243722
1243736
1243745
1243774
1243789
1243790
1243824
1243846
1243852
1243875
1243880
1243891
1243929
1243947
1243950
1243982
1244014
1244053
1244071
1244095
1244124
1244146
1244152
1244180
1244241
1244259
1244264
1244277
1244296
1244303
1244322
1244345
1244367
1244374
1244389
1244390
1244401
1244426
1244434
1244455
1244460
1244478
1244487
1244493
1244510
1244528
1244535
1244544
1244583
1244604
1244631
1244665
1244706
1244721
1244770
1244805
1244818
1244837
1244843
1244851
1244879
1244884
1244892
1244932
1244948
1244969
1244976
1244981
1245021
1245049
1245057
1245068
1245070
1245103
1245111
1245145
1245158
1245167
1245174
1245208
1245214
1245227
1245240
1245262
1245286
1245295
1245307
1245310
1245356
1245383
1245399
1245413
1245432
1245469
1245476
1245555
1245578
1245593
1245615
1245630
1245664
1245677
1245688
1245718
1245737
1245743
1245779
1245804
1245829
1245865
1245873
1245882
1245909
1245917
1245938
1245946
1245975
1245980
1246020
1246037
1246051
1246084
1246107
1246135
1246156
1246172
1246183
1246199
1246206
1246233
1246249
1246268
1246294
1246319
1246326
1246334
1246342
1246417
1246424
1246491
1246500
1246513
1246525
1246532
1246554
1246569
1246581
1246614
1246639
1246640
1246686
1246729
1246750
1246765
1246773
1246782
1246798
1246802
1246815
1246830
1246841
1246864
1246896
1246911
1246922
1246967
1247001
1247019
1247034
1247055
1247060
1247078
1247087
1247093
1247116
1247147
1247150
1247173
1247198
1247213
1247232
1247254
1247269
1247281
1247297
1247320
1247351
1247366
1247379
1247408
1247439
1247462
1247506
1247512
1247521
1247549
1247568
1247570
1247594
1247617
1247624
1247646
1247675
1247691
1247710
1247744
1247772
1247783
1247799
1247811
1247836
1247845
1247858
1247874
1247889
1247890
1247915
1247977
1247988
1248016
1248029
1248047
1248073
1248082
1248126
1248134
1248142
1248155
1248178
1248193
1248220
1248237
1248243
1248251
1248284
1248292
1248300
1248313
1248332
1248348
1248354
1248403
1248411
1248422
1248436
1248458
1248474
1248489
1248490
1248509
1248524
1248538
1248552
1248575
1248606
1248612
1248621
1248633
1248694
1248702
1248715
1248741
1248777
1248788
1248808
1248814
1248827
1248871
1248895
1248928
1248961
1248972
1248999
1249003
1249022
1249036
1249045
1249089
1249106
1249112
1249149
1249157
1249185
1249194
1249207
1249210
1249228
1249256
1249272
1249299
1249308
1249327
1249340
1249362
1249404
1249416
1249429
1249431
1249447
1249473
1249515
1249541
1249559
1249588
1249596
1249601
1249634
1249642
1249655
1249709
1249791
1249800
1249813
1249825
1249832
1249854
1249881
1249937
1249943
1249979
1249984
1250044
1250056
1250061
1250072
1250099
1250118
1250151
1250201
1250219
1250234
1250242
1250255
1250260
1250306
1250349
1250357
1250385
1250430
1250441
1250459
1250464
1250488
1250527
1250540
1250553
1250571
1250595
1250600
1250625
1250697
1250703
1250736
1250745
1250758
1250774
1250789
1250790
1250817
1250824
1250846
1250880
1250916
1250931
1250950
1250965
1250982
1251003
1251011
1251022
1251058
1251067
1251090
1251121
1251149
1251168
1251170
1251210
1251244
1251308
1251314
1251353
1251429
1251447
1251465
1251502
1251523
1251530
1251559
1251577
1251588
1251596
1251626
1251687
1251693
1251709
1251717
1251738
1251746
1251775
1251791
1251800
1251813
1251825
1251832
1251848
1251869
1251876
1251918
1251920
1251937
1251966
1251979
1252012
1252033
1252049
1252068
1252094
1252103
1252111
1252136
1252145
1252174
1252190
1252214
1252239
1252240
1252253
1252295
1252307
1252310
1252335
1252361
1252383
1252413
1252425
1252432
1252448
1252454
1252476
1252501
1252526
1252542
1252555
1252560
1252578
1252587
1252593
1252615
1252623
1252641
1252659
1252664
1252677
1252696
1252718
1252720
1252737
1252779
1252792
1252816
1252829
1252831
1252847
1252865
1252952
1252963
1252980
1252991
1253013
1253025
1253032
1253048
1253054
1253069
1253081
1253097
1253115
1253130
1253196
1253209
1253238
1253252
1253275
1253280
1253304
1253350
1253373
1253382
1253398
1253421
1253449
1253457
1253470
1253485
1253505
1253518
1253520
1253579
1253592
1253603
1253622
1253636
1253658
1253674
1253689
1253690
1253719
1253726
1253734
1253760
1253787
1253793
1253810
1253828
1253835
1253844
1253856
1253861
1253872
1253883
1253927
1253940
1253962
1253986
1253995
1254037
1254066
1254079
1254092
1254128
1254135
1254144
1254161
1254183
1254199
1254212
1254221
1254268
1254294
1254301
1254319
1254326
1254334
1254342
1254355
1254387
1254393
1254409
1254417
1254446
1254463
1254480
1254513
1254525
1254532
1254548
1254608
1254639
1254653
1254662
1254704
1254731
1254750
1254773
1254782
1254815
1254823
1254830
1254859
1254877
1254888
1254896
1254903
1254911
1254936
1254958
1254967
1254974
1254989
1254990
1255004
1255016
1255029
1255047
1255065
1255073
1255082
1255101
1255119
1255126
1255142
1255160
1255178
1255193
1255237
1255243
1255251
1255266
1255279
1255292
1255300
1255313
1255332
1255376
1255397
1255436
1255445
1255467
1255474
1255489
1255538
1255552
1255563
1255575
1255580
1255591
1255621
1255668
1255670
1255685
1255694
1255723
1255759
1255796
1255814
1255827
1255839
1255840
1255853
1255886
1255895
1255907
1255935
1255972
1256002
1256023
1256064
1256204
1256216
1256229
1256247
1256250
1256298
1256324
1256346
1256352
1256363
1256375
1256380
1256407
1256456
1256461
1256472
1256483
1256503
1256558
1256567
1256589
1256590
1256618
1256620
1256637
1256666
1256714
1256727
1256739
1256740
1256771
1256795
1256812
1256821
1256833
1256857
1256868
1256885
1256894
1256926
1256934
1256960
1256987
1256993
1257009
1257017
1257024
1257038
1257052
1257075
1257091
1257108
1257114
1257140
1257171
1257211
1257222
1257236
1257245
1257274
1257289
1257302
1257323
1257341
1257359
1257388
1257396
1257420
1257466
1257484
1257504
1257516
1257529
1257550
1257565
1257610
1257628
1257635
1257672
1257699
1257713
1257725
1257781
1257797
1257801
1257842
1257855
1257860
1257878
1257887
1257893
1257906
1257933
1257949
1257985
1258014
1258027
1258040
1258053
1258071
1258086
1258109
1258117
1258146
1258152
1258163
1258175
1258180
1258215
1258223
1258230
1258241
1258259
1258264
1258303
1258322
1258345
1258390
1258401
1258426
1258434
1258478
1258487
1258493
1258510
1258528
1258535
1258544
1258561
1258572
1258583
1258599
1258604
1258616
1258629
1258631
1258650
1258665
1258682
1258706
1258712
1258721
1258733
1258749
1258757
1258794
1258818
1258837
1258843
1258851
1258866
1258879
1258884
1258892
1258900
1258932
1258954
1258969
1258997
1259001
1259034
1259055
1259104
1259116
1259131
1259147
1259150
1259173
1259198
1259213
1259248
1259276
1259281
1259297
1259305
1259337
1259351
1259366
1259379
1259414
1259453
1259462
1259471
1259495
1259506
1259512
1259521
1259533
1259549
1259557
1259570
1259594
1259609
1259624
1259646
1259663
1259680
1259691
1259728
1259772
1259803
1259822
1259836
1259858
1259867
1259874
1259902
1259915
1259941
1259959
1259996
1260000
1260025
1260048
1260054
1260069
1260076
1260097
1260115
1260123
1260130
1260159
1260164
1260177
1260217
1260246
1260252
1260263
1260280
1260304
1260316
1260329
1260331
1260347
1260365
1260382
1260398
1260412
1260433
1260449
1260468
1260485
1260494
1260505
1260543
1260566
1260592
1260603
1260622
1260636
1260690
1260701
1260719
1260726
1260742
1260755
1260760
1260778
1260793
1260807
1260844
1260856
1260861
1260883
1260899
1260908
1260940
1260953
1260962
1260971
1261026
1261042
1261055
1261060
1261078
1261087
1261093
1261131
1261147
1261150
1261173
1261198
1261213
1261225
1261232
1261248
1261269
1261281
1261297
1261305
1261318
1261320
1261343
1261379
1261384
1261392
1261408
1261471
1261486
1261533
1261570
1261585
1261594
1261609
1261638
1261646
1261663
1261680
1261691
1261710
1261735
1261744
1261761
1261772
1261799
1261803
1261822
1261836
1261858
1261867
1261915
1261923
1261930
1261941
1261959
1261988
1261996
1262004
1262029
1262031
1262047
1262050
1262073
1262082
1262098
1262101
1262126
1262178
1262187
1262193
1262205
1262218
1262237
1262266
1262292
1262300
1262325
1262332
1262354
1262369
1262381
1262403
1262422
1262458
1262474
1262489
1262490
1262509
1262538
1262546
1262575
1262591
1262612
1262621
1262649
1262657
1262670
1262685
1262694
1262715
1262730
1262788
1262796
1262827
1262853
1262862
1262895
1262928
1262935
1262944
1262956
1262983
1262999
1263003
1263045
1263067
1263106
1263121
1263157
1263170
1263185
1263194
1263207
1263210
1263228
1263235
1263256
1263283
1263299
1263308
1263314
1263327
1263339
1263340
1263353
1263395
1263404
1263429
1263447
1263465
1263473
1263482
1263523
1263541
1263577
1263588
1263596
1263601
1263619
1263655
1263678
1263693
1263738
1263746
1263752
1263763
1263775
1263791
1263800
1263832
1263876
1263881
1263897
1263920
1263943
1263966
1263979
1263992
1264059
1264077
1264088
1264100
1264125
1264132
1264148
1264154
1264169
1264176
1264265
1264282
1264324
1264338
1264363
1264375
1264410
1264444
1264456
1264461
1264483
1264522
1264536
1264545
1264558
1264567
1264589
1264590
1264605
1264637
1264643
1264651
1264679
1264708
1264714
1264740
1264753
1264786
1264806
1264812
1264849
1264885
1264919
1264960
1264978
1265014
1265027
1265071
1265095
1265109
1265117
1265124
1265146
1265152
1265175
1265191
1265202
1265215
1265241
1265259
1265264
1265277
1265288
1265311
1265389
1265390
1265426
1265442
1265460
1265487
1265493
1265507
1265535
1265544
1265556
1265561
1265583
1265604
1265631
1265749
1265770
1265805
1265843
1265866
1265879
1265884
1265892
1265900
1265932
1265954
1265969
1265976
1265997
1266006
1266033
1266068
1266070
1266094
1266103
1266136
1266189
1266190
1266208
1266227
1266239
1266262
1266295
1266310
1266335
1266344
1266356
1266413
1266425
1266448
1266481
1266497
1266501
1266519
1266534
1266542
1266578
1266593
1266602
1266615
1266630
1266659
1266688
1266696
1266705
1266718
1266737
1266779
1266784
1266792
1266804
1266873
1266909
1266917
1266938
1266952
1266991
1267072
1267083
1267099
1267118
1267120
1267151
1267179
1267184
1267192
1267201
1267242
1267255
1267260
1267287
1267293
1267321
1267333
1267349
1267368
1267370
1267385
1267394
1267430
1267441
1267464
1267477
1267514
1267539
1267571
1267613
1267697
1267722
1267745
1267774
1267789
1267790
1267817
1267824
1267852
1267863
1267891
1267904
1267916
1267929
1267931
1267950
1267982
1268005
1268037
1268043
1268051
1268066
1268079
1268107
1268110
1268128
1268135
1268172
1268206
1268212
1268233
1268249
1268257
1268285
1268294
1268342
1268360
1268378
1268387
1268452
1268463
1268475
1268480
1268554
1268569
1268597
1268614
1268627
1268639
1268662
1268686
1268704
1268716
1268729
1268731
1268747
1268750
1268765
1268782
1268798
1268802
1268823
1268841
1268859
1268864
1268877
1268896
1268936
1268945
1268958
1268974
1269009
1269017
1269038
1269046
1269080
1269091
1269108
1269114
1269139
1269140
1269153
1269171
1269203
1269211
1269245
1269267
1269274
1269289
1269290
1269302
1269315
1269359
1269364
1269388
1269396
1269405
1269418
1269437
1269479
1269484
1269492
1269504
1269516
1269531
1269547
1269550
1269565
1269628
1269635
1269644
1269656
1269672
1269683
1269699
1269700
1269725
1269748
1269801
1269826
1269860
1269887
1269893
1269906
1269921
1269933
1269957
1269968
1269970
1269994
1270005
1270018
1270037
1270043
1270079
1270144
1270161
1270172
1270183
1270199
1270206
1270249
1270319
1270334
1270342
1270355
1270360
1270387
1270393
1270424
1270438
1270452
1270475
1270491
1270500
1270513
1270525
1270532
1270548
1270569
1270576
1270608
1270614
1270627
1270639
1270662
1270671
1270686
1270695
1270704
1270716
1270750
1270765
1270773
1270782
1270798
1270802
1270815
1270841
1270888
1270903
1270911
1270922
1270945
1271016
1271029
1271047
1271050
1271073
1271082
1271101
1271119
1271126
1271134
1271155
1271160
1271178
1271205
1271218
1271220
1271237
1271266
1271284
1271292
1271300
1271325
1271332
1271348
1271376
1271381
1271397
1271403
1271411
1271422
1271436
1271445
1271458
1271467
1271474
1271489
1271490
1271509
1271517
1271524
1271546
1271563
1271575
1271591
1271621
1271649
1271657
1271685
1271723
1271730
1271741
1271777
1271796
1271808
1271827
1271853
1271895
1271910
1271928
1271944
1271972
1271983
1271999
1272019
1272034
1272042
1272078
1272087
1272116
1272150
1272200
1272225
1272232
1272248
1272276
1272305
1272318
1272320
1272337
1272351
1272366
1272384
1272408
1272414
1272462
1272471
1272521
1272549
1272557
1272568
1272570
1272624
1272646
1272652
1272663
1272675
1272691
1272707
1272756
1272761
1272772
1272822
1272836
1272867
1272874
1272889
1272890
1272902
1272915
1272923
1272930
1272941
1272977
1272988
1272996
1273008
1273014
1273039
1273040
1273062
1273071
1273117
1273124
1273146
1273152
1273191
1273202
1273215
1273259
1273288
1273296
1273303
1273336
1273358
1273390
1273401
1273434
1273442
1273460
1273556
1273572
1273583
1273629
1273631
1273647
1273698
1273706
1273733
1273749
1273785
1273843
1273866
1273879
1273900
1273925
1273954
1273976
1274007
1274010
1274035
1274061
1274072
1274137
1274143
1274166
1274184
1274201
1274219
1274226
1274260
1274293
1274306
1274333
1274349
1274357
1274370
1274394
1274402
1274415
1274441
1274459
1274464
1274477
1274488
1274496
1274508
1274539
1274540
1274553
1274571
1274586
1274648
1274669
1274681
1274697
1274711
1274736
1274774
1274790
1274817
1274824
1274838
1274846
1274852
1274875
1274891
1274916
1274931
1274950
1274973
1274998
1275003
1275011
1275022
1275036
1275045
1275058
1275089
1275112
1275121
1275149
1275185
1275207
1275228
1275244
1275283
1275299
1275327
1275339
1275371
1275386
1275395
1275447
1275473
1275482
1275515
1275530
1275577
1275626
1275634
1275642
1275660
1275717
1275724
1275746
1275775
1275780
1275825
1275848
1275854
1275869
1275897
1275905
1275918
1275920
1275937
1275943
1275966
1275992
1276009
1276017
1276024
1276046
1276052
1276063
1276075
1276140
1276153
1276171
1276186
1276195
1276236
1276245
1276258
1276359
1276364
1276377
1276388
1276418
1276437
1276443
1276479
1276492
1276504
1276529
1276550
1276582
1276607
1276644
1276656
1276661
1276672
1276683
1276700
1276713
1276748
1276754
1276769
1276776
1276801
1276819
1276826
1276893
1276912
1276921
1276949
1276957
1276968
1276985
1276994
1277002
1277023
1277041
1277088
1277096
1277100
1277113
1277125
1277148
1277169
1277181
1277229
1277231
1277247
1277282
1277298
1277309
1277317
1277324
1277338
1277380
1277407
1277410
1277428
1277444
1277461
1277499
1277567
1277620
1277637
1277666
1277679
1277684
1277692
1277708
1277714
1277727
1277762
1277771
1277786
1277795
1277833
1277885
1277901
1277934
1277960
1277978
1278025
1278069
1278076
1278081
1278102
1278123
1278130
1278164
1278196
1278209
1278217
1278252
1278263
1278275
1278304
1278316
1278329
1278331
1278347
1278350
1278382
1278406
1278412
1278421
1278449
1278457
1278468
1278485
1278505
1278537
1278551
1278566
1278579
1278584
1278603
1278611
1278622
1278636
1278645
1278658
1278689
1278690
1278701
1278719
1278760
1278778
1278807
1278844
1278872
1278908
1278927
1278953
1278962
1278971
1279012
1279033
1279049
1279057
1279068
1279085
1279094
1279122
1279136
1279145
1279158
1279167
1279208
1279239
1279240
1279253
1279286
1279295
1279307
1279310
1279356
1279372
1279383
1279399
1279400
1279413
1279481
1279497
1279534
1279542
1279578
1279593
1279602
1279615
1279623
1279630
1279688
1279696
1279705
1279718
1279720
1279743
1279766
1279792
1279804
1279829
1279847
1279865
1279873
1279882
1279909
1279917
1279924
1279952
1279963
1279980
1280008
1280027
1280039
1280040
1280053
1280071
1280117
1280124
1280138
1280163
1280202
1280259
1280296
1280311
1280322
1280358
1280374
1280442
1280455
1280507
1280544
1280556
1280572
1280616
1280629
1280665
1280682
1280698
1280721
1280733
1280757
1280794
1280805
1280843
1280851
1280892
1280954
1280969
1280997
1281006
1281012
1281021
1281049
1281068
1281103
1281111
1281122
1281145
1281174
1281189
1281239
1281240
1281253
1281271
1281286
1281295
1281307
1281310
1281335
1281344
1281356
1281372
1281383
1281399
1281400
1281432
1281476
1281481
1281519
1281526
1281542
1281555
1281560
1281578
1281587
1281659
1281664
1281705
1281720
1281743
1281751
1281766
1281792
1281804
1281829
1281831
1281882
1281924
1281946
1281975
1281991
1282022
1282045
1282067
1282106
1282112
1282121
1282133
1282157
1282170
1282207
1282210
1282235
1282244
1282256
1282261
1282308
1282339
1282340
1282353
1282362
1282371
1282386
1282395
1282404
1282447
1282450
1282473
1282482
1282502
1282523
1282530
1282559
1282564
1282601
1282619
1282626
1282642
1282660
1282678
1282709
1282724
1282746
1282763
1282832
1282848
1282897
1282918
1282951
1282966
1282979
1282984
1282992
1283016
1283050
1283065
1283073
1283082
1283098
1283126
1283134
1283178
1283187
1283193
1283205
1283243
1283266
1283292
1283300
1283313
1283369
1283376
1283381
1283397
1283403
1283411
1283422
1283458
1283467
1283474
1283489
1283517
1283524
1283538
1283552
1283575
1283580
1283612
1283621
1283633
1283668
1283685
1283694
1283702
1283741
1283764
1283777
1283788
1283814
1283839
1283907
1283910
1283928
1283956
1283961
1284017
1284024
1284046
1284052
1284063
1284080
1284139
1284140
1284153
1284162
1284171
1284186
1284195
1284203
1284258
1284267
1284290
1284315
1284323
1284330
1284359
1284364
1284388
1284451
1284479
1284484
1284492
1284516
1284531
1284547
1284607
1284610
1284628
1284635
1284656
1284683
1284713
1284725
1284769
1284781
1284801
1284842
1284887
1284921
1284933
1284957
1284970
1284985
1284994
1285025
1285048
1285054
1285164
1285209
1285217
1285224
1285252
1285275
1285280
1285365
1285382
1285398
1285412
1285421
1285457
1285468
1285485
1285520
1285551
1285566
1285579
1285603
1285611
1285622
1285658
1285701
1285719
1285742
1285760
1285787
1285793
1285807
1285835
1285844
1285856
1285861
1285872
1285883
1285899
1285908
1285927
1285939
1285962
1285986
1285995
1286026
1286055
1286087
1286093
1286116
1286147
1286150
1286165
1286173
1286182
1286200
1286213
1286232
1286248
1286297
1286318
1286320
1286343
1286351
1286366
1286408
1286414
1286440
1286453
1286462
1286495
1286506
1286512
1286521
1286533
1286568
1286570
1286585
1286594
1286624
1286652
1286680
1286691
1286756
1286761
1286799
1286822
1286836
1286845
1286874
1286941
1286959
1286977
1286996
1287020
1287037
1287043
1287051
1287107
1287135
1287144
1287221
1287249
1287257
1287285
1287294
1287355
1287393
1287409
1287417
1287424
1287446
1287452
1287463
1287491
1287513
1287548
1287554
1287597
1287627
1287671
1287686
1287695
1287716
1287729
1287731
1287823
1287859
1287864
1287888
1287896
1287911
1287922
1287958
1287967
1287974
1288007
1288010
1288072
1288099
1288118
1288120
1288143
1288166
1288192
1288201
1288226
1288242
1288255
1288260
1288278
1288287
1288293
1288312
1288321
1288333
1288349
1288370
1288415
1288430
1288441
1288464
1288477
1288514
1288527
1288553
1288571
1288595
1288600
1288613
1288625
1288632
1288669
1288681
1288697
1288703
1288711
1288758
1288767
1288817
1288824
1288852
1288863
1288891
1288929
1288973
1288982
1289030
1289041
1289059
1289064
1289077
1289088
1289096
1289113
1289125
1289132
1289154
1289181
1289197
1289229
1289247
1289250
1289265
1289273
1289282
1289298
1289309
1289317
1289352
1289363
1289391
1289410
1289461
1289472
1289483
1289499
1289536
1289567
1289574
1289589
1289618
1289637
1289643
1289651
1289684
1289708
1289739
1289762
1289795
1289812
1289821
1289833
1289868
1289870
1289934
1289942
1289955
1289978
1289987
1290004
1290029
1290047
1290065
1290073
1290082
1290119
1290134
1290155
1290160
1290187
1290193
1290237
1290251
1290266
1290279
1290292
1290313
1290354
1290369
1290376
1290397
1290403
1290411
1290436
1290445
1290489
1290490
1290517
1290524
1290546
1290563
1290580
1290606
1290612
1290649
1290657
1290668
1290685
1290694
1290702
1290796
1290814
1290827
1290839
1290840
1290862
1290871
1290895
1290907
1290944
1290983
1290999
1291002
1291015
1291023
1291030
1291059
1291064
1291077
1291088
1291100
1291148
1291154
1291181
1291204
1291216
1291309
1291317
1291338
1291346
1291363
1291380
1291391
1291407
1291410
1291428
1291435
1291444
1291472
1291483
1291499
1291522
1291536
1291545
1291574
1291589
1291605
1291637
1291666
1291679
1291708
1291714
1291727
1291740
1291753
1291762
1291786
1291795
1291806
1291812
1291821
1291833
1291849
1291857
1291868
1291901
1291919
1291934
1291942
1291960
1291978
1291993
1292000
1292032
1292048
1292054
1292076
1292081
1292115
1292130
1292159
1292164
1292177
1292188
1292196
1292209
1292238
1292263
1292275
1292291
1292329
1292331
1292382
1292398
1292406
1292449
1292470
1292505
1292518
1292520
1292537
1292543
1292584
1292611
1292622
1292636
1292645
1292658
1292701
1292742
1292787
1292793
1292807
1292810
1292828
1292844
1292872
1292914
1292927
1292939
1292940
1292962
1292971
1292995
1293006
1293021
1293033
1293057
1293085
1293145
1293174
1293214
1293239
1293240
1293262
1293295
1293356
1293361
1293383
1293399
1293400
1293448
1293476
1293497
1293519
1293534
1293542
1293555
1293587
1293593
1293602
1293615
1293623
1293677
1293696
1293705
1293718
1293743
1293751
1293779
1293784
1293792
1293804
1293816
1293847
1293850
1293873
1293882
1293909
1293924
1293952
1293963
1294001
1294019
1294034
1294087
1294093
1294147
1294150
1294182
1294198
1294248
1294269
1294276
1294305
1294337
1294343
1294351
1294366
1294379
1294384
1294392
1294440
1294462
1294486
1294512
1294521
1294533
1294549
1294568
1294585
1294594
1294609
1294617
1294624
1294675
1294680
1294707
1294710
1294728
1294756
1294761
1294772
1294783
1294822
1294836
1294867
1294923
1294930
1294959
1294964
1294988
1294996
1295028
1295044
1295072
1295083
1295105
1295137
1295151
1295179
1295184
1295219
1295242
1295255
1295260
1295278
1295287
1295306
1295312
1295321
1295357
1295368
1295370
1295385
1295394
1295423
1295441
1295459
1295464
1295488
1295496
1295514
1295539
1295540
1295553
1295562
1295632
1295648
1295697
1295711
1295758
1295790
1295824
1295838
1295846
1295880
1295947
1295950
1295965
1295973
1295998
1296003
1296011
1296022
1296036
1296045
1296058
1296067
1296089
1296149
1296168
1296261
1296272
1296308
1296314
1296327
1296340
1296353
1296371
1296386
1296395
1296404
1296450
1296473
1296482
1296498
1296523
1296559
1296596
1296619
1296660
1296678
1296738
1296746
1296775
1296791
1296813
1296848
1296854
1296876
1296943
1296951
1296966
1296979
1296992
1297008
1297014
1297040
1297053
1297095
1297109
1297124
1297138
1297152
1297163
1297175
1297180
1297191
1297202
1297223
1297241
1297277
1297288
1297303
1297311
1297336
1297345
1297358
1297367
1297374
1297390
1297401
1297419
1297426
1297434
1297460
1297478
1297487
1297493
1297535
1297544
1297561
1297572
1297604
1297616
1297665
1297673
1297721
1297749
1297805
1297818
1297851
1297884
1297892
1297900
1297948
1297969
1298038
1298063
1298080
1298108
1298139
1298140
1298162
1298171
1298222
1298258
1298274
1298302
1298315
1298330
1298341
1298388
1298396
1298418
1298420
1298437
1298484
1298492
1298504
1298516
1298529
1298531
1298550
1298573
1298598
1298607
1298628
1298661
1298672
1298725
1298754
1298776
1298781
1298797
1298801
1298826
1298834
1298860
1298878
1298887
1298893
1298906
1298912
1298933
1298957
1298970
1298994
1299005
1299037
1299051
1299066
1299092
1299110
1299128
1299144
1299161
1299199
1299221
1299257
1299268
1299270
1299285
1299294
1299301
1299319
1299326
1299334
1299355
1299360
1299378
1299409
1299417
1299424
1299452
1299463
1299500
1299513
1299532
1299548
1299554
1299576
1299581
1299608
1299614
1299662
1299686
1299695
1299716
1299729
1299731
1299747
1299750
1299765
1299798
1299802
1299815
1299823
1299859
1299864
1299877
1299936
1299958
1299974
1299989
