3400002
3400015
3400023
3400030
3400041
3400064
3400077
3400088
3400096
3400100
3400113
3400125
3400132
3400148
3400154
3400169
3400176
3400181
3400197
3400204
3400216
3400229
3400231
3400247
3400250
3400273
3400282
3400298
3400309
3400317
3400338
3400346
3400352
3400363
3400375
3400380
3400391
3400407
3400410
3400428
3400435
3400444
3400456
3400461
3400472
3400483
3400503
3400522
3400536
3400558
3400567
3400574
3400589
3400590
3400605
3400618
3400620
3400643
3400651
3400666
3400679
3400684
3400692
3400708
3400714
3400727
3400753
3400762
3400771
3400786
3400795
3400806
3400812
3400821
3400833
3400849
3400857
3400868
3400870
3400885
3400894
3400901
3400919
3400926
3400934
3400942
3400955
3400960
3400978
3400987
3401008
3401014
3401039
3401040
3401053
3401071
3401086
3401095
3401109
3401117
3401124
3401138
3401146
3401152
3401180
3401191
3401202
3401215
3401230
3401259
3401264
3401277
3401296
3401303
3401311
3401322
3401336
3401345
3401358
3401367
3401374
3401389
3401390
3401419
3401426
3401434
3401442
3401455
3401460
3401478
3401487
3401493
3401507
3401510
3401528
3401535
3401544
3401556
3401561
3401572
3401583
3401599
3401604
3401616
3401629
3401631
3401650
3401665
3401673
3401682
3401698
3401706
3401712
3401721
3401733
3401749
3401757
3401768
3401785
3401794
3401805
3401818
3401820
3401837
3401843
3401851
3401866
3401879
3401884
3401892
3401900
3401913
3401925
3401932
3401948
3401954
3401969
3401976
3401981
3401997
3402009
3402024
3402038
3402046
3402052
3402063
3402075
3402080
3402091
3402108
3402114
3402127
3402139
3402140
3402153
3402162
3402171
3402186
3402195
3402203
3402211
3402222
3402236
3402245
3402258
3402267
3402274
3402290
3402302
3402315
3402323
3402330
3402341
3402359
3402364
3402377
3402388
3402396
3402405
3402437
3402443
3402451
3402466
3402479
3402484
3402492
3402504
3402516
3402529
3402531
3402550
3402565
3402582
3402598
3402607
3402610
3402628
3402635
3402644
3402661
3402672
3402699
3402700
3402713
3402725
3402732
3402748
3402754
3402776
3402781
3402797
3402801
3402834
3402842
3402855
3402860
3402878
3402887
3402893
3402906
3402912
3402921
3402933
3402949
3402957
3402968
3402970
3402985
3402994
3403005
3403018
3403020
3403037
3403043
3403051
3403066
3403079
3403084
3403092
3403107
3403128
3403135
3403156
3403161
3403183
3403199
3403206
3403212
3403221
3403233
3403249
3403268
3403270
3403285
3403294
3403301
3403319
3403326
3403334
3403342
3403355
3403360
3403378
3403387
3403393
3403417
3403424
3403438
3403446
3403452
3403463
3403475
3403480
3403491
3403500
3403513
3403525
3403532
3403548
3403569
3403576
3403581
3403597
3403614
3403627
3403639
3403640
3403653
3403662
3403686
3403704
3403729
3403731
3403747
3403750
3403765
3403773
3403782
3403802
3403815
3403823
3403830
3403841
3403859
3403864
3403877
3403888
3403896
3403903
3403911
3403922
3403936
3403958
3403967
3403974
3403989
3403990
3404000
3404013
3404025
3404032
3404048
3404054
3404069
3404076
3404081
3404097
3404102
3404115
3404123
3404130
3404141
3404159
3404164
3404177
3404188
3404196
3404209
3404217
3404224
3404238
3404252
3404263
3404280
3404291
3404304
3404316
3404329
3404347
3404350
3404373
3404382
3404398
3404406
3404412
3404421
3404433
3404449
3404457
3404468
3404470
3404485
3404494
3404505
3404518
3404520
3404537
3404543
3404551
3404566
3404579
3404584
3404592
3404603
3404611
3404622
3404636
3404645
3404658
3404667
3404674
3404689
3404690
3404701
3404719
3404726
3404734
3404742
3404760
3404778
3404787
3404807
3404810
3404828
3404835
3404844
3404856
3404861
3404872
3404883
3404899
3404908
3404914
3404927
3404939
3404953
3404962
3404971
3404986
3404995
3405001
3405019
3405026
3405034
3405055
3405060
3405087
3405093
3405116
3405129
3405131
3405147
3405150
3405165
3405173
3405198
3405200
3405213
3405225
3405232
3405248
3405254
3405269
3405281
3405297
3405305
3405318
3405320
3405337
3405343
3405351
3405366
3405379
3405384
3405392
3405408
3405414
3405427
3405439
3405453
3405462
3405471
3405486
3405495
3405506
3405521
3405533
3405549
3405557
3405568
3405585
3405594
3405609
3405617
3405624
3405638
3405646
3405652
3405663
3405675
3405680
3405691
3405707
3405710
3405728
3405735
3405744
3405756
3405761
3405772
3405783
3405799
3405803
3405811
3405822
3405836
3405845
3405858
3405867
3405874
3405889
3405890
3405902
3405915
3405923
3405930
3405959
3405964
3405977
3405988
3405996
3406007
3406010
3406035
3406044
3406056
3406061
3406072
3406083
3406099
3406118
3406120
3406137
3406143
3406151
3406166
3406179
3406184
3406192
3406201
3406219
3406226
3406234
3406242
3406260
3406278
3406293
3406306
3406312
3406333
3406349
3406357
3406368
3406370
3406385
3406394
3406402
3406415
3406423
3406430
3406441
3406459
3406464
3406477
3406488
3406496
3406508
3406514
3406540
3406553
3406562
3406571
3406586
3406595
3406600
3406613
3406625
3406632
3406648
3406654
3406669
3406676
3406681
3406697
3406703
3406711
3406722
3406736
3406745
3406758
3406767
3406774
3406789
3406790
3406809
3406817
3406824
3406838
3406846
3406852
3406863
3406875
3406880
3406891
3406904
3406916
3406929
3406931
3406947
3406950
3406965
3406982
3407006
3407012
3407021
3407033
3407049
3407057
3407068
3407070
3407085
3407094
3407103
3407111
3407122
3407136
3407145
3407158
3407167
3407174
3407189
3407190
3407208
3407214
3407227
3407239
3407240
3407253
3407262
3407271
3407286
3407295
3407307
3407310
3407328
3407335
3407356
3407361
3407372
3407383
3407399
3407400
3407413
3407425
3407432
3407448
3407454
3407469
3407476
3407481
3407497
3407501
3407519
3407526
3407534
3407542
3407555
3407560
3407578
3407587
3407593
3407602
3407615
3407630
3407641
3407659
3407664
3407677
3407688
3407696
3407705
3407720
3407737
3407743
3407766
3407779
3407784
3407792
3407804
3407816
3407829
3407831
3407847
3407865
3407873
3407882
3407898
3407909
3407917
3407924
3407938
3407946
3407952
3407963
3407975
3407980
3407991
3408003
3408011
3408022
3408036
3408045
3408058
3408067
3408074
3408089
3408090
3408112
3408121
3408133
3408149
3408168
3408170
3408185
3408194
3408207
3408210
3408235
3408244
3408261
3408272
3408283
3408299
3408308
3408314
3408327
3408353
3408362
3408371
3408386
3408404
3408429
3408431
3408447
3408450
3408465
3408473
3408482
3408498
3408515
3408523
3408541
3408564
3408577
3408588
3408596
3408601
3408619
3408626
3408634
3408642
3408655
3408660
3408678
3408687
3408693
3408709
3408717
3408724
3408738
3408746
3408752
3408763
3408775
3408780
3408791
3408800
3408813
3408825
3408832
3408848
3408854
3408869
3408876
3408881
3408897
3408905
3408918
3408920
3408937
3408943
3408951
3408966
3408979
3408984
3408992
3409004
3409016
3409029
3409031
3409047
3409065
3409073
3409098
3409101
3409119
3409126
3409134
3409142
3409155
3409160
3409178
3409187
3409193
3409205
3409218
3409220
3409237
3409243
3409251
3409279
3409284
3409300
3409313
3409325
3409332
3409348
3409354
3409369
3409376
3409381
3409397
3409403
3409411
3409422
3409436
3409445
3409458
3409467
3409474
3409490
3409509
3409517
3409524
3409538
3409546
3409552
3409563
3409575
3409580
3409591
3409606
3409612
3409621
3409649
3409657
3409668
3409670
3409685
3409694
3409702
3409715
3409723
3409730
3409741
3409759
3409764
3409777
3409788
3409796
3409808
3409827
3409839
3409840
3409853
3409862
3409871
3409886
3409895
3409907
3409910
3409928
3409935
3409956
3409961
3409972
3409983
3409999
3410006
3410012
3410021
3410033
3410057
3410068
3410070
3410085
3410094
3410103
3410111
3410136
3410145
3410167
3410174
3410189
3410190
3410208
3410214
3410227
3410239
3410240
3410253
3410262
3410271
3410286
3410295
3410307
3410328
3410335
3410344
3410356
3410361
3410372
3410383
3410399
3410400
3410413
3410425
3410432
3410448
3410454
3410469
3410476
3410481
3410497
3410501
3410519
3410526
3410534
3410555
3410560
3410578
3410587
3410593
3410615
3410630
3410641
3410659
3410664
3410677
3410688
3410696
3410705
3410718
3410720
3410737
3410743
3410751
3410766
3410779
3410784
3410804
3410816
3410829
3410831
3410850
3410865
3410873
3410882
3410898
3410909
3410917
3410924
3410938
3410952
3410963
3410975
3410980
3410991
3411005
3411018
3411020
3411043
3411066
3411079
3411084
3411092
3411107
3411110
3411128
3411135
3411144
3411156
3411161
3411172
3411183
3411206
3411212
3411221
3411233
3411249
3411257
3411270
3411285
3411294
3411301
3411334
3411342
3411355
3411360
3411378
3411387
3411393
3411409
3411424
3411438
3411446
3411452
3411475
3411480
3411491
3411513
3411525
3411532
3411548
3411554
3411569
3411576
3411581
3411608
3411614
3411627
3411639
3411640
3411653
3411662
3411671
3411686
3411695
3411704
3411716
3411729
3411747
3411750
3411773
3411782
3411798
3411802
3411815
3411823
3411830
3411841
3411859
3411864
3411877
3411888
3411896
3411903
3411911
3411922
3411936
3411945
3411958
3411967
3411974
3411989
3411990
3412007
3412010
3412028
3412035
3412044
3412056
3412061
3412072
3412083
3412099
3412105
3412118
3412120
3412137
3412143
3412151
3412166
3412179
3412184
3412192
3412201
3412219
3412226
3412234
3412242
3412255
3412260
3412287
3412293
3412306
3412321
3412333
3412349
3412357
3412368
3412370
3412385
3412394
3412402
3412415
3412423
3412430
3412441
3412459
3412464
3412477
3412488
3412508
3412514
3412527
3412539
3412540
3412553
3412562
3412571
3412595
3412600
3412613
3412625
3412632
3412648
3412654
3412669
3412676
3412681
3412711
3412722
3412736
3412745
3412758
3412767
3412774
3412789
3412790
3412809
3412817
3412824
3412838
3412846
3412852
3412875
3412880
3412891
3412904
3412916
3412929
3412947
3412950
3412965
3412973
3412982
3412998
3413002
3413015
3413023
3413030
3413041
3413059
3413064
3413077
3413088
3413096
3413113
3413125
3413132
3413148
3413154
3413169
3413176
3413181
3413197
3413204
3413216
3413229
3413231
3413247
3413250
3413265
3413273
3413282
3413298
3413309
3413317
3413324
3413338
3413346
3413352
3413363
3413375
3413380
3413391
3413407
3413410
3413428
3413435
3413444
3413456
3413461
3413472
3413483
3413499
3413503
3413511
3413522
3413536
3413545
3413558
3413567
3413574
3413589
3413590
3413605
3413618
3413620
3413637
3413643
3413651
3413666
3413684
3413692
3413708
3413714
3413727
3413739
3413740
3413753
3413762
3413771
3413795
3413806
3413812
3413821
3413833
3413849
3413857
3413868
3413870
3413885
3413894
3413901
3413919
3413926
3413934
3413942
3413960
3413987
3413993
3414003
3414011
3414022
3414036
3414045
3414067
3414074
3414089
3414090
3414106
3414112
3414121
3414133
3414149
3414157
3414168
3414185
3414194
3414207
3414228
3414235
3414244
3414256
3414272
3414283
3414299
3414308
3414314
3414327
3414339
3414340
3414353
3414362
3414371
3414386
3414395
3414404
3414416
3414429
3414447
3414450
3414465
3414473
3414482
3414498
3414502
3414515
3414523
3414530
3414541
3414564
3414577
3414596
3414601
3414619
3414626
3414634
3414642
3414655
3414660
3414678
3414687
3414693
3414709
3414724
3414746
3414763
3414775
3414780
3414791
3414800
3414813
3414825
3414832
3414848
3414854
3414869
3414876
3414881
3414897
3414905
3414918
3414920
3414937
3414943
3414951
3414966
3414979
3414984
3415009
3415024
3415038
3415046
3415052
3415075
3415080
3415091
3415108
3415114
3415127
3415139
3415140
3415153
3415162
3415171
3415186
3415195
3415203
3415211
3415236
3415245
3415258
3415267
3415274
3415289
3415290
3415302
3415315
3415323
3415330
3415359
3415364
3415377
3415396
3415405
3415420
3415437
3415443
3415451
3415466
3415479
3415484
3415492
3415504
3415529
3415531
3415547
3415550
3415565
3415573
3415582
3415598
3415607
3415610
3415628
3415644
3415656
3415661
3415672
3415699
3415700
3415725
3415732
3415748
3415754
3415769
3415776
3415781
3415797
3415801
3415819
3415826
3415834
3415842
3415860
3415878
3415887
3415893
3415906
3415921
3415933
3415949
3415957
3415968
3415970
3415985
3415994
3416000
3416013
3416025
3416032
3416048
3416054
3416069
3416076
3416081
3416097
3416102
3416115
3416123
3416130
3416141
3416159
3416164
3416177
3416188
3416196
3416209
3416217
3416246
3416252
3416263
3416280
3416291
3416304
3416316
3416329
3416331
3416347
3416350
3416365
3416382
3416398
3416406
3416412
3416421
3416433
3416449
3416457
3416468
3416470
3416485
3416494
3416505
3416518
3416520
3416537
3416543
3416551
3416566
3416579
3416584
3416592
3416603
3416611
3416622
3416636
3416645
3416658
3416674
3416690
3416701
3416719
3416726
3416734
3416742
3416755
3416760
3416778
3416787
3416793
3416807
3416810
3416828
3416835
3416844
3416856
3416861
3416872
3416883
3416908
3416927
3416939
3416940
3416953
3416962
3416971
3416986
3417004
3417016
3417029
3417031
3417047
3417050
3417065
3417073
3417082
3417098
3417101
3417119
3417126
3417134
3417142
3417155
3417160
3417178
3417187
3417193
3417205
3417218
3417220
3417237
3417243
3417251
3417266
3417279
3417284
3417292
3417300
3417313
3417325
3417332
3417348
3417354
3417369
3417381
3417397
3417403
3417411
3417422
3417436
3417458
3417467
3417474
3417489
3417490
3417517
3417524
3417538
3417546
3417552
3417563
3417575
3417580
3417591
3417612
3417621
3417649
3417657
3417668
3417670
3417685
3417694
3417702
3417715
3417723
3417730
3417741
3417759
3417764
3417777
3417796
3417808
3417814
3417827
3417839
3417840
3417862
3417871
3417886
3417895
3417907
3417928
3417935
3417956
3417961
3417972
3417983
3417999
3418001
3418019
3418026
3418034
3418042
3418055
3418060
3418078
3418087
3418093
3418104
3418116
3418129
3418147
3418150
3418165
3418173
3418182
3418198
3418200
3418213
3418225
3418232
3418248
3418269
3418276
3418281
3418297
3418305
3418318
3418320
3418337
3418343
3418351
3418366
3418379
3418384
3418392
3418408
3418427
3418439
3418440
3418453
3418462
3418471
3418486
3418495
3418506
3418512
3418521
3418533
3418549
3418557
3418568
3418570
3418585
3418594
3418609
3418617
3418624
3418646
3418663
3418675
3418680
3418691
3418707
3418710
3418728
3418735
3418744
3418756
3418761
3418772
3418783
3418799
3418803
3418822
3418836
3418845
3418867
3418874
3418890
3418902
3418915
3418923
3418930
3418941
3418959
3418964
3418977
3418988
3418996
3419008
3419014
3419027
3419039
3419040
3419053
3419062
3419071
3419086
3419109
3419117
3419124
3419138
3419152
3419163
3419175
3419180
3419191
3419202
3419215
3419223
3419230
3419241
3419259
3419264
3419277
3419288
3419296
3419303
3419311
3419322
3419336
3419345
3419358
3419367
3419374
3419390
3419401
3419419
3419426
3419442
3419455
3419460
3419478
3419487
3419493
3419507
3419510
3419528
3419535
3419544
3419561
3419572
3419583
3419599
3419604
3419616
3419629
3419631
3419650
3419665
3419673
3419682
3419698
3419706
3419712
3419721
3419733
3419749
3419757
3419768
3419770
3419785
3419794
3419805
3419818
3419820
3419837
3419843
3419851
3419866
3419879
3419884
3419892
3419900
3419913
3419925
3419932
3419948
3419954
3419969
3419976
3419981
3419997
3420003
3420011
3420022
3420036
3420045
3420067
3420074
3420090
3420106
3420112
3420121
3420133
3420149
3420157
3420168
3420170
3420185
3420194
3420207
3420210
3420228
3420235
3420244
3420256
3420261
3420272
3420283
3420299
3420314
3420327
3420339
3420340
3420353
3420362
3420371
3420386
3420404
3420416
3420431
3420447
3420450
3420465
3420482
3420498
3420502
3420515
3420523
3420541
3420559
3420564
3420577
3420588
3420601
3420619
3420626
3420634
3420642
3420655
3420660
3420678
3420687
3420693
3420709
3420717
3420724
3420738
3420752
3420775
3420780
3420791
3420800
3420813
3420825
3420848
3420854
3420876
3420881
3420897
3420905
3420918
3420920
3420937
3420943
3420951
3420966
3420979
3420984
3420992
3421009
3421017
3421038
3421046
3421052
3421063
3421075
3421080
3421091
3421108
3421114
3421127
3421139
3421140
3421153
3421162
3421171
3421186
3421195
3421203
3421211
3421222
3421236
3421245
3421258
3421267
3421274
3421289
3421290
3421315
3421323
3421330
3421341
3421359
3421364
3421377
3421388
3421396
3421405
3421418
3421420
3421437
3421443
3421451
3421466
3421479
3421484
3421492
3421504
3421516
3421529
3421531
3421547
3421550
3421565
3421573
3421582
3421598
3421607
3421610
3421628
3421656
3421661
3421683
3421699
3421713
3421725
3421732
3421748
3421754
3421769
3421776
3421781
3421797
3421801
3421819
3421826
3421834
3421842
3421855
3421860
3421878
3421887
3421893
3421906
3421912
3421921
3421933
3421949
3421957
3421968
3421970
3421985
3421994
3422008
3422014
3422027
3422039
3422053
3422062
3422086
3422109
3422117
3422124
3422138
3422146
3422152
3422163
3422175
3422180
3422191
3422202
3422215
3422223
3422230
3422241
3422259
3422264
3422277
3422288
3422303
3422311
3422322
3422358
3422367
3422374
3422389
3422390
3422401
3422419
3422426
3422442
3422455
3422460
3422478
3422487
3422493
3422507
3422510
3422535
3422544
3422556
3422561
3422572
3422583
3422599
3422604
3422616
3422629
3422631
3422647
3422650
3422665
3422673
3422682
3422706
3422712
3422721
3422733
3422749
3422757
3422768
3422785
3422794
3422805
3422818
3422820
3422837
3422843
3422851
3422884
3422892
3422900
3422913
3422932
3422948
3422954
3422969
3422976
3422981
3422997
3423001
3423019
3423026
3423034
3423055
3423078
3423087
3423093
3423104
3423116
3423129
3423147
3423150
3423173
3423182
3423198
3423213
3423225
3423248
3423254
3423269
3423297
3423305
3423318
3423320
3423337
3423343
3423351
3423366
3423379
3423392
3423408
3423414
3423427
3423439
3423440
3423453
3423462
3423471
3423486
3423506
3423512
3423521
3423549
3423557
3423568
3423570
3423585
3423594
3423609
3423617
3423624
3423638
3423646
3423652
3423675
3423680
3423691
3423707
3423710
3423728
3423735
3423744
3423761
3423772
3423783
3423799
3423803
3423811
3423822
3423836
3423845
3423858
3423867
3423874
3423889
3423890
3423902
3423915
3423923
3423930
3423941
3423959
3423964
3423977
3423996
3424006
3424012
3424021
3424033
3424049
3424057
3424068
3424085
3424094
3424103
3424111
3424122
3424136
3424145
3424158
3424167
3424174
3424189
3424190
3424208
3424214
3424227
3424239
3424253
3424262
3424271
3424286
3424295
3424310
3424328
3424335
3424344
3424356
3424361
3424372
3424383
3424399
3424400
3424425
3424432
3424448
3424454
3424469
3424476
3424481
3424497
3424501
3424519
3424526
3424534
3424542
3424555
3424560
3424578
3424587
3424593
3424602
3424615
3424623
3424630
3424641
3424659
3424664
3424677
3424688
3424696
3424705
3424718
3424737
3424743
3424751
3424766
3424779
3424784
3424792
3424804
3424816
3424829
3424831
3424847
3424873
3424882
3424898
3424909
3424917
3424924
3424938
3424952
3424963
3424975
3424980
3424991
3425005
3425037
3425043
3425051
3425066
3425079
3425084
3425107
3425110
3425128
3425135
3425144
3425156
3425161
3425172
3425183
3425199
3425206
3425212
3425221
3425233
3425249
3425257
3425268
3425270
3425285
3425294
3425301
3425319
3425326
3425334
3425342
3425360
3425378
3425387
3425393
3425409
3425417
3425424
3425438
3425446
3425452
3425463
3425475
3425480
3425491
3425500
3425513
3425525
3425532
3425548
3425554
3425576
3425581
3425597
3425608
3425614
3425627
3425639
3425640
3425653
3425662
3425671
3425686
3425695
3425704
3425716
3425729
3425731
3425747
3425750
3425765
3425773
3425782
3425798
3425802
3425815
3425823
3425830
3425841
3425859
3425864
3425877
3425888
3425896
3425903
3425911
3425922
3425936
3425945
3425958
3425967
3425974
3425989
3425990
3426004
3426016
3426029
3426031
3426047
3426050
3426065
3426073
3426082
3426098
3426101
3426119
3426126
3426142
3426155
3426160
3426178
3426187
3426193
3426205
3426218
3426220
3426237
3426243
3426251
3426266
3426279
3426292
3426300
3426332
3426348
3426354
3426369
3426376
3426381
3426403
3426411
3426422
3426436
3426445
3426467
3426474
3426489
3426490
3426509
3426517
3426524
3426538
3426546
3426552
3426563
3426575
3426580
3426591
3426606
3426612
3426621
3426633
3426649
3426657
3426668
3426670
3426685
3426694
3426702
3426715
3426723
3426730
3426741
3426759
3426764
3426777
3426788
3426796
3426808
3426814
3426827
3426840
3426853
3426862
3426871
3426886
3426907
3426910
3426928
3426935
3426944
3426956
3426961
3426972
3426983
3426999
3427000
3427013
3427025
3427032
3427048
3427054
3427069
3427076
3427097
3427102
3427115
3427130
3427141
3427159
3427164
3427177
3427196
3427209
3427217
3427224
3427238
3427246
3427252
3427263
3427275
3427280
3427291
3427316
3427329
3427331
3427347
3427350
3427365
3427373
3427382
3427406
3427412
3427421
3427433
3427449
3427457
3427468
3427470
3427485
3427494
3427505
3427518
3427520
3427537
3427543
3427551
3427566
3427579
3427584
3427592
3427603
3427611
3427622
3427636
3427645
3427658
3427667
3427674
3427689
3427690
3427701
3427719
3427726
3427734
3427742
3427755
3427760
3427778
3427787
3427793
3427810
3427835
3427844
3427861
3427872
3427883
3427899
3427914
3427927
3427939
3427940
3427953
3427962
3427971
3427986
3427995
3428002
3428023
3428030
3428041
3428059
3428064
3428077
3428088
3428096
3428100
3428113
3428125
3428132
3428148
3428154
3428176
3428181
3428197
3428204
3428216
3428231
3428247
3428250
3428265
3428282
3428298
3428309
3428317
3428324
3428338
3428346
3428352
3428363
3428375
3428380
3428391
3428407
3428428
3428435
3428444
3428456
3428472
3428483
3428503
3428511
3428522
3428536
3428558
3428567
3428574
3428589
3428605
3428618
3428620
3428637
3428643
3428651
3428666
3428679
3428684
3428692
3428708
3428714
3428727
3428739
3428753
3428762
3428771
3428786
3428795
3428806
3428812
3428821
3428833
3428857
3428868
3428885
3428894
3428901
3428919
3428934
3428942
3428955
3428960
3428978
3428987
3428993
3429007
3429028
3429035
3429044
3429056
3429061
3429083
3429099
3429105
3429118
3429120
3429143
3429151
3429166
3429184
3429192
3429201
3429219
3429226
3429234
3429242
3429255
3429260
3429278
3429293
3429312
3429321
3429333
3429349
3429357
3429368
3429370
3429385
3429394
3429402
3429423
3429430
3429441
3429459
3429477
3429488
3429496
3429508
3429514
3429527
3429539
3429540
3429571
3429595
3429600
3429613
3429625
3429632
3429648
3429654
3429669
3429676
3429681
3429697
3429703
3429711
3429722
3429736
3429745
3429758
3429767
3429774
3429789
3429790
3429817
3429824
3429838
3429846
3429852
3429863
3429875
3429880
3429891
3429904
3429916
3429929
3429931
3429947
3429950
3429965
3429973
3429982
3430019
3430026
3430034
3430042
3430055
3430060
3430078
3430087
3430093
3430104
3430116
3430129
3430131
3430147
3430150
3430165
3430173
3430182
3430198
3430200
3430213
3430225
3430232
3430248
3430254
3430269
3430276
3430281
3430320
3430337
3430343
3430351
3430366
3430379
3430384
3430392
3430408
3430414
3430427
3430439
3430440
3430453
3430471
3430486
3430495
3430506
3430512
3430521
3430549
3430557
3430568
3430570
3430594
3430609
3430617
3430638
3430646
3430652
3430663
3430675
3430680
3430691
3430707
3430710
3430728
3430735
3430744
3430756
3430761
3430772
3430799
3430803
3430811
3430822
3430845
3430858
3430867
3430874
3430889
3430890
3430902
3430923
3430930
3430941
3430959
3430964
3430977
3430988
3430996
3431007
3431010
3431028
3431035
3431044
3431061
3431072
3431083
3431099
3431105
3431118
3431120
3431137
3431143
3431151
3431166
3431179
3431184
3431192
3431201
3431219
3431226
3431234
3431242
3431255
3431260
3431278
3431287
3431293
3431306
3431312
3431321
3431333
3431349
3431357
3431368
3431370
3431394
3431402
3431415
3431423
3431430
3431441
3431459
3431464
3431477
3431488
3431496
3431508
3431514
3431527
3431539
3431540
3431553
3431562
3431571
3431586
3431595
3431600
3431613
3431625
3431632
3431648
3431654
3431669
3431676
3431681
3431697
3431703
3431711
3431722
3431736
3431745
3431758
3431767
3431774
3431789
3431809
3431824
3431838
3431846
3431852
3431863
3431875
3431880
3431891
3431904
3431916
3431929
3431931
3431947
3431950
3431965
3431973
3431982
3431998
3432005
3432018
3432020
3432037
3432043
3432051
3432079
3432084
3432092
3432107
3432110
3432128
3432135
3432144
3432156
3432161
3432172
3432199
3432206
3432212
3432221
3432233
3432249
3432257
3432285
3432294
3432301
3432326
3432334
3432355
3432360
3432378
3432387
3432393
3432409
3432417
3432424
3432438
3432446
3432452
3432463
3432475
3432480
3432491
3432500
3432525
3432532
3432548
3432554
3432569
3432576
3432581
3432597
3432608
3432614
3432627
3432639
3432640
3432653
3432662
3432671
3432686
3432695
3432704
3432716
3432729
3432731
3432747
3432750
3432765
3432773
3432798
3432802
3432815
3432823
3432830
3432841
3432859
3432864
3432877
3432888
3432896
3432903
3432911
3432922
3432936
3432945
3432958
3432967
3432974
3432989
3433009
3433017
3433024
3433038
3433046
3433052
3433063
3433075
3433080
3433091
3433108
3433114
3433127
3433139
3433140
3433162
3433171
3433186
3433195
3433203
3433211
3433222
3433236
3433245
3433258
3433267
3433274
3433289
3433290
3433302
3433315
3433323
3433330
3433341
3433359
3433364
3433377
3433388
3433405
3433418
3433420
3433437
3433443
3433466
3433479
3433484
3433492
3433504
3433516
3433529
3433531
3433550
3433565
3433573
3433582
3433598
3433607
3433610
3433628
3433635
3433644
3433656
3433661
3433672
3433683
3433700
3433713
3433725
3433732
3433748
3433754
3433769
3433776
3433781
3433797
3433801
3433819
3433826
3433834
3433842
3433855
3433860
3433878
3433887
3433893
3433906
3433912
3433921
3433933
3433957
3433968
3433970
3433985
3433994
3434016
3434029
3434031
3434047
3434065
3434073
3434082
3434101
3434119
3434126
3434134
3434142
3434155
3434160
3434178
3434187
3434193
3434205
3434218
3434220
3434237
3434243
3434251
3434266
3434279
3434284
3434292
3434325
3434332
3434348
3434354
3434369
3434376
3434381
3434397
3434403
3434411
3434422
3434436
3434445
3434458
3434467
3434474
3434489
3434490
3434517
3434524
3434538
3434546
3434563
3434575
3434580
3434606
3434612
3434621
3434633
3434649
3434657
3434668
3434670
3434685
3434694
3434702
3434715
3434723
3434730
3434741
3434759
3434764
3434777
3434788
3434796
3434808
3434814
3434839
3434840
3434853
3434862
3434871
3434886
3434895
3434907
3434910
3434928
3434935
3434944
3434956
3434961
3434972
3434983
3434999
3435002
3435015
3435023
3435030
3435041
3435059
3435064
3435077
3435088
3435096
3435100
3435113
3435125
3435132
3435148
3435154
3435176
3435181
3435197
3435216
3435229
3435231
3435247
3435250
3435265
3435273
3435282
3435298
3435309
3435317
3435324
3435346
3435352
3435363
3435375
3435380
3435391
3435407
3435410
3435428
3435435
3435444
3435456
3435461
3435472
3435483
3435499
3435503
3435511
3435522
3435536
3435545
3435558
3435567
3435574
3435589
3435590
3435605
3435618
3435620
3435637
3435643
3435651
3435666
3435679
3435684
3435692
3435708
3435714
3435739
3435740
3435753
3435762
3435771
3435786
3435795
3435806
3435812
3435821
3435833
3435849
3435857
3435868
3435870
3435894
3435901
3435919
3435926
3435934
3435942
3435955
3435960
3435978
3435987
3435993
3436008
3436014
3436027
3436039
3436053
3436062
3436086
3436109
3436117
3436124
3436138
3436146
3436152
3436163
3436175
3436180
3436191
3436202
3436215
3436223
3436230
3436241
3436259
3436264
3436277
3436296
3436303
3436311
3436322
3436336
3436345
3436367
3436374
3436389
3436401
3436419
3436442
3436455
3436460
3436478
3436493
3436507
3436528
3436535
3436544
3436556
3436561
3436572
3436599
3436629
3436631
3436647
3436650
3436665
3436673
3436682
3436698
3436706
3436712
3436721
3436733
3436749
3436757
3436768
3436770
3436785
3436794
3436805
3436818
3436837
3436843
3436851
3436866
3436879
3436884
3436900
3436913
3436925
3436932
3436948
3436954
3436981
3436997
3437003
3437011
3437022
3437036
3437045
3437058
3437067
3437074
3437089
3437090
3437106
3437112
3437121
3437133
3437149
3437157
3437168
3437170
3437185
3437194
3437207
3437210
3437235
3437244
3437256
3437261
3437272
3437283
3437299
3437308
3437314
3437327
3437339
3437340
3437353
3437362
3437371
3437386
3437395
3437404
3437416
3437429
3437431
3437447
3437450
3437465
3437473
3437482
3437498
3437502
3437515
3437523
3437530
3437541
3437564
3437577
3437588
3437596
3437601
3437619
3437626
3437642
3437655
3437660
3437678
3437687
3437693
3437709
3437717
3437724
3437738
3437752
3437763
3437775
3437780
3437791
3437800
3437813
3437825
3437848
3437854
3437869
3437876
3437881
3437897
3437905
3437918
3437920
3437937
3437943
3437951
3437966
3437979
3437992
3438006
3438021
3438033
3438049
3438057
3438068
3438070
3438094
3438122
3438136
3438145
3438158
3438174
3438190
3438208
3438227
3438239
3438240
3438253
3438262
3438271
3438286
3438295
3438310
3438328
3438335
3438344
3438361
3438372
3438383
3438399
3438400
3438413
3438425
3438432
3438448
3438454
3438469
3438476
3438481
3438497
3438501
3438519
3438526
3438534
3438542
3438555
3438560
3438578
3438587
3438593
3438602
3438615
3438623
3438630
3438641
3438659
3438664
3438677
3438696
3438705
3438718
3438720
3438737
3438743
3438751
3438779
3438784
3438804
3438816
3438829
3438847
3438850
3438865
3438873
3438882
3438898
3438917
3438924
3438938
3438946
3438952
3438975
3438980
3438991
3439000
3439013
3439025
3439032
3439048
3439054
3439069
3439076
3439081
3439097
3439102
3439115
3439123
3439141
3439159
3439164
3439177
3439188
3439196
3439209
3439217
3439246
3439252
3439263
3439280
3439291
3439304
3439329
3439331
3439347
3439350
3439365
3439373
3439382
3439398
3439406
3439421
3439433
3439449
3439468
3439470
3439485
3439494
3439505
3439518
3439537
3439543
3439551
3439566
3439579
3439584
3439592
3439603
3439611
3439622
3439636
3439645
3439658
3439667
3439674
3439690
3439719
3439726
3439734
3439755
3439778
3439787
3439793
3439807
3439810
3439828
3439835
3439844
3439856
3439861
3439872
3439883
3439899
3439908
3439914
3439927
3439939
3439940
3439962
3439971
3439986
3439995
3440005
3440018
3440020
3440037
3440043
3440051
3440066
3440079
3440084
3440092
3440107
3440110
3440128
3440135
3440144
3440156
3440161
3440172
3440183
3440199
3440206
3440221
3440233
3440249
3440257
3440268
3440270
3440285
3440294
3440301
3440319
3440326
3440342
3440355
3440360
3440378
3440387
3440393
3440409
3440417
3440424
3440438
3440446
3440452
3440475
3440480
3440491
3440500
3440513
3440525
3440532
3440554
3440569
3440576
3440581
3440597
3440608
3440614
3440627
3440639
3440640
3440653
3440662
3440671
3440686
3440695
3440704
3440716
3440731
3440747
3440750
3440765
3440773
3440798
3440802
3440815
3440823
3440830
3440841
3440859
3440864
3440877
3440888
3440896
3440911
3440922
3440936
3440945
3440958
3440967
3440974
3440989
3440990
3441004
3441016
3441029
3441031
3441047
3441050
3441065
3441073
3441082
3441098
3441101
3441119
3441126
3441134
3441142
3441155
3441160
3441178
3441187
3441193
3441205
3441218
3441220
3441237
3441243
3441251
3441266
3441279
3441292
3441313
3441325
3441332
3441348
3441369
3441376
3441381
3441397
3441403
3441411
3441422
3441436
3441445
3441458
3441467
3441474
3441489
3441490
3441509
3441517
3441524
3441538
3441552
3441563
3441575
3441580
3441591
3441606
3441612
3441621
3441633
3441649
3441657
3441668
3441670
3441685
3441694
3441702
3441715
3441723
3441730
3441759
3441764
3441777
3441788
3441814
3441827
3441839
3441840
3441853
3441862
3441871
3441895
3441907
3441910
3441928
3441944
3441956
3441961
3441972
3441983
3441999
3442001
3442019
3442026
3442034
3442042
3442055
3442060
3442078
3442093
3442104
3442116
3442129
3442131
3442147
3442150
3442165
3442173
3442182
3442198
3442200
3442213
3442232
3442248
3442254
3442269
3442281
3442297
3442305
3442318
3442320
3442343
3442351
3442366
3442379
3442384
3442392
3442408
3442414
3442427
3442439
3442440
3442453
3442462
3442471
3442486
3442495
3442506
3442512
3442533
3442549
3442557
3442568
3442570
3442585
3442594
3442609
3442617
3442624
3442638
3442646
3442652
3442675
3442680
3442707
3442728
3442744
3442756
3442761
3442772
3442783
3442803
3442811
3442822
3442836
3442845
3442858
3442867
3442874
3442889
3442890
3442902
3442915
3442923
3442930
3442941
3442959
3442964
3442977
3442988
3442996
3443008
3443014
3443027
3443039
3443040
3443053
3443062
3443071
3443086
3443095
3443117
3443124
3443138
3443146
3443152
3443163
3443175
3443180
3443191
3443223
3443230
3443241
3443259
3443264
3443277
3443288
3443296
3443303
3443311
3443322
3443336
3443345
3443358
3443367
3443374
3443390
3443401
3443419
3443426
3443434
3443442
3443455
3443460
3443478
3443487
3443493
3443507
3443510
3443528
3443544
3443556
3443561
3443572
3443583
3443599
3443604
3443616
3443629
3443631
3443647
3443650
3443665
3443673
3443682
3443706
3443712
3443721
3443733
3443749
3443757
3443768
3443770
3443785
3443794
3443805
3443818
3443820
3443837
3443843
3443851
3443866
3443879
3443900
3443913
3443925
3443932
3443948
3443969
3443976
3443981
3443997
3444007
3444010
3444028
3444035
3444044
3444056
3444061
3444072
3444099
3444105
3444118
3444120
3444143
3444166
3444179
3444184
3444192
3444219
3444226
3444234
3444242
3444260
3444278
3444287
3444293
3444306
3444312
3444321
3444333
3444349
3444357
3444368
3444370
3444385
3444402
3444415
3444423
3444430
3444441
3444459
3444464
3444488
3444496
3444508
3444514
3444527
3444539
3444540
3444553
3444562
3444571
3444586
3444595
3444600
3444613
3444625
3444632
3444648
3444654
3444669
3444676
3444681
3444697
3444703
3444711
3444722
3444767
3444774
3444789
3444790
3444809
3444817
3444838
3444846
3444852
3444863
3444875
3444880
3444891
3444904
3444916
3444929
3444931
3444947
3444950
3444965
3444973
3444982
3444998
3445003
3445022
3445036
3445045
3445058
3445067
3445074
3445089
3445090
3445106
3445112
3445121
3445133
3445157
3445168
3445170
3445185
3445194
3445207
3445210
3445228
3445235
3445244
3445256
3445272
3445283
3445299
3445308
3445314
3445327
3445339
3445340
3445353
3445362
3445371
3445386
3445395
3445404
3445416
3445429
3445431
3445447
3445450
3445465
3445473
3445482
3445498
3445502
3445515
3445523
3445530
3445541
3445564
3445577
3445588
3445596
3445601
3445619
3445626
3445634
3445642
3445655
3445660
3445678
3445687
3445693
3445709
3445717
3445724
3445738
3445746
3445752
3445763
3445775
3445780
3445791
3445800
3445813
3445825
3445832
3445848
3445854
3445869
3445876
3445881
3445897
3445905
3445920
3445937
3445943
3445966
3445979
3445984
3445992
3446009
3446017
3446024
3446046
3446052
3446075
3446080
3446091
3446114
3446127
3446139
3446140
3446153
3446162
3446171
3446186
3446195
3446203
3446222
3446236
3446245
3446258
3446267
3446289
3446290
3446302
3446315
3446323
3446330
3446341
3446359
3446364
3446377
3446388
3446396
3446418
3446420
3446437
3446451
3446466
3446479
3446484
3446492
3446504
3446516
3446529
3446531
3446547
3446550
3446565
3446573
3446582
3446598
3446607
3446610
3446628
3446635
3446644
3446656
3446661
3446672
3446683
3446699
3446700
3446713
3446725
3446732
3446748
3446754
3446769
3446776
3446797
3446801
3446819
3446826
3446834
3446860
3446887
3446893
3446906
3446912
3446921
3446933
3446949
3446957
3446968
3446985
3446994
3447002
3447015
3447023
3447030
3447041
3447059
3447064
3447088
3447096
3447100
3447113
3447125
3447132
3447148
3447154
3447169
3447176
3447181
3447197
3447204
3447216
3447231
3447265
3447273
3447282
3447298
3447309
3447317
3447324
3447338
3447346
3447352
3447375
3447380
3447391
3447407
3447410
3447428
3447435
3447444
3447461
3447472
3447499
3447503
3447511
3447536
3447545
3447567
3447574
3447589
3447590
3447605
3447618
3447620
3447637
3447643
3447651
3447666
3447679
3447684
3447692
3447708
3447714
3447727
3447739
3447740
3447753
3447762
3447771
3447786
3447806
3447821
3447833
3447849
3447857
3447868
3447870
3447885
3447894
3447901
3447919
3447926
3447934
3447942
3447955
3447960
3447978
3447987
3447993
3448000
3448013
3448025
3448032
3448048
3448054
3448069
3448081
3448097
3448102
3448115
3448123
3448130
3448141
3448159
3448164
3448177
3448188
3448196
3448217
3448224
3448246
3448252
3448263
3448275
3448291
3448316
3448329
3448331
3448347
3448350
3448365
3448373
3448382
3448398
3448406
3448412
3448421
3448433
3448449
3448457
3448468
3448470
3448485
3448505
3448518
3448520
3448537
3448551
3448566
3448579
3448584
3448592
3448603
3448611
3448622
3448645
3448667
3448674
3448689
3448690
3448701
3448719
3448726
3448734
3448742
3448755
3448760
3448778
3448793
3448807
3448810
3448828
3448835
3448844
3448856
3448861
3448872
3448883
3448899
3448908
3448914
3448927
3448939
3448940
3448953
3448962
3448971
3448995
3449006
3449012
3449033
3449049
3449057
3449068
3449085
3449094
3449103
3449111
3449122
3449136
3449145
3449158
3449167
3449174
3449189
3449190
3449214
3449240
3449253
3449262
3449271
3449286
3449295
3449307
3449310
3449328
3449335
3449344
3449356
3449361
3449372
3449383
3449399
3449400
3449413
3449425
3449454
3449469
3449476
3449497
3449501
3449519
3449526
3449534
3449542
3449555
3449560
3449578
3449587
3449593
3449602
3449615
3449623
3449630
3449641
3449659
3449664
3449677
3449688
3449696
3449705
3449718
3449720
3449743
3449751
3449766
3449779
3449784
3449792
3449804
3449816
3449829
3449831
3449847
3449850
3449865
3449873
3449882
3449898
3449909
3449917
3449924
3449938
3449946
3449952
3449963
3450008
3450014
3450027
3450039
3450040
3450062
3450071
3450086
3450095
3450109
3450117
3450124
3450138
3450146
3450152
3450163
3450175
3450180
3450191
3450202
3450215
3450223
3450230
3450241
3450259
3450264
3450277
3450288
3450303
3450311
3450322
3450336
3450345
3450358
3450367
3450374
3450389
3450390
3450401
3450419
3450426
3450434
3450442
3450455
3450460
3450478
3450487
3450493
3450507
3450510
3450528
3450535
3450544
3450556
3450561
3450572
3450583
3450599
3450604
3450616
3450629
3450631
3450647
3450650
3450665
3450682
3450698
3450706
3450712
3450721
3450733
3450749
3450757
3450768
3450770
3450785
3450794
3450805
3450818
3450820
3450837
3450843
3450851
3450879
3450884
3450892
3450900
3450913
3450925
3450932
3450954
3450969
3450976
3450981
3451006
3451012
3451033
3451057
3451068
3451070
3451085
3451094
3451103
3451111
3451122
3451136
3451145
3451158
3451167
3451174
3451189
3451208
3451227
3451239
3451240
3451253
3451286
3451295
3451307
3451310
3451328
3451335
3451344
3451356
3451361
3451372
3451399
3451400
3451413
3451425
3451432
3451454
3451469
3451476
3451481
3451497
3451501
3451519
3451526
3451534
3451542
3451555
3451560
3451578
3451587
3451593
3451602
3451615
3451623
3451630
3451641
3451659
3451664
3451688
3451696
3451705
3451718
3451720
3451737
3451743
3451751
3451766
3451779
3451784
3451792
3451804
3451816
3451829
3451831
3451847
3451850
3451865
3451873
3451882
3451898
3451909
3451917
3451924
3451946
3451952
3451963
3451975
3451980
3451991
3452003
3452011
3452022
3452036
3452045
3452058
3452067
3452074
3452089
3452106
3452112
3452121
3452133
3452149
3452157
3452168
3452170
3452185
3452194
3452207
3452210
3452228
3452235
3452244
3452256
3452261
3452272
3452283
3452299
3452308
3452314
3452327
3452339
3452340
3452353
3452362
3452371
3452386
3452395
3452404
3452416
3452429
3452447
3452450
3452465
3452473
3452482
3452498
3452502
3452515
3452523
3452530
3452541
3452559
3452564
3452588
3452596
3452601
3452619
3452626
3452634
3452642
3452660
3452678
3452687
3452693
3452709
3452717
3452724
3452738
3452746
3452752
3452763
3452775
3452780
3452791
3452800
3452813
3452825
3452832
3452848
3452854
3452869
3452876
3452881
3452905
3452918
3452920
3452937
3452943
3452951
3452966
3452979
3452984
3452992
3453004
3453016
3453029
3453031
3453050
3453065
3453082
3453098
3453101
3453119
3453126
3453134
3453160
3453178
3453187
3453193
3453205
3453218
3453220
3453237
3453243
3453251
3453266
3453279
3453284
3453292
3453300
3453313
3453332
3453348
3453354
3453369
3453376
3453381
3453397
3453403
3453422
3453436
3453445
3453458
3453467
3453474
3453489
3453490
3453509
3453517
3453524
3453538
3453546
3453552
3453563
3453575
3453580
3453591
3453606
3453612
3453633
3453649
3453657
3453668
3453670
3453685
3453694
3453702
3453715
3453723
3453730
3453741
3453759
3453764
3453777
3453788
3453808
3453814
3453827
3453839
3453840
3453853
3453862
3453871
3453886
3453895
3453907
3453910
3453928
3453935
3453944
3453961
3453972
3453999
3454024
3454038
3454046
3454052
3454063
3454075
3454080
3454091
3454108
3454127
3454139
3454140
3454153
3454162
3454171
3454186
3454195
3454203
3454211
3454222
3454236
3454245
3454258
3454267
3454274
3454289
3454290
3454302
3454315
3454323
3454330
3454341
3454359
3454364
3454377
3454396
3454405
3454418
3454420
3454437
3454443
3454451
3454466
3454479
3454484
3454492
3454504
3454516
3454529
3454531
3454547
3454550
3454565
3454573
3454582
3454598
3454607
3454610
3454635
3454644
3454656
3454661
3454672
3454683
3454699
3454700
3454713
3454725
3454748
3454769
3454776
3454781
3454797
3454826
3454834
3454842
3454855
3454878
3454887
3454893
3454921
3454949
3454968
3454970
3454985
3454994
3455000
3455013
3455025
3455032
3455048
3455054
3455069
3455076
3455081
3455097
3455102
3455115
3455123
3455130
3455141
3455159
3455164
3455177
3455196
3455209
3455217
3455224
3455238
3455246
3455252
3455263
3455275
3455280
3455291
3455304
3455316
3455329
3455331
3455350
3455365
3455382
3455398
3455412
3455421
3455433
3455449
3455468
3455470
3455485
3455494
3455505
3455518
3455520
3455537
3455543
3455579
3455584
3455592
3455603
3455611
3455622
3455636
3455645
3455658
3455667
3455674
3455689
3455690
3455701
3455719
3455726
3455734
3455742
3455755
3455760
3455778
3455787
3455793
3455807
3455810
3455828
3455844
3455856
3455861
3455872
3455883
3455899
3455908
3455914
3455927
3455939
3455953
3455971
3455986
3455995
3456001
3456019
3456026
3456034
3456042
3456055
3456060
3456078
3456087
3456093
3456104
3456131
3456147
3456150
3456165
3456173
3456198
3456200
3456213
3456232
3456248
3456254
3456269
3456276
3456281
3456297
3456305
3456318
3456320
3456337
3456351
3456366
3456379
3456384
3456392
3456408
3456414
3456439
3456440
3456453
3456462
3456471
3456486
3456495
3456506
3456512
3456521
3456549
3456557
3456568
3456570
3456585
3456594
3456609
3456617
3456638
3456646
3456652
3456663
3456675
3456680
3456691
3456707
3456710
3456728
3456735
3456744
3456756
3456761
3456772
3456783
3456803
3456811
3456836
3456845
3456858
3456867
3456874
3456889
3456890
3456902
3456915
3456923
3456930
3456941
3456959
3456964
3456977
3456988
3456996
3457005
3457018
3457020
3457037
3457043
3457051
3457066
3457079
3457084
3457110
3457128
3457135
3457144
3457156
3457161
3457172
3457183
3457206
3457221
3457233
3457249
3457257
3457268
3457270
3457294
3457301
3457319
3457326
3457334
3457342
3457355
3457360
3457378
3457387
3457393
3457409
3457417
3457424
3457438
3457446
3457452
3457463
3457475
3457480
3457491
3457513
3457525
3457548
3457554
3457569
3457576
3457581
3457614
3457627
3457639
3457640
3457653
3457662
3457671
3457686
3457695
3457704
3457716
3457729
3457731
3457747
3457750
3457765
3457782
3457798
3457802
3457815
3457823
3457830
3457841
3457859
3457864
3457877
3457896
3457903
3457911
3457922
3457936
3457945
3457958
3457967
3457974
3457989
3457990
3458007
3458010
3458028
3458035
3458056
3458061
3458072
3458083
3458099
3458105
3458118
3458120
3458143
3458151
3458166
3458179
3458184
3458192
3458201
3458219
3458226
3458234
3458242
3458255
3458278
3458287
3458293
3458306
3458312
3458321
3458333
3458357
3458368
3458385
3458394
3458415
3458423
3458430
3458441
3458459
3458464
3458477
3458488
3458496
3458508
3458514
3458527
3458539
3458540
3458562
3458571
3458586
3458595
3458600
3458613
3458625
3458632
3458648
3458654
3458669
3458676
3458681
3458697
3458703
3458711
3458722
3458736
3458758
3458767
3458774
3458789
3458790
3458809
3458817
3458824
3458838
3458846
3458852
3458875
3458880
3458891
3458904
3458916
3458931
3458950
3458965
3458973
3458982
3458998
3459002
3459023
3459041
3459064
3459077
3459088
3459096
3459100
3459113
3459125
3459132
3459148
3459154
3459169
3459181
3459197
3459204
3459229
3459231
3459247
3459250
3459265
3459273
3459282
3459298
3459309
3459317
3459324
3459338
3459346
3459352
3459363
3459375
3459391
3459407
3459410
3459428
3459435
3459444
3459461
3459472
3459483
3459499
3459503
3459511
3459536
3459545
3459558
3459567
3459574
3459589
3459590
3459605
3459620
3459637
3459643
3459651
3459666
3459679
3459684
3459692
3459714
3459727
3459740
3459753
3459771
3459786
3459795
3459806
3459812
3459821
3459833
3459849
3459857
3459870
3459885
3459894
3459901
3459919
3459926
3459934
3459942
3459955
3459960
3459978
3459987
3459993
3460004
3460016
3460029
3460047
3460050
3460065
3460073
3460082
3460098
3460101
3460119
3460155
3460160
3460178
3460187
3460193
3460218
3460220
3460237
3460243
3460251
3460266
3460279
3460284
3460300
3460313
3460325
3460332
3460348
3460354
3460369
3460376
3460381
3460397
3460403
3460411
3460422
3460436
3460445
3460458
3460467
3460474
3460489
3460490
3460517
3460524
3460538
3460546
3460552
3460563
3460575
3460591
3460606
3460612
3460621
3460633
3460649
3460657
3460668
3460670
3460685
3460694
3460702
3460715
3460723
3460730
3460741
3460759
3460764
3460777
3460788
3460796
3460808
3460814
3460827
3460839
3460840
3460853
3460862
3460871
3460886
3460895
3460907
3460910
3460928
3460935
3460944
3460956
3460961
3460972
3460983
3460999
3461015
3461023
3461030
3461041
3461059
3461064
3461077
3461088
3461096
3461100
3461113
3461125
3461132
3461148
3461154
3461169
3461176
3461181
3461197
3461216
3461229
3461231
3461247
3461250
3461265
3461273
3461282
3461298
3461317
3461324
3461346
3461352
3461363
3461375
3461380
3461391
3461407
3461410
3461428
3461435
3461444
3461456
3461461
3461472
3461483
3461499
3461503
3461511
3461522
3461536
3461545
3461558
3461567
3461574
3461589
3461590
3461605
3461618
3461620
3461637
3461643
3461651
3461679
3461684
3461692
3461714
3461727
3461739
3461740
3461753
3461762
3461786
3461795
3461806
3461812
3461821
3461833
3461849
3461857
3461868
3461870
3461885
3461894
3461901
3461919
3461926
3461934
3461942
3461955
3461960
3461978
3461987
3461993
3462000
3462013
3462025
3462032
3462048
3462054
3462069
3462076
3462081
3462097
3462102
3462115
3462123
3462130
3462141
3462159
3462164
3462177
3462188
3462196
3462217
3462224
3462238
3462246
3462252
3462263
3462275
3462280
3462304
3462316
3462329
3462331
3462347
3462373
3462382
3462398
3462406
3462412
3462421
3462449
3462457
3462468
3462470
3462485
3462494
3462505
3462518
3462537
3462551
3462566
3462579
3462584
3462592
3462603
3462622
3462636
3462645
3462658
3462674
3462689
3462690
3462701
3462719
3462742
3462755
3462760
3462787
3462793
3462807
3462810
3462828
3462835
3462844
3462861
3462872
3462883
3462899
3462908
3462927
3462939
3462940
3462953
3462962
3462971
3462986
3463012
3463021
3463033
3463049
3463068
3463085
3463094
3463103
3463111
3463122
3463136
3463145
3463158
3463167
3463174
3463189
3463190
3463208
3463214
3463227
3463239
3463240
3463253
3463262
3463271
3463286
3463295
3463307
3463310
3463328
3463335
3463344
3463356
3463361
3463372
3463399
3463400
3463413
3463425
3463432
3463448
3463454
3463469
3463476
3463481
3463497
3463501
3463519
3463526
3463534
3463542
3463555
3463560
3463578
3463587
3463602
3463615
3463630
3463641
3463659
3463664
3463688
3463718
3463720
3463737
3463743
3463751
3463779
3463784
3463792
3463804
3463816
3463829
3463831
3463847
3463850
3463865
3463873
3463898
3463909
3463917
3463924
3463938
3463946
3463952
3463963
3463975
3463980
3463991
3464001
3464019
3464026
3464034
3464042
3464055
3464060
3464078
3464087
3464093
3464104
3464116
3464129
3464131
3464147
3464150
3464165
3464173
3464182
3464198
3464200
3464213
3464225
3464232
3464248
3464254
3464269
3464276
3464281
3464297
3464305
3464318
3464320
3464337
3464343
3464351
3464366
3464379
3464384
3464392
3464408
3464414
3464427
3464440
3464453
3464462
3464471
3464486
3464495
3464506
3464521
3464533
3464549
3464557
3464568
3464570
3464585
3464594
3464609
3464617
3464624
3464638
3464646
3464663
3464675
3464680
3464707
3464710
3464728
3464735
3464756
3464761
3464772
3464783
3464799
3464803
3464836
3464845
3464858
3464874
3464889
3464890
3464902
3464915
3464923
3464930
3464941
3464959
3464964
3464988
3464996
3465007
3465010
3465028
3465035
3465044
3465056
3465061
3465072
3465099
3465105
3465118
3465120
3465137
3465143
3465151
3465166
3465179
3465184
3465201
3465226
3465234
3465242
3465255
3465260
3465278
3465287
3465293
3465306
3465312
3465321
3465333
3465349
3465357
3465368
3465370
3465385
3465394
3465402
3465415
3465423
3465430
3465441
3465459
3465464
3465477
3465488
3465496
3465508
3465514
3465527
3465539
3465540
3465562
3465571
3465586
3465595
3465600
3465613
3465625
3465632
3465648
3465654
3465669
3465676
3465681
3465697
3465703
3465711
3465722
3465736
3465745
3465758
3465767
3465774
3465789
3465790
3465809
3465824
3465838
3465846
3465852
3465863
3465875
3465880
3465891
3465904
3465916
3465929
3465931
3465947
3465950
3465965
3465973
3465982
3465998
3466003
3466011
3466022
3466036
3466045
3466058
3466074
3466089
3466090
3466106
3466112
3466133
3466149
3466157
3466170
3466185
3466194
3466207
3466228
3466244
3466256
3466261
3466272
3466283
3466299
3466308
3466327
3466339
3466340
3466353
3466362
3466371
3466386
3466395
3466404
3466416
3466429
3466431
3466447
3466450
3466465
3466473
3466482
3466498
3466502
3466515
3466523
3466530
3466559
3466564
3466577
3466588
3466596
3466601
3466619
3466626
3466634
3466642
3466655
3466660
3466678
3466687
3466693
3466709
3466717
3466724
3466738
3466746
3466752
3466763
3466775
3466780
3466791
3466800
3466813
3466825
3466832
3466848
3466869
3466876
3466881
3466897
3466905
3466918
3466920
3466937
3466943
3466951
3466966
3466979
3466984
3466992
3467008
3467014
3467027
3467039
3467040
3467053
3467062
3467071
3467086
3467095
3467109
3467117
3467124
3467138
3467146
3467152
3467163
3467180
3467215
3467223
3467230
3467241
3467259
3467264
3467277
3467288
3467296
3467303
3467311
3467322
3467336
3467358
3467367
3467389
3467390
3467401
3467419
3467426
3467434
3467442
3467460
3467478
3467487
3467493
3467507
3467510
3467528
3467556
3467561
3467572
3467583
3467599
3467604
3467616
3467629
3467631
3467647
3467650
3467665
3467673
3467682
3467698
3467706
3467712
3467721
3467733
3467749
3467757
3467768
3467770
3467785
3467794
3467805
3467818
3467820
3467837
3467843
3467851
3467866
3467879
3467884
3467892
3467900
3467913
3467932
3467948
3467969
3467976
3467981
3467997
3468009
3468017
3468024
3468038
3468046
3468052
3468063
3468075
3468080
3468091
3468114
3468127
3468139
3468140
3468153
3468162
3468171
3468186
3468195
3468203
3468222
3468236
3468245
3468258
3468267
3468274
3468289
3468302
3468315
3468323
3468330
3468341
3468359
3468364
3468377
3468388
3468396
3468405
3468418
3468420
3468437
3468443
3468466
3468479
3468484
3468492
3468504
3468516
3468529
3468531
3468547
3468550
3468565
3468573
3468582
3468598
3468607
3468610
3468635
3468644
3468656
3468661
3468672
3468683
3468699
3468700
3468713
3468725
3468732
3468748
3468754
3468769
3468776
3468781
3468797
3468801
3468819
3468826
3468834
3468855
3468878
3468893
3468906
3468912
3468921
3468933
3468949
3468957
3468968
3468970
3468985
3468994
3469018
3469020
3469037
3469043
3469051
3469066
3469092
3469107
3469110
3469128
3469135
3469144
3469161
3469172
3469183
3469199
3469206
3469212
3469221
3469233
3469249
3469257
3469268
3469270
3469285
3469294
3469301
3469319
3469326
3469334
3469342
3469355
3469360
3469378
3469387
3469393
3469409
3469417
3469424
3469438
3469446
3469463
3469480
3469491
3469500
3469513
3469525
3469532
3469548
3469554
3469569
3469576
3469581
3469608
3469614
3469627
3469639
3469640
3469671
3469686
3469695
3469704
3469716
3469729
3469731
3469747
3469750
3469765
3469773
3469782
3469798
3469802
3469815
3469823
3469830
3469841
3469864
3469888
3469896
3469911
3469922
3469936
3469945
3469958
3469967
3469974
3469989
3469990
3470009
3470017
3470024
3470038
3470046
3470052
3470063
3470075
3470080
3470091
3470108
3470127
3470139
3470140
3470153
3470162
3470171
3470186
3470195
3470203
3470211
3470222
3470236
3470245
3470258
3470289
3470290
3470302
3470315
3470323
3470341
3470359
3470364
3470377
3470388
3470396
3470405
3470418
3470420
3470437
3470443
3470451
3470466
3470479
3470484
3470492
3470504
3470516
3470529
3470531
3470547
3470550
3470565
3470573
3470598
3470610
3470628
3470635
3470644
3470656
3470661
3470672
3470683
3470700
3470713
3470725
3470732
3470748
3470754
3470769
3470776
3470781
3470797
3470801
3470819
3470826
3470834
3470842
3470855
3470860
3470878
3470887
3470893
3470906
3470912
3470921
3470933
3470949
3470968
3470970
3470985
3470994
3471000
3471025
3471032
3471048
3471054
3471069
3471076
3471081
3471097
3471102
3471115
3471123
3471130
3471141
3471159
3471164
3471177
3471188
3471196
3471209
3471217
3471224
3471238
3471246
3471252
3471263
3471275
3471280
3471291
3471316
3471331
3471347
3471350
3471373
3471382
3471406
3471412
3471421
3471433
3471449
3471457
3471468
3471470
3471494
3471505
3471518
3471520
3471537
3471543
3471551
3471566
3471584
3471592
3471603
3471611
3471622
3471636
3471645
3471658
3471667
3471674
3471690
3471701
3471726
3471742
3471755
3471760
3471778
3471787
3471793
3471807
3471810
3471828
3471844
3471856
3471861
3471872
3471883
3471899
3471908
3471914
3471927
3471939
3471940
3471953
3471962
3471971
3471986
3471995
3472002
3472015
3472023
3472030
3472041
3472059
3472064
3472077
3472088
3472096
3472100
3472113
3472125
3472132
3472148
3472154
3472169
3472176
3472181
3472204
3472216
3472229
3472231
3472247
3472250
3472265
3472273
3472282
3472298
3472309
3472317
3472324
3472352
3472363
3472375
3472380
3472391
3472407
3472410
3472428
3472435
3472456
3472461
3472472
3472483
3472499
3472511
3472522
3472536
3472545
3472558
3472567
3472574
3472589
3472590
3472605
3472618
3472620
3472637
3472651
3472684
3472692
3472708
3472714
3472727
3472739
3472740
3472753
3472762
3472771
3472786
3472795
3472806
3472812
3472821
3472833
3472849
3472857
3472868
3472870
3472885
3472894
3472901
3472919
3472926
3472934
3472942
3472955
3472960
3472978
3472987
3472993
3473007
3473010
3473028
3473035
3473056
3473061
3473072
3473105
3473118
3473120
3473137
3473143
3473151
3473166
3473179
3473184
3473192
3473201
3473226
3473234
3473242
3473255
3473260
3473278
3473287
3473293
3473306
3473312
3473333
3473349
3473357
3473368
3473370
3473385
3473394
3473402
3473415
3473423
3473430
3473441
3473459
3473464
3473477
3473488
3473496
3473508
3473514
3473527
3473539
3473540
3473553
3473571
3473586
3473595
3473600
3473613
3473625
3473632
3473654
3473669
3473676
3473681
3473697
3473711
3473722
3473736
3473745
3473758
3473767
3473774
3473790
3473809
3473817
3473824
3473838
3473846
3473852
3473863
3473875
3473880
3473891
3473904
3473916
3473931
3473947
3473950
3473965
3473973
3473982
3473998
3474008
3474014
3474027
3474039
3474040
3474053
3474062
3474071
3474095
3474109
3474117
3474124
3474138
3474146
3474152
3474163
3474175
3474180
3474191
3474202
3474215
3474223
3474230
3474241
3474259
3474264
3474277
3474288
3474296
3474303
3474311
3474322
3474336
3474345
3474358
3474367
3474374
3474389
3474390
3474401
3474419
3474426
3474434
3474442
3474455
3474478
3474487
3474493
3474507
3474510
3474528
3474535
3474544
3474556
3474561
3474572
3474583
3474599
3474616
3474629
3474631
3474650
3474665
3474673
3474682
3474698
3474706
3474712
3474721
3474733
3474749
3474757
3474770
3474785
3474794
3474805
3474818
3474820
3474837
3474843
3474851
3474866
3474884
3474892
3474900
3474913
3474925
3474932
3474948
3474954
3474969
3474976
3474981
3474997
3475006
3475012
3475021
3475033
3475049
3475057
3475068
3475070
3475085
3475094
3475111
3475122
3475145
3475158
3475167
3475174
3475190
3475208
3475227
3475239
3475240
3475253
3475262
3475271
3475286
3475295
3475307
3475310
3475328
3475335
3475344
3475356
3475361
3475372
3475383
3475400
3475413
3475425
3475432
3475448
3475454
3475469
3475476
3475481
3475497
3475519
3475526
3475534
3475555
3475560
3475578
3475587
3475593
3475602
3475615
3475623
3475630
3475641
3475659
3475664
3475677
3475688
3475696
3475705
3475720
3475737
3475743
3475751
3475766
3475779
3475784
3475792
3475804
3475816
3475829
3475847
3475850
3475865
3475898
3475909
3475917
3475924
3475938
3475946
3475952
3475975
3475980
3475991
3476005
3476018
3476020
3476037
3476043
3476051
3476066
3476079
3476084
3476107
3476110
3476128
3476144
3476156
3476161
3476172
3476183
3476199
3476206
3476212
3476221
3476233
3476249
3476257
3476268
3476270
3476285
3476294
3476301
3476319
3476326
3476334
3476342
3476355
3476360
3476378
3476387
3476424
3476438
3476446
3476452
3476463
3476475
3476480
3476491
3476500
3476513
3476525
3476532
3476548
3476554
3476576
3476581
3476597
3476608
3476614
3476639
3476640
3476653
3476662
3476671
3476695
3476704
3476716
3476729
3476731
3476747
3476750
3476765
3476773
3476782
3476798
3476802
3476815
3476823
3476830
3476841
3476859
3476877
3476888
3476896
3476903
3476911
3476922
3476936
3476945
3476958
3476967
3476974
3476989
3476990
3477001
3477019
3477026
3477034
3477055
3477060
3477078
3477087
3477093
3477104
3477116
3477129
3477131
3477147
3477150
3477165
3477173
3477182
3477198
3477200
3477213
3477225
3477232
3477248
3477254
3477269
3477276
3477281
3477297
3477320
3477337
3477343
3477351
3477366
3477379
3477384
3477392
3477408
3477414
3477427
3477439
3477440
3477462
3477471
3477486
3477495
3477506
3477512
3477521
3477533
3477549
3477557
3477568
3477585
3477594
3477609
3477617
3477624
3477638
3477646
3477652
3477663
3477675
3477680
3477691
3477707
3477710
3477728
3477735
3477744
3477756
3477761
3477772
3477783
3477799
3477803
3477811
3477822
3477836
3477845
3477858
3477867
3477874
3477889
3477890
3477902
3477915
3477923
3477930
3477941
3477959
3477964
3477977
3477988
3477996
3478004
3478016
3478031
3478047
3478050
3478065
3478073
3478082
3478098
3478101
3478119
3478126
3478134
3478142
3478155
3478160
3478178
3478193
3478205
3478218
3478220
3478237
3478243
3478251
3478266
3478279
3478284
3478300
3478313
3478325
3478332
3478348
3478354
3478369
3478381
3478397
3478403
3478411
3478422
3478436
3478445
3478458
3478467
3478474
3478489
3478490
3478517
3478524
3478538
3478546
3478563
3478580
3478591
3478612
3478621
3478633
3478649
3478657
3478668
3478670
3478685
3478694
3478702
3478715
3478723
3478730
3478759
3478764
3478777
3478788
3478796
3478808
3478814
3478827
3478839
3478840
3478853
3478862
3478871
3478886
3478895
3478907
3478910
3478928
3478935
3478944
3478961
3478972
3478983
3479003
3479011
3479022
3479058
3479067
3479074
3479089
3479090
3479106
3479112
3479121
3479133
3479157
3479168
3479170
3479185
3479194
3479207
3479210
3479235
3479244
3479261
3479272
3479283
3479299
3479308
3479314
3479327
3479339
3479340
3479353
3479362
3479371
3479386
3479395
3479404
3479416
3479429
3479431
3479447
3479450
3479465
3479482
3479498
3479502
3479515
3479523
3479530
3479541
3479559
3479564
3479577
3479588
3479596
3479601
3479619
3479626
3479634
3479642
3479655
3479660
3479678
3479687
3479693
3479709
3479717
3479724
3479738
3479746
3479752
3479763
3479775
3479780
3479791
3479800
3479832
3479848
3479854
3479869
3479876
3479881
3479897
3479918
3479920
3479937
3479943
3479951
3479966
3479979
3479984
3479992
3480007
3480010
3480028
3480035
3480044
3480056
3480061
3480072
3480099
3480105
3480118
3480120
3480137
3480143
3480151
3480166
3480179
3480184
3480192
3480201
3480219
3480226
3480234
3480242
3480255
3480260
3480278
3480287
3480293
3480306
3480312
3480321
3480333
3480357
3480368
3480370
3480385
3480394
3480402
3480415
3480423
3480430
3480441
3480459
3480464
3480477
3480496
3480508
3480514
3480527
3480539
3480540
3480553
3480562
3480571
3480586
3480595
3480600
3480613
3480625
3480632
3480648
3480654
3480669
3480676
3480681
3480697
3480703
3480711
3480722
3480736
3480745
3480758
3480767
3480774
3480790
3480809
3480817
3480824
3480838
3480846
3480852
3480863
3480875
3480891
3480904
3480916
3480929
3480931
3480947
3480965
3480973
3480982
3480998
3481003
3481011
3481022
3481036
3481045
3481058
3481067
3481074
3481089
3481090
3481106
3481112
3481133
3481149
3481157
3481168
3481170
3481185
3481194
3481228
3481235
3481244
3481256
3481261
3481272
3481283
3481299
3481308
3481314
3481327
3481339
3481353
3481362
3481395
3481404
3481416
3481429
3481431
3481447
3481450
3481465
3481473
3481482
3481498
3481502
3481515
3481523
3481530
3481541
3481559
3481564
3481577
3481588
3481596
3481601
3481619
3481626
3481634
3481642
3481660
3481678
3481687
3481709
3481724
3481738
3481746
3481752
3481763
3481775
3481780
3481791
3481800
3481825
3481832
3481848
3481854
3481869
3481876
3481881
3481905
3481918
3481920
3481937
3481943
3481951
3481966
3481979
3481984
3481992
3482006
3482012
3482021
3482033
3482049
3482057
3482068
3482070
3482085
3482094
3482103
3482111
3482122
3482136
3482145
3482158
3482167
3482174
3482189
3482208
3482214
3482227
3482239
3482240
3482262
3482271
3482295
3482307
3482310
3482328
3482335
3482344
3482356
3482361
3482372
3482383
3482399
3482400
3482413
3482425
3482432
3482448
3482454
3482469
3482476
3482481
3482497
3482501
3482519
3482526
3482534
3482542
3482555
3482560
3482578
3482587
3482593
3482602
3482615
3482623
3482630
3482659
3482664
3482677
3482688
3482696
3482705
3482718
3482720
3482737
3482743
3482766
3482779
3482784
3482792
3482804
3482816
3482829
3482831
3482847
3482850
3482865
3482873
3482882
3482898
3482909
3482917
3482924
3482938
3482952
3482963
3482975
3482980
3482991
3483000
3483013
3483025
3483032
3483048
3483054
3483069
3483076
3483081
3483097
3483102
3483115
3483123
3483130
3483141
3483159
3483164
3483177
3483188
3483196
3483209
3483217
3483224
3483238
3483246
3483252
3483263
3483280
3483291
3483304
3483316
3483329
3483331
3483350
3483365
3483373
3483382
3483398
3483406
3483412
3483421
3483433
3483457
3483468
3483470
3483485
3483494
3483505
3483518
3483520
3483537
3483543
3483551
3483584
3483592
3483603
3483611
3483622
3483636
3483645
3483658
3483667
3483674
3483689
3483690
3483701
3483719
3483726
3483734
3483742
3483755
3483778
3483787
3483793
3483807
3483810
3483828
3483835
3483844
3483856
3483861
3483872
3483883
3483899
3483908
3483914
3483927
3483939
3483940
3483953
3483962
3483971
3483986
3483995
3484005
3484018
3484020
3484037
3484043
3484051
3484066
3484079
3484084
3484092
3484110
3484128
3484135
3484144
3484156
3484161
3484172
3484183
3484206
3484212
3484221
3484233
3484249
3484257
3484268
3484270
3484285
3484294
3484301
3484319
3484326
3484334
3484342
3484355
3484360
3484378
3484393
3484409
3484417
3484424
3484438
3484446
3484452
3484463
3484475
3484480
3484491
3484513
3484525
3484532
3484548
3484554
3484569
3484576
3484581
3484597
3484614
3484627
3484639
3484640
3484653
3484662
3484671
3484686
3484695
3484704
3484716
3484729
3484731
3484747
3484750
3484765
3484773
3484782
3484798
3484802
3484815
3484823
3484830
3484841
3484859
3484864
3484877
3484888
3484896
3484903
3484911
3484922
3484945
3484958
3484967
3484974
3484990
3485004
3485016
3485029
3485031
3485047
3485050
3485065
3485073
3485082
3485098
3485101
3485126
3485134
3485155
3485160
3485178
3485187
3485193
3485218
3485220
3485237
3485243
3485251
3485266
3485279
3485284
3485292
3485300
3485313
3485325
3485332
3485348
3485354
3485369
3485376
3485381
3485397
3485403
3485411
3485422
3485436
3485445
3485458
3485467
3485489
3485490
3485517
3485524
3485538
3485546
3485552
3485563
3485575
3485580
3485591
3485606
3485612
3485621
3485633
3485657
3485668
3485685
3485694
3485715
3485723
3485730
3485741
3485764
3485777
3485788
3485808
3485827
3485839
3485840
3485853
3485862
3485871
3485886
3485895
3485907
3485910
3485928
3485935
3485944
3485956
3485961
3485972
3485983
3485999
3486002
3486015
3486023
3486041
3486059
3486064
3486077
3486088
3486096
3486100
3486113
3486125
3486132
3486148
3486154
3486169
3486176
3486181
3486204
3486216
3486229
3486231
3486247
3486250
3486265
3486273
3486282
3486309
3486317
3486324
3486338
3486363
3486375
3486380
3486407
3486428
3486435
3486444
3486456
3486461
3486472
3486499
3486503
3486511
3486522
3486536
3486545
3486558
3486574
3486589
3486590
3486618
3486620
3486637
3486643
3486651
3486666
3486679
3486692
3486708
3486714
3486727
3486739
3486740
3486753
3486762
3486771
3486786
3486795
3486806
3486812
3486821
3486833
3486849
3486857
3486894
3486901
3486919
3486934
3486942
3486955
3486960
3486978
3486987
3486993
3487009
3487017
3487024
3487038
3487046
3487052
3487075
3487080
3487108
3487114
3487127
3487139
3487140
3487153
3487162
3487171
3487186
3487195
3487203
3487211
3487222
3487236
3487245
3487258
3487267
3487274
3487289
3487290
3487302
3487315
3487323
3487330
3487341
3487359
3487364
3487377
3487388
3487396
3487418
3487420
3487437
3487443
3487466
3487479
3487484
3487492
3487504
3487516
3487529
3487531
3487547
3487550
3487565
3487573
3487582
3487598
3487610
3487628
3487656
3487661
3487672
3487683
3487699
3487700
3487713
3487725
3487732
3487748
3487754
3487769
3487776
3487781
3487797
3487801
3487819
3487826
3487834
3487842
3487855
3487860
3487878
3487887
3487893
3487906
3487912
3487921
3487933
3487949
3487957
3487968
3487985
3487994
3488008
3488027
3488039
3488040
3488053
3488062
3488071
3488086
3488095
3488109
3488117
3488124
3488138
3488146
3488152
3488163
3488175
3488180
3488191
3488202
3488215
3488223
3488230
3488241
3488259
3488264
3488277
3488288
3488296
3488303
3488311
3488322
3488336
3488345
3488358
3488367
3488374
3488389
3488390
3488401
3488419
3488426
3488434
3488442
3488455
3488460
3488478
3488487
3488493
3488507
3488510
3488528
3488535
3488544
3488561
3488572
3488599
3488604
3488616
3488629
3488631
3488647
3488650
3488665
3488682
3488698
3488706
3488712
3488721
3488733
3488749
3488757
3488768
3488770
3488785
3488794
3488805
3488818
3488820
3488837
3488843
3488851
3488866
3488879
3488884
3488913
3488932
3488948
3488954
3488969
3488976
3488981
3489001
3489019
3489026
3489034
3489042
3489055
3489060
3489078
3489087
3489093
3489104
3489116
3489129
3489147
3489150
3489165
3489173
3489182
3489198
3489200
3489213
3489225
3489232
3489248
3489254
3489269
3489276
3489281
3489297
3489305
3489318
3489320
3489337
3489343
3489351
3489366
3489379
3489384
3489392
3489427
3489439
3489440
3489453
3489462
3489471
3489486
3489495
3489506
3489512
3489533
3489549
3489557
3489568
3489570
3489585
3489594
3489609
3489617
3489624
3489638
3489646
3489652
3489663
3489675
3489680
3489691
3489707
3489710
3489728
3489735
3489756
3489761
3489772
3489783
3489799
3489803
3489811
3489822
3489845
3489858
3489867
3489890
3489902
3489915
3489923
3489930
3489941
3489959
3489977
3489996
3490000
3490025
3490032
3490048
3490054
3490069
3490076
3490081
3490097
3490102
3490115
3490123
3490130
3490141
3490159
3490164
3490177
3490188
3490196
3490209
3490217
3490224
3490238
3490246
3490252
3490263
3490275
3490280
3490291
3490316
3490331
3490347
3490350
3490365
3490373
3490398
3490406
3490412
3490421
3490433
3490449
3490457
3490468
3490470
3490485
3490494
3490505
3490518
3490520
3490543
3490551
3490566
3490579
3490592
3490603
3490611
3490636
3490645
3490667
3490674
3490689
3490690
3490701
3490719
3490726
3490742
3490755
3490760
3490778
3490787
3490793
3490807
3490810
3490828
3490835
3490844
3490856
3490861
3490872
3490883
3490899
3490908
3490914
3490927
3490940
3490953
3490962
3490986
3490995
3491001
3491019
3491026
3491034
3491042
3491055
3491060
3491078
3491087
3491093
3491116
3491129
3491131
3491147
3491165
3491173
3491182
3491198
3491213
3491225
3491232
3491248
3491254
3491269
3491276
3491281
3491297
3491305
3491320
3491337
3491343
3491351
3491366
3491379
3491384
3491408
3491427
3491439
3491440
3491453
3491462
3491471
3491486
3491495
3491506
3491512
3491521
3491533
3491549
3491568
3491585
3491609
3491617
3491624
3491638
3491652
3491663
3491675
3491680
3491691
3491707
3491710
3491735
3491744
3491772
3491783
3491799
3491803
3491811
3491822
3491836
3491845
3491858
3491874
3491889
3491890
3491902
3491915
3491923
3491930
3491941
3491959
3491964
3491977
3491988
3491996
3492004
3492016
3492029
3492031
3492047
3492050
3492065
3492082
3492098
3492101
3492119
3492126
3492134
3492142
3492155
3492160
3492178
3492187
3492193
3492205
3492218
3492220
3492237
3492251
3492266
3492279
3492284
3492292
3492300
3492313
3492332
3492348
3492354
3492369
3492381
3492397
3492403
3492411
3492436
3492445
3492458
3492467
3492474
3492489
3492490
3492509
3492517
3492524
3492538
3492546
3492552
3492563
3492575
3492580
3492591
3492606
3492612
3492633
3492649
3492657
3492668
3492670
3492685
3492694
3492702
3492715
3492723
3492730
3492741
3492759
3492777
3492788
3492808
3492814
3492827
3492839
3492840
3492853
3492862
3492871
3492886
3492895
3492907
3492910
3492928
3492935
3492944
3492956
3492961
3492972
3492983
3492999
3493003
3493011
3493022
3493036
3493045
3493058
3493067
3493074
3493089
3493090
3493106
3493112
3493133
3493157
3493168
3493170
3493185
3493194
3493207
3493210
3493228
3493235
3493244
3493256
3493261
3493272
3493283
3493299
3493308
3493314
3493327
3493339
3493353
3493362
3493371
3493395
3493404
3493416
3493429
3493431
3493447
3493450
3493465
3493482
3493498
3493515
3493523
3493530
3493541
3493559
3493564
3493577
3493588
3493596
3493601
3493619
3493626
3493634
3493655
3493678
3493687
3493693
3493709
3493717
3493724
3493738
3493746
3493752
3493763
3493775
3493780
3493800
3493825
3493832
3493848
3493854
3493869
3493876
3493897
3493905
3493918
3493920
3493937
3493943
3493951
3493966
3493979
3493984
3493992
3494015
3494023
3494030
3494041
3494059
3494064
3494077
3494088
3494096
3494100
3494113
3494125
3494132
3494148
3494154
3494169
3494176
3494181
3494197
3494204
3494216
3494229
3494231
3494250
3494265
3494273
3494282
3494298
3494309
3494317
3494324
3494338
3494346
3494352
3494363
3494375
3494380
3494391
3494407
3494410
3494428
3494435
3494444
3494456
3494461
3494472
3494483
3494499
3494503
3494511
3494522
3494536
3494545
3494558
3494567
3494574
3494589
3494590
3494605
3494618
3494637
3494643
3494651
3494679
3494684
3494692
3494714
3494727
3494739
3494740
3494753
3494762
3494771
3494795
3494812
3494821
3494833
3494849
3494857
3494868
3494870
3494885
3494894
3494901
3494919
3494926
3494934
3494942
3494955
3494960
3494978
3494987
3494993
3495008
3495014
3495027
3495039
3495040
3495053
3495062
3495071
3495086
3495095
3495109
3495117
3495124
3495146
3495152
3495163
3495175
3495180
3495191
3495202
3495215
3495223
3495230
3495241
3495259
3495264
3495277
3495288
3495296
3495303
3495311
3495322
3495336
3495345
3495358
3495367
3495374
3495389
3495390
3495401
3495419
3495426
3495434
3495442
3495455
3495460
3495478
3495487
3495507
3495510
3495528
3495535
3495556
3495561
3495583
3495599
3495604
3495616
3495629
3495631
3495650
3495665
3495673
3495682
3495698
3495706
3495712
3495721
3495733
3495757
3495768
3495770
3495785
3495794
3495805
3495818
3495820
3495837
3495843
3495851
3495866
3495879
3495884
3495892
3495900
3495913
3495925
3495932
3495948
3495954
3495969
3495976
3495981
3496006
3496021
3496033
3496049
3496057
3496068
3496070
3496085
3496094
3496103
3496111
3496122
3496136
3496145
3496158
3496167
3496189
3496190
3496208
3496214
3496227
3496239
3496240
3496253
3496262
3496271
3496286
3496295
3496307
3496310
3496328
3496335
3496344
3496356
3496372
3496383
3496399
3496400
3496413
3496425
3496432
3496448
3496454
3496476
3496481
3496497
3496501
3496519
3496526
3496555
3496560
3496578
3496587
3496602
3496615
3496623
3496630
3496641
3496659
3496664
3496677
3496688
3496696
3496705
3496718
3496720
3496737
3496743
3496751
3496766
3496779
3496792
3496816
3496829
3496831
3496847
3496850
3496865
3496873
3496882
3496898
3496909
3496917
3496924
3496938
3496946
3496952
3496963
3496975
3496980
3496991
3497007
3497010
3497028
3497044
3497056
3497061
3497072
3497083
3497099
3497105
3497120
3497137
3497143
3497151
3497166
3497179
3497184
3497201
3497219
3497226
3497234
3497242
3497278
3497287
3497293
3497306
3497312
3497321
3497349
3497357
3497368
3497370
3497385
3497394
3497402
3497415
3497423
3497430
3497441
3497459
3497464
3497477
3497488
3497496
3497508
3497514
3497527
3497539
3497540
3497553
3497562
3497571
3497586
3497595
3497600
3497625
3497632
3497648
3497669
3497676
3497681
3497697
3497703
3497711
3497722
3497736
3497758
3497767
3497774
3497789
3497790
3497809
3497817
3497824
3497838
3497846
3497852
3497875
3497880
3497891
3497904
3497916
3497929
3497931
3497947
3497950
3497965
3497973
3497982
3498005
3498018
3498020
3498037
3498043
3498051
3498066
3498079
3498084
3498092
3498110
3498128
3498135
3498144
3498156
3498161
3498183
3498199
3498206
3498212
3498221
3498233
3498249
3498257
3498268
3498285
3498294
3498301
3498319
3498326
3498334
3498342
3498355
3498360
3498378
3498387
3498393
3498409
3498417
3498424
3498438
3498446
3498452
3498463
3498475
3498480
3498491
3498500
3498513
3498525
3498532
3498548
3498554
3498569
3498576
3498581
3498597
3498608
3498614
3498627
3498639
3498640
3498653
3498662
3498671
3498695
3498704
3498716
3498729
3498731
3498750
3498765
3498773
3498782
3498798
3498802
3498815
3498823
3498841
3498859
3498864
3498877
3498888
3498896
3498903
3498911
3498922
3498936
3498945
3498958
3498967
3498974
3498990
3499009
3499017
3499024
3499038
3499046
3499052
3499063
3499075
3499080
3499091
3499108
3499114
3499127
3499139
3499153
3499162
3499171
3499195
3499203
3499211
3499222
3499236
3499245
3499258
3499267
3499274
3499289
3499290
3499302
3499315
3499323
3499330
3499341
3499359
3499364
3499377
3499388
3499396
3499405
3499418
3499420
3499437
3499443
3499451
3499466
3499479
3499484
3499492
3499504
3499516
3499529
3499531
3499550
3499565
3499573
3499582
3499598
3499607
3499610
3499628
3499635
3499644
3499656
3499661
3499683
3499700
3499713
3499725
3499732
3499748
3499754
3499769
3499781
3499797
3499801
3499819
3499826
3499834
3499842
3499855
3499860
3499878
3499887
3499893
3499906
3499912
3499921
3499933
3499949
3499957
3499968
3499970
3499985
3499994
