2474587
2474593
2474623
2474630
2474664
2474688
2474705
2474718
2474720
2474784
2474847
2474873
2474909
2474917
2474924
2474938
2474946
2474980
2474991
2475020
2475043
2475084
2475110
2475135
2475144
2475161
2475172
2475212
2475221
2475257
2475270
2475301
2475393
2475417
2475452
2475480
2475525
2475554
2475569
2475608
2475639
2475640
2475653
2475662
2475686
2475704
2475747
2475773
2475782
2475802
2475815
2475823
2475841
2475896
2475936
2475989
2476029
2476031
2476047
2476065
2476073
2476134
2476178
2476193
2476205
2476218
2476220
2476237
2476266
2476279
2476292
2476300
2476332
2476348
2476381
2476397
2476411
2476467
2476524
2476612
2476657
2476670
2476685
2476702
2476715
2476741
2476759
2476764
2476777
2476827
2476839
2476840
2476862
2476871
2476895
2476910
2476928
2476935
2476961
2476972
2476983
2477048
2477054
2477069
2477102
2477123
2477141
2477177
2477196
2477304
2477316
2477350
2477365
2477373
2477382
2477449
2477457
2477470
2477566
2477579
2477592
2477603
2477667
2477674
2477734
2477778
2477787
2477807
2477914
2477940
2477953
2477971
2477986
2478030
2478059
2478064
2478077
2478096
2478181
2478204
2478247
2478265
2478338
2478391
2478410
2478472
2478483
2478499
2478511
2478536
2478545
2478574
2478590
2478605
2478620
2478643
2478651
2478666
2478679
2478714
2478762
2478806
2478821
2478857
2478919
2478926
2478934
2478942
2478955
2479028
2479044
2479083
2479118
2479166
2479179
2479184
2479192
2479219
2479234
2479242
2479255
2479312
2479385
2479423
2479441
2479459
2479477
2479488
2479508
2479600
2479613
2479625
2479632
2479676
2479697
2479722
2479817
2479824
2479838
2479863
2479875
2479929
2480001
2480019
2480093
2480116
