2400008
2400014
2400027
2400040
2400053
2400086
2400095
2400124
2400146
2400191
2400202
2400241
2400259
2400264
2400277
2400288
2400303
2400336
2400389
2400390
2400401
2400419
2400426
2400460
2400478
2400487
2400528
2400535
2400599
2400629
2400650
2400665
2400682
2400698
2400721
2400733
2400749
2400757
2400785
2400818
2400820
2400837
2400851
2400900
2400954
2400969
2400976
2400981
2400997
2401021
2401103
2401122
2401145
2401174
2401189
2401239
2401253
2401271
2401295
2401328
2401344
2401361
2401383
2401399
2401432
2401481
2401497
2401519
2401526
2401555
2401560
2401593
2401602
2401720
2401766
2401816
2401831
2401850
2401873
2401909
2401917
2401924
2401946
2401980
2402003
2402011
2402022
2402067
2402074
2402106
2402112
2402121
2402133
2402185
2402194
2402207
2402235
2402256
2402261
2402272
2402314
2402327
2402371
2402395
2402404
2402429
2402465
2402541
2402588
2402596
2402601
2402619
2402634
2402655
2402693
2402717
2402763
2402780
2402791
2402854
2402920
2402937
2402943
2402966
2403004
2403029
2403050
2403065
2403119
2403160
2403187
2403218
2403220
2403237
2403251
2403313
2403325
2403376
2403397
2403403
2403411
2403436
2403524
2403563
2403580
2403670
2403694
2403702
2403715
2403723
2403730
2403764
2403777
2403796
2403808
2403839
2403840
2403853
2403886
2403928
2403956
2403961
2404009
2404038
2404114
2404171
2404245
2404290
2404302
2404330
2404341
2404396
2404418
2404420
2404437
2404443
2404466
2404504
2404529
2404598
2404656
2404661
2404672
2404699
2404732
2404819
2404826
2404834
2404855
2404878
2404912
2404957
2404968
2404970
2405000
2405013
2405025
2405076
2405097
2405102
2405141
2405177
2405196
2405224
2405291
2405316
2405331
2405382
2405406
2405457
2405468
2405470
2405494
2405505
2405584
2405622
2405690
2405719
2405755
2405787
2405793
2405807
2405828
2405835
2405861
2405872
2405883
2405953
2405995
2406001
2406060
2406104
2406129
2406147
2406200
2406269
2406281
2406305
2406318
2406320
2406366
2406379
2406384
2406427
2406453
2406506
2406512
2406521
2406533
2406549
2406568
2406585
2406594
2406609
2406624
2406638
2406646
2406663
2406744
2406756
2406889
2406902
2406959
2406964
2406988
2407018
2407037
2407043
2407084
2407092
2407144
2407156
2407233
2407257
2407285
2407334
2407378
2407409
2407424
2407475
2407480
2407500
2407513
2407532
2407576
2407597
2407608
2407639
2407653
2407686
2407729
2407782
2407802
2407823
2407830
2407841
2407864
2407958
2407967
2407990
2408010
2408083
2408105
2408120
2408201
2408226
2408260
2408278
2408287
2408293
2408368
2408394
2408441
2408477
2408488
2408553
2408562
2408595
2408676
2408697
2408722
2408736
2408745
2408758
2408809
2408824
2408875
2408891
2408931
2409015
2409064
2409154
2409197
2409229
2409273
2409338
2409346
2409391
2409428
2409461
2409472
2409483
2409522
2409536
2409558
2409567
2409605
2409618
2409620
2409643
2409679
2409684
2409795
2409955
2410107
2410128
2410172
2410206
2410249
2410268
2410294
2410334
2410342
2410446
2410463
2410500
2410513
2410576
2410581
2410608
2410627
2410653
2410671
2410704
2410729
2410731
2410747
2410773
2410802
2410823
2410911
2410922
2410958
2410974
2410989
2410990
2411004
2411016
2411029
2411031
2411047
2411073
2411119
2411142
2411155
2411160
2411178
2411193
2411220
2411237
2411243
2411284
2411300
2411325
2411348
2411354
2411376
2411381
2411403
2411422
2411445
2411467
2411490
2411606
2411621
2411633
2411649
2411657
2411668
2411685
2411702
2411723
2411741
2411777
2411788
2411796
2411814
2411827
2411840
2411853
2411886
2411910
2411944
2411956
2411972
2412055
2412078
2412093
2412116
2412131
2412147
2412182
2412213
2412232
2412248
2412269
2412281
2412297
2412305
2412337
2412351
2412392
2412414
2412439
2412453
2412471
2412506
2412512
2412521
2412533
2412609
2412646
2412652
2412707
2412735
2412744
2412772
2412822
2412874
2412890
2412902
2412964
2412996
2413039
2413040
2413053
2413071
2413109
2413124
2413138
2413191
2413202
2413223
2413264
2413288
2413303
2413367
2413426
2413460
2413478
2413493
2413507
2413572
2413583
2413599
2413604
2413629
2413650
2413665
2413682
2413698
2413721
2413768
2413770
2413785
2413820
2413851
2413884
2413913
2413954
2414007
2414010
2414035
2414044
2414072
2414105
2414120
2414143
2414151
2414166
2414192
2414226
2414260
2414278
2414293
2414368
2414402
2414441
2414459
2414477
2414508
2414527
2414562
2414571
2414600
2414625
2414632
2414654
2414669
2414681
2414703
2414711
2414824
2414875
2414904
2414916
2414929
2414950
2414982
2415022
2415067
2415074
2415106
2415133
2415210
2415228
2415299
2415314
2415339
2415362
2415395
2415431
2415465
2415482
2415502
2415530
2415588
2415626
2415634
2415642
2415746
2415775
2415780
2415825
2415832
2415854
2415869
2415876
2415897
2415905
2415979
2416017
2416024
2416038
2416108
2416127
2416139
2416162
2416203
2416211
2416222
2416236
2416245
2416289
2416290
2416302
2416315
2416330
2416341
2416420
2416437
2416443
2416466
2416492
2416504
2416516
2416547
2416550
2416598
2416607
2416610
2416628
2416635
2416656
2416700
2416713
2416732
2416801
2416826
2416834
2416906
2416921
2416968
2416985
2417002
2417041
2417096
2417100
2417125
2417216
2417231
2417282
2417317
2417338
2417346
2417375
2417391
2417407
2417444
2417472
2417483
2417503
2417589
2417590
2417618
2417692
2417727
2417771
2417786
2417849
2417868
2417894
2417926
2417942
2417960
2417978
2417993
2418032
2418130
2418164
2418177
2418188
2418224
2418238
2418275
2418304
2418316
2418329
2418373
2418433
2418449
2418518
2418543
2418592
2418603
2418645
2418667
2418674
2418690
2418755
2418793
2418807
2418810
2418844
2418856
2418899
2418908
2418927
2418962
2418971
2419021
2419049
2419068
2419094
2419122
2419145
2419158
2419189
2419190
2419253
2419271
2419295
2419307
2419328
2419356
2419383
2419400
2419432
2419454
2419481
2419497
2419501
2419519
2419542
2419593
2419602
2419615
2419623
2419677
2419696
2419737
2419743
2419751
2419766
2419792
2419804
2419829
2419850
2419865
2419873
2419898
2419952
2419963
2420010
2420061
2420120
2420143
2420151
2420184
2420201
2420219
2420234
2420242
2420260
2420333
2420385
2420394
2420415
2420430
2420464
2420540
2420553
2420562
2420600
2420613
2420648
2420654
2420681
2420745
2420767
2420789
2420817
2420846
2420931
2420982
2421011
2421089
2421090
2421106
2421112
2421133
2421157
2421168
2421170
2421185
2421210
2421228
2421256
2421261
2421272
2421283
2421339
2421353
2421386
2421429
2421447
2421465
2421502
2421515
2421564
2421577
2421596
2421660
2421717
2421752
2421763
2421780
2421800
2421813
2421825
2421854
2421876
2421920
2421937
2421979
2421984
2421992
2422006
2422012
2422021
2422049
2422057
2422070
2422103
2422111
2422122
2422239
2422240
2422253
2422262
2422271
2422310
2422328
2422335
2422361
2422425
2422448
2422497
2422519
2422526
2422534
2422560
2422578
2422587
2422602
2422677
2422705
2422720
2422743
2422766
2422779
2422804
2422850
2422865
2422909
2422917
2422938
2422975
2422980
2422991
2423013
2423048
2423069
2423076
2423123
2423130
2423164
2423177
2423188
2423246
2423252
2423331
2423350
2423365
2423398
2423449
2423468
2423485
2423518
2423520
2423566
2423579
2423584
2423603
2423611
2423622
2423645
2423667
2423719
2423742
2423760
2423807
2423810
2423856
2423861
2423899
2423914
2423927
2423940
2423962
2423995
2424005
2424037
2424043
2424079
2424092
2424107
2424110
2424128
2424144
2424172
2424249
2424268
2424270
2424285
2424355
2424360
2424393
2424424
2424446
2424475
2424525
2424532
2424569
2424576
2424597
2424608
2424627
2424640
2424653
2424662
2424671
2424704
2424716
2424729
2424747
2424750
2424765
2424798
2424802
2424830
2424864
2424877
2424974
2425031
2425050
2425098
2425126
2425134
2425160
2425187
2425218
2425251
2425266
2425284
2425332
2425348
2425685
2425715
2425730
2425759
2425814
2425853
2425961
2425972
2425983
2426030
2426059
2426064
2426096
2426100
2426113
2426125
2426148
2426176
2426229
2426250
2426298
2426410
2426428
2426456
2426574
2426643
2426708
2426727
2426740
2426762
2426786
2426795
2426833
2427038
2427052
2427114
2427258
2427274
2427302
2427315
2427341
2427418
2427451
2427516
2427531
2427776
2427878
2427893
2427906
2427970
2427994
2428062
2428322
2428478
2428721
2428997
2429173
2429506
2429836
2430304
2430584
2430734
2430807
2430828
2430927
2431116
2431269
2431281
2431297
2431318
2431392
2431570
2431680
2431772
2431858
2431874
2431941
2432047
2432073
2432082
2432098
2432292
2432300
2432397
2432422
2432546
2432633
2432668
2432956
2433011
2433045
2433194
2433261
2433314
2433738
2433979
2434456
2434620
2434679
2434684
2434708
2434753
2434885
2434894
2435071
2435259
2435288
2435311
2435345
2435358
2435401
2435442
2435556
2435572
2435673
2435721
2435770
2435794
2435843
2436033
2436057
2436136
2436239
2436262
2436361
2436542
2436560
2436587
2436602
2436615
2436630
2436641
2436688
2436696
2436737
2436743
2436779
2436784
2436792
2436873
2436938
2437061
2437099
2437166
2437192
2437219
2437226
2437278
2437293
2437394
2437430
2437488
2437514
2437539
2437553
2437562
2437571
2437595
2437613
2437648
2437654
2437669
2437767
2437817
2437824
2437838
2437852
2437891
2437950
2437973
2437982
2438018
2438020
2438043
2438079
2438092
2438156
2438199
2438206
2438257
2438270
2438285
2438301
2438334
2438355
2438424
2438438
2438446
2438480
2438500
2438513
2438525
2438532
2438548
2438554
2438569
2438576
2438581
2438597
2438614
2438627
2438640
2438686
2438750
2438782
2438798
2438802
2438823
2438877
2438896
2438903
2438911
2438922
2438967
2438989
2439038
2439046
2439063
2439075
2439080
2439091
2439140
2439222
2439236
2439274
2439289
2439330
2439341
2439359
2439388
2439418
2439420
2439466
2439531
2439550
2439628
2439635
2439644
2439656
2439672
2439683
2439699
2439700
2439713
2439725
2439754
2439781
2439855
2439994
2440016
2440029
2440031
2440050
2440101
2440119
2440126
2440142
2440155
2440178
2440220
2440237
2440284
2440292
2440313
2440332
2440354
2440376
2440381
2440397
2440422
2440458
2440474
2440489
2440524
2440538
2440563
2440633
2440668
2440702
2440715
2440777
2440796
2440853
2440862
2440910
2440999
2441023
2441059
2441064
2441113
2441125
2441148
2441154
2441197
2441229
2441231
2441265
2441273
2441375
2441380
2441391
2441407
2441435
2441461
2441499
2441558
2441618
2441637
2441643
2441651
2441666
2441679
2441692
2441727
2441786
2441806
2441833
2441849
2441885
2441978
2441987
2442048
2442054
2442076
2442102
2442115
2442224
2442263
2442275
2442304
2442316
2442365
2442433
2442457
2442566
2442579
2442592
2442611
2442645
2442658
2442701
2442734
2442742
2442760
2442810
2442835
2442844
2442856
2442861
2442883
2442939
2443057
2449257
2449285
2449294
2449301
2449342
2449393
2449438
2449452
2449475
2449500
2449532
2449548
2449614
2449627
2449662
2449671
2449704
2449716
2449729
2449731
2449750
2449773
2449815
2449823
2449841
2449859
2449896
2449936
2449974
2450068
2450103
2450145
2450174
2450190
2450240
2450262
2450295
2450335
2450356
2450383
2450413
2450469
2450593
2450623
2450641
2450751
2450831
2450850
2450873
2450917
2450938
2450952
2451037
2451128
2451199
2451294
2451491
2451513
2451525
2451608
2451922
2451958
2451967
2452083
2452118
2452120
2452137
2452143
2452166
2452226
2452234
2452242
2452278
2452368
2452394
2452415
2452423
2452441
2452477
2452496
2452508
2452595
2452654
2452681
2452697
2452703
2452711
2452722
2452736
2452758
2452767
2452774
2452863
2452916
2452929
2452950
2453015
2453023
2453100
2453113
2453132
2453154
2453181
2453231
2453247
2453282
2453309
2453317
2453338
2453522
2453574
2453589
2453605
2453620
2453679
2453739
2453740
2453786
2453812
2453857
2453955
2453978
2454011
2454058
2454067
2454074
2454089
2454168
2454210
2454228
2454235
2454283
2454314
2454362
2454416
2454429
2454523
2454530
2454577
2454601
2454619
2454634
2454655
2454660
2454693
2454724
2454738
2454746
2454780
2454832
2454897
2454920
2454979
2455009
2455080
2455091
2455114
2455139
2461843
2461851
2461892
2461900
2461925
2461976
2461997
2462017
2462038
2462080
2462108
2462153
2462186
2462203
2462245
2462302
2462359
2462364
2462377
2462388
2462405
2462418
2462420
2462437
2462466
2462635
2462672
2462725
2462732
2462776
2462878
2462887
2462893
2462994
2463005
2463018
2463135
2463156
2463233
2463249
2463285
2463639
2463671
2463815
2463859
2463877
2464013
2464130
2464209
2464304
2464329
2464505
2464592
2464611
2464645
2464674
2464690
2464787
2464793
2464861
2464872
2464939
2465093
2465318
2465392
2465495
2465533
2465557
2465568
2465585
2465594
2465663
2465710
2465744
2465761
2465867
2465902
2465964
2465988
2465996
2466010
2466072
2466151
2466242
2466349
2466357
2466394
2466496
2466508
2466514
2466527
2466540
2466553
2466600
2466632
2466676
2466697
2466703
2466774
2466790
2467006
2467033
2467068
2467085
2467103
2467122
2467189
2467214
2467240
2467262
2467295
2467307
2467310
2467328
2467372
2467399
2467425
2467476
2467593
2467641
2467677
2467688
2467720
2467766
2467804
2467829
2467831
2467850
2467882
2467898
2467963
2467991
2468058
2468106
2468121
2468149
2468170
2468185
2468210
2468261
2468272
2468339
2468371
2468386
2468450
2468515
2468559
2468619
2468738
2468752
2468825
2468832
2468992
2469016
2469029
2469065
2469098
2469101
2469134
2469193
2469218
2469243
2469292
2469300
2469403
2469411
2469422
2469445
2469490
2469552
2469563
2469575
2469580
2469591
2469621
2469702
2469764
2469788
2469796
2469827
2469895
2469907
2469935
2469956
2469983
2470045
2470058
2470067
2470089
2470106
2470121
2470133
2470194
2470210
2470228
2470261
2470283
2470308
2470371
2470386
2470395
2470482
2470498
2470515
2470577
2470626
2470634
2470660
2470717
2470775
2470791
2470800
2470848
2470869
2470876
2470881
2470951
2470984
2471038
2471046
2471075
2471091
2471114
2471127
2471139
2471153
2471274
2471290
2471330
2471364
2471451
2471466
2471484
2471504
2471700
2471725
2471732
2471781
2471801
2471826
2471860
2471893
2471912
2471949
2472071
2472086
2472095
2472124
2472138
2472152
2472180
2472202
2472241
2472277
2472288
2472311
2472367
2472434
2472442
2472460
2472478
2472544
2472556
2472561
2472583
2472599
2472629
2472647
2472650
2472721
2472805
2472818
2472837
2472892
2473001
2473055
2473060
2473078
2473087
2473093
2473104
2473150
2473165
2473225
2473269
2473281
2473305
2473318
2473337
2473343
2473351
2473366
2473392
2473414
2473495
2473570
2473585
2473594
2473646
2473675
2473728
2473783
2473803
2473811
2473822
2473858
2473923
2473930
2473941
2473988
2474006
2474068
2474070
2474103
2474136
2474167
2474286
2474335
2474344
2474361
2474400
2474413
2474454
2474497
