3701107
3701446
3701452
3703499
3704447
3704473
3707187
3709682
3712927
3713189
3715824
3715916
3717818
3717954
3719212
3720977
3722958
3724313
3725324
3725753
3726510
3726733
3727775
3729159
3729177
3730195
3734374
3734544
3734583
3735057
3735476
3735882
3736326
3738004
3738292
3740666
3742330
3743438
3743974
3744807
3745803
3745964
3746571
3746891
3747454
3748752
3752609
3755386
3755642
3755937
3757247
3757250
3759898
3760820
3763101
3764607
3764921
3768293
3770464
3771090
3772865
3775814
3776919
3779129
3779609
3780304
3781026
3781173
3782670
3782730
3783058
3786136
3786526
3790074
3790386
3791388
3791985
3793055
3793585
3794335
3796983
3798605
