3700006
3700033
3700049
3700057
3700070
3700085
3700122
3700136
3700174
3700214
3700239
3700262
3700286
3700310
3700344
3700356
3700383
3700399
3700400
3700413
3700425
3700448
3700497
3700519
3700526
3700542
3700578
3700587
3700593
3700615
3700630
3700641
3700677
3700688
3700696
3700766
3700792
3700804
3700829
3700850
3700865
3700873
3700924
3700975
3700980
3700991
3701037
3701043
3701051
3701066
3701079
3701092
3701107
3701135
3701144
3701172
3701183
3701199
3701212
3701221
3701233
3701249
3701268
3701294
3701319
3701334
3701360
3701387
3701409
3701417
3701424
3701446
3701452
3701463
3701475
3701480
3701513
3701525
3701532
3701554
3701569
3701576
3701597
3701608
3701614
3701640
3701695
3701731
3701747
3701773
3701798
3701802
3701841
3701859
3701864
3701877
3701911
3701922
3701936
3701945
3701958
3701967
3701990
3702010
3702028
3702035
3702061
3702072
3702083
3702105
3702120
3702137
3702166
3702179
3702184
3702201
3702219
3702242
3702287
3702306
3702312
3702321
3702333
3702357
3702368
3702385
3702394
3702430
3702459
3702464
3702508
3702514
3702527
3702553
3702571
3702586
3702613
3702632
3702654
3702722
3702745
3702774
3702809
3702817
3702838
3702846
3702875
3702880
3702904
3702916
3702929
3702950
3702965
3702973
3702982
3703015
3703023
3703030
3703059
3703064
3703077
3703088
3703100
3703125
3703154
3703176
3703181
3703197
3703216
3703229
3703231
3703250
3703265
3703273
3703298
3703309
3703317
3703338
3703352
3703375
3703380
3703391
3703407
3703410
3703456
3703472
3703499
3703503
3703511
3703522
3703536
3703574
3703605
3703620
3703637
3703651
3703679
3703684
3703708
3703714
3703771
3703857
3703868
3703894
3703901
3703926
3703934
3703942
3703955
3703978
3704003
3704036
3704045
3704058
3704067
3704074
3704089
3704090
3704133
3704149
3704157
3704194
3704207
3704244
3704256
3704299
3704308
3704327
3704339
3704340
3704362
3704386
3704447
3704450
3704473
3704498
3704515
3704523
3704530
3704541
3704596
3704626
3704634
3704655
3704660
3704678
3704717
3704724
3704738
3704746
3704752
3704775
3704791
3704825
3704848
3704854
3704869
3704876
3704897
3704918
3704951
3704984
3704992
3705017
3705024
3705038
3705114
3705127
3705153
3705162
3705171
3705186
3705195
3705211
3705245
3705258
3705289
3705290
3705302
3705330
3705341
3705405
3705437
3705479
3705516
3705531
3705565
3705582
3705628
3705635
3705683
3705700
3705713
3705725
3705732
3705754
3705769
3705776
3705826
3705834
3705860
3705893
3705906
3705912
3705933
3705968
3705970
3706000
3706013
3706025
3706032
3706069
3706076
3706081
3706115
3706130
3706164
3706188
3706238
3706280
3706373
3706398
3706412
3706421
3706433
3706457
3706485
3706494
3706505
3706518
3706537
3706551
3706566
3706584
3706603
3706622
3706658
3706755
3706778
3706810
3706844
3706856
3706861
3706872
3706883
3706940
3706953
3706962
3706971
3707004
3707047
3707082
3707098
3707101
3707119
3707126
3707142
3707155
3707160
3707187
3707193
3707205
3707218
3707220
3707237
3707243
3707266
3707292
3707300
3707313
3707348
3707354
3707369
3707397
3707445
3707489
3707490
3707509
3707517
3707538
3707563
3707575
3707606
3707649
3707657
3707668
3707670
3707694
3707702
3707715
3707723
3707759
3707777
3707796
3707808
3707814
3707840
3707853
3707862
3707886
3707907
3707910
3707956
3707961
3707999
3708001
3708019
3708034
3708060
3708104
3708147
3708165
3708173
3708198
3708200
3708225
3708254
3708281
3708305
3708337
3708343
3708351
3708384
3708392
3708440
3708462
3708471
3708486
3708521
3708549
3708557
3708570
3708609
3708617
3708638
3708663
3708707
3708710
3708728
3708744
3708761
3708772
3708811
3708836
3708858
3708874
3708915
3708923
3708930
3708959
3708988
3708996
3709008
3709014
3709027
3709039
3709053
3709062
3709071
3709138
3709152
3709163
3709180
3709215
3709223
3709230
3709264
3709288
3709322
3709367
3709374
3709389
3709401
3709434
3709442
3709510
3709544
3709556
3709599
3709604
3709616
3709650
3709673
3709682
3709712
3709733
3709770
3709794
3709805
3709837
3709843
3709866
3709879
3709884
3709900
3709925
3709954
3709969
3709981
3709997
3710004
3710029
3710047
3710050
3710065
3710101
3710134
3710142
3710155
3710187
3710193
3710220
3710237
3710243
3710279
3710284
3710300
3710332
3710369
3710381
3710397
3710403
3710422
3710436
3710489
3710490
3710509
3710524
3710538
3710546
3710580
3710606
3710612
3710621
3710649
3710657
3710668
3710685
3710694
3710715
3710723
3710730
3710741
3710759
3710796
3710814
3710827
3710871
3710907
3710910
3710928
3710935
3710956
3710983
3711002
3711023
3711064
3711088
3711096
3711113
3711181
3711197
3711231
3711309
3711363
3711380
3711391
3711407
3711410
3711435
3711444
3711472
3711483
3711536
3711574
3711590
3711605
3711618
3711620
3711643
3711666
3711684
3711692
3711727
3711740
3711762
3711786
3711806
3711849
3711868
3711955
3711978
3712013
3712032
3712048
3712076
3712115
3712159
3712177
3712196
3712224
3712238
3712246
3712252
3712263
3712291
3712304
3712316
3712329
3712373
3712412
3712433
3712520
3712537
3712551
3712566
3712579
3712592
3712658
3712667
3712690
3712701
3712742
3712760
3712778
3712793
3712844
3712856
3712861
3712872
3712899
3712908
3712914
3712927
3712939
3712971
3713021
3713070
3713085
3713145
3713158
3713167
3713189
3713190
3713214
3713227
3713240
3713262
3713286
3713307
3713310
3713344
3713356
3713361
3713383
3713400
3713425
3713432
3713469
3713476
3713481
3713497
3713555
3713560
3713641
3713677
3713688
3713705
3713718
3713737
3713751
3713766
3713779
3713792
3713829
3713847
3713850
3713865
3713873
3713898
3713909
3713917
3713938
3713946
3713975
3713980
3714001
3714060
3714078
3714131
3714147
3714150
3714182
3714198
3714225
3714248
3714269
3714276
3714297
3714343
3714351
3714384
3714408
3714414
3714427
3714439
3714440
3714453
3714471
3714486
3714506
3714512
3714521
3714533
3714549
3714568
3714570
3714594
3714609
3714617
3714624
3714638
3714646
3714652
3714663
3714675
3714707
3714710
3714756
3714761
3714772
3714783
3714803
3714836
3714845
3714858
3714867
3714874
3714890
3714902
3714915
3714941
3714977
3715007
3715010
3715072
3715105
3715118
3715137
3715179
3715184
3715219
3715242
3715255
3715278
3715287
3715312
3715321
3715333
3715349
3715385
3715394
3715402
3715415
3715459
3715464
3715514
3715527
3715540
3715595
3715600
3715625
3715632
3715654
3715669
3715676
3715697
3715745
3715758
3715767
3715774
3715789
3715809
3715817
3715824
3715838
3715846
3715863
3715875
3715880
3715904
3715916
3715931
3715947
3715950
3716003
3716011
3716058
3716067
3716074
3716089
3716090
3716106
3716112
3716149
3716157
3716170
3716194
3716207
3716235
3716261
3716272
3716283
3716314
3716327
3716340
3716362
3716395
3716404
3716416
3716429
3716431
3716447
3716450
3716465
3716473
3716498
3716523
3716530
3716541
3716601
3716626
3716634
3716642
3716660
3716687
3716709
3716717
3716738
3716775
3716780
3716800
3716813
3716825
3716848
3716876
3716881
3716897
3716905
3716966
3716979
3716984
3716992
3717014
3717053
3717062
3717086
3717095
3717124
3717146
3717163
3717175
3717180
3717191
3717202
3717215
3717223
3717230
3717259
3717264
3717288
3717303
3717336
3717345
3717367
3717374
3717401
3717426
3717434
3717442
3717455
3717478
3717493
3717507
3717510
3717544
3717556
3717561
3717572
3717583
3717599
3717616
3717631
3717650
3717665
3717673
3717682
3717733
3717749
3717768
3717770
3717785
3717818
3717837
3717851
3717892
3717900
3717925
3717932
3717948
3717954
3717969
3717976
3718017
3718046
3718063
3718080
3718091
3718108
3718139
3718140
3718171
3718211
3718245
3718315
3718330
3718341
3718364
3718396
3718418
3718420
3718437
3718443
3718479
3718484
3718504
3718516
3718531
3718550
3718565
3718573
3718598
3718635
3718644
3718661
3718700
3718713
3718748
3718754
3718776
3718781
3718797
3718801
3718834
3718860
3718878
3718893
3718921
3718968
3718970
3718985
3718994
3719005
3719043
3719066
3719110
3719128
3719156
3719172
3719212
3719233
3719257
3719301
3719319
3719326
3719334
3719355
3719360
3719387
3719393
3719409
3719424
3719438
3719500
3719532
3719554
3719569
3719581
3719597
3719614
3719627
3719640
3719653
3719662
3719695
3719704
3719716
3719747
3719798
3719802
3719815
3719823
3719830
3719864
3719877
3719888
3719911
3719936
3719967
3719989
3719990
3720034
3720055
3720087
3720104
3720147
3720150
3720165
3720173
3720198
3720200
3720213
3720225
3720248
3720254
3720269
3720281
3720305
3720320
3720337
3720343
3720351
3720366
3720384
3720414
3720427
3720440
3720453
3720512
3720533
3720568
3720570
3720585
3720594
3720609
3720617
3720638
3720646
3720652
3720663
3720675
3720680
3720710
3720799
3720803
3720822
3720845
3720858
3720867
3720923
3720941
3720977
3720996
3721007
3721028
3721035
3721044
3721056
3721072
3721099
3721120
3721137
3721143
3721151
3721166
3721226
3721234
3721255
3721260
3721278
3721293
3721312
3721333
3721385
3721415
3721423
3721464
3721488
3721496
3721508
3721527
3721562
3721595
3721613
3721625
3721654
3721676
3721681
3721697
3721703
3721722
3721745
3721758
3721767
3721790
3721852
3721875
3721904
3721916
3721929
3721947
3721973
3721982
3721998
3722020
3722051
3722079
3722084
3722092
3722107
3722128
3722135
3722144
3722161
3722172
3722183
3722206
3722212
3722221
3722233
3722249
3722257
3722268
3722270
3722285
3722294
3722301
3722319
3722355
3722378
3722387
3722409
3722424
3722438
3722452
3722491
3722513
3722548
3722569
3722597
3722608
3722640
3722653
3722662
3722671
3722695
3722716
3722731
3722747
3722773
3722798
3722802
3722815
3722823
3722830
3722859
3722864
3722877
3722903
3722911
3722922
3722958
3722990
3723017
3723024
3723046
3723052
3723075
3723127
3723153
3723171
3723186
3723195
3723258
3723315
3723359
3723364
3723377
3723388
3723396
3723418
3723420
3723451
3723479
3723504
3723516
3723529
3723531
3723547
3723550
3723573
3723598
3723610
3723628
3723635
3723683
3723700
3723713
3723732
3723748
3723754
3723769
3723776
3723781
3723797
3723819
3723855
3723860
3723887
3723893
3723906
3723912
3723921
3723933
3723949
3723957
3723968
3723985
3724004
3724016
3724029
3724050
3724065
3724082
3724098
3724101
3724134
3724142
3724155
3724160
3724178
3724193
3724218
3724220
3724237
3724243
3724251
3724266
3724313
3724348
3724354
3724369
3724381
3724403
3724422
3724458
3724467
3724490
3724517
3724552
3724563
3724575
3724591
3724633
3724649
3724657
3724741
3724764
3724788
3724796
3724808
3724840
3724862
3724886
3724895
3724907
3724910
3724935
3724944
3724956
3724961
3724972
3724983
3725023
3725059
3725064
3725077
3725096
3725113
3725125
3725148
3725154
3725181
3725197
3725204
3725231
3725265
3725273
3725309
3725317
3725324
3725375
3725391
3725410
3725428
3725435
3725472
3725483
3725499
3725522
3725536
3725545
3725558
3725605
3725620
3725637
3725651
3725666
3725679
3725692
3725708
3725714
3725727
3725739
3725753
3725786
3725806
3725812
3725857
3725885
3725894
3725901
3725919
3725926
3725934
3725942
3725955
3725960
3725978
3725993
3726008
3726014
3726086
3726095
3726146
3726152
3726180
3726191
3726230
3726288
3726296
3726311
3726322
3726336
3726345
3726358
3726367
3726374
3726390
3726426
3726442
3726455
3726460
3726487
3726493
3726510
3726535
3726544
3726583
3726629
3726631
3726647
3726673
3726698
3726733
3726749
3726757
3726768
3726837
3726851
3726879
3726884
3726892
3726932
3726948
3726969
3726976
3726981
3726997
3727003
3727022
3727058
3727074
3727089
3727121
3727133
3727149
3727168
3727185
3727207
3727210
3727339
3727353
3727371
3727386
3727404
3727447
3727473
3727482
3727502
3727515
3727523
3727541
3727564
3727577
3727596
3727601
3727619
3727634
3727642
3727655
3727660
3727687
3727717
3727724
3727738
3727746
3727775
3727791
3727813
3727848
3727905
3727920
3727992
3728049
3728085
3728094
3728103
3728122
3728145
3728158
3728167
3728174
3728189
3728190
3728208
3728239
3728262
3728271
3728295
3728328
3728344
3728356
3728372
3728399
3728425
3728448
3728476
3728481
3728497
3728519
3728526
3728560
3728578
3728587
3728602
3728630
3728641
3728659
3728718
3728751
3728779
3728784
3728816
3728850
3728873
3728882
3728909
3728924
3728938
3728952
3728975
3728980
3729025
3729032
3729054
3729069
3729076
3729097
3729102
3729115
3729141
3729159
3729164
3729177
3729188
3729196
3729209
3729217
3729224
3729291
3729316
3729347
3729398
3729406
3729421
3729457
3729485
3729494
3729537
3729551
3729566
3729579
3729636
3729667
3729674
3729690
3729719
3729760
3729778
3729810
3729844
3729872
3729908
3729962
3729971
3729986
3730009
3730052
3730091
3730127
3730171
3730195
3730203
3730211
3730245
3730274
3730290
3730302
3730315
3730323
3730341
3730377
3730388
3730396
3730418
3730437
3730466
3730479
3730531
3730550
3730565
3730573
3730628
3730644
3730656
3730683
3730699
3730700
3730769
3730776
3730781
3730797
3730801
3730826
3730834
3730860
3730878
3730887
3730893
3730921
3730968
3730970
3730985
3730994
3731013
3731048
3731076
3731102
3731130
3731141
3731164
3731177
3731188
3731196
3731217
3731238
3731252
3731280
3731291
3731304
3731316
3731331
3731347
3731373
3731398
3731406
3731421
3731449
3731485
3731494
3731518
3731551
3731566
3731603
3731622
3731645
3731667
3731674
3731689
3731690
3731701
3731734
3731742
3731755
3731760
3731787
3731793
3731807
3731828
3731856
3731899
3731908
3731914
3731940
3731953
3731962
3731971
3731986
3732023
3732041
3732064
3732088
3732113
3732125
3732132
3732148
3732154
3732169
3732204
3732216
3732229
3732273
3732282
3732309
3732324
3732352
3732380
3732407
3732435
3732456
3732483
3732522
3732536
3732558
3732589
3732590
3732605
3732618
3732651
3732684
3732692
3732727
3732739
3732753
3732771
3732795
3732812
3732833
3732894
3732901
3732926
3732955
3732978
3732987
3733028
3733056
3733061
3733083
3733099
3733105
3733118
3733120
3733137
3733143
3733151
3733192
3733201
3733219
3733278
3733287
3733293
3733312
3733321
3733333
3733368
3733394
3733402
3733415
3733430
3733441
3733464
3733477
3733488
3733508
3733539
3733540
3733553
3733586
3733595
3733600
3733632
3733648
3733654
3733676
3733681
3733697
3733703
3733711
3733722
3733745
3733758
3733774
3733789
3733824
3733838
3733875
3733880
3733891
3733904
3733929
3733950
3733965
3733973
3733998
3734027
3734040
3734071
3734086
3734109
3734124
3734138
3734163
3734175
3734180
3734191
3734215
3734230
3734241
3734259
3734264
3734277
3734288
3734296
3734303
3734311
3734322
3734345
3734358
3734367
3734374
3734390
3734401
3734419
3734434
3734455
3734478
3734507
3734528
3734535
3734544
3734572
3734583
3734599
3734604
3734616
3734629
3734631
3734673
3734698
3734712
3734721
3734733
3734757
3734785
3734818
3734820
3734837
3734843
3734851
3734866
3734884
3734900
3734913
3734925
3734932
3734948
3734969
3734976
3734997
3735006
3735012
3735049
3735057
3735068
3735094
3735103
3735111
3735136
3735145
3735214
3735239
3735240
3735253
3735271
3735286
3735328
3735335
3735344
3735356
3735372
3735383
3735432
3735454
3735469
3735476
3735481
3735501
3735519
3735534
3735542
3735555
3735578
3735593
3735602
3735630
3735659
3735688
3735705
3735720
3735743
3735751
3735766
3735792
3735804
3735850
3735865
3735873
3735882
3735898
3735909
3735917
3735963
3735975
3736005
3736020
3736084
3736092
3736110
3736144
3736172
3736199
3736206
3736221
3736233
3736249
3736257
3736294
3736319
3736326
3736334
3736417
3736438
3736452
3736463
3736475
3736480
3736491
3736500
3736576
3736614
3736640
3736653
3736671
3736704
3736716
3736773
3736782
3736798
3736802
3736877
3736888
3736896
3736903
3736911
3736936
3736967
3736989
3737001
3737026
3737042
3737087
3737104
3737150
3737165
3737182
3737198
3737200
3737213
3737232
3737281
3737297
3737318
3737337
3737343
3737351
3737379
3737392
3737414
3737440
3737453
3737486
3737495
3737512
3737533
3737568
3737570
3737594
3737609
3737617
3737624
3737638
3737675
3737691
3737707
3737735
3737761
3737772
3737803
3737811
3737822
3737836
3737845
3737858
3737874
3737902
3737915
3737941
3737959
3737964
3737977
3737988
3737996
3738004
3738029
3738050
3738073
3738101
3738126
3738155
3738187
3738205
3738220
3738237
3738284
3738292
3738300
3738313
3738369
3738403
3738467
3738474
3738490
3738509
3738517
3738538
3738546
3738563
3738575
3738621
3738633
3738649
3738668
3738694
3738715
3738730
3738777
3738796
3738808
3738814
3738827
3738839
3738853
3738886
3738907
3738944
3738961
3739011
3739036
3739045
3739089
3739090
3739112
3739121
3739149
3739157
3739170
3739185
3739194
3739207
3739244
3739256
3739261
3739299
3739314
3739339
3739340
3739353
3739362
3739395
3739429
3739450
3739473
3739502
3739523
3739559
3739564
3739577
3739601
3739634
3739678
3739687
3739693
3739709
3739717
3739746
3739763
3739775
3739800
3739825
3739848
3739881
3739897
3739905
3739918
3739937
3739943
3739979
3740002
3740015
3740030
3740064
3740088
3740096
3740100
3740148
3740169
3740176
3740181
3740197
3740204
3740216
3740231
3740250
3740273
3740282
3740338
3740352
3740375
3740407
3740410
3740444
3740499
3740522
3740536
3740545
3740558
3740567
3740574
3740589
3740605
3740637
3740666
3740708
3740739
3740771
3740806
3740857
3740868
3740885
3740901
3740955
3740960
3740978
3740987
3740993
3741008
3741014
3741040
3741053
3741062
3741117
3741138
3741152
3741163
3741180
3741191
3741202
3741215
3741230
3741259
3741264
3741277
3741296
3741322
3741336
3741345
3741358
3741374
3741390
3741419
3741460
3741487
3741493
3741507
3741510
3741535
3741544
3741572
3741583
3741599
3741604
3741616
3741629
3741650
3741673
3741682
3741698
3741712
3741733
3741785
3741794
3741820
3741851
3741866
3741879
3741900
3741913
3741932
3741948
3741969
3741981
3742009
3742017
3742024
3742075
3742091
3742108
3742127
3742140
3742153
3742171
3742258
3742302
3742323
3742330
3742341
3742364
3742377
3742388
3742396
3742418
3742443
3742466
3742492
3742516
3742529
3742598
3742607
3742610
3742644
3742656
3742661
3742683
3742699
3742700
3742725
3742754
3742769
3742776
3742781
3742834
3742842
3742855
3742878
3742893
3742906
3742912
3742921
3742933
3742957
3742968
3742970
3743005
3743043
3743051
3743079
3743084
3743092
3743107
3743110
3743135
3743156
3743183
3743249
3743257
3743268
3743301
3743342
3743355
3743393
3743438
3743446
3743452
3743463
3743491
3743513
3743532
3743548
3743554
3743576
3743581
3743614
3743627
3743639
3743671
3743686
3743704
3743729
3743731
3743747
3743750
3743802
3743841
3743888
3743896
3743903
3743911
3743922
3743936
3743974
3743989
3743990
3744000
3744054
3744081
3744102
3744141
3744177
3744209
3744217
3744246
3744275
3744280
3744291
3744304
3744316
3744331
3744347
3744350
3744373
3744406
3744412
3744421
3744449
3744457
3744468
3744505
3744520
3744537
3744551
3744584
3744592
3744603
3744611
3744622
3744645
3744658
3744674
3744701
3744719
3744726
3744755
3744760
3744778
3744787
3744807
3744810
3744828
3744835
3744861
3744872
3744899
3744914
3744939
3744940
3744953
3745042
3745055
3745078
3745093
3745104
3745147
3745150
3745173
3745182
3745232
3745248
3745281
3745297
3745305
3745318
3745343
3745351
3745392
3745414
3745439
3745453
3745462
3745471
3745512
3745521
3745533
3745549
3745557
3745638
3745652
3745675
3745728
3745735
3745744
3745783
3745799
3745803
3745811
3745845
3745858
3745915
3745959
3745964
3745988
3746010
3746035
3746118
3746151
3746166
3746184
3746201
3746219
3746242
3746278
3746293
3746312
3746321
3746333
3746357
3746368
3746370
3746385
3746402
3746441
3746477
3746488
3746508
3746539
3746553
3746562
3746571
3746586
3746600
3746613
3746632
3746654
3746676
3746681
3746697
3746703
3746711
3746722
3746745
3746758
3746767
3746789
3746790
3746809
3746817
3746824
3746838
3746852
3746863
3746880
3746891
3746931
3746965
3746982
3747057
3747068
3747085
3747094
3747103
3747111
3747136
3747145
3747167
3747174
3747189
3747190
3747240
3747262
3747286
3747307
3747310
3747335
3747361
3747372
3747383
3747399
3747432
3747454
3747476
3747497
3747526
3747534
3747542
3747555
3747593
3747602
3747659
3747677
3747705
3747718
3747720
3747737
3747743
3747766
3747779
3747804
3747829
3747850
3747873
3747882
3747924
3747963
3747980
3747991
3748003
3748011
3748067
3748074
3748089
3748090
3748106
3748112
3748133
3748185
3748194
3748210
3748228
3748244
3748256
3748272
3748283
3748299
3748308
3748340
3748353
3748362
3748386
3748395
3748404
3748416
3748431
3748502
3748515
3748530
3748559
3748564
3748577
3748588
3748596
3748626
3748634
3748655
3748678
3748687
3748693
3748709
3748724
3748738
3748752
3748763
3748775
3748813
3748825
3748832
3748854
3748869
3748881
3748897
3748920
3748937
3748943
3748951
3748966
3748979
3748984
3749016
3749047
3749050
3749082
3749101
3749119
3749126
3749155
3749187
3749193
3749205
3749220
3749251
3749266
3749284
3749313
3749369
3749381
3749458
3749474
3749490
3749509
3749517
3749524
3749546
3749552
3749563
3749621
3749633
3749649
3749657
3749670
3749685
3749715
3749759
3749788
3749796
3749808
3749814
3749827
3749839
3749853
3749862
3749871
3749907
3749910
3749944
3749956
3749972
3749983
3749999
3750005
3750020
3750043
3750066
3750084
3750107
3750110
3750135
3750183
3750199
3750206
3750221
3750233
3750249
3750257
3750268
3750270
3750285
3750294
3750319
3750326
3750334
3750342
3750355
3750387
3750409
3750424
3750438
3750452
3750480
3750491
3750513
3750532
3750554
3750569
3750576
3750581
3750597
3750608
3750614
3750627
3750640
3750653
3750662
3750704
3750716
3750729
3750747
3750765
3750782
3750798
3750802
3750823
3750859
3750877
3750922
3750936
3750945
3750958
3750974
3750989
3750990
3751029
3751031
3751065
3751073
3751082
3751098
3751101
3751126
3751142
3751155
3751160
3751178
3751187
3751218
3751279
3751284
3751300
3751313
3751348
3751369
3751376
3751381
3751397
3751403
3751422
3751436
3751467
3751517
3751524
3751546
3751552
3751563
3751612
3751633
3751649
3751670
3751702
3751723
3751741
3751764
3751777
3751788
3751796
3751814
3751839
3751840
3751886
3751895
3751907
3751928
3751935
3751944
3751961
3751972
3751983
3751999
3752001
3752019
3752034
3752042
3752055
3752087
3752093
3752116
3752131
3752150
3752182
3752200
3752232
3752248
3752281
3752320
3752337
3752343
3752366
3752384
3752408
3752414
3752439
3752440
3752453
3752462
3752495
3752506
3752512
3752533
3752549
3752568
3752609
3752617
3752646
3752652
3752680
3752707
3752710
3752728
3752744
3752756
3752761
3752783
3752799
3752803
3752811
3752822
3752845
3752858
3752874
3752915
3752923
3752964
3752977
3752988
3752996
3753014
3753027
3753039
3753040
3753053
3753071
3753095
3753117
3753138
3753146
3753175
3753180
3753215
3753259
3753277
3753288
3753322
3753336
3753345
3753426
3753442
3753455
3753460
3753487
3753493
3753507
3753544
3753556
3753561
3753572
3753629
3753631
3753665
3753706
3753712
3753721
3753733
3753768
3753770
3753794
3753805
3753837
3753851
3753866
3753884
3753892
3753948
3753954
3753976
3754007
3754035
3754072
3754099
3754105
3754118
3754120
3754137
3754143
3754151
3754179
3754192
3754226
3754242
3754255
3754260
3754278
3754293
3754349
3754368
3754370
3754394
3754423
3754430
3754464
3754477
3754488
3754496
3754508
3754595
3754600
3754632
3754654
3754676
3754722
3754736
3754767
3754774
3754790
3754891
3754965
3754973
3754982
3754998
3755011
3755022
3755036
3755058
3755067
3755074
3755089
3755090
3755106
3755112
3755121
3755133
3755157
3755170
3755185
3755194
3755207
3755210
3755256
3755283
3755308
3755314
3755327
3755371
3755386
3755395
3755429
3755447
3755473
3755482
3755502
3755523
3755530
3755541
3755559
3755564
3755577
3755596
3755642
3755687
3755693
3755709
3755717
3755752
3755775
3755780
3755791
3755800
3755813
3755854
3755869
3755876
3755881
3755920
3755937
3755984
3756024
3756038
3756046
3756052
3756080
3756114
3756127
3756162
3756186
3756203
3756211
3756236
3756245
3756267
3756274
3756289
3756290
3756323
3756341
3756359
3756364
3756377
3756388
3756396
3756418
3756437
3756451
3756466
3756479
3756529
3756531
3756547
3756550
3756607
3756635
3756656
3756661
3756683
3756699
3756700
3756713
3756725
3756732
3756748
3756769
3756776
3756781
3756797
3756801
3756819
3756906
3756933
3756949
3756957
3756968
3756970
3756985
3757015
3757023
3757059
3757077
3757088
3757096
3757125
3757216
3757247
3757250
3757282
3757324
3757346
3757363
3757375
3757380
3757444
3757483
3757499
3757503
3757511
3757545
3757567
3757574
3757589
3757590
3757637
3757692
3757727
3757739
3757740
3757762
3757771
3757812
3757821
3757833
3757857
3757870
3757901
3757960
3757978
3757987
3758000
3758025
3758032
3758054
3758069
3758115
3758123
3758130
3758141
3758159
3758164
3758177
3758196
3758209
3758217
3758224
3758246
3758252
3758263
3758280
3758304
3758331
3758347
3758350
3758373
3758382
3758398
3758421
3758433
3758457
3758470
3758485
3758505
3758518
3758537
3758566
3758579
3758592
3758603
3758611
3758622
3758645
3758690
3758719
3758734
3758742
3758755
3758760
3758787
3758793
3758810
3758844
3758861
3758908
3758927
3758971
3758995
3759006
3759070
3759094
3759122
3759145
3759174
3759189
3759190
3759208
3759239
3759262
3759271
3759286
3759310
3759383
3759469
3759497
3759526
3759534
3759542
3759578
3759593
3759602
3759623
3759641
3759664
3759688
3759743
3759779
3759784
3759831
3759850
3759873
3759898
3759909
3759917
3759946
3759975
3760014
3760027
3760040
3760071
3760086
3760095
3760117
3760124
3760215
3760223
3760241
3760259
3760264
3760288
3760303
3760322
3760358
3760367
3760374
3760401
3760419
3760434
3760442
3760455
3760460
3760510
3760528
3760572
3760583
3760599
3760616
3760631
3760647
3760650
3760733
3760757
3760770
3760794
3760820
3760837
3760879
3760892
3760900
3760913
3760932
3760948
3760969
3760976
3760981
3760997
3761012
3761021
3761068
3761085
3761145
3761158
3761190
3761214
3761240
3761262
3761286
3761310
3761328
3761344
3761399
3761413
3761432
3761448
3761497
3761501
3761519
3761526
3761534
3761560
3761587
3761593
3761602
3761630
3761641
3761696
3761705
3761718
3761720
3761737
3761779
3761784
3761792
3761804
3761816
3761829
3761831
3761847
3761882
3761898
3761946
3761952
3762011
3762022
3762036
3762045
3762058
3762112
3762157
3762185
3762194
3762210
3762228
3762256
3762283
3762299
3762327
3762339
3762340
3762353
3762371
3762395
3762404
3762431
3762473
3762482
3762502
3762515
3762523
3762596
3762601
3762619
3762634
3762642
3762655
3762660
3762687
3762693
3762717
3762724
3762746
3762752
3762775
3762791
3762800
3762848
3762854
3762881
3762897
3762905
3762943
3763016
3763047
3763050
3763065
3763073
3763098
3763101
3763126
3763134
3763142
3763155
3763160
3763178
3763279
3763284
3763292
3763300
3763325
3763348
3763381
3763403
3763411
3763436
3763445
3763458
3763467
3763474
3763490
3763517
3763563
3763591
3763612
3763633
3763670
3763694
3763702
3763730
3763759
3763764
3763777
3763788
3763796
3763839
3763840
3763862
3763907
3763910
3763928
3763944
3763961
3763972
3763983
3764017
3764038
3764052
3764075
3764080
3764091
3764127
3764153
3764171
3764203
3764236
3764245
3764274
3764302
3764341
3764388
3764396
3764420
3764443
3764451
3764479
3764492
3764516
3764529
3764531
3764547
3764565
3764573
3764582
3764607
3764610
3764644
3764656
3764661
3764672
3764713
3764754
3764769
3764781
3764797
3764801
3764819
3764826
3764834
3764842
3764860
3764878
3764887
3764893
3764912
3764921
3764949
3764970
3764994
3765025
3765054
3765081
3765097
3765115
3765123
3765164
3765177
3765196
3765238
3765246
3765252
3765275
3765280
3765304
3765373
3765382
3765398
3765406
3765433
3765449
3765457
3765468
3765485
3765494
3765505
3765518
3765520
3765537
3765551
3765566
3765579
3765592
3765622
3765645
3765719
3765787
3765793
3765810
3765828
3765835
3765844
3765899
3765927
3765962
3765971
3766026
3766087
3766104
3766116
3766129
3766165
3766173
3766182
3766198
3766213
3766248
3766269
3766281
3766297
3766337
3766351
3766379
3766392
3766408
3766414
3766440
3766453
3766462
3766506
3766533
3766568
3766570
3766585
3766594
3766609
3766617
3766624
3766638
3766646
3766663
3766680
3766707
3766710
3766744
3766761
3766772
3766783
3766811
3766822
3766836
3766874
3766889
3766890
3766915
3766923
3766964
3766988
3766996
3767037
3767043
3767051
3767066
3767079
3767128
3767135
3767144
3767183
3767249
3767257
3767268
3767270
3767285
3767301
3767319
3767334
3767360
3767378
3767387
3767393
3767409
3767417
3767424
3767463
3767480
3767500
3767513
3767525
3767554
3767576
3767581
3767597
3767608
3767614
3767627
3767653
3767662
3767671
3767686
3767695
3767716
3767729
3767747
3767750
3767798
3767815
3767823
3767841
3767859
3767864
3767896
3767903
3767911
3767936
3767945
3767958
3767967
3767990
3768007
3768010
3768072
3768099
3768105
3768118
3768143
3768166
3768179
3768192
3768201
3768260
3768278
3768293
3768306
3768312
3768333
3768357
3768368
3768370
3768402
3768415
3768423
3768430
3768464
3768514
3768527
3768571
3768586
3768595
3768600
3768648
3768654
3768669
3768681
3768697
3768703
3768711
3768736
3768789
3768809
3768817
3768846
3768863
3768875
3768904
3768929
3768947
3768973
3768982
3769059
3769064
3769077
3769088
3769096
3769100
3769125
3769132
3769154
3769169
3769176
3769181
3769197
3769204
3769229
3769231
3769273
3769317
3769324
3769435
3769444
3769456
3769483
3769499
3769511
3769522
3769536
3769567
3769589
3769605
3769684
3769692
3769714
3769727
3769739
3769740
3769753
3769806
3769812
3769821
3769857
3769894
3769901
3769919
3769942
3769978
3769993
3770010
3770035
3770044
3770118
3770120
3770137
3770179
3770192
3770226
3770234
3770242
3770278
3770293
3770306
3770312
3770321
3770349
3770368
3770370
3770423
3770459
3770464
3770508
3770514
3770539
3770553
3770600
3770613
3770625
3770632
3770669
3770681
3770703
3770711
3770758
3770789
3770790
3770809
3770824
3770852
3770929
3770947
3770973
3770998
3771003
3771011
3771036
3771045
3771089
3771090
3771157
3771170
3771185
3771207
3771228
3771244
3771256
3771261
3771283
3771308
3771314
3771339
3771353
3771362
3771371
3771386
3771404
3771416
3771447
3771465
3771473
3771482
3771498
3771530
3771559
3771596
3771626
3771642
3771655
3771678
3771687
3771709
3771717
3771724
3771738
3771752
3771780
3771813
3771832
3771854
3771869
3771876
3771897
3771943
3771979
3771984
3772021
3772070
3772122
3772136
3772167
3772174
3772208
3772214
3772240
3772262
3772286
3772295
3772356
3772361
3772399
3772413
3772425
3772448
3772454
3772476
3772481
3772542
3772555
3772560
3772578
3772587
3772602
3772615
3772623
3772630
3772664
3772696
3772737
3772751
3772766
3772784
3772804
3772816
3772829
3772865
3772873
3772882
3772898
3772924
3772952
3772991
3773054
3773069
3773076
3773081
3773115
3773159
3773164
3773177
3773217
3773224
3773252
3773263
3773291
3773316
3773331
3773365
3773382
3773412
3773421
3773433
3773457
3773470
3773485
3773494
3773505
3773520
3773537
3773566
3773584
3773603
3773636
3773674
3773689
3773690
3773701
3773734
3773760
3773787
3773807
3773810
3773856
3773861
3773872
3773883
3773899
3773908
3773939
3773953
3773962
3773971
3773986
3773995
3774005
3774020
3774037
3774066
3774084
3774107
3774110
3774128
3774144
3774156
3774161
3774183
3774199
3774206
3774249
3774270
3774319
3774326
3774342
3774387
3774393
3774409
3774417
3774463
3774475
3774525
3774569
3774576
3774608
3774627
3774639
3774640
3774671
3774716
3774729
3774731
3774765
3774798
3774802
3774830
3774864
3774888
3774903
3774911
3774922
3774945
3774958
3774974
3775004
3775029
3775031
3775047
3775050
3775065
3775073
3775082
3775098
3775126
3775134
3775142
3775155
3775178
3775205
3775243
3775266
3775279
3775284
3775292
3775313
3775348
3775369
3775376
3775403
3775411
3775422
3775474
3775490
3775509
3775524
3775538
3775552
3775563
3775575
3775580
3775591
3775612
3775621
3775633
3775649
3775670
3775694
3775715
3775808
3775814
3775853
3775871
3775895
3775907
3775928
3775935
3775944
3775956
3775972
3775983
3776023
3776030
3776041
3776064
3776088
3776096
3776148
3776154
3776169
3776229
3776250
3776265
3776282
3776309
3776317
3776338
3776363
3776391
3776407
3776428
3776499
3776503
3776511
3776545
3776567
3776574
3776605
3776620
3776637
3776643
3776666
3776684
3776727
3776739
3776740
3776753
3776762
3776806
3776821
3776833
3776857
3776868
3776894
3776919
3776926
3776955
3776960
3776978
3776993
3777009
3777024
3777038
3777046
3777063
3777080
3777091
3777108
3777171
3777186
3777195
3777236
3777245
3777258
3777267
3777290
3777323
3777341
3777359
3777388
3777396
3777479
3777484
3777504
3777516
3777547
3777573
3777582
3777607
3777628
3777635
3777656
3777661
3777683
3777699
3777700
3777725
3777732
3777748
3777769
3777776
3777781
3777797
3777801
3777819
3777826
3777834
3777855
3777878
3777893
3777906
3777921
3777949
3777968
3777970
3777994
3778008
3778027
3778086
3778109
3778124
3778138
3778230
3778259
3778264
3778277
3778303
3778322
3778389
3778390
3778401
3778426
3778434
3778442
3778493
3778507
3778510
3778556
3778561
3778572
3778583
3778599
3778616
3778647
3778650
3778706
3778712
3778785
3778794
3778805
3778820
3778837
3778866
3778884
3778892
3778900
3778925
3778932
3778954
3778969
3778981
3778997
3779001
3779034
3779042
3779055
3779078
3779104
3779116
3779129
3779131
3779147
3779198
3779232
3779248
3779276
3779281
3779320
3779337
3779343
3779351
3779366
3779408
3779414
3779439
3779453
3779462
3779471
3779486
3779512
3779521
3779557
3779568
3779570
3779585
3779609
3779617
3779624
3779638
3779652
3779663
3779675
3779680
3779691
3779728
3779744
3779761
3779772
3779799
3779845
3779858
3779889
3779941
3779977
3779988
3779996
3780032
3780048
3780054
3780069
3780081
3780123
3780130
3780164
3780196
3780209
3780224
3780238
3780275
3780291
3780304
3780329
3780331
3780347
3780350
3780421
3780433
3780449
3780457
3780494
3780518
3780520
3780537
3780579
3780592
3780611
3780622
3780636
3780689
3780690
3780719
3780742
3780755
3780760
3780778
3780787
3780793
3780872
3780914
3780927
3780939
3780940
3780962
3781001
3781026
3781055
3781060
3781093
3781104
3781116
3781129
3781131
3781147
3781173
3781248
3781269
3781276
3781297
3781305
3781318
3781320
3781337
3781343
3781351
3781366
3781384
3781408
3781439
3781471
3781486
3781495
3781506
3781512
3781521
3781533
3781568
3781570
3781585
3781652
3781728
3781735
3781756
3781761
3781799
3781803
3781811
3781822
3781836
3781858
3781867
3781874
3781889
3781930
3781941
3781964
3781996
3782004
3782016
3782047
3782050
3782073
3782101
3782126
3782134
3782178
3782187
3782220
3782237
3782243
3782266
3782284
3782300
3782313
3782325
3782348
3782354
3782369
3782381
3782422
3782436
3782445
3782458
3782474
3782489
3782490
3782509
3782538
3782546
3782563
3782575
3782580
3782606
3782633
3782649
3782657
3782670
3782685
3782702
3782715
3782723
3782730
3782764
3782777
3782788
3782796
3782814
3782827
3782840
3782886
3782907
3782910
3782928
3782935
3782944
3782956
3782961
3782983
3782999
3783003
3783022
3783045
3783058
3783149
3783157
3783168
3783170
3783185
3783207
3783210
3783235
3783256
3783261
3783283
3783314
3783327
3783339
3783353
3783395
3783429
3783431
3783450
3783473
3783498
3783502
3783523
3783530
3783559
3783577
3783588
3783601
3783660
3783678
3783687
3783693
3783746
3783763
3783780
3783800
3783825
3783869
3783897
3783905
3783937
3783951
3783966
3783984
3783992
3784015
3784023
3784064
3784113
3784125
3784132
3784154
3784169
3784181
3784204
3784229
3784231
3784247
3784265
3784338
3784346
3784352
3784407
3784428
3784435
3784456
3784483
3784499
3784503
3784511
3784522
3784536
3784605
3784618
3784643
3784651
3784714
3784833
3784868
3784870
3784885
3784934
3784942
3784978
3784987
3785040
3785053
3785062
3785086
3785109
3785124
3785152
3785180
3785215
3785230
3785259
3785277
3785296
3785303
3785311
3785322
3785336
3785374
3785389
3785390
3785401
3785419
3785478
3785493
3785510
3785528
3785544
3785556
3785572
3785599
3785616
3785647
3785650
3785665
3785673
3785698
3785706
3785712
3785721
3785768
3785770
3785785
3785794
3785818
3785820
3785851
3785892
3785900
3785913
3785925
3785969
3786006
3786021
3786049
3786057
3786068
3786070
3786085
3786094
3786111
3786136
3786145
3786174
3786189
3786190
3786208
3786227
3786253
3786286
3786295
3786310
3786328
3786335
3786356
3786361
3786372
3786383
3786400
3786432
3786448
3786469
3786481
3786497
3786519
3786526
3786677
3786705
3786718
3786779
3786804
3786816
3786847
3786850
3786865
3786873
3786898
3786938
3786952
3786963
3786980
3786991
3787010
3787028
3787035
3787056
3787072
3787118
3787137
3787143
3787151
3787179
3787184
3787192
3787201
3787219
3787226
3787234
3787242
3787255
3787260
3787278
3787287
3787293
3787321
3787333
3787394
3787402
3787415
3787423
3787441
3787464
3787477
3787508
3787527
3787540
3787553
3787595
3787613
3787625
3787632
3787669
3787681
3787703
3787711
3787767
3787789
3787817
3787824
3787863
3787880
3787891
3787904
3787931
3787947
3787973
3787998
3788020
3788066
3788079
3788092
3788110
3788156
3788172
3788199
3788212
3788249
3788257
3788270
3788285
3788326
3788360
3788417
3788424
3788438
3788452
3788463
3788475
3788513
3788525
3788576
3788581
3788597
3788608
3788614
3788627
3788653
3788662
3788671
3788686
3788695
3788704
3788731
3788747
3788750
3788765
3788802
3788815
3788841
3788888
3788903
3788911
3788945
3788974
3789009
3789024
3789038
3789046
3789052
3789063
3789091
3789127
3789139
3789153
3789171
3789195
3789236
3789245
3789267
3789302
3789315
3789341
3789359
3789388
3789405
3789418
3789437
3789492
3789504
3789529
3789531
3789547
3789550
3789565
3789582
3789610
3789635
3789672
3789699
3789700
3789713
3789754
3789769
3789776
3789781
3789797
3789819
3789855
3789887
3789921
3789933
3789968
3789970
3789985
3790003
3790011
3790036
3790045
3790058
3790067
3790074
3790089
3790090
3790112
3790149
3790157
3790170
3790194
3790235
3790261
3790272
3790283
3790308
3790314
3790339
3790340
3790362
3790371
3790386
3790395
3790404
3790416
3790429
3790447
3790473
3790502
3790523
3790530
3790541
3790577
3790596
3790619
3790626
3790678
3790687
3790693
3790717
3790724
3790738
3790746
3790775
3790780
3790791
3790813
3790825
3790832
3790905
3790918
3790937
3790943
3790984
3791017
3791024
3791046
3791052
3791080
3791108
3791114
3791139
3791140
3791162
3791171
3791186
3791195
3791203
3791222
3791236
3791245
3791267
3791289
3791302
3791315
3791323
3791341
3791377
3791388
3791420
3791451
3791466
3791479
3791492
3791516
3791529
3791531
3791547
3791550
3791565
3791573
3791610
3791635
3791656
3791713
3791732
3791826
3791855
3791921
3791933
3791949
3791957
3791968
3791985
3791994
3792027
3792053
3792086
3792146
3792175
3792180
3792191
3792215
3792223
3792259
3792264
3792277
3792288
3792311
3792336
3792345
3792389
3792390
3792419
3792455
3792493
3792510
3792572
3792583
3792599
3792616
3792629
3792673
3792682
3792698
3792721
3792768
3792770
3792785
3792794
3792805
3792818
3792837
3792843
3792851
3792900
3792925
3792932
3792948
3792954
3792981
3793019
3793042
3793055
3793093
3793131
3793165
3793173
3793198
3793213
3793225
3793232
3793254
3793269
3793276
3793297
3793318
3793337
3793351
3793366
3793384
3793408
3793414
3793427
3793439
3793440
3793453
3793471
3793486
3793512
3793521
3793549
3793557
3793570
3793585
3793617
3793624
3793646
3793663
3793691
3793728
3793735
3793756
3793783
3793799
3793822
3793858
3793867
3793874
3793889
3793941
3793977
3793988
3793996
3794012
3794021
3794033
3794049
3794068
3794070
3794085
3794094
3794103
3794167
3794174
3794214
3794239
3794262
3794271
3794295
3794307
3794310
3794335
3794344
3794356
3794383
3794400
3794425
3794448
3794454
3794476
3794481
3794526
3794555
3794578
3794587
3794664
3794688
3794718
3794720
3794751
3794766
3794779
3794831
3794873
3794917
3794952
3794963
3794975
3794980
3794991
3795005
3795051
3795066
3795107
3795110
3795161
3795270
3795285
3795294
3795301
3795326
3795355
3795360
3795378
3795393
3795409
3795446
3795500
3795513
3795554
3795569
3795597
3795608
3795614
3795627
3795639
3795640
3795653
3795662
3795671
3795686
3795716
3795731
3795750
3795765
3795782
3795802
3795815
3795841
3795864
3795888
3795903
3795936
3795945
3795958
3795967
3795974
3796004
3796016
3796029
3796047
3796098
3796119
3796134
3796160
3796178
3796193
3796205
3796220
3796251
3796292
3796300
3796313
3796325
3796354
3796369
3796376
3796381
3796397
3796403
3796422
3796436
3796445
3796458
3796467
3796474
3796489
3796524
3796538
3796546
3796563
3796575
3796580
3796606
3796612
3796621
3796633
3796723
3796788
3796796
3796840
3796862
3796886
3796910
3796928
3796944
3796961
3796972
3796983
3797000
3797013
3797025
3797032
3797048
3797069
3797081
3797097
3797102
3797115
3797123
3797130
3797141
3797159
3797164
3797177
3797209
3797217
3797224
3797238
3797246
3797263
3797304
3797347
3797350
3797382
3797406
3797412
3797421
3797449
3797468
3797470
3797494
3797518
3797551
3797566
3797579
3797584
3797603
3797622
3797658
3797726
3797734
3797755
3797807
3797810
3797835
3797856
3797883
3797899
3797914
3797927
3797940
3797971
3798015
3798030
3798077
3798088
3798096
3798100
3798132
3798176
3798204
3798216
3798231
3798265
3798273
3798346
3798363
3798375
3798410
3798435
3798461
3798503
3798522
3798536
3798545
3798558
3798567
3798590
3798605
3798637
3798666
3798679
3798684
3798714
3798727
3798739
3798753
3798762
3798771
3798795
3798806
3798821
3798833
3798857
3798868
3798870
3798885
3798901
3798934
3798987
3798993
3799007
3799010
3799061
3799072
3799120
3799143
3799166
3799179
3799192
3799219
3799226
3799234
3799242
3799260
3799278
3799293
3799357
3799385
3799402
3799430
3799488
3799514
3799553
3799562
3799595
3799600
3799613
3799625
3799648
3799676
3799697
3799703
3799711
3799722
3799736
3799745
3799767
3799774
3799790
3799809
3799817
3799824
3799838
3799852
3799931
3799950
3799965
3799998
