5900162
5900359
5900484
5900504
5900644
5900769
5900912
5901123
5901177
5901196
5901412
5901457
5901537
5901689
5901734
5901953
5902023
5902030
5902204
5902247
5902410
5902461
5902753
5902806
5902868
5902894
5903010
5903312
5903613
5903697
5903767
5903998
5904071
5904175
5904215
5904223
5904390
5904556
5904892
5905271
5905328
5905448
5905766
5906020
5906066
5906463
5906581
5906662
5906704
5907019
5907087
5907232
5907568
5907663
5907728
5907744
5907867
5907964
5908300
5908474
5908580
5908633
5908668
5908944
5909185
5909235
5909272
5909429
5909717
5909724
5909869
5910486
5910609
5910744
5910761
5910915
5911010
5911219
5911370
5911430
5911571
5911600
5911669
5911929
5912066
5912161
5912199
5912393
5912686
5912773
5912815
5913091
5913140
5913492
5913610
5913725
5913776
5913855
5913957
5914178
5914300
5914348
5914458
5914467
5914490
5914509
5914685
5915041
5915077
5915169
5915503
5915714
5915978
5916071
5916223
5916230
5916311
5916390
5916442
5916698
5916712
5916948
5916997
5917687
5918012
5918068
5918174
5918214
5918361
5918399
5918497
5918519
5918816
5918873
5918952
5919196
5919217
5919304
5919537
5919611
5920243
5920436
5920575
5920621
5920862
5921282
5921567
5922081
5922196
5922674
5922689
5922690
5922828
5923356
5923688
5923718
5923779
5923831
5924104
5924427
5924486
5924495
5924675
5924941
5924959
5924996
5925028
5925137
5925669
5925758
5925846
5925875
5926067
5926106
5926133
5926207
5926431
5926678
5926709
5926791
5927027
5927062
5927358
5927374
5927426
5927434
5927682
5927820
5927884
5928080
5928091
5928162
5928302
5928492
5928565
5928635
5928970
5929018
5929043
5929206
5929212
5929233
5929294
5929301
5929409
5929841
5930033
5930122
5930145
5930167
5930174
5930501
5930578
5930593
5930829
5930909
5931020
5931285
5931301
5931334
5931355
5931417
5931491
5931640
5931686
5931798
5932044
5932083
5932151
5932255
5932370
5932441
5932459
5932562
5932632
5932669
5932711
5932965
5933077
5933181
5933590
5933708
5933806
5933987
5934157
5934207
5934353
5934450
5934465
5934498
5934523
5934642
5934780
5934937
5935127
5935140
5935195
5935437
5935550
5935801
5935949
5936048
5936054
5936141
5936164
5936177
5936421
5936742
5936872
5937220
5937411
5937509
5937591
5937621
5937759
5937944
5938001
5938104
5938213
5938384
5938427
5938453
5938710
5938735
5938744
5938761
5938915
5938930
5938964
5939086
5939095
5939277
5939442
5939851
5939981
5940120
5940430
5940600
5940767
5940774
5940838
5940982
5941003
5941112
5941157
5941170
5941256
5941272
5941395
5941660
5941905
5941979
5942033
5942070
5942094
5942227
5942310
5942432
5942481
5942615
5942865
5943224
5943329
5943331
5943382
5943674
5943690
5943734
5944084
5944212
5944319
5944378
5944704
5944729
5944922
5945119
5945445
5945467
5945563
5945580
5945723
5945759
5946176
5946181
5946461
5946684
5946806
5946870
5946901
5947038
5947075
5947080
5947222
5947236
5947315
5947364
5947547
5947656
5947672
5947769
5947860
5948561
5948583
5948749
5948879
5948981
5949042
5949147
5949320
5949568
5949811
5950164
5950304
5950329
5950457
5950584
5950622
5950778
5950899
5950927
5951001
5951131
5951213
5951803
5952031
5952300
5952490
5952517
5952633
5953149
5953210
5953465
5953502
5953515
5953530
5953541
5953752
5954499
5954558
5954651
5954795
5954942
5955062
5955180
5955215
5955259
5955419
5955426
5955932
5956145
5956344
5956737
5956792
5956865
5956898
5957044
5957143
5957166
5957184
5957312
5957477
5957514
5957571
5957654
5957809
5957838
5957863
5957875
5957929
5957950
5957973
5958092
5958172
5958206
5958342
5958491
5958640
5958798
5958903
5958958
5959080
5959139
5959171
5959245
5959323
5959377
5959443
5959565
5959635
5959769
5959801
5959968
5960362
5960660
5960918
5960966
5961046
5961267
5961396
5961699
5961700
5961819
5961860
5961887
5961912
5962027
5962124
5962223
5962358
5962426
5962493
5962544
5962851
5962884
5963129
5963173
5963408
5963462
5963549
5963836
5963915
5964145
5964372
5964555
5964630
5964847
5964865
5964898
5965066
5965183
5965221
5965268
5965424
5965653
5965877
5966050
5966284
5966292
5966300
5966788
5966853
5967013
5967076
5967246
5967350
5967382
5967579
5967603
5967611
5967636
5967787
5967835
5967872
5967939
5968100
5968125
5968545
5968618
5968894
5968978
5969099
5969370
5969430
5969459
5969553
5969722
5969916
5970041
5970064
5970077
5970100
5970113
5970176
5970428
5970472
5970511
5970589
5970806
5970868
5971146
5971152
5971202
5971259
5971487
5971932
5972114
5972186
5972504
5972628
5972661
5972699
5972801
5972933
5973387
5973639
5973773
5973859
5974025
5974209
5974238
5974412
5974611
5974778
5974899
5976044
5976242
5976287
5976527
5976703
5977295
5977448
5977454
5977850
5977865
5977952
5978058
5978133
5978314
5978515
5978763
5978943
5979205
5979300
5979591
5979741
5979935
5980301
5980446
5980513
5980569
5980614
5980653
5980815
5980974
5981193
5981251
5981474
5981723
5981839
5981944
5982055
5982116
5982147
5982200
5982254
5982269
5982305
5982439
5982585
5982858
5982977
5983062
5983277
5983682
5983768
5984028
5984349
5984357
5984464
5984540
5984562
5984891
5984931
5984973
5984982
5985058
5985106
5985112
5985185
5985314
5985395
5985431
5985596
5985897
5986063
5986080
5986127
5986258
5986267
5986377
5986396
5986418
5986451
5986516
5986598
5986887
5987023
5987077
5987229
5987536
5987618
5987643
5987679
5987714
5987727
5987753
5987901
5987960
5988141
5988331
5988537
5988645
5988667
5988755
5988844
5989190
5989262
5989361
5989555
5989688
5989829
5989882
5990008
5990146
5990303
5990389
5990510
5990535
5990629
5990768
5990900
5991057
5991111
5991310
5991383
5991578
5991924
5991980
5992133
5992283
5992327
5993082
5993101
5993251
5993369
5993376
5993397
5993436
5993670
5993685
5993788
5993961
5994080
5994140
5994323
5994364
5994479
5994484
5994529
5994582
5994683
5994713
5994921
5995844
5996414
5996439
5996440
5996533
5996624
5996761
5996867
5996902
5997020
5997233
5997268
5997409
5997446
5997463
5997773
5997798
5997888
5998151
5998219
5998430
5998508
5998586
5998595
5998625
5998703
5998875
5998998
5999375
5999692
5999812
5999885
5999960
