   3 4501248
   3 4502591
   3 4505749
   3 4506111
   3 4506696
   3 4506804
   3 4538904
   3 4571282
   3 4572760
   2 4506792
   2 4509091
   2 4509985
   2 4512103
   2 4512425
   2 4512454
   2 4514066
   2 4516282
   2 4516346
   2 4518843
   2 4519799
   2 4521160
   2 4521445
   2 4522392
   2 4523493
   2 4524255
   2 4524875
   2 4526443
   2 4528579
   2 4528861
   2 4530336
   2 4530434
   2 4531021
   2 4531847
   2 4532353
   2 4532601
   2 4533098
   2 4534656
   2 4535291
   2 4535971
   2 4536710
   2 4537294
   2 4540502
   2 4540717
   2 4541364
   2 4542631
   2 4542837
   2 4543297
   2 4543822
   2 4544425
   2 4545135
   2 4546050
   2 4547760
   2 4549973
   2 4551242
   2 4551349
   2 4551600
   2 4552301
   2 4552773
   2 4553516
   2 4553529
   2 4554524
   2 4555015
   2 4555522
   2 4555567
   2 4556175
   2 4556322
   2 4558560
   2 4558751
   2 4559551
   2 4560364
   2 4561760
   2 4561953
   2 4562666
   2 4562762
   2 4563758
   2 4563824
   2 4564062
   2 4564733
   2 4565946
   2 4566802
   2 4568119
   2 4569431
   2 4570759
   2 4572986
   2 4573174
   2 4573975
   2 4574902
   2 4589264
   2 4591434
   2 4598149
   2 4598523
   2 4598848
