4500000
4500177
4500291
4500872
4501248
4501799
4501822
4501889
4502411
4502591
4502827
4503482
4503577
4503596
4503634
4504100
4504589
4505749
4505997
4506111
4506310
4506696
4506792
4506804
4506952
4507278
4507681
4508608
4509091
4509330
4509985
4511813
4512103
4512425
4512454
4512476
4514066
4514627
4514841
4515853
4515944
4515983
4516002
4516282
4516346
4516894
4517598
4518434
4518507
4518631
4518843
4519799
4519959
4520704
4521160
4521369
4521445
4521467
4522019
4522087
4522213
4522392
4522799
4522836
4522959
4523277
4523493
4523507
4524255
4524697
4524758
4524875
4524916
4526195
4526443
4526529
4527666
4528579
4528584
4528778
4528861
4529136
4529310
4530027
4530191
4530215
4530336
4530434
4530900
4531021
4531847
4532036
4532353
4532541
4532601
4532717
4532738
4533098
4533814
4534075
4534504
4534656
4535054
4535280
4535291
4535971
4536254
4536710
4537268
4537294
4537452
4537576
4537704
4538234
4538255
4538654
4538904
4539338
4540502
4540564
4540687
4540717
4540832
4541364
4541855
4541893
4542631
4542837
4543078
4543147
4543297
4543318
4543822
4544006
4544425
4545135
4545161
4545639
4545640
4546050
4546796
4547350
4547485
4547760
4548643
4549312
4549600
4549973
4550060
4550129
4551242
4551349
4551600
4552301
4552773
4553516
4553529
4554524
4555015
4555522
4555567
4556175
4556303
4556322
4557979
4558227
4558560
4558720
4558751
4559551
4559778
4559835
4560364
4561701
4561760
4561953
4562666
4562762
4563758
4563824
4564062
4564086
4564434
4564673
4564733
4565946
4566079
4566802
4567811
4568004
4568119
4568354
4569431
4569601
4569881
4570031
4570193
4570397
4570759
4571181
4571282
4571567
4571637
4572760
4572986
4573174
4573975
4574521
4574902
4574996
4575370
4576089
4576791
4577053
4577124
4577215
4577507
4577733
4577884
4577913
4578776
4578906
4579156
4579662
4581221
4581989
4582201
4584074
4584185
4584429
4584465
4584876
4584897
4585024
4585038
4585330
4586398
4586690
4586807
4587134
4588104
4589191
4589259
4589264
4589367
4589629
4589733
4589749
4589805
4590231
4590522
4590679
4590684
4590708
4590727
4590762
4590812
4590919
4591230
4591434
4591478
4591673
4591794
4592114
4593206
4593671
4594329
4594603
4594645
4594674
4595001
4595305
4595408
4595414
4595638
4596385
4596496
4596950
4597286
4598149
4598523
4598601
4598848
4599354
