4700599
4700631
4702473
4704139
4704887
4706318
4706549
4707020
4708676
4708982
4709059
4709324
4709692
4710569
4712281
4712351
4712756
4713152
4713665
4714697
4715149
4718188
4718485
4718667
4718986
4720613
4721058
4721194
4722136
4724144
4724480
4724576
4725218
4725741
4726064
4726771
4728604
4730141
4730449
4731799
4732546
4732956
4732972
4736006
4736167
4737184
4738161
4740381
4740524
4742013
4742081
4742690
4743659
4744087
4746185
4748887
4751294
4752179
4752477
4753154
4753410
4757332
4757853
4759712
4759843
4761892
4762661
4763548
4764000
4764449
4764636
4764939
4766863
4767560
4768036
4768447
4768791
4769685
4773165
4773923
4774049
4774677
4774850
4782005
4784538
4785978
4787244
4787256
4792250
4792352
4792666
4793143
4793477
4793703
4794345
4794544
4794749
4795476
4796221
4796257
4797198
4798730
4799074
4799482
