4700008
4700014
4700027
4700039
4700040
4700053
4700062
4700071
4700086
4700095
4700109
4700117
4700124
4700138
4700146
4700152
4700163
4700175
4700180
4700191
4700202
4700215
4700223
4700241
4700259
4700264
4700277
4700288
4700296
4700303
4700322
4700336
4700345
4700358
4700374
4700389
4700390
4700401
4700419
4700426
4700442
4700455
4700460
4700478
4700487
4700493
4700507
4700510
4700528
4700535
4700544
4700556
4700572
4700583
4700599
4700604
4700616
4700629
4700631
4700647
4700650
4700665
4700673
4700682
4700698
4700706
4700712
4700733
4700749
4700757
4700768
4700770
4700785
4700794
4700805
4700818
4700820
4700837
4700843
4700851
4700866
4700879
4700884
4700892
4700900
4700913
4700925
4700948
4700954
4700969
4700976
4700981
4700997
4701006
4701012
4701021
4701033
4701049
4701057
4701068
4701070
4701094
4701103
4701111
4701122
4701136
4701158
4701167
4701174
4701189
4701190
4701208
4701214
4701227
4701239
4701240
4701253
4701262
4701271
4701286
4701295
4701307
4701310
4701328
4701335
4701344
4701356
4701383
4701399
4701400
4701413
4701425
4701432
4701448
4701454
4701469
4701481
4701497
4701501
4701526
4701534
4701555
4701578
4701587
4701593
4701602
4701615
4701623
4701630
4701641
4701659
4701664
4701677
4701688
4701696
4701705
4701718
4701720
4701737
4701743
4701751
4701766
4701779
4701784
4701804
4701816
4701829
4701847
4701850
4701865
4701873
4701882
4701898
4701909
4701917
4701924
4701938
4701946
4701952
4701963
4701975
4701980
4702003
4702011
4702022
4702045
4702067
4702074
4702089
4702090
4702106
4702112
4702121
4702133
4702149
4702157
4702168
4702170
4702185
4702194
4702210
4702228
4702235
4702244
4702256
4702261
4702272
4702299
4702308
4702314
4702327
4702339
4702340
4702353
4702362
4702371
4702386
4702395
4702404
4702416
4702429
4702431
4702447
4702450
4702465
4702473
4702482
4702498
4702515
4702530
4702541
4702559
4702564
4702577
4702588
4702596
4702601
4702619
4702626
4702634
4702642
4702655
4702660
4702678
4702687
4702693
4702709
4702717
4702724
4702738
4702746
4702752
4702763
4702775
4702780
4702791
4702800
4702813
4702825
4702848
4702854
4702869
4702876
4702881
4702897
4702905
4702918
4702920
4702937
4702943
4702966
4703004
4703016
4703029
4703031
4703047
4703050
4703065
4703073
4703082
4703098
4703101
4703119
4703126
4703134
4703142
4703155
4703160
4703178
4703193
4703218
4703220
4703237
4703243
4703251
4703266
4703279
4703284
4703292
4703300
4703313
4703332
4703348
4703354
4703369
4703376
4703381
4703397
4703411
4703422
4703436
4703445
4703458
4703467
4703474
4703489
4703490
4703509
4703517
4703524
4703538
4703546
4703552
4703563
4703580
4703591
4703606
4703612
4703621
4703633
4703649
4703657
4703668
4703685
4703694
4703715
4703723
4703730
4703741
4703759
4703764
4703777
4703788
4703796
4703808
4703814
4703827
4703839
4703840
4703853
4703862
4703871
4703886
4703895
4703907
4703910
4703928
4703935
4703944
4703956
4703961
4703972
4703983
4703999
4704009
4704017
4704024
4704038
4704046
4704052
4704063
4704075
4704080
4704091
4704108
4704114
4704127
4704139
4704140
4704153
4704171
4704195
4704203
4704211
4704222
4704236
4704245
4704258
4704267
4704274
4704289
4704290
4704302
4704315
4704323
4704330
4704341
4704359
4704364
4704377
4704388
4704396
4704405
4704418
4704420
4704443
4704451
4704466
4704484
4704492
4704504
4704516
4704529
4704531
4704547
4704550
4704565
4704573
4704582
4704598
4704607
4704610
4704628
4704635
4704644
4704656
4704661
4704672
4704683
4704699
4704700
4704713
4704725
4704732
4704754
4704769
4704776
4704781
4704797
4704801
4704819
4704826
4704834
4704842
4704855
4704860
4704878
4704887
4704893
4704906
4704912
4704921
4704933
4704949
4704957
4704968
4704970
4704985
4704994
4705000
4705013
4705025
4705048
4705054
4705069
4705076
4705081
4705097
4705102
4705115
4705123
4705130
4705141
4705159
4705164
4705177
4705188
4705196
4705209
4705217
4705224
4705238
4705246
4705252
4705263
4705275
4705280
4705291
4705304
4705316
4705329
4705347
4705365
4705373
4705382
4705398
4705406
4705412
4705421
4705433
4705449
4705457
4705468
4705470
4705485
4705494
4705520
4705537
4705543
4705551
4705584
4705592
4705611
4705622
4705636
4705645
4705658
4705667
4705674
4705689
4705690
4705701
4705719
4705726
4705734
4705742
4705755
4705760
4705778
4705787
4705793
4705807
4705810
4705828
4705835
4705844
4705856
4705861
4705883
4705899
4705908
4705914
4705939
4705940
4705953
4705962
4705971
4705986
4705995
4706019
4706034
4706042
4706055
4706060
4706078
4706087
4706093
4706104
4706131
4706147
4706150
4706165
4706173
4706182
4706198
4706200
4706213
4706232
4706248
4706269
4706276
4706281
4706297
4706305
4706318
4706320
4706337
4706343
4706351
4706366
4706379
4706384
4706392
4706408
4706414
4706439
4706440
4706453
4706462
4706486
4706495
4706506
4706512
4706521
4706549
4706557
4706568
4706570
4706585
4706594
4706609
4706617
4706624
4706638
4706646
4706652
4706663
4706680
4706691
4706707
4706710
4706728
4706735
4706744
4706756
4706761
4706772
4706783
4706799
4706803
4706811
4706822
4706836
4706845
4706858
4706867
4706874
4706890
4706902
4706915
4706930
4706941
4706959
4706964
4706977
4706988
4706996
4707005
4707018
4707020
4707037
4707043
4707066
4707084
4707092
4707107
4707110
4707128
4707135
4707144
4707156
4707161
4707172
4707183
4707199
4707206
4707212
4707221
4707233
4707249
4707257
4707268
4707270
4707285
4707301
4707319
4707326
4707334
4707342
4707355
4707360
4707378
4707387
4707393
4707409
4707417
4707424
4707438
4707446
4707452
4707463
4707475
4707480
4707491
4707500
4707513
4707525
4707532
4707548
4707554
4707569
4707576
4707581
4707597
4707608
4707614
4707627
4707639
4707640
4707653
4707671
4707686
4707695
4707704
4707729
4707731
4707747
4707773
4707782
4707798
4707823
4707830
4707841
4707859
4707864
4707896
4707903
4707911
4707922
4707936
4707945
4707958
4707967
4707974
4707989
4707990
4708007
4708010
4708028
4708035
4708044
4708056
4708061
4708072
4708083
4708099
4708105
4708118
4708120
4708137
4708143
4708151
4708166
4708179
4708184
4708192
4708201
4708219
4708226
4708234
4708242
4708255
4708260
4708278
4708287
4708293
4708306
4708312
4708321
4708333
4708349
4708357
4708368
4708370
4708385
4708402
4708430
4708441
4708459
4708464
4708477
4708496
4708514
4708527
4708539
4708540
4708553
4708562
4708571
4708586
4708595
4708600
4708613
4708625
4708632
4708654
4708669
4708676
4708681
4708697
4708703
4708711
4708722
4708745
4708758
4708767
4708774
4708789
4708790
4708809
4708817
4708824
4708838
4708852
4708863
4708875
4708880
4708891
4708904
4708916
4708931
4708947
4708950
4708965
4708973
4708982
4708998
4709002
4709015
4709023
4709030
4709059
4709064
4709077
4709088
4709096
4709100
4709113
4709125
4709132
4709148
4709154
4709176
4709181
4709197
4709216
4709229
4709231
4709247
4709250
4709273
4709282
4709298
4709309
4709317
4709324
4709346
4709352
4709363
4709375
4709391
4709407
4709410
4709428
4709435
4709444
4709456
4709461
4709472
4709499
4709503
4709511
4709522
4709536
4709545
4709558
4709567
4709574
4709589
4709590
4709605
4709618
4709620
4709637
4709651
4709666
4709684
4709692
4709708
4709714
4709727
4709739
4709740
4709753
4709762
4709771
4709786
4709795
4709806
4709812
4709821
4709833
4709849
4709857
4709868
4709870
4709885
4709894
4709901
4709919
4709926
4709934
4709942
4709955
4709978
4709987
4709993
4710005
4710018
4710020
4710037
4710043
4710051
4710066
4710079
4710084
4710092
4710107
4710110
4710144
4710156
4710161
4710172
4710183
4710199
4710206
4710212
4710221
4710233
4710249
4710270
4710285
4710294
4710301
4710319
4710326
4710334
4710342
4710355
4710360
4710378
4710387
4710393
4710409
4710417
4710424
4710438
4710446
4710452
4710463
4710475
4710491
4710500
4710513
4710525
4710532
4710554
4710569
4710576
4710581
4710597
4710608
4710614
4710627
4710639
4710640
4710653
4710662
4710671
4710686
4710695
4710704
4710716
4710731
4710747
4710750
4710773
4710782
4710802
4710815
4710823
4710830
4710841
4710859
4710877
4710896
4710903
4710911
4710922
4710936
4710945
4710958
4710967
4710974
4710989
4710990
4711004
4711016
4711029
4711031
4711050
4711065
4711073
4711082
4711098
4711101
4711119
4711126
4711134
4711155
4711160
4711178
4711187
4711193
4711205
4711218
4711220
4711237
4711251
4711266
4711279
4711284
4711300
4711313
4711325
4711332
4711348
4711354
4711369
4711376
4711381
4711397
4711403
4711411
4711422
4711436
4711445
4711467
4711474
4711489
4711490
4711509
4711517
4711524
4711546
4711552
4711563
4711575
4711580
4711591
4711606
4711612
4711621
4711633
4711657
4711668
4711670
4711685
4711694
4711702
4711715
4711723
4711730
4711741
4711759
4711764
4711777
4711788
4711796
4711808
4711814
4711827
4711839
4711840
4711853
4711862
4711871
4711886
4711895
4711910
4711928
4711944
4711956
4711961
4711983
4711999
4712001
4712019
4712026
4712034
4712042
4712055
4712060
4712078
4712087
4712093
4712104
4712116
4712129
4712131
4712147
4712150
4712165
4712173
4712182
4712198
4712213
4712232
4712248
4712254
4712269
4712276
4712281
4712297
4712305
4712318
4712320
4712337
4712343
4712351
4712366
4712379
4712384
4712392
4712414
4712427
4712439
4712440
4712453
4712462
4712486
4712495
4712506
4712512
4712521
4712533
4712549
4712557
4712568
4712570
4712585
4712594
4712609
4712617
4712624
4712638
4712646
4712652
4712663
4712675
4712680
4712691
4712707
4712710
4712728
4712735
4712744
4712756
4712772
4712783
4712799
4712803
4712811
4712822
4712836
4712845
4712858
4712867
4712889
4712890
4712902
4712923
4712930
4712941
4712959
4712964
4712977
4712988
4712996
4713008
4713014
4713027
4713039
4713040
4713053
4713062
4713071
4713086
4713095
4713109
4713117
4713124
4713138
4713146
4713152
4713163
4713175
4713180
4713191
4713202
4713215
4713223
4713230
4713241
4713259
4713264
4713277
4713296
4713303
4713311
4713322
4713336
4713345
4713358
4713367
4713374
4713389
4713390
4713401
4713419
4713426
4713434
4713442
4713455
4713460
4713478
4713487
4713493
4713510
4713528
4713556
4713561
4713572
4713583
4713599
4713604
4713616
4713629
4713631
4713647
4713650
4713665
4713673
4713682
4713698
4713706
4713712
4713721
4713733
4713749
4713757
4713768
4713785
4713794
4713818
4713820
4713843
4713851
4713866
4713879
4713884
4713925
4713932
4713948
4713954
4713969
4713976
4713981
4713997
4714007
4714010
4714028
4714044
4714056
4714061
4714072
4714083
4714099
4714118
4714120
4714137
4714143
4714151
4714166
4714184
4714192
4714201
4714219
4714226
4714234
4714242
4714255
4714260
4714287
4714293
4714306
4714312
4714321
4714333
4714349
4714357
4714368
4714370
4714385
4714394
4714402
4714415
4714423
4714430
4714441
4714464
4714477
4714488
4714508
4714527
4714539
4714540
4714553
4714562
4714586
4714595
4714600
4714613
4714625
4714632
4714654
4714676
4714681
4714697
4714703
4714711
4714722
4714736
4714745
4714758
4714767
4714774
4714789
4714790
4714809
4714817
4714824
4714838
4714846
4714852
4714863
4714875
4714880
4714891
4714904
4714916
4714931
4714947
4714950
4714965
4714973
4714982
4714998
4715003
4715011
4715022
4715045
4715058
4715074
4715090
4715106
4715112
4715121
4715133
4715149
4715157
4715168
4715170
4715185
4715194
4715210
4715228
4715235
4715244
4715256
4715261
4715272
4715299
4715308
4715314
4715327
4715339
4715340
4715353
4715362
4715371
4715386
4715395
4715404
4715429
4715431
4715447
4715450
4715465
4715473
4715482
4715498
4715502
4715515
4715523
4715530
4715541
4715559
4715564
4715577
4715588
4715596
4715601
4715619
4715626
4715634
4715642
4715655
4715660
4715678
4715693
4715709
4715724
4715738
4715746
4715752
4715763
4715775
4715780
4715791
4715800
4715825
4715832
4715848
4715854
4715869
4715881
4715897
4715905
4715918
4715920
4715937
4715943
4715951
4715966
4715979
4715984
4715992
4716009
4716017
4716038
4716046
4716052
4716075
4716080
4716091
4716108
4716114
4716139
4716140
4716153
4716162
4716171
4716186
4716195
4716211
4716222
4716236
4716245
4716258
4716267
4716274
4716289
4716290
4716302
4716315
4716323
4716341
4716359
4716364
4716377
4716388
4716405
4716420
4716437
4716443
4716451
4716466
4716479
4716484
4716492
4716504
4716516
4716529
4716531
4716547
4716550
4716565
4716573
4716582
4716607
4716610
4716628
4716635
4716644
4716656
4716661
4716672
4716683
4716699
4716700
4716713
4716725
4716732
4716748
4716754
4716769
4716776
4716781
4716797
4716801
4716826
4716834
4716842
4716855
4716860
4716878
4716887
4716893
4716906
4716912
4716921
4716933
4716949
4716968
4716970
4716985
4716994
4717002
4717015
4717023
4717030
4717041
4717059
4717064
4717077
4717088
4717096
4717100
4717113
4717125
4717132
4717148
4717154
4717169
4717176
4717181
4717197
4717204
4717216
4717229
4717231
4717247
4717250
4717265
4717273
4717282
4717298
4717309
4717317
4717324
4717338
4717346
4717363
4717375
4717391
4717410
4717428
4717435
4717444
4717461
4717472
4717483
4717499
4717503
4717511
4717522
4717536
4717558
4717567
4717574
4717589
4717590
4717605
4717618
4717620
4717637
4717643
4717651
4717679
4717684
4717692
4717708
4717714
4717727
4717739
4717740
4717753
4717762
4717771
4717786
4717795
4717806
4717812
4717821
4717833
4717857
4717868
4717870
4717885
4717894
4717901
4717926
4717934
4717942
4717955
4717960
4717978
4717987
4717993
4718000
4718013
4718025
4718032
4718048
4718054
4718069
4718076
4718081
4718097
4718102
4718115
4718123
4718130
4718141
4718159
4718177
4718188
4718196
4718209
4718217
4718238
4718246
4718252
4718263
4718280
4718291
4718304
4718316
4718329
4718347
4718365
4718382
4718398
4718406
4718412
4718421
4718433
4718449
4718457
4718468
4718470
4718485
4718494
4718505
4718518
4718520
4718537
4718543
4718551
4718566
4718579
4718584
4718592
4718603
4718611
4718622
4718636
4718645
4718658
4718667
4718689
4718690
4718719
4718726
4718734
4718742
4718755
4718760
4718778
4718787
4718807
4718810
4718828
4718835
4718844
4718856
4718872
4718899
4718908
4718914
4718927
4718939
4718940
4718953
4718962
4718971
4718986
4718995
4719006
4719012
4719021
4719033
4719049
4719057
4719068
4719070
4719085
4719094
4719103
4719111
4719122
4719136
4719158
4719167
4719174
4719189
4719190
4719208
4719214
4719227
4719239
4719240
4719253
4719262
4719271
4719286
4719295
4719307
4719335
4719344
4719356
4719361
4719383
4719399
4719400
4719413
4719425
4719432
4719448
4719454
4719469
4719476
4719481
4719497
4719501
4719519
4719526
4719534
4719542
4719555
4719578
4719587
4719593
4719602
4719615
4719623
4719641
4719659
4719664
4719677
4719696
4719705
4719718
4719720
4719737
4719743
4719751
4719766
4719784
4719792
4719804
4719816
4719831
4719847
4719850
4719865
4719873
4719882
4719898
4719909
4719917
4719946
4719952
4719963
4719975
4719980
4719991
4720007
4720010
4720028
4720035
4720044
4720056
4720061
4720072
4720083
4720099
4720105
4720118
4720120
4720137
4720143
4720151
4720166
4720179
4720184
4720192
4720201
4720219
4720226
4720234
4720242
4720255
4720260
4720278
4720287
4720293
4720306
4720312
4720321
4720333
4720349
4720357
4720368
4720370
4720385
4720394
4720402
4720415
4720423
4720430
4720441
4720459
4720464
4720477
4720488
4720496
4720508
4720514
4720527
4720539
4720540
4720562
4720571
4720586
4720595
4720600
4720613
4720625
4720632
4720648
4720654
4720669
4720676
4720681
4720697
4720703
4720711
4720722
4720736
4720745
4720758
4720767
4720789
4720790
4720809
4720817
4720824
4720838
4720846
4720863
4720875
4720880
4720891
4720916
4720929
4720931
4720947
4720950
4720965
4720982
4720998
4721003
4721011
4721022
4721036
4721045
4721058
4721067
4721074
4721089
4721090
4721106
4721112
4721121
4721133
4721149
4721157
4721168
4721170
4721185
4721194
4721207
4721210
4721228
4721235
4721244
4721256
4721261
4721272
4721283
4721299
4721308
4721314
4721327
4721339
4721340
4721353
4721362
4721371
4721386
4721395
4721404
4721416
4721429
4721431
4721447
4721450
4721465
4721473
4721482
4721498
4721502
4721515
4721523
4721530
4721541
4721559
4721564
4721577
4721588
4721596
4721601
4721619
4721626
4721634
4721642
4721655
4721678
4721687
4721693
4721709
4721717
4721724
4721746
4721752
4721763
4721775
4721780
4721791
4721800
4721813
4721825
4721832
4721848
4721854
4721876
4721881
4721897
4721905
4721918
4721920
4721937
4721943
4721951
4721966
4721979
4721984
4721992
4722006
4722012
4722021
4722033
4722049
4722057
4722068
4722070
4722085
4722094
4722111
4722122
4722136
4722145
4722158
4722167
4722174
4722189
4722190
4722208
4722214
4722227
4722239
4722240
4722262
4722286
4722295
4722307
4722310
4722335
4722344
4722356
4722361
4722372
4722399
4722400
4722413
4722425
4722432
4722448
4722454
4722469
4722476
4722481
4722497
4722501
4722519
4722534
4722542
4722555
4722560
4722578
4722587
4722593
4722602
4722615
4722623
4722630
4722641
4722659
4722664
4722677
4722696
4722705
4722718
4722720
4722737
4722743
4722751
4722766
4722779
4722784
4722792
4722804
4722816
4722829
4722831
4722847
4722850
4722865
4722873
4722882
4722898
4722909
4722917
4722924
4722938
4722946
4722952
4722963
4722975
4722980
4722991
4723000
4723013
4723025
4723032
4723054
4723069
4723081
4723097
4723115
4723123
4723130
4723141
4723159
4723164
4723177
4723188
4723196
4723209
4723217
4723224
4723238
4723246
4723252
4723263
4723275
4723280
4723291
4723304
4723316
4723329
4723331
4723347
4723350
4723365
4723373
4723382
4723398
4723412
4723421
4723433
4723457
4723468
4723470
4723485
4723494
4723505
4723518
4723520
4723537
4723543
4723551
4723579
4723592
4723603
4723611
4723622
4723636
4723645
4723658
4723667
4723674
4723689
4723690
4723701
4723719
4723726
4723734
4723742
4723755
4723760
4723778
4723787
4723793
4723807
4723810
4723828
4723835
4723844
4723856
4723861
4723872
4723883
4723899
4723908
4723914
4723927
4723939
4723940
4723953
4723962
4723986
4723995
4724005
4724018
4724020
4724037
4724043
4724051
4724066
4724079
4724084
4724092
4724107
4724110
4724135
4724144
4724156
4724161
4724172
4724183
4724199
4724206
4724212
4724221
4724233
4724249
4724268
4724270
4724285
4724294
4724301
4724319
4724326
4724334
4724342
4724355
4724360
4724393
4724409
4724417
4724424
4724446
4724452
4724463
4724475
4724480
4724500
4724513
4724525
4724532
4724548
4724554
4724569
4724576
4724581
4724597
4724608
4724614
4724627
4724640
4724653
4724662
4724671
4724686
4724704
4724716
4724729
4724731
4724747
4724750
4724765
4724773
4724782
4724798
4724802
4724815
4724823
4724841
4724859
4724864
4724877
4724888
4724896
4724903
4724911
4724922
4724936
4724945
4724967
4724974
4724989
4724990
4725029
4725031
4725065
4725073
4725082
4725098
4725101
4725119
4725126
4725134
4725142
4725155
4725160
4725178
4725187
4725193
4725205
4725218
4725220
4725237
4725243
4725251
4725266
4725279
4725284
4725292
4725300
4725313
4725332
4725354
4725369
4725376
4725381
4725397
4725403
4725411
4725422
4725436
4725445
4725458
4725467
4725474
4725489
4725490
4725509
4725517
4725524
4725538
4725546
4725552
4725563
4725575
4725580
4725591
4725606
4725612
4725621
4725633
4725649
4725657
4725668
4725670
4725685
4725694
4725702
4725715
4725730
4725741
4725759
4725764
4725777
4725788
4725808
4725827
4725840
4725853
4725862
4725871
4725886
4725895
4725907
4725910
4725928
4725935
4725944
4725956
4725961
4725972
4725983
4725999
4726002
4726015
4726023
4726030
4726041
4726064
4726077
4726088
4726096
4726100
4726113
4726125
4726132
4726148
4726154
4726176
4726181
4726197
4726204
4726216
4726229
4726231
4726250
4726265
4726273
4726282
4726298
4726309
4726317
4726324
4726338
4726346
4726352
4726363
4726375
4726380
4726391
4726407
4726410
4726428
4726435
4726444
4726456
4726472
4726483
4726499
4726503
4726511
4726522
4726536
4726545
4726558
4726567
4726574
4726589
4726590
4726605
4726618
4726620
4726637
4726643
4726651
4726666
4726679
4726684
4726692
4726708
4726714
4726727
4726739
4726740
4726753
4726762
4726771
4726795
4726806
4726812
4726821
4726833
4726849
4726857
4726868
4726870
4726885
4726894
4726901
4726919
4726926
4726934
4726942
4726955
4726960
4726978
4726987
4726993
4727009
4727017
4727038
4727046
4727052
4727063
4727075
4727080
4727091
4727108
4727114
4727127
4727139
4727140
4727153
4727162
4727171
4727186
4727195
4727203
4727211
4727222
4727236
4727245
4727267
4727274
4727289
4727290
4727302
4727315
4727323
4727330
4727341
4727359
4727364
4727388
4727396
4727405
4727420
4727437
4727443
4727451
4727479
4727484
4727492
4727504
4727516
4727529
4727531
4727547
4727550
4727565
4727573
4727582
4727598
4727607
4727610
4727628
4727635
4727644
4727656
4727661
4727672
4727683
4727699
4727700
4727725
4727732
4727748
4727754
4727769
4727776
4727781
4727797
4727801
4727819
4727826
4727834
4727842
4727855
4727860
4727878
4727893
4727906
4727912
4727933
4727949
4727957
4727968
4727970
4727985
4727994
4728008
4728014
4728027
4728039
4728040
4728053
4728062
4728071
4728086
4728095
4728109
4728117
4728124
4728138
4728146
4728152
4728163
4728175
4728180
4728191
4728202
4728215
4728230
4728241
4728264
4728277
4728288
4728303
4728311
4728322
4728336
4728358
4728367
4728389
4728390
4728401
4728419
4728426
4728434
4728442
4728455
4728460
4728478
4728487
4728493
4728507
4728510
4728528
4728535
4728544
4728556
4728561
4728572
4728583
4728599
4728604
4728616
4728629
4728631
4728647
4728650
4728665
4728682
4728698
4728706
4728712
4728721
4728733
4728749
4728757
4728768
4728770
4728785
4728794
4728805
4728818
4728820
4728837
4728843
4728851
4728866
4728879
4728884
4728892
4728900
4728913
4728925
4728932
4728948
4728954
4728969
4728976
4728981
4728997
4729001
4729019
4729026
4729034
4729042
4729055
4729060
4729078
4729087
4729093
4729104
4729116
4729129
4729131
4729147
4729150
4729173
4729182
4729198
4729200
4729213
4729225
4729232
4729248
4729254
4729269
4729276
4729281
4729297
4729305
4729318
4729320
4729337
4729343
4729351
4729366
4729379
4729384
4729392
4729408
4729414
4729439
4729440
4729462
4729471
4729495
4729506
4729512
4729521
4729533
4729549
4729557
4729568
4729570
4729585
4729617
4729624
4729646
4729652
4729675
4729680
4729691
4729707
4729710
4729728
4729735
4729744
4729756
4729761
4729772
4729799
4729803
4729811
4729822
4729845
4729858
4729867
4729874
4729889
4729890
4729915
4729923
4729930
4729941
4729959
4729964
4729977
4729988
4729996
4730000
4730013
4730032
4730054
4730069
4730076
4730081
4730097
4730102
4730115
4730123
4730141
4730159
4730164
4730177
4730188
4730196
4730209
4730217
4730238
4730246
4730263
4730275
4730291
4730304
4730316
4730329
4730331
4730347
4730350
4730365
4730373
4730382
4730398
4730421
4730433
4730449
4730457
4730468
4730485
4730494
4730505
4730520
4730543
4730551
4730579
4730584
4730592
4730603
4730611
4730622
4730636
4730645
4730658
4730674
4730690
4730701
4730719
4730726
4730734
4730742
4730755
4730760
4730778
4730787
4730807
4730810
4730828
4730835
4730844
4730861
4730872
4730883
4730899
4730908
4730914
4730927
4730939
4730940
4730953
4730962
4730971
4730986
4730995
4731001
4731019
4731026
4731034
4731042
4731055
4731060
4731078
4731087
4731093
4731116
4731129
4731131
4731147
4731150
4731165
4731173
4731182
4731198
4731200
4731213
4731225
4731232
4731248
4731254
4731276
4731281
4731297
4731305
4731318
4731320
4731343
4731351
4731366
4731379
4731384
4731392
4731408
4731414
4731427
4731439
4731440
4731453
4731462
4731471
4731486
4731495
4731506
4731512
4731521
4731533
4731549
4731557
4731568
4731570
4731585
4731594
4731617
4731624
4731638
4731646
4731652
4731663
4731675
4731680
4731691
4731707
4731710
4731728
4731744
4731756
4731761
4731772
4731783
4731799
4731803
4731811
4731836
4731845
4731858
4731867
4731889
4731890
4731915
4731923
4731930
4731941
4731959
4731964
4731977
4731988
4731996
4732016
4732029
4732031
4732047
4732050
4732065
4732082
4732098
4732101
4732119
4732126
4732134
4732142
4732155
4732160
4732187
4732193
4732205
4732220
4732237
4732243
4732251
4732266
4732279
4732284
4732292
4732300
4732313
4732325
4732332
4732348
4732354
4732369
4732376
4732381
4732397
4732403
4732411
4732422
4732436
4732445
4732458
4732474
4732489
4732490
4732509
4732517
4732524
4732538
4732546
4732552
4732563
4732575
4732580
4732606
4732612
4732621
4732633
4732649
4732668
4732670
4732685
4732694
4732715
4732723
4732730
4732741
4732759
4732764
4732777
4732788
4732796
4732808
4732814
4732827
4732839
4732840
4732853
4732862
4732886
4732895
4732907
4732910
4732928
4732935
4732944
4732956
4732961
4732972
4732983
4732999
4733003
4733011
4733022
4733036
4733045
4733058
4733067
4733074
4733090
4733106
4733112
4733121
4733133
4733149
4733157
4733168
4733170
4733185
4733194
4733207
4733210
4733228
4733235
4733244
4733256
4733261
4733272
4733283
4733299
4733314
4733327
4733339
4733353
4733362
4733371
4733395
4733404
4733416
4733429
4733431
4733447
4733450
4733465
4733473
4733482
4733498
4733502
4733515
4733523
4733530
4733541
4733559
4733564
4733577
4733588
4733596
4733601
4733619
4733626
4733634
4733642
4733655
4733660
4733678
4733687
4733693
4733717
4733724
4733738
4733746
4733752
4733763
4733775
4733780
4733800
4733813
4733825
4733832
4733848
4733854
4733869
4733876
4733881
4733897
4733905
4733918
4733920
4733937
4733943
4733951
4733966
4733979
4733992
4734002
4734015
4734023
4734030
4734041
4734059
4734064
4734077
4734088
4734096
4734100
4734113
4734125
4734132
4734148
4734154
4734169
4734176
4734181
4734197
4734216
4734229
4734231
4734247
4734250
4734265
4734282
4734298
4734309
4734317
4734324
4734338
4734346
4734352
4734363
4734375
4734380
4734391
4734407
4734410
4734428
4734435
4734444
4734456
4734461
4734472
4734483
4734499
4734503
4734511
4734522
4734536
4734545
4734558
4734567
4734574
4734589
4734590
4734605
4734618
4734620
4734637
4734643
4734651
4734666
4734679
4734684
4734692
4734708
4734714
4734727
4734739
4734740
4734753
4734762
4734771
4734786
4734806
4734812
4734821
4734833
4734849
4734857
4734868
4734870
4734885
4734894
4734901
4734919
4734926
4734934
4734942
4734955
4734960
4734978
4734987
4734993
4735008
4735014
4735027
4735039
4735040
4735053
4735062
4735071
4735095
4735109
4735117
4735124
4735138
4735146
4735152
4735163
4735180
4735191
4735202
4735215
4735223
4735230
4735241
4735259
4735264
4735277
4735288
4735296
4735303
4735311
4735322
4735336
4735345
4735358
4735374
4735389
4735390
4735401
4735419
4735426
4735434
4735442
4735460
4735478
4735487
4735493
4735507
4735510
4735528
4735535
4735544
4735556
4735561
4735583
4735599
4735604
4735616
4735631
4735647
4735650
4735665
4735673
4735682
4735698
4735706
4735712
4735721
4735733
4735749
4735757
4735768
4735770
4735785
4735794
4735805
4735818
4735820
4735837
4735843
4735851
4735866
4735879
4735884
4735892
4735900
4735913
4735925
4735932
4735954
4735969
4735976
4735981
4735997
4736006
4736012
4736021
4736049
4736057
4736068
4736070
4736085
4736094
4736103
4736111
4736136
4736145
4736167
4736189
4736190
4736208
4736214
4736227
4736240
4736253
4736262
4736271
4736286
4736295
4736307
4736310
4736328
4736335
4736356
4736361
4736372
4736383
4736399
4736400
4736413
4736425
4736432
4736448
4736454
4736469
4736476
4736481
4736497
4736501
4736519
4736526
4736534
4736555
4736560
4736578
4736587
4736593
4736602
4736615
4736623
4736630
4736641
4736659
4736664
4736677
4736688
4736696
4736705
4736718
4736720
4736737
4736743
4736751
4736779
4736784
4736792
4736804
4736816
4736831
4736847
4736850
4736873
4736882
4736898
4736909
4736917
4736924
4736938
4736946
4736975
4736980
4736991
4737007
4737010
4737028
4737035
4737044
4737056
4737061
4737072
4737083
4737099
4737105
4737118
4737120
4737137
4737143
4737151
4737166
4737179
4737184
4737192
4737201
4737219
4737226
4737234
4737242
4737255
4737278
4737287
4737293
4737312
4737321
4737333
4737349
4737357
4737368
4737370
4737385
4737394
4737402
4737415
4737423
4737430
4737441
4737459
4737464
4737477
4737488
4737508
4737514
4737527
4737539
4737540
4737562
4737586
4737595
4737600
4737613
4737625
4737654
4737669
4737676
4737681
4737697
4737703
4737711
4737722
4737745
4737758
4737767
4737774
4737789
4737790
4737809
4737817
4737824
4737838
4737846
4737852
4737863
4737875
4737880
4737891
4737904
4737916
4737931
4737947
4737950
4737965
4737973
4737982
4737998
4738018
4738020
4738037
4738043
4738051
4738066
4738079
4738084
4738092
4738107
4738110
4738128
4738135
4738144
4738156
4738161
4738172
4738199
4738206
4738212
4738221
4738233
4738249
4738257
4738268
4738270
4738285
4738294
4738301
4738319
4738326
4738334
4738342
4738355
4738378
4738393
4738409
4738417
4738438
4738446
4738452
4738463
4738475
4738491
4738500
4738513
4738525
4738532
4738548
4738554
4738569
4738576
4738581
4738597
4738608
4738614
4738627
4738639
4738640
4738653
4738662
4738686
4738695
4738704
4738716
4738729
4738731
4738747
4738750
4738765
4738773
4738782
4738798
4738802
4738815
4738823
4738830
4738841
4738859
4738864
4738877
4738888
4738896
4738903
4738911
4738922
4738936
4738945
4738958
4738967
4738974
4738989
4738990
4739009
4739024
4739038
4739046
4739052
4739063
4739075
4739080
4739091
4739108
4739114
4739127
4739139
4739140
4739153
4739162
4739171
4739186
4739195
4739203
4739211
4739222
4739236
4739245
4739258
4739267
4739274
4739289
4739290
4739302
4739315
4739323
4739330
4739341
4739359
4739364
4739377
4739388
4739396
4739418
4739420
4739437
4739443
4739451
4739466
4739492
4739504
4739516
4739529
4739531
4739547
4739550
4739565
4739582
4739598
4739607
4739610
4739628
4739635
4739644
4739656
4739661
4739672
4739683
4739699
4739713
4739725
4739732
4739748
4739754
4739769
4739776
4739781
4739797
4739801
4739826
4739834
4739855
4739860
4739878
4739887
4739893
4739906
4739912
4739921
4739933
4739957
4739968
4739970
4739985
4739994
4740004
4740016
4740029
4740031
4740047
4740050
4740065
4740073
4740082
4740098
4740101
4740119
4740134
4740160
4740178
4740187
4740193
4740205
4740218
4740220
4740243
4740251
4740266
4740279
4740284
4740292
4740313
4740325
4740332
4740354
4740369
4740381
4740397
4740403
4740411
4740422
4740436
4740445
4740458
4740467
4740474
4740489
4740490
4740509
4740517
4740524
4740538
4740546
4740552
4740563
4740575
4740580
4740591
4740606
4740612
4740621
4740633
4740649
4740668
4740670
4740685
4740694
4740702
4740715
4740730
4740759
4740764
4740777
4740788
4740796
4740808
4740814
4740827
4740839
4740840
4740853
4740862
4740871
4740886
4740895
4740907
4740910
4740928
4740935
4740944
4740956
4740961
4740972
4740983
4740999
4741002
4741015
4741023
4741030
4741041
4741059
4741064
4741077
4741088
4741096
4741100
4741113
4741125
4741132
4741148
4741154
4741169
4741176
4741181
4741197
4741204
4741216
4741229
4741231
4741247
4741250
4741273
4741282
4741298
4741309
4741317
4741324
4741338
4741346
4741352
4741363
4741375
4741380
4741391
4741407
4741410
4741428
4741435
4741444
4741456
4741461
4741472
4741483
4741499
4741503
4741511
4741522
4741558
4741574
4741589
4741590
4741605
4741618
4741620
4741637
4741643
4741651
4741666
4741692
4741708
4741714
4741727
4741739
4741740
4741762
4741771
4741786
4741795
4741806
4741812
4741821
4741833
4741849
4741857
4741868
4741870
4741885
4741894
4741901
4741919
4741926
4741934
4741942
4741955
4741960
4741987
4741993
4742000
4742013
4742025
4742032
4742048
4742054
4742076
4742081
4742097
4742102
4742115
4742123
4742130
4742141
4742164
4742188
4742196
4742209
4742217
4742224
4742238
4742246
4742252
4742263
4742275
4742280
4742291
4742304
4742316
4742329
4742331
4742347
4742350
4742365
4742382
4742398
4742406
4742412
4742421
4742433
4742449
4742457
4742468
4742470
4742485
4742494
4742518
4742520
4742537
4742543
4742566
4742579
4742584
4742592
4742603
4742622
4742636
4742645
4742658
4742667
4742674
4742689
4742690
4742701
4742719
4742726
4742755
4742760
4742778
4742787
4742793
4742807
4742810
4742828
4742844
4742861
4742883
4742899
4742908
4742914
4742927
4742939
4742940
4742953
4742962
4742971
4742986
4742995
4743006
4743012
4743021
4743033
4743049
4743068
4743070
4743085
4743094
4743103
4743111
4743122
4743136
4743158
4743167
4743174
4743189
4743190
4743208
4743214
4743227
4743240
4743253
4743262
4743271
4743286
4743295
4743307
4743310
4743328
4743335
4743344
4743356
4743361
4743372
4743399
4743400
4743425
4743432
4743448
4743454
4743469
4743476
4743481
4743497
4743501
4743519
4743526
4743534
4743542
4743555
4743578
4743587
4743593
4743602
4743615
4743623
4743641
4743659
4743664
4743677
4743688
4743696
4743705
4743718
4743720
4743743
4743751
4743766
4743779
4743784
4743792
4743804
4743829
4743831
4743847
4743850
4743865
4743873
4743898
4743909
4743917
4743938
4743946
4743952
4743963
4743975
4743991
4744001
4744019
4744026
4744034
4744042
4744055
4744060
4744078
4744087
4744093
4744104
4744116
4744129
4744131
4744147
4744150
4744173
4744182
4744198
4744200
4744213
4744225
4744248
4744254
4744269
4744276
4744281
4744297
4744305
4744318
4744320
4744337
4744351
4744366
4744379
4744384
4744392
4744408
4744414
4744427
4744439
4744440
4744453
4744462
4744471
4744486
4744495
4744506
4744512
4744521
4744533
4744549
4744557
4744568
4744570
4744585
4744594
4744609
4744617
4744624
4744638
4744646
4744663
4744675
4744680
4744691
4744707
4744710
4744728
4744735
4744744
4744756
4744761
4744772
4744783
4744799
4744803
4744822
4744836
4744845
4744858
4744867
4744874
4744889
4744890
4744902
4744915
4744923
4744930
4744941
4744959
4744964
4744977
4744988
4744996
4745007
4745010
4745028
4745035
4745044
4745056
4745061
4745072
4745083
4745099
4745118
4745120
4745143
4745151
4745166
4745179
4745184
4745192
4745201
4745226
4745234
4745255
4745260
4745278
4745287
4745293
4745306
4745312
4745321
4745333
4745349
4745357
4745368
4745402
4745415
4745423
4745430
4745441
4745459
4745464
4745477
4745488
4745496
4745508
4745514
4745527
4745539
4745540
4745553
4745562
4745586
4745600
4745613
4745625
4745632
4745648
4745654
4745669
4745676
4745681
4745697
4745703
4745711
4745722
4745736
4745758
4745767
4745774
4745789
4745790
4745809
4745817
4745824
4745838
4745846
4745852
4745863
4745880
4745891
4745904
4745916
4745929
4745931
4745947
4745950
4745965
4745973
4745982
4745998
4746003
4746011
4746036
4746045
4746058
4746067
4746090
4746106
4746112
4746121
4746133
4746149
4746157
4746168
4746185
4746194
4746207
4746210
4746235
4746244
4746256
4746261
4746272
4746283
4746299
4746314
4746327
4746339
4746340
4746353
4746362
4746371
4746386
4746395
4746404
4746416
4746429
4746431
4746447
4746450
4746465
4746473
4746498
4746502
4746515
4746523
4746530
4746541
4746559
4746564
4746577
4746596
4746601
4746619
4746626
4746634
4746642
4746655
4746660
4746678
4746693
4746709
4746717
4746724
4746738
4746752
4746763
4746775
4746780
4746791
4746800
4746813
4746825
4746832
4746848
4746854
4746869
4746876
4746881
4746897
4746905
4746920
4746937
4746943
4746951
4746966
4746979
4746984
4746992
4747008
4747014
4747027
4747039
4747040
4747053
4747071
4747086
4747095
4747109
4747117
4747124
4747138
4747146
4747152
4747175
4747180
4747202
4747215
4747223
4747241
4747259
4747264
4747277
4747288
4747296
4747311
4747322
4747336
4747345
4747367
4747374
4747389
4747390
4747401
4747419
4747426
4747434
4747442
4747460
4747478
4747487
4747493
4747507
4747510
4747528
4747535
4747544
4747556
4747561
4747583
4747604
4747616
4747629
4747631
4747647
4747650
4747665
4747673
4747682
4747698
4747706
4747721
4747733
4747749
4747757
4747768
4747770
4747785
4747794
4747805
4747818
4747820
4747837
4747843
4747851
4747866
4747879
4747884
4747892
4747900
4747913
4747925
4747932
4747948
4747954
4747969
4747976
4747997
4748017
4748024
4748038
4748046
4748052
4748063
4748075
4748091
4748108
4748114
4748127
4748139
4748140
4748153
4748162
4748171
4748186
4748195
4748203
4748211
4748222
4748236
4748245
4748258
4748267
4748274
4748289
4748302
4748315
4748323
4748330
4748341
4748359
4748364
4748377
4748388
4748405
4748418
4748420
4748437
4748443
4748451
4748466
4748479
4748484
4748492
4748504
4748516
4748529
4748531
4748547
4748550
4748565
4748573
4748582
4748607
4748610
4748628
4748635
4748644
4748656
4748661
4748672
4748683
4748700
4748725
4748732
4748748
4748754
4748769
4748776
4748781
4748797
4748801
4748819
4748826
4748842
4748855
4748860
4748878
4748887
4748893
4748906
4748912
4748933
4748957
4748968
4748970
4748985
4748994
4749005
4749018
4749020
4749037
4749043
4749066
4749079
4749084
4749092
4749107
4749110
4749128
4749135
4749144
4749156
4749161
4749172
4749183
4749199
4749206
4749212
4749221
4749233
4749249
4749257
4749268
4749270
4749285
4749294
4749301
4749326
4749334
4749342
4749355
4749360
4749378
4749387
4749409
4749417
4749438
4749446
4749452
4749463
4749475
4749480
4749491
4749500
4749525
4749532
4749548
4749554
4749569
4749576
4749597
4749608
4749614
4749627
4749639
4749640
4749653
4749662
4749671
4749686
4749695
4749704
4749716
4749729
4749750
4749765
4749773
4749782
4749802
4749815
4749823
4749830
4749841
4749859
4749864
4749877
4749888
4749896
4749903
4749911
4749922
4749936
4749958
4749967
4749974
4749989
4749990
4750006
4750012
4750021
4750033
4750049
4750057
4750068
4750070
4750085
4750094
4750103
4750111
4750122
4750136
4750145
4750158
4750167
4750174
4750189
4750190
4750208
4750214
4750227
4750239
4750240
4750253
4750262
4750271
4750286
4750295
4750307
4750310
4750328
4750335
4750344
4750356
4750361
4750372
4750383
4750399
4750400
4750425
4750432
4750448
4750454
4750469
4750476
4750481
4750497
4750501
4750519
4750526
4750534
4750542
4750555
4750560
4750578
4750587
4750593
4750602
4750615
4750623
4750630
4750664
4750677
4750688
4750696
4750705
4750718
4750720
4750737
4750743
4750751
4750766
4750779
4750784
4750792
4750804
4750816
4750829
4750831
4750847
4750850
4750865
4750873
4750882
4750898
4750909
4750917
4750924
4750946
4750952
4750963
4750975
4750980
4750991
4751005
4751018
4751037
4751051
4751079
4751084
4751107
4751110
4751128
4751135
4751156
4751161
4751172
4751183
4751199
4751206
4751212
4751249
4751257
4751268
4751270
4751285
4751294
4751301
4751326
4751334
4751355
4751360
4751378
4751387
4751393
4751409
4751417
4751424
4751438
4751446
4751452
4751463
4751480
4751491
4751513
4751525
4751532
4751548
4751554
4751569
4751576
4751581
4751597
4751608
4751614
4751627
4751639
4751640
4751653
4751662
4751671
4751686
4751695
4751704
4751716
4751729
4751731
4751747
4751750
4751765
4751773
4751782
4751798
4751802
4751815
4751823
4751830
4751841
4751859
4751864
4751877
4751888
4751903
4751911
4751922
4751936
4751945
4751967
4751974
4751989
4751990
4752007
4752010
4752028
4752035
4752044
4752056
4752061
4752072
4752083
4752105
4752118
4752120
4752143
4752151
4752166
4752179
4752184
4752192
4752201
4752219
4752226
4752234
4752242
4752278
4752287
4752293
4752306
4752312
4752321
4752333
4752357
4752368
4752370
4752385
4752402
4752415
4752430
4752441
4752459
4752464
4752477
4752496
4752508
4752514
4752527
4752539
4752540
4752553
4752562
4752571
4752586
4752595
4752600
4752613
4752625
4752648
4752654
4752681
4752697
4752703
4752711
4752722
4752736
4752745
4752758
4752767
4752774
4752790
4752817
4752824
4752838
4752846
4752852
4752863
4752875
4752891
4752904
4752916
4752929
4752931
4752947
4752950
4752965
4752982
4752998
4753002
4753015
4753023
4753030
4753041
4753059
4753064
4753077
4753096
4753100
4753113
4753125
4753132
4753148
4753154
4753169
4753176
4753181
4753197
4753204
4753216
4753229
4753250
4753265
4753273
4753282
4753298
4753309
4753317
4753324
4753338
4753352
4753363
4753375
4753380
4753391
4753407
4753410
4753428
4753435
4753444
4753456
4753461
4753472
4753483
4753499
4753503
4753511
4753522
4753536
4753545
4753558
4753605
4753618
4753620
4753637
4753643
4753651
4753666
4753679
4753684
4753692
4753708
4753714
4753739
4753740
4753753
4753762
4753771
4753786
4753795
4753806
4753812
4753821
4753833
4753857
4753868
4753870
4753885
4753894
4753901
4753919
4753926
4753934
4753942
4753955
4753960
4753978
4753987
4753993
4754003
4754011
4754022
4754036
4754045
4754058
4754067
4754074
4754089
4754090
4754112
4754121
4754133
4754149
4754157
4754168
4754170
4754185
4754194
4754207
4754210
4754228
4754235
4754244
4754256
4754261
4754272
4754283
4754299
4754308
4754327
4754339
4754340
4754353
4754362
4754371
4754386
4754404
4754416
4754429
4754431
4754447
4754450
4754465
4754473
4754482
4754498
4754515
4754523
4754530
4754541
4754559
4754564
4754577
4754588
4754596
4754601
4754634
4754642
4754655
4754678
4754687
4754693
4754709
4754717
4754724
4754752
4754763
4754775
4754780
4754791
4754800
4754813
4754825
4754832
4754848
4754854
4754869
4754876
4754881
4754897
4754905
4754918
4754920
4754937
4754943
4754951
4754966
4754979
4754984
4754992
4755009
4755017
4755046
4755052
4755063
4755075
4755091
4755108
4755114
4755127
4755139
4755140
4755162
4755171
4755186
4755195
4755203
4755211
4755222
4755236
4755245
4755258
4755267
4755274
4755289
4755290
4755302
4755315
4755323
4755330
4755341
4755359
4755364
4755377
4755388
4755396
4755405
4755418
4755420
4755437
4755443
4755451
4755466
4755479
4755484
4755492
4755504
4755516
4755529
4755531
4755550
4755573
4755582
4755598
4755607
4755610
4755628
4755635
4755656
4755661
4755672
4755683
4755699
4755700
4755713
4755725
4755732
4755754
4755769
4755776
4755781
4755797
4755801
4755819
4755826
4755834
4755842
4755855
4755860
4755878
4755887
4755893
4755906
4755912
4755921
4755933
4755949
4755957
4755968
4755970
4755985
4755994
4756000
4756013
4756025
4756032
4756048
4756054
4756069
4756076
4756081
4756097
4756102
4756115
4756123
4756130
4756141
4756159
4756177
4756188
4756196
4756209
4756217
4756224
4756238
4756246
4756252
4756263
4756275
4756280
4756291
4756304
4756316
4756329
4756331
4756347
4756350
4756365
4756373
4756382
4756398
4756412
4756421
4756433
4756449
4756457
4756468
4756470
4756485
4756494
4756505
4756518
4756520
4756537
4756543
4756551
4756579
4756584
4756592
4756603
4756611
4756622
4756636
4756645
4756667
4756674
4756689
4756690
4756701
4756719
4756726
4756734
4756742
4756755
4756760
4756778
4756787
4756807
4756810
4756828
4756835
4756844
4756856
4756861
4756872
4756883
4756899
4756908
4756914
4756927
4756939
4756940
4756953
4756986
4756995
4757004
4757016
4757029
4757031
4757065
4757082
4757098
4757101
4757119
4757126
4757134
4757142
4757160
4757178
4757187
4757193
4757205
4757218
4757220
4757237
4757243
4757251
4757266
4757279
4757284
4757300
4757313
4757325
4757332
4757348
4757369
4757376
4757381
4757397
4757403
4757411
4757422
4757436
4757445
4757458
4757474
4757490
4757509
4757517
4757524
4757538
4757552
4757563
4757575
4757580
4757591
4757606
4757612
4757621
4757633
4757657
4757670
4757685
4757694
4757702
4757715
4757723
4757730
4757741
4757764
4757777
4757788
4757796
4757808
4757814
4757827
4757839
4757840
4757853
4757862
4757871
4757886
4757895
4757907
4757910
4757928
4757935
4757944
4757956
4757961
4757972
4757983
4757999
4758001
4758019
4758026
4758034
4758055
4758060
4758093
4758104
4758116
4758129
4758131
4758147
4758150
4758182
4758198
4758200
4758213
4758225
4758232
4758254
4758269
4758276
4758281
4758297
4758305
4758318
4758320
4758337
4758343
4758351
4758366
4758379
4758384
4758392
4758408
4758414
4758427
4758439
4758440
4758453
4758462
4758471
4758486
4758495
4758506
4758512
4758521
4758533
4758549
4758557
4758568
4758594
4758609
4758617
4758624
4758638
4758652
4758663
4758680
4758691
4758707
4758710
4758728
4758735
4758744
4758756
4758761
4758772
4758783
4758799
4758803
4758811
4758822
4758836
4758845
4758858
4758874
4758889
4758890
4758902
4758915
4758923
4758930
4758941
4758959
4758964
4758977
4758988
4758996
4759014
4759027
4759039
4759040
4759053
4759062
4759071
4759086
4759109
4759117
4759124
4759138
4759146
4759152
4759163
4759175
4759180
4759191
4759202
4759215
4759223
4759230
4759241
4759259
4759264
4759277
4759288
4759296
4759303
4759311
4759322
4759336
4759345
4759367
4759374
4759389
4759390
4759401
4759419
4759426
4759434
4759442
4759455
4759478
4759487
4759493
4759507
4759510
4759528
4759535
4759544
4759561
4759572
4759583
4759599
4759604
4759616
4759629
4759631
4759665
4759673
4759682
4759698
4759706
4759712
4759733
4759749
4759770
4759794
4759805
4759818
4759820
4759837
4759843
4759851
4759866
4759879
4759884
4759892
4759900
4759913
4759925
4759932
4759948
4759954
4759969
4759976
4759997
4760002
4760015
4760023
4760030
4760041
4760059
4760064
4760077
4760088
4760096
4760100
4760113
4760125
4760132
4760148
4760154
4760169
4760176
4760181
4760197
4760204
4760216
4760229
4760231
4760247
4760250
4760265
4760282
4760298
4760309
4760317
4760324
4760338
4760346
4760352
4760363
4760375
4760380
4760391
4760410
4760435
4760444
4760456
4760461
4760472
4760483
4760499
4760503
4760511
4760522
4760536
4760545
4760558
4760567
4760574
4760589
4760590
4760605
4760618
4760637
4760643
4760651
4760666
4760679
4760684
4760692
4760708
4760714
4760727
4760739
4760753
4760771
4760786
4760806
4760812
4760821
4760833
4760857
4760868
4760870
4760885
4760894
4760901
4760919
4760926
4760934
4760942
4760955
4760960
4760978
4760987
4760993
4761008
4761014
4761027
4761039
4761053
4761062
4761071
4761086
4761095
4761109
4761117
4761124
4761146
4761152
4761163
4761175
4761180
4761191
4761202
4761223
4761230
4761241
4761259
4761264
4761277
4761288
4761296
4761303
4761311
4761322
4761336
4761345
4761358
4761367
4761374
4761389
4761390
4761401
4761419
4761426
4761434
4761442
4761455
4761460
4761478
4761487
4761493
4761507
4761510
4761528
4761535
4761544
4761556
4761572
4761583
4761599
4761604
4761616
4761629
4761631
4761647
4761650
4761665
4761673
4761682
4761698
4761706
4761712
4761721
4761733
4761749
4761757
4761768
4761770
4761785
4761794
4761805
4761818
4761820
4761837
4761843
4761866
4761879
4761884
4761892
4761900
4761913
4761925
4761932
4761948
4761954
4761969
4761976
4761981
4761997
4762017
4762024
4762038
4762052
4762063
4762075
4762080
4762091
4762108
4762114
4762127
4762139
4762140
4762162
4762171
4762195
4762203
4762211
4762222
4762236
4762245
4762258
4762267
4762274
4762289
4762290
4762302
4762315
4762323
4762330
4762341
4762359
4762364
4762377
4762388
4762396
4762405
4762418
4762420
4762437
4762443
4762451
4762466
4762479
4762492
4762516
4762529
4762531
4762547
4762550
4762565
4762573
4762582
4762598
4762607
4762628
4762635
4762644
4762661
4762672
4762683
4762699
4762700
4762725
4762732
4762748
4762754
4762776
4762797
4762801
4762819
4762834
4762842
4762855
4762860
4762878
4762887
4762893
4762906
4762921
4762933
4762949
4762957
4762968
4762970
4762985
4762994
4763005
4763018
4763020
4763037
4763043
4763051
4763066
4763079
4763092
4763107
4763110
4763128
4763135
4763144
4763161
4763172
4763183
4763199
4763206
4763212
4763221
4763233
4763257
4763268
4763270
4763285
4763294
4763301
4763319
4763326
4763334
4763342
4763355
4763360
4763378
4763387
4763393
4763409
4763417
4763438
4763446
4763452
4763463
4763475
4763480
4763491
4763500
4763513
4763525
4763532
4763548
4763554
4763569
4763576
4763581
4763597
4763614
4763627
4763639
4763640
4763662
4763671
4763686
4763704
4763716
4763729
4763731
4763747
4763750
4763765
4763773
4763782
4763798
4763815
4763823
4763830
4763841
4763859
4763864
4763877
4763888
4763911
4763922
4763936
4763945
4763974
4763989
4763990
4764000
4764013
4764025
4764032
4764048
4764054
4764069
4764076
4764081
4764097
4764102
4764115
4764123
4764130
4764141
4764159
4764164
4764177
4764188
4764196
4764209
4764217
4764224
4764238
4764246
4764252
4764263
4764275
4764280
4764291
4764304
4764316
4764329
4764331
4764347
4764350
4764365
4764382
4764406
4764412
4764421
4764433
4764449
4764457
4764468
4764470
4764485
4764494
4764505
4764520
4764537
4764543
4764551
4764566
4764579
4764584
4764592
4764603
4764611
4764636
4764645
4764658
4764667
4764674
4764689
4764690
4764701
4764726
4764734
4764755
4764760
4764787
4764793
4764807
4764828
4764835
4764844
4764856
4764861
4764872
4764883
4764914
4764927
4764939
4764940
4764962
4764971
4764986
4764995
4765001
4765019
4765026
4765034
4765042
4765055
4765060
4765087
4765093
4765104
4765116
4765129
4765131
4765147
4765150
4765165
4765173
4765182
4765200
4765213
4765225
4765232
4765248
4765254
4765269
4765276
4765281
4765297
4765305
4765320
4765337
4765343
4765351
4765366
4765384
4765392
4765408
4765414
4765427
4765439
4765440
4765453
4765462
4765471
4765486
4765495
4765506
4765512
4765521
4765533
4765549
4765557
4765568
4765570
4765585
4765594
4765609
4765617
4765624
4765646
4765652
4765663
4765675
4765680
4765691
4765707
4765710
4765728
4765735
4765744
4765756
4765761
4765772
4765783
4765799
4765803
4765811
4765822
4765836
4765845
4765858
4765867
4765874
4765890
4765902
4765915
4765923
4765930
4765941
4765959
4765964
4765977
4765988
4765996
4766007
4766010
4766028
4766035
4766044
4766056
4766061
4766072
4766083
4766099
4766105
4766120
4766137
4766143
4766151
4766166
4766179
4766184
4766192
4766201
4766219
4766226
4766234
4766242
4766255
4766260
4766278
4766287
4766293
4766306
4766312
4766321
4766349
4766357
4766368
4766370
4766385
4766394
4766402
4766415
4766423
4766430
4766441
4766459
4766464
4766477
4766488
4766496
4766508
4766514
4766527
4766539
4766540
4766553
4766562
4766571
4766586
4766595
4766600
4766613
4766625
4766632
4766648
4766654
4766669
4766676
4766681
4766697
4766703
4766711
4766722
4766745
4766767
4766774
4766789
4766809
4766817
4766824
4766838
4766846
4766852
4766863
4766875
4766880
4766891
4766904
4766916
4766929
4766931
4766947
4766950
4766965
4766973
4766982
4766998
4767006
4767012
4767021
4767033
4767049
4767057
4767068
4767085
4767094
4767103
4767111
4767122
4767136
4767158
4767167
4767174
4767189
4767190
4767208
4767227
4767240
4767253
4767286
4767295
4767307
4767310
4767328
4767335
4767344
4767356
4767361
4767372
4767400
4767413
4767425
4767432
4767448
4767454
4767476
4767481
4767501
4767519
4767526
4767534
4767542
4767555
4767560
4767578
4767587
4767593
4767615
4767623
4767630
4767641
4767659
4767664
4767677
4767688
4767696
4767705
4767718
4767720
4767737
4767743
4767751
4767766
4767779
4767784
4767792
4767804
4767829
4767831
4767847
4767850
4767865
4767873
4767882
4767898
4767909
4767917
4767924
4767938
4767946
4767952
4767963
4767975
4767980
4767991
4768003
4768011
4768022
4768036
4768067
4768074
4768089
4768090
4768106
4768112
4768121
4768133
4768149
4768157
4768168
4768170
4768185
4768194
4768207
4768210
4768228
4768235
4768244
4768256
4768261
4768272
4768283
4768299
4768308
4768327
4768339
4768340
4768362
4768386
4768395
4768404
4768416
4768429
4768431
4768447
4768450
4768465
4768473
4768482
4768498
4768502
4768515
4768523
4768530
4768541
4768559
4768564
4768577
4768588
4768596
4768601
4768619
4768626
4768634
4768642
4768660
4768678
4768687
4768709
4768717
4768724
4768738
4768746
4768752
4768763
4768775
4768780
4768791
4768800
4768813
4768832
4768848
4768854
4768869
4768876
4768881
4768905
4768920
4768937
4768951
4768966
4768979
4768984
4768992
4769004
4769016
4769029
4769031
4769047
4769050
4769065
4769073
4769082
4769098
4769101
4769119
4769134
4769142
4769155
4769160
4769178
4769187
4769193
4769205
4769218
4769237
4769243
4769251
4769266
4769279
4769284
4769292
4769300
4769313
4769325
4769332
4769348
4769354
4769369
4769381
4769397
4769403
4769411
4769422
4769436
4769445
4769458
4769467
4769474
4769490
4769509
4769517
4769524
4769538
4769552
4769563
4769575
4769580
4769591
4769606
4769612
4769621
4769633
4769649
4769657
4769668
4769670
4769685
4769694
4769702
4769715
4769723
4769730
4769741
4769759
4769764
4769777
4769788
4769796
4769808
4769814
4769827
4769839
4769840
4769853
4769862
4769871
4769886
4769895
4769907
4769910
4769928
4769935
4769944
4769961
4769972
4769983
4769999
4770011
4770022
4770036
4770045
4770058
4770067
4770074
4770089
4770090
4770106
4770121
4770149
4770157
4770168
4770170
4770185
4770194
4770210
4770235
4770256
4770261
4770272
4770283
4770299
4770308
4770314
4770327
4770340
4770353
4770362
4770371
4770386
4770395
4770404
4770416
4770429
4770450
4770465
4770473
4770482
4770498
4770502
4770515
4770523
4770530
4770541
4770559
4770564
4770577
4770588
4770596
4770601
4770619
4770626
4770634
4770642
4770660
4770678
4770687
4770693
4770709
4770724
4770738
4770746
4770752
4770763
4770780
4770791
4770800
4770813
4770825
4770832
4770848
4770854
4770869
4770876
4770881
4770897
4770905
4770918
4770920
4770937
4770943
4770951
4770966
4770979
4770984
4770992
4771009
4771017
4771024
4771038
4771046
4771052
4771063
4771075
4771080
4771091
4771108
4771127
4771139
4771140
4771153
4771162
4771171
4771186
4771195
4771203
4771211
4771222
4771236
4771245
4771258
4771267
4771289
4771290
4771302
4771323
4771330
4771341
4771364
4771377
4771388
4771396
4771405
4771418
4771420
4771437
4771443
4771451
4771466
4771479
4771484
4771492
4771504
4771529
4771531
4771547
4771550
4771565
4771573
4771582
4771598
4771607
4771610
4771628
4771635
4771644
4771656
4771661
4771672
4771683
4771699
4771700
4771725
4771732
4771769
4771776
4771781
4771797
4771801
4771819
4771826
4771834
4771842
4771855
4771878
4771887
4771893
4771906
4771912
4771921
4771933
4771957
4771968
4771970
4771985
4771994
4772008
4772014
4772027
4772039
4772040
4772053
4772062
4772071
4772086
4772095
4772109
4772117
4772124
4772138
4772146
4772152
4772163
4772175
4772180
4772191
4772215
4772223
4772230
4772241
4772259
4772264
4772296
4772303
4772311
4772322
4772336
4772345
4772367
4772374
4772390
4772401
4772419
4772426
4772434
4772442
4772455
4772460
4772478
4772487
4772493
4772507
4772510
4772528
4772535
4772544
4772556
4772561
4772572
4772583
4772599
4772604
4772616
4772629
4772631
4772647
4772650
4772665
4772673
4772682
4772698
4772706
4772712
4772721
4772749
4772757
4772768
4772770
4772785
4772805
4772818
4772820
4772837
4772843
4772866
4772879
4772884
4772892
4772900
4772913
4772925
4772932
4772954
4772969
4772976
4772981
4772997
4773001
4773019
4773026
4773034
4773042
4773060
4773078
4773087
4773093
4773104
4773129
4773131
4773147
4773150
4773165
4773173
4773198
4773200
4773213
4773225
4773232
4773248
4773254
4773269
4773276
4773281
4773305
4773318
4773320
4773337
4773343
4773351
4773366
4773379
4773384
4773392
4773408
4773414
4773427
4773439
4773440
4773453
4773462
4773471
4773486
4773512
4773521
4773533
4773549
4773557
4773568
4773570
4773585
4773594
4773609
4773617
4773624
4773638
4773646
4773652
4773675
4773680
4773691
4773707
4773710
4773728
4773735
4773744
4773756
4773761
4773772
4773799
4773803
4773811
4773822
4773836
4773858
4773867
4773874
4773889
4773890
4773902
4773915
4773923
4773930
4773941
4773964
4773977
4773988
4773996
4774006
4774021
4774033
4774049
4774057
4774068
4774070
4774085
4774094
4774103
4774111
4774122
4774136
4774145
4774158
4774167
4774174
4774189
4774190
4774208
4774214
4774227
4774239
4774240
4774253
4774271
4774286
4774295
4774307
4774328
4774335
4774344
4774356
4774361
4774372
4774383
4774399
4774400
4774425
4774448
4774469
4774476
4774481
4774497
4774501
4774526
4774534
4774542
4774560
4774578
4774587
4774593
4774602
4774615
4774623
4774641
4774659
4774664
4774677
4774688
4774696
4774705
4774718
4774720
4774737
4774743
4774751
4774766
4774779
4774784
4774792
4774804
4774829
4774831
4774847
4774850
4774865
4774882
4774898
4774909
4774917
4774924
4774938
4774946
4774963
4774975
4774980
4774991
4775005
4775018
4775020
4775037
4775043
4775051
4775066
4775079
4775084
4775092
4775107
4775110
4775128
4775135
4775144
4775156
4775172
4775183
4775199
4775206
4775221
4775233
4775249
4775257
4775268
4775270
4775285
4775294
4775301
4775319
4775326
4775334
4775342
4775355
4775360
4775378
4775387
4775393
4775409
4775417
4775424
4775463
4775475
4775480
4775491
4775500
4775513
4775525
4775532
4775569
4775576
4775581
4775608
4775614
4775627
4775639
4775640
4775653
4775662
4775671
4775686
4775695
4775704
4775716
4775729
4775747
4775750
4775765
4775782
4775798
4775815
4775823
4775830
4775859
4775864
4775877
4775888
4775896
4775903
4775911
4775922
4775936
4775945
4775967
4775974
4775989
4776004
4776016
4776029
4776031
4776047
4776050
4776065
4776073
4776082
4776098
4776101
4776119
4776126
4776134
4776142
4776155
4776160
4776178
4776187
4776193
4776205
4776218
4776220
4776237
4776243
4776251
4776266
4776279
4776284
4776292
4776300
4776313
4776325
4776332
4776348
4776354
4776369
4776376
4776381
4776397
4776403
4776411
4776422
4776436
4776445
4776458
4776467
4776474
4776489
4776490
4776517
4776524
4776538
4776546
4776552
4776563
4776575
4776580
4776591
4776606
4776612
4776621
4776633
4776649
4776657
4776670
4776685
4776694
4776702
4776715
4776730
4776741
4776764
4776777
4776788
4776796
4776808
4776814
4776827
4776839
4776840
4776853
4776862
4776871
4776886
4776895
4776907
4776928
4776935
4776944
4776956
4776961
4776972
4776983
4776999
4777000
4777013
4777025
4777032
4777069
4777076
4777081
4777097
4777102
4777115
4777130
4777141
4777159
4777177
4777188
4777196
4777209
4777217
4777224
4777238
4777246
4777252
4777280
4777291
4777304
4777316
4777329
4777347
4777350
4777373
4777382
4777398
4777406
4777412
4777421
4777433
4777449
4777468
4777485
4777494
4777505
4777518
4777520
4777537
4777543
4777551
4777566
4777579
4777584
4777592
4777603
4777611
4777622
4777667
4777689
4777690
4777719
4777726
4777742
4777755
4777760
4777778
4777787
4777793
4777807
4777810
4777828
4777835
4777844
4777856
4777861
4777872
4777883
4777899
4777908
4777914
4777927
4777939
4777940
4777953
4777962
4777971
4777986
4777995
4778002
4778015
4778030
4778041
4778059
4778064
4778077
4778088
4778096
4778100
4778113
4778125
4778132
4778148
4778154
4778169
4778176
4778197
4778204
4778216
4778229
4778231
4778247
4778250
4778265
4778282
4778298
4778309
4778317
4778324
4778352
4778363
4778375
4778380
4778391
4778407
4778410
4778428
4778435
4778444
4778456
4778461
4778472
4778483
4778499
4778503
4778511
4778522
4778536
4778558
4778567
4778574
4778589
4778590
4778605
4778618
4778620
4778637
4778643
4778651
4778666
4778679
4778684
4778708
4778714
4778727
4778739
4778740
4778753
4778762
4778771
4778786
4778795
4778806
4778812
4778821
4778833
4778849
4778857
4778870
4778885
4778901
4778919
4778926
4778942
4778955
4778960
4778978
4778987
4778993
4779007
4779010
4779035
4779044
4779056
4779061
4779072
4779083
4779099
4779118
4779120
4779137
4779143
4779166
4779179
4779184
4779192
4779201
4779226
4779234
4779242
4779255
4779278
4779287
4779293
4779306
4779349
4779357
4779370
4779385
4779394
4779402
4779415
4779423
4779441
4779459
4779464
4779477
4779488
4779496
4779508
4779514
4779527
4779539
4779540
4779553
4779562
4779571
4779586
4779600
4779613
4779625
4779632
4779648
4779654
4779669
4779676
4779703
4779711
4779722
4779736
4779745
4779758
4779767
4779774
4779789
4779790
4779809
4779817
4779824
4779838
4779846
4779852
4779863
4779875
4779880
4779891
4779904
4779929
4779947
4779950
4779965
4779973
4779982
4779998
4780019
4780026
4780034
4780042
4780055
4780060
4780078
4780087
4780093
4780104
4780116
4780129
4780147
4780150
4780165
4780173
4780198
4780213
4780225
4780232
4780254
4780269
4780276
4780281
4780297
4780305
4780318
4780320
4780337
4780343
4780351
4780366
4780379
4780384
4780392
4780408
4780414
4780427
4780439
4780440
4780453
4780462
4780486
4780495
4780506
4780512
4780521
4780533
4780549
4780557
4780568
4780570
4780585
4780594
4780609
4780617
4780624
4780638
4780646
4780652
4780663
4780675
4780680
4780691
4780707
4780710
4780728
4780735
4780744
4780756
4780772
4780783
4780799
4780803
4780811
4780822
4780836
4780845
4780858
4780867
4780874
4780890
4780902
4780915
4780923
4780930
4780941
4780959
4780964
4780977
4780988
4780996
4781007
4781010
4781028
4781035
4781044
4781061
4781072
4781083
4781105
4781118
4781120
4781137
4781143
4781151
4781166
4781179
4781184
4781192
4781201
4781219
4781226
4781234
4781255
4781260
4781278
4781287
4781293
4781306
4781312
4781321
4781333
4781349
4781368
4781370
4781385
4781394
4781402
4781415
4781423
4781430
4781441
4781459
4781477
4781488
4781496
4781508
4781514
4781539
4781540
4781553
4781562
4781571
4781586
4781595
4781600
4781625
4781632
4781648
4781654
4781669
4781676
4781681
4781697
4781703
4781711
4781722
4781736
4781745
4781758
4781767
4781774
4781790
4781817
4781824
4781838
4781846
4781852
4781863
4781875
4781880
4781891
4781904
4781916
4781929
4781931
4781947
4781950
4781965
4781973
4781982
4781998
4782005
4782018
4782020
4782037
4782043
4782051
4782066
4782079
4782092
4782107
4782110
4782128
4782135
4782144
4782156
4782161
4782172
4782183
4782199
4782206
4782212
4782221
4782233
4782249
4782257
4782268
4782270
4782285
4782294
4782301
4782319
4782326
4782334
4782342
4782355
4782360
4782378
4782387
4782393
4782417
4782424
4782438
4782446
4782452
4782463
4782475
4782480
4782491
4782500
4782513
4782525
4782548
4782554
4782569
4782576
4782581
4782597
4782608
4782614
4782627
4782639
4782640
4782653
4782671
4782686
4782695
4782704
4782729
4782731
4782747
4782750
4782765
4782773
4782798
4782802
4782815
4782823
4782830
4782841
4782859
4782888
4782896
4782903
4782911
4782922
4782945
4782958
4782967
4782974
4782989
4782990
4783017
4783024
4783038
4783052
4783063
4783080
4783091
4783108
4783114
4783127
4783139
4783140
4783153
4783162
4783171
4783186
4783195
4783203
4783211
4783222
4783236
4783245
4783258
4783267
4783274
4783289
4783290
4783302
4783315
4783323
4783330
4783341
4783359
4783364
4783377
4783388
4783396
4783418
4783420
4783443
4783451
4783479
4783484
4783492
4783504
4783516
4783529
4783547
4783550
4783565
4783573
4783582
4783598
4783607
4783610
4783628
4783635
4783644
4783661
4783672
4783683
4783699
4783700
4783713
4783725
4783732
4783748
4783754
4783776
4783797
4783801
4783819
4783826
4783834
4783842
4783855
4783860
4783878
4783887
4783893
4783906
4783912
4783921
4783933
4783949
4783957
4783968
4783994
4784016
4784029
4784031
4784050
4784065
4784073
4784098
4784101
4784119
4784126
4784134
4784142
4784155
4784160
4784178
4784187
4784193
4784205
4784218
4784237
4784243
4784251
4784266
4784279
4784284
4784292
4784300
4784313
4784325
4784332
4784348
4784354
4784369
4784376
4784381
4784397
4784403
4784411
4784422
4784436
4784445
4784458
4784467
4784474
4784489
4784490
4784509
4784517
4784524
4784538
4784546
4784552
4784563
4784575
4784580
4784591
4784606
4784612
4784621
4784633
4784649
4784657
4784668
4784670
4784694
4784702
4784715
4784723
4784730
4784741
4784764
4784777
4784788
4784796
4784814
4784827
4784839
4784840
4784853
4784862
4784871
4784886
4784895
4784907
4784910
4784928
4784935
4784944
4784956
4784961
4784972
4784983
4784999
4785002
4785015
4785023
4785030
4785041
4785059
4785064
4785077
4785088
4785096
4785100
4785113
4785125
4785132
4785148
4785154
4785169
4785176
4785181
4785197
4785204
4785216
4785229
4785231
4785250
4785265
4785282
4785298
4785309
4785317
4785324
4785338
4785346
4785363
4785375
4785380
4785391
4785407
4785410
4785428
4785435
4785444
4785461
4785483
4785499
4785503
4785511
4785522
4785545
4785558
4785567
4785574
4785589
4785590
4785605
4785618
4785620
4785637
4785643
4785666
4785679
4785692
4785708
4785714
4785727
4785739
4785740
4785753
4785762
4785771
4785786
4785795
4785806
4785821
4785833
4785857
4785868
4785870
4785885
4785894
4785901
4785919
4785926
4785934
4785942
4785955
4785960
4785978
4785987
4785993
4786008
4786014
4786027
4786039
4786040
4786053
4786071
4786086
4786095
4786117
4786124
4786138
4786146
4786163
4786175
4786180
4786191
4786202
4786215
4786223
4786230
4786241
4786264
4786288
4786296
4786303
4786311
4786322
4786336
4786345
4786358
4786367
4786390
4786401
4786419
4786426
4786434
4786442
4786455
4786460
4786487
4786493
4786507
4786510
4786528
4786535
4786544
4786556
4786561
4786572
4786583
4786599
4786604
4786616
4786629
4786631
4786650
4786665
4786673
4786682
4786698
4786706
4786712
4786721
4786733
4786749
4786757
4786768
4786770
4786785
4786794
4786805
4786818
4786820
4786837
4786843
4786851
4786866
4786879
4786892
4786900
4786913
4786925
4786932
4786948
4786954
4786969
4786976
4786981
4786997
4787003
4787011
4787022
4787036
4787058
4787067
4787074
4787090
4787106
4787133
4787149
4787157
4787168
4787170
4787185
4787194
4787207
4787210
4787228
4787235
4787244
4787256
4787261
4787272
4787283
4787299
4787308
4787314
4787327
4787339
4787340
4787353
4787362
4787371
4787386
4787395
4787404
4787416
4787429
4787431
4787447
4787450
4787465
4787498
4787502
4787515
4787523
4787530
4787541
4787559
4787564
4787577
4787588
4787596
4787601
4787619
4787626
4787634
4787642
4787655
4787660
4787678
4787687
4787693
4787709
4787717
4787724
4787746
4787752
4787763
4787775
4787780
4787791
4787813
4787825
4787832
4787848
4787854
4787869
4787876
4787881
4787897
4787905
4787918
4787920
4787937
4787943
4787951
4787966
4787979
4787984
4787992
4788006
4788012
4788021
4788033
4788049
4788057
4788068
4788070
4788085
4788094
4788103
4788111
4788122
4788136
4788145
4788158
4788167
4788174
4788189
4788190
4788208
4788214
4788227
4788239
4788240
4788253
4788271
4788286
4788295
4788307
4788310
4788328
4788335
4788344
4788356
4788361
4788372
4788383
4788399
4788400
4788413
4788432
4788448
4788454
4788469
4788476
4788481
4788497
4788501
4788519
4788526
4788534
4788542
4788560
4788578
4788587
4788593
4788602
4788615
4788623
4788630
4788641
4788659
4788664
4788677
4788688
4788696
4788705
4788718
4788720
4788737
4788743
4788751
4788766
4788779
4788784
4788792
4788804
4788816
4788829
4788831
4788847
4788850
4788865
4788873
4788882
4788898
4788909
4788917
4788924
4788938
4788946
4788952
4788963
4788975
4788980
4788991
4789000
4789013
4789025
4789032
4789048
4789054
4789069
4789076
4789081
4789115
4789123
4789141
4789159
4789164
4789177
4789188
4789196
4789209
4789217
4789224
4789238
4789246
4789252
4789263
4789275
4789280
4789291
4789304
4789316
4789329
4789331
4789347
4789365
4789373
4789382
4789398
4789406
4789412
4789421
4789433
4789449
4789457
4789468
4789470
4789485
4789494
4789505
4789518
4789520
4789537
4789543
4789551
4789566
4789579
4789592
4789603
4789611
4789636
4789645
4789658
4789667
4789674
4789689
4789690
4789701
4789734
4789742
4789755
4789760
4789778
4789787
4789793
4789807
4789810
4789828
4789835
4789844
4789856
4789861
4789872
4789883
4789899
4789908
4789914
4789927
4789940
4789953
4789962
4789971
4789986
4789995
4790009
4790017
4790024
4790038
4790046
4790052
4790075
4790080
4790091
4790108
4790114
4790127
4790139
4790140
4790153
4790162
4790171
4790186
4790203
4790211
4790222
4790236
4790245
4790258
4790267
4790274
4790289
4790290
4790302
4790315
4790323
4790330
4790341
4790359
4790364
4790377
4790388
4790396
4790405
4790418
4790420
4790437
4790443
4790451
4790466
4790479
4790484
4790492
4790516
4790531
4790547
4790550
4790565
4790573
4790582
4790598
4790607
4790610
4790635
4790644
4790656
4790661
4790672
4790683
4790699
4790700
4790713
4790725
4790732
4790748
4790776
4790781
4790797
4790801
4790819
4790826
4790834
4790842
4790855
4790860
4790878
4790887
4790893
4790906
4790912
4790921
4790933
4790949
4790957
4790970
4790985
4790994
4791000
4791013
4791025
4791032
4791048
4791054
4791069
4791076
4791097
4791102
4791115
4791123
4791130
4791159
4791164
4791177
4791188
4791196
4791209
4791217
4791224
4791238
4791246
4791252
4791275
4791304
4791316
4791329
4791331
4791347
4791365
4791373
4791382
4791398
4791406
4791412
4791421
4791433
4791449
4791468
4791470
4791494
4791505
4791518
4791520
4791537
4791551
4791566
4791579
4791584
4791592
4791603
4791611
4791622
4791636
4791658
4791689
4791690
4791701
4791726
4791734
4791742
4791755
4791760
4791778
4791787
4791793
4791807
4791810
4791828
4791835
4791844
4791856
4791861
4791883
4791899
4791908
4791914
4791939
4791940
4791953
4791962
4791971
4791986
4791995
4792002
4792015
4792023
4792030
4792041
4792059
4792064
4792077
4792088
4792096
4792100
4792125
4792132
4792148
4792154
4792169
4792176
4792181
4792197
4792204
4792216
4792229
4792231
4792247
4792250
4792265
4792273
4792282
4792298
4792309
4792317
4792324
4792338
4792346
4792352
4792363
4792375
4792380
4792391
4792407
4792410
4792435
4792456
4792461
4792472
4792483
4792499
4792503
4792511
4792522
4792536
4792545
4792558
4792567
4792574
4792589
4792590
4792618
4792620
4792637
4792643
4792651
4792666
4792679
4792684
4792708
4792714
4792727
4792739
4792740
4792753
4792762
4792771
4792786
4792795
4792806
4792812
4792821
4792833
4792849
4792857
4792868
4792870
4792885
4792894
4792926
4792942
4792960
4792978
4792987
4792993
4793007
4793010
4793028
4793044
4793056
4793061
4793072
4793083
4793099
4793118
4793120
4793137
4793143
4793166
4793179
4793184
4793192
4793201
4793219
4793226
4793234
4793242
4793255
4793260
4793278
4793287
4793293
4793306
4793312
4793321
4793333
4793349
4793357
4793370
4793385
4793394
4793402
4793415
4793423
4793430
4793441
4793459
4793464
4793477
4793488
4793496
4793508
4793514
4793527
4793539
4793540
4793553
4793562
4793586
4793595
4793600
4793613
4793625
4793632
4793648
4793654
4793669
4793681
4793697
4793703
4793711
4793722
4793736
4793745
4793758
4793767
4793774
4793789
4793790
4793809
4793817
4793824
4793838
4793846
4793852
4793863
4793875
4793880
4793891
4793904
4793916
4793929
4793931
4793947
4793950
4793965
4793982
4793998
4794008
4794014
4794027
4794039
4794040
4794062
4794071
4794086
4794095
4794109
4794117
4794124
4794138
4794146
4794152
4794163
4794175
4794180
4794191
4794202
4794215
4794223
4794230
4794259
4794264
4794277
4794288
4794296
4794303
4794311
4794336
4794345
4794358
4794374
4794389
4794390
4794401
4794419
4794426
4794434
4794455
4794460
4794478
4794487
4794493
4794510
4794528
4794535
4794544
4794556
4794572
4794583
4794599
4794604
4794616
4794647
4794665
4794673
4794682
4794698
4794706
4794712
4794721
4794733
4794749
4794757
4794768
4794770
4794785
4794794
4794818
4794820
4794837
4794843
4794851
4794866
4794879
4794884
4794892
4794900
4794913
4794925
4794932
4794948
4794954
4794969
4794976
4794981
4794997
4795006
4795012
4795021
4795033
4795049
4795057
4795068
4795070
4795085
4795094
4795103
4795122
4795136
4795145
4795158
4795167
4795174
4795189
4795190
4795208
4795214
4795227
4795240
4795253
4795262
4795271
4795286
4795295
4795310
4795328
4795335
4795344
4795356
4795361
4795383
4795399
4795413
4795432
4795448
4795454
4795469
4795476
4795497
4795501
4795519
4795526
4795542
4795555
4795560
4795578
4795587
4795593
4795602
4795615
4795623
4795630
4795641
4795664
4795677
4795688
4795696
4795705
4795718
4795720
4795737
4795743
4795779
4795784
4795792
4795804
4795816
4795829
4795831
4795847
4795850
4795865
4795873
4795882
4795909
4795917
4795924
4795938
4795946
4795952
4795963
4795975
4795980
4795991
4796005
4796020
4796037
4796043
4796051
4796066
4796079
4796084
4796092
4796107
4796110
4796135
4796144
4796156
4796161
4796172
4796183
4796199
4796206
4796212
4796221
4796233
4796249
4796257
4796268
4796270
4796285
4796294
4796301
4796319
4796326
4796334
4796342
4796355
4796360
4796378
4796387
4796393
4796409
4796417
4796424
4796438
4796446
4796452
4796463
4796475
4796480
4796491
4796500
4796513
4796525
4796532
4796548
4796554
4796569
4796576
4796581
4796597
4796608
4796614
4796627
4796639
4796640
4796653
4796662
4796671
4796686
4796695
4796704
4796716
4796729
4796731
4796747
4796750
4796765
4796773
4796782
4796798
4796815
4796823
4796830
4796841
4796859
4796864
4796877
4796888
4796896
4796903
4796911
4796922
4796936
4796945
4796958
4796967
4796989
4796990
4797001
4797019
4797034
4797042
4797055
4797060
4797078
4797087
4797093
4797104
4797116
4797131
4797147
4797150
4797165
4797173
4797182
4797198
4797200
4797213
4797225
4797232
4797248
4797254
4797269
4797276
4797281
4797297
4797305
4797318
4797320
4797337
4797343
4797351
4797366
4797379
4797384
4797392
4797414
4797427
4797439
4797440
4797453
4797462
4797471
4797486
4797495
4797506
4797512
4797521
4797533
4797549
4797557
4797568
4797570
4797585
4797594
4797609
4797617
4797624
4797638
4797646
4797652
4797675
4797680
4797691
4797707
4797710
4797728
4797735
4797744
4797761
4797772
4797783
4797799
4797803
4797811
4797822
4797836
4797845
4797858
4797867
4797874
4797889
4797890
4797902
4797915
4797923
4797930
4797941
4797959
4797964
4797977
4797988
4797996
4798004
4798016
4798047
4798050
4798065
4798073
4798098
4798101
4798119
4798126
4798134
4798142
4798155
4798178
4798187
4798193
4798205
4798218
4798220
4798237
4798243
4798251
4798266
4798279
4798284
4798292
4798300
4798313
4798325
4798348
4798354
4798369
4798376
4798381
4798397
4798403
4798411
4798422
4798436
4798445
4798458
4798467
4798474
4798489
4798490
4798509
4798517
4798546
4798552
4798563
4798575
4798580
4798591
4798606
4798621
4798633
4798649
4798657
4798670
4798685
4798694
4798702
4798715
4798723
4798730
4798741
4798759
4798764
4798777
4798788
4798796
4798808
4798814
4798827
4798839
4798840
4798853
4798862
4798871
4798886
4798895
4798907
4798910
4798928
4798935
4798944
4798961
4798972
4798983
4798999
4799003
4799011
4799022
4799036
4799045
4799067
4799074
4799089
4799090
4799106
4799121
4799133
4799149
4799157
4799168
4799170
4799185
4799194
4799207
4799210
4799235
4799244
4799256
4799261
4799272
4799283
4799299
4799308
4799314
4799327
4799339
4799340
4799353
4799371
4799386
4799404
4799416
4799429
4799431
4799447
4799450
4799465
4799473
4799482
4799502
4799515
4799523
4799530
4799541
4799559
4799564
4799577
4799588
4799596
4799601
4799619
4799626
4799634
4799642
4799655
4799660
4799678
4799687
4799693
4799709
4799717
4799724
4799738
4799746
4799752
4799763
4799775
4799780
4799791
4799800
4799813
4799825
4799832
4799848
4799854
4799869
4799876
4799881
4799897
4799905
4799920
4799937
4799943
4799951
4799966
4799979
4799984
4799992
