4000015
4000059
4000125
4000169
4000176
4000216
4000247
4000250
4000282
4000317
4000363
4000380
4000391
4000444
4000456
4000483
4000499
4000503
4000522
4000558
4000589
4000590
4000605
4000618
4000620
4000666
4000679
4000684
4000692
4000740
4000753
4000762
4000821
4000857
4000870
4000885
4000894
4000926
4000987
4001014
4001062
4001071
4001086
4001109
4001117
4001146
4001163
4001223
4001230
4001259
4001296
4001311
4001322
4001374
4001426
4001434
4001442
4001455
4001478
4001507
4001528
4001535
4001544
4001561
4001583
4001599
4001604
4001647
4001650
4001665
4001682
4001698
4001749
4001768
4001818
4001913
4001925
4001969
4001981
4001997
4002017
4002075
4002091
4002162
4002186
4002195
4002203
4002236
4002258
4002274
4002289
4002290
4002315
4002330
4002377
4002388
4002504
4002547
4002565
4002607
4002610
4002672
4002713
4002725
4002732
4002769
4002776
4002801
4002826
4002842
4002887
4002893
4002912
4002921
4002933
4002970
4003005
4003020
4003043
4003051
4003092
4003144
4003156
4003183
4003249
4003270
4003285
4003301
4003334
4003342
4003378
4003387
4003393
4003409
4003417
4003438
4003491
4003532
4003548
4003554
4003597
4003608
4003686
4003716
4003747
4003750
4003765
4003823
4003830
4003877
4003888
4003896
4003903
4003911
4003936
4003967
4003974
4004000
4004013
4004054
4004076
4004123
4004130
4004164
4004177
4004188
4004217
4004224
4004238
4004263
4004275
4004291
4004316
4004331
4004347
4004350
4004398
4004412
4004449
4004468
4004485
4004494
4004551
4004566
4004579
4004592
4004636
4004645
4004667
4004674
4004689
4004701
4004755
4004787
4004835
4004844
4004883
4004908
4004940
4004971
4004995
4005019
4005026
4005034
4005042
4005055
4005078
4005093
4005129
4005131
4005147
4005150
4005200
4005213
4005281
4005297
4005305
4005366
4005427
4005439
4005453
4005486
4005585
4005594
4005609
4005646
4005652
4005663
4005675
4005680
4005707
4005710
4005735
4005799
4005822
4005845
4005858
4005874
4005902
4005923
4005930
4005941
4005959
4005964
4005988
4005996
4006035
4006044
4006083
4006105
4006118
4006137
4006143
4006151
4006179
4006184
4006192
4006219
4006226
4006293
4006321
4006333
4006357
4006370
4006385
4006394
4006441
4006464
4006496
4006514
4006527
4006540
4006586
4006625
4006669
4006736
4006745
4006767
4006774
4006790
4006838
4006863
4006875
4006880
4006904
4006950
4006973
4006998
4007021
4007049
4007057
4007111
4007145
4007167
4007174
4007189
4007190
4007208
4007239
4007271
4007295
4007328
4007413
4007425
4007448
4007469
4007476
4007481
4007497
4007526
4007587
4007602
4007623
4007641
4007664
4007677
4007688
4007705
4007751
4007779
4007804
4007829
4007831
4007847
4007898
4007909
4007917
4007938
4007963
4007980
4007991
4008022
4008036
4008089
4008121
4008149
4008170
4008261
4008299
4008327
4008386
4008395
4008404
4008416
4008450
4008502
4008515
4008577
4008588
4008596
4008601
4008619
4008655
4008678
4008693
4008717
4008724
4008738
4008746
4008763
4008780
4008791
4008813
4008825
4008854
4008869
4008918
4008992
4009004
4009050
4009073
4009134
4009142
4009155
4009205
4009220
4009251
4009284
4009300
4009403
4009411
4009436
4009445
4009458
4009467
4009474
4009509
4009517
4009538
4009546
4009580
4009591
4009621
4009657
4009670
4009723
4009730
4009741
4009759
4009764
4009777
4009788
4009814
4009839
4009853
4009862
4009910
4009944
4010033
4010049
4010068
4010070
4010111
4010136
4010145
4010158
4010167
4010189
4010208
4010214
4010239
4010271
4010295
4010328
4010344
4010356
4010383
4010400
4010481
4010497
4010526
4010534
4010542
4010555
4010593
4010602
4010615
4010641
4010779
4010784
4010804
4010829
4010831
4010865
4010917
4010975
4010991
4011037
4011084
4011092
4011128
4011172
4011249
4011326
4011378
4011438
4011446
4011491
4011525
4011554
4011627
4011686
4011716
4011731
4011747
4011773
4011798
4011815
4011823
4011830
4011877
4011936
4011974
4012010
4012035
4012072
4012083
4012105
4012137
4012143
4012151
4012192
4012219
4012226
4012242
4012255
4012260
4012278
4012287
4012333
4012357
4012368
4012385
4012402
4012423
4012441
4012459
4012464
4012514
4012539
4012571
4012595
4012613
4012625
4012648
4012654
4012669
4012681
4012722
4012736
4012745
4012767
4012774
4012809
4012817
4012838
4012846
4012880
4012931
4012947
4012982
4013002
4013015
4013064
4013096
4013100
4013113
4013125
4013197
4013216
4013247
4013250
4013309
4013317
4013324
4013346
4013352
4013456
4013461
4013483
4013503
4013536
4013574
4013605
4013618
4013651
4013666
4013679
4013740
4013786
4013795
4013806
4013821
4013849
4013885
4013894
4013926
4013960
4013987
4013993
4014003
4014011
4014022
4014058
4014074
4014106
4014149
4014157
4014185
4014207
4014256
4014261
4014299
4014327
4014340
4014362
4014371
4014386
4014416
4014473
4014498
4014502
4014523
4014601
4014619
4014678
4014693
4014709
4014780
4014813
4014832
4014848
4014869
4014881
4014897
4014905
4014918
4014966
4014984
4015024
4015063
4015080
4015091
4015139
4015140
4015186
4015258
4015274
4015289
4015290
4015364
4015388
4015405
4015451
4015479
4015492
4015504
4015531
4015582
4015598
4015628
4015635
4015656
4015683
4015699
4015713
4015725
4015754
4015781
4015797
4015801
4015819
4015834
4015842
4015855
4015860
4015887
4015912
4015921
4015957
4015968
4015970
4015985
4016013
4016032
4016069
4016076
4016081
4016102
4016115
4016123
4016130
4016141
4016177
4016188
4016209
4016217
4016246
4016252
4016275
4016280
4016291
4016304
4016316
4016347
4016365
4016412
4016457
4016468
4016520
4016537
4016551
4016579
4016611
4016645
4016674
4016690
4016755
4016760
4016793
4016828
4016835
4016899
4016914
4016927
4016939
4016940
4016953
4017016
4017029
4017050
4017073
4017119
4017134
4017155
4017187
4017205
4017243
4017251
4017292
4017313
4017369
4017397
4017422
4017445
4017489
4017509
4017524
4017580
4017591
4017612
4017668
4017702
4017723
4017730
4017759
4017808
4017814
4017839
4017862
4017907
4017935
4017944
4017956
4017972
4017983
4018019
4018034
4018042
4018060
4018078
4018087
4018104
4018129
4018147
4018165
4018225
4018232
4018254
4018276
4018297
4018318
4018320
4018337
4018343
4018351
4018366
4018379
4018384
4018392
4018408
4018462
4018533
4018557
4018568
4018646
4018663
4018707
4018710
4018744
4018756
4018761
4018783
4018799
4018803
4018822
4018836
4018858
4018867
4018964
4018977
4018988
4018996
4019014
4019040
4019062
4019071
4019086
4019095
4019117
4019146
4019215
4019230
4019288
4019296
4019367
4019374
4019434
4019478
4019510
4019544
4019556
4019561
4019599
4019650
4019665
4019673
4019706
4019712
4019733
4019768
4019770
4019785
4019805
4019818
4019820
4019843
4019851
4019866
4019879
4019884
4019913
4019976
4019981
4020011
4020022
4020045
4020058
4020067
4020090
4020106
4020112
4020170
4020228
4020244
4020283
4020314
4020473
4020577
4020588
4020596
4020634
4020642
4020709
4020746
4020780
4020791
4020800
4020813
4020825
4020848
4020881
4020966
4020979
4020984
4021038
4021052
4021063
4021075
4021091
4021114
4021153
4021162
4021211
4021245
4021289
4021290
4021302
4021323
4021396
4021451
4021466
4021479
4021484
4021529
4021550
4021565
4021573
4021598
4021628
4021635
4021661
4021672
4021699
4021700
4021748
4021769
4021912
4021933
4021970
4021994
4022027
4022071
4022086
4022095
4022117
4022146
4022152
4022163
4022175
4022191
4022202
4022215
4022288
4022367
4022390
4022426
4022434
4022455
4022478
4022487
4022535
4022544
4022583
4022599
4022604
4022616
4022682
4022712
4022721
4022768
4022770
4022794
4022805
4022820
4022925
4022948
4022969
4023001
4023042
4023060
4023104
4023129
4023165
4023182
4023200
4023232
4023254
4023276
4023281
4023305
4023318
4023337
4023343
4023351
4023366
4023408
4023427
4023439
4023453
4023471
4023486
4023495
4023506
4023533
4023568
4023638
4023691
4023772
4023858
4023867
4023874
4023889
4023890
4023915
4023959
4024021
4024049
4024085
4024189
4024190
4024214
4024286
4024328
4024344
4024383
4024399
4024400
4024413
4024425
4024432
4024448
4024501
4024578
4024602
4024615
4024623
4024630
4024641
4024718
4024766
4024847
4024882
4024938
4024952
4024991
4025018
4025037
4025043
4025051
4025110
4025135
4025183
4025199
4025206
4025257
4025268
4025270
4025301
4025319
4025334
4025342
4025355
4025387
4025393
4025409
4025417
4025424
4025438
4025463
4025480
4025491
4025500
4025513
4025525
4025532
4025554
4025569
4025597
4025608
4025614
4025695
4025716
4025750
4025765
4025798
4025859
4025864
4025877
4025888
4025896
4025911
4025936
4025945
4025967
4025989
4026029
4026031
4026047
4026050
4026119
4026142
4026155
4026160
4026178
4026220
4026243
4026266
4026300
4026313
4026332
4026376
4026397
4026411
4026436
4026445
4026458
4026467
4026517
4026524
4026575
4026633
4026657
4026670
4026694
4026702
4026715
4026759
4026777
4026796
4026808
4026840
4026853
4026862
4026886
4026910
4026928
4026944
4026972
4027025
4027097
4027115
4027159
4027188
4027238
4027246
4027252
4027275
4027329
4027347
4027449
4027485
4027494
4027518
4027520
4027543
4027566
4027622
4027636
4027658
4027742
4027778
4027787
4027835
4027844
4027856
4027872
4027914
4027939
4027962
4027971
4027986
4027995
4028015
4028041
4028064
4028077
4028113
4028125
4028148
4028154
4028231
4028265
4028317
4028346
4028380
4028410
4028483
4028499
4028511
4028522
4028536
4028567
4028574
4028605
4028618
4028684
4028692
4028727
4028771
4028821
4028833
4028849
4028857
4028926
4028960
4029007
4029035
4029061
4029083
4029099
4029118
4029151
4029166
4029184
4029260
4029287
4029306
4029333
4029349
4029357
4029368
4029402
4029415
4029459
4029477
4029527
4029540
4029562
4029571
4029632
4029654
4029676
4029681
4029736
4029745
4029789
4029846
4029863
4029875
4029904
4029931
4029965
4029973
4029982
4029998
4030026
4030055
4030131
4030165
4030232
4030248
4030254
4030269
4030297
4030320
4030337
4030351
4030379
4030427
4030440
4030512
4030533
4030557
4030568
4030570
4030585
4030594
4030609
4030617
4030624
4030663
4030675
4030680
4030707
4030756
4030761
4030858
4030867
4030890
4030902
4030977
4030988
4031056
4031061
4031072
4031099
4031120
4031179
4031226
4031242
4031255
4031260
4031430
4031441
4031488
4031496
4031527
4031540
4031571
4031595
4031600
4031613
4031625
4031681
4031697
4031722
4031736
4031745
4031790
4031846
4031880
4031904
4031931
4031950
4031982
4032037
4032051
4032084
4032156
4032172
4032183
4032199
4032206
4032221
4032233
4032257
4032326
4032393
4032446
4032452
4032463
4032475
4032480
4032491
4032500
4032513
4032532
4032581
4032639
4032640
4032671
4032686
4032716
4032750
4032782
4032798
4032896
4032936
4032945
4033024
4033046
4033075
4033080
4033114
4033139
4033153
4033195
4033203
4033222
4033245
4033258
4033323
4033330
4033341
4033364
4033377
4033388
4033405
4033418
4033420
4033451
4033466
4033479
4033484
4033516
4033531
4033573
4033607
4033644
4033656
4033661
4033699
4033700
4033725
4033748
4033781
4033797
4033801
4033819
4033826
4033834
4033842
4033855
4033860
4033878
4033887
4033893
4033906
4033933
4033949
4034029
4034031
4034101
4034134
4034142
4034155
4034160
4034187
4034193
4034220
4034243
4034251
4034279
4034313
4034325
4034332
4034348
4034422
4034445
4034458
4034517
4034538
4034546
4034563
4034580
4034612
4034649
4034657
4034668
4034685
4034694
4034723
4034796
4034827
4034862
4034871
4034886
4034935
4034956
4034983
4035002
4035023
4035125
4035148
4035169
4035247
4035273
4035309
4035380
4035391
4035435
4035499
4035503
4035545
4035558
4035567
4035589
4035620
4035666
4035679
4035684
4035708
4035714
4035762
4035795
4035806
4035833
4035868
4035919
4035926
4035934
4035942
4035955
4035978
4036027
4036053
4036062
4036071
4036138
4036146
4036175
4036215
4036223
4036241
4036288
4036311
4036322
4036345
4036374
4036419
4036434
4036460
4036487
4036493
4036507
4036510
4036544
4036561
4036616
4036673
4036712
4036749
4036757
4036770
4036785
4036820
4036851
4036879
4036884
4036892
4036948
4036969
4036997
4037011
4037036
4037045
4037058
4037067
4037106
4037112
4037121
4037185
4037207
4037210
4037235
4037272
4037283
4037327
4037395
4037429
4037431
4037465
4037482
4037498
4037577
4037588
4037642
4037655
4037678
4037693
4037709
4037752
4037763
4037780
4037832
4037854
4037869
4037876
4037897
4037920
4037966
4037984
4037992
4038049
4038068
4038070
4038111
4038122
4038158
4038189
4038214
4038239
4038262
4038310
4038344
4038356
4038383
4038448
4038593
4038602
4038623
4038677
4038688
4038766
4038779
4038792
4038831
4038865
4038882
4038924
4039000
4039025
4039069
4039097
4039115
4039130
4039188
4039209
4039224
4039238
4039246
4039252
4039275
4039280
4039291
4039329
4039412
4039433
4039485
4039494
4039505
4039518
4039520
4039537
4039551
4039579
4039592
4039611
4039645
4039689
4039690
4039719
4039755
4039760
4039793
4039872
4039899
4039908
4039914
4039971
4039995
4040005
4040018
4040037
4040051
4040066
4040079
4040107
4040110
4040135
4040221
4040285
4040301
4040319
4040326
4040355
4040378
4040417
4040446
4040452
4040463
4040491
4040500
4040513
4040525
4040532
4040576
4040653
4040662
4040671
4040695
4040716
4040747
4040750
4040765
4040773
4040823
4040864
4040877
4040888
4040896
4040903
4040936
4040945
4040974
4040990
4041016
4041134
4041142
4041178
4041193
4041237
4041266
4041279
4041292
4041300
4041369
4041376
4041397
4041422
4041436
4041445
4041474
4041489
4041490
4041517
4041524
4041538
4041563
4041591
4041612
4041621
4041633
4041657
4041670
4041685
4041694
4041702
4041723
4041730
4041796
4041808
4041827
4041853
4041871
4041910
4041961
4041999
4042026
4042055
4042087
4042093
4042129
4042150
4042173
4042182
4042198
4042213
4042225
4042232
4042254
4042269
4042379
4042384
4042408
4042462
4042471
4042521
4042549
4042585
4042594
4042609
4042624
4042638
4042652
4042663
4042680
4042728
4042783
4042799
4042867
4042874
4042930
4042941
4042959
4042988
4043008
4043039
4043071
4043086
4043095
4043152
4043163
4043175
4043180
4043259
4043288
4043296
4043345
4043358
4043434
4043455
4043478
4043507
4043561
4043599
4043631
4043650
4043673
4043698
4043706
4043733
4043757
4043805
4043818
4043879
4043884
4043997
4044007
4044035
4044061
4044083
4044151
4044179
4044192
4044201
4044219
4044226
4044234
4044255
4044260
4044287
4044312
4044333
4044357
4044385
4044394
4044402
4044441
4044459
4044464
4044477
4044488
4044496
4044514
4044527
4044562
4044571
4044595
4044600
4044625
4044632
4044648
4044654
4044676
4044711
4044745
4044758
4044767
4044774
4044790
4044852
4044875
4044891
4044904
4044916
4044965
4044973
4044998
4045003
4045022
4045045
4045067
4045090
4045106
4045112
4045121
4045133
4045149
4045185
4045194
4045210
4045235
4045244
4045256
4045327
4045339
4045386
4045395
4045404
4045416
4045431
4045450
4045465
4045498
4045502
4045564
4045577
4045588
4045601
4045678
4045717
4045763
4045775
4045825
4045854
4045876
4045905
4045920
4045937
4045943
4045951
4045984
4045992
4046017
4046024
4046046
4046108
4046114
4046127
4046139
4046140
4046186
4046211
4046258
4046267
4046289
4046302
4046315
4046330
4046341
4046359
4046420
4046451
4046504
4046516
4046547
4046610
4046628
4046699
4046713
4046725
4046732
4046748
4046754
4046776
4046797
4046801
4046819
4046826
4046834
4046855
4046878
4046887
4046893
4046921
4046957
4047015
4047023
4047041
4047059
4047064
4047077
4047088
4047113
4047148
4047154
4047169
4047181
4047247
4047265
4047273
4047309
4047324
4047346
4047352
4047391
4047428
4047456
4047472
4047558
4047637
4047679
4047684
4047692
4047714
4047739
4047812
4047821
4047894
4047926
4047987
4047993
4048000
4048013
4048069
4048076
4048115
4048141
4048159
4048177
4048246
4048280
4048291
4048331
4048457
4048468
4048470
4048494
4048505
4048520
4048537
4048579
4048603
4048611
4048636
4048645
4048674
4048719
4048726
4048742
4048807
4048828
4048835
4048844
4048883
4048899
4048914
4048927
4048939
4048953
4048962
4049049
4049085
4049094
4049111
4049122
4049145
4049190
4049214
4049253
4049328
4049361
4049372
4049399
4049432
4049448
4049481
4049519
4049526
4049593
4049615
4049696
4049705
4049737
4049743
4049751
4049847
4049873
4049882
4049898
4049909
4049938
4049946
4049975
4049991
4050008
4050039
4050040
4050095
4050138
4050146
4050223
4050259
4050264
4050322
4050336
4050390
4050434
4050442
4050455
4050478
4050487
4050507
4050535
4050544
4050556
4050561
4050583
4050631
4050650
4050682
4050712
4050749
4050757
4050794
4050820
4050837
4050866
4050892
4050900
4050913
4050932
4050976
4051006
4051049
4051068
4051085
4051094
4051174
4051189
4051227
4051253
4051271
4051286
4051295
4051310
4051344
4051361
4051383
4051400
4051448
4051469
4051476
4051497
4051501
4051587
4051602
4051623
4051641
4051659
4051664
4051688
4051751
4051766
4051784
4051804
4051816
4051829
4051873
4051882
4051898
4051909
4051938
4051946
4051952
4051980
4052011
4052036
4052058
4052067
4052074
4052106
4052168
4052170
4052185
4052194
4052210
4052256
4052299
4052308
4052314
4052327
4052339
4052340
4052353
4052362
4052371
4052395
4052416
4052482
4052502
4052541
4052559
4052577
4052601
4052619
4052655
4052660
4052678
4052693
4052752
4052780
4052791
4052800
4052813
4052825
4052854
4052869
4052937
4052943
4052992
4053016
4053031
4053047
4053073
4053082
4053178
4053187
4053193
4053218
4053237
4053251
4053266
4053313
4053332
4053354
4053369
4053422
4053445
4053467
4053474
4053489
4053509
4053580
4053612
4053657
4053702
4053764
4053788
4053796
4053808
4053814
4053895
4053907
4053910
4053935
4053944
4053972
4053999
4054009
4054038
4054046
4054080
4054091
4054127
4054140
4054162
4054171
4054186
4054195
4054258
4054315
4054341
4054359
4054405
4054418
4054420
4054479
4054484
4054531
4054547
4054582
4054598
4054607
4054644
4054656
4054672
4054683
4054776
4054819
4054826
4054855
4054887
4054906
4054912
4054994
4055025
4055069
4055097
4055141
4055177
4055209
4055224
4055246
4055252
4055275
4055331
4055398
4055406
4055412
4055421
4055433
4055457
4055485
4055494
4055592
4055611
4055645
4055658
4055667
4055701
4055726
4055755
4055778
4055793
4055807
4055828
4055872
4055908
4055940
4055953
4055986
4056001
4056019
4056026
4056034
4056042
4056087
4056104
4056129
4056147
4056182
4056200
4056254
4056281
4056320
4056379
4056414
4056427
4056440
4056453
4056471
4056506
4056512
4056521
4056533
4056557
4056570
4056585
4056646
4056663
4056728
4056761
4056772
4056836
4056845
4056889
4056915
4056977
4057020
4057043
4057066
4057110
4057128
4057135
4057144
4057156
4057161
4057212
4057221
4057233
4057257
4057301
4057319
4057378
4057387
4057393
4057446
4057475
4057525
4057532
4057548
4057569
4057581
4057608
4057627
4057639
4057653
4057686
4057765
4057798
4057802
4057815
4057864
4057896
4057936
4057958
4057990
4058044
4058056
4058061
4058072
4058083
4058099
4058166
4058219
4058226
4058234
4058242
4058278
4058312
4058321
4058357
4058368
4058370
4058385
4058423
4058430
4058488
4058496
4058514
4058540
4058586
4058595
4058632
4058648
4058669
4058681
4058774
4058789
4058863
4058904
4058916
4058929
4058947
4058973
4059002
4059023
4059041
4059064
4059100
4059148
4059154
4059176
4059216
4059250
4059265
4059273
4059363
4059380
4059391
4059444
4059456
4059461
4059472
4059483
4059499
4059511
4059558
4059590
4059618
4059637
4059679
4059708
4059714
4059739
4059771
4059795
4059812
4059849
4059870
4059885
4059901
4059919
4059934
4059942
4059960
4059993
4060047
4060065
4060082
4060098
4060119
4060134
4060142
4060155
4060205
4060266
4060279
4060292
4060300
4060325
4060332
4060354
4060376
4060403
4060436
4060458
4060467
4060489
4060538
4060563
4060685
4060694
4060702
4060730
4060741
4060777
4060796
4060840
4060928
4060944
4060956
4060972
4060983
4060999
4061002
4061023
4061030
4061077
4061096
4061100
4061132
4061148
4061181
4061197
4061204
4061216
4061229
4061231
4061247
4061298
4061309
4061324
4061352
4061375
4061407
4061410
4061428
4061435
4061456
4061461
4061472
4061483
4061522
4061567
4061618
4061620
4061637
4061666
4061692
4061714
4061753
4061762
4061771
4061833
4061857
4061960
4061987
4062013
4062032
4062076
4062115
4062209
4062238
4062246
4062263
4062275
4062331
4062350
4062433
4062468
4062543
4062566
4062592
4062658
4062701
4062742
4062760
4062807
4062810
4062861
4062899
4062962
4062986
4062995
4063006
4063068
4063103
4063145
4063158
4063271
4063295
4063307
4063335
4063356
4063361
4063413
4063432
4063454
4063476
4063501
4063519
4063526
4063534
4063587
4063593
4063641
4063677
4063688
4063696
4063718
4063779
4063784
4063831
4063865
4063917
4063924
4063938
4063946
4063963
4063991
4064001
4064034
4064042
4064060
4064116
4064129
4064147
4064150
4064182
4064213
4064225
4064281
4064297
4064318
4064337
4064351
4064379
4064427
4064440
4064453
4064462
4064521
4064533
4064557
4064570
4064617
4064624
4064646
4064680
4064728
4064799
4064803
4064811
4064822
4064836
4064858
4064867
4064874
4064889
4064923
4064941
4064959
4064964
4064988
4065035
4065044
4065072
4065083
4065120
4065184
4065201
4065219
4065260
4065287
4065293
4065321
4065368
4065430
4065459
4065477
4065527
4065540
4065553
4065600
4065648
4065654
4065669
4065676
4065697
4065722
4065745
4065767
4065774
4065790
4065838
4065852
4065904
4065916
4065929
4065950
4065973
4065982
4065998
4066011
4066022
4066036
4066067
4066112
4066121
4066133
4066170
4066235
4066244
4066256
4066261
4066272
4066283
4066308
4066314
4066362
4066386
4066416
4066447
4066450
4066473
4066498
4066559
4066619
4066634
4066655
4066660
4066687
4066738
4066763
4066775
4066800
4066825
4066848
4066869
4066876
4066881
4066897
4066943
4066966
4066979
4067008
4067014
4067027
4067071
4067086
4067109
4067117
4067124
4067146
4067175
4067180
4067191
4067202
4067215
4067223
4067241
4067259
4067264
4067288
4067296
4067311
4067374
4067390
4067401
4067419
4067426
4067442
4067478
4067493
4067535
4067583
4067629
4067631
4067650
4067673
4067706
4067721
4067733
4067749
4067757
4067794
4067818
4067851
4067884
4067925
4067932
4067948
4067976
4067981
4068024
4068046
4068080
4068114
4068127
4068139
4068162
4068195
4068222
4068290
4068323
4068330
4068341
4068359
4068364
4068377
4068388
4068451
4068479
4068492
4068516
4068529
4068573
4068582
4068598
4068610
4068656
4068699
4068700
4068713
4068834
4068855
4068887
4068906
4068949
4068968
4068970
4069005
4069066
4069084
4069092
4069107
4069110
4069135
4069161
4069206
4069212
4069257
4069270
4069301
4069424
4069438
4069463
4069475
4069480
4069491
4069513
4069548
4069554
4069581
4069597
4069608
4069614
4069627
4069639
4069653
4069686
4069716
4069729
4069747
4069750
4069765
4069823
4069859
4069877
4069903
4069911
4069945
4069974
4069990
4070024
4070046
4070063
4070108
4070139
4070171
4070186
4070195
4070236
4070245
4070267
4070274
4070290
4070302
4070315
4070359
4070405
4070418
4070437
4070484
4070516
4070547
4070550
4070565
4070582
4070598
4070610
4070628
4070672
4070683
4070725
4070732
4070781
4070834
4070912
4071013
4071048
4071076
4071123
4071130
4071141
4071164
4071177
4071188
4071224
4071263
4071280
4071329
4071365
4071398
4071412
4071449
4071457
4071468
4071485
4071494
4071505
4071518
4071537
4071551
4071584
4071622
4071636
4071658
4071667
4071719
4071734
4071742
4071755
4071760
4071856
4071861
4071872
4071883
4071899
4071927
4071940
4071962
4071986
4071995
4072015
4072041
4072064
4072096
4072154
4072176
4072216
4072231
4072298
4072309
4072338
4072346
4072363
4072410
4072428
4072435
4072456
4072461
4072483
4072511
4072536
4072574
4072589
4072637
4072643
4072651
4072666
4072679
4072692
4072714
4072753
4072771
4072806
4072870
4072885
4072901
4072926
4072942
4072955
4072978
4072987
4072993
4073035
4073056
4073105
4073120
4073143
4073179
4073192
4073201
4073219
4073234
4073255
4073260
4073287
4073333
4073357
4073402
4073415
4073430
4073441
4073477
4073514
4073540
4073562
4073571
4073600
4073613
4073648
4073669
4073676
4073697
4073767
4073774
4073789
4073809
4073817
4073852
4073880
4073929
4073931
4073950
4073982
4074039
4074095
4074109
4074163
4074180
4074191
4074215
4074223
4074230
4074241
4074277
4074322
4074389
4074426
4074442
4074460
4074478
4074510
4074528
4074535
4074556
4074561
4074599
4074604
4074650
4074712
4074733
4074757
4074768
4074794
4074843
4074851
4074913
4074925
4074948
4074969
4075049
4075111
4075136
4075158
4075208
4075214
4075239
4075240
4075262
4075286
4075344
4075399
4075400
4075413
4075425
4075519
4075542
4075560
4075587
4075593
4075602
4075623
4075659
4075677
4075718
4075737
4075779
4075784
4075804
4075816
4075829
4075831
4075898
4075938
4075991
4076037
4076043
4076051
4076079
4076084
4076092
4076110
4076128
4076135
4076144
4076156
4076161
4076199
4076221
4076268
4076285
4076319
4076326
4076334
4076409
4076438
4076446
4076452
4076475
4076480
4076513
4076525
4076581
4076627
4076653
4076686
4076729
4076747
4076750
4076765
4076798
4076802
4076815
4076823
4076841
4076896
4076903
4076911
4076936
4077001
4077026
4077034
4077078
4077087
4077093
4077131
4077213
4077225
4077276
4077305
4077318
4077343
4077384
4077392
4077439
4077440
4077453
4077506
4077512
4077549
4077624
4077646
4077652
4077663
4077680
4077691
4077735
4077783
4077799
4077811
4077836
4077890
4077902
4077915
4077996
4078031
4078082
4078098
4078126
4078134
4078142
4078187
4078205
4078218
4078237
4078243
4078251
4078266
4078300
4078403
4078458
4078467
4078489
4078517
4078546
4078575
4078580
4078591
4078606
4078633
4078649
4078657
4078668
4078694
4078702
4078741
4078759
4078764
4078796
4078814
4078827
4078839
4078853
4078871
4078886
4078895
4078935
4078972
4078983
4079045
4079089
4079106
4079133
4079149
4079194
4079207
4079228
4079308
4079327
4079339
4079340
4079353
4079416
4079431
4079450
4079515
4079564
4079577
4079588
4079596
4079642
4079655
4079687
4079693
4079709
4079717
4079738
4079746
4079763
4079800
4079813
4079832
4079848
4079854
4079905
4080010
4080044
4080083
4080120
4080143
4080151
4080179
4080234
4080242
4080287
4080321
4080333
4080370
4080394
4080402
4080423
4080430
4080459
4080488
4080508
4080527
4080595
4080625
4080648
4080654
4080676
4080697
4080736
4080745
4080758
4080774
4080789
4080809
4080846
4080863
4080875
4080891
4080929
4080947
4080950
4080973
4080982
4081011
4081022
4081045
4081058
4081112
4081157
4081185
4081194
4081207
4081256
4081261
4081327
4081339
4081340
4081395
4081429
4081447
4081450
4081465
4081482
4081502
4081523
4081530
4081559
4081588
4081596
4081619
4081626
4081634
4081642
4081655
4081660
4081678
4081724
4081746
4081763
4081775
4081825
4081848
4081854
4081869
4081920
4081943
4081951
4081979
4082006
4082012
4082057
4082068
4082094
4082158
4082174
4082189
4082214
4082227
4082240
4082262
4082307
4082328
4082344
4082356
4082361
4082383
4082413
4082454
4082534
4082578
4082602
4082630
4082664
4082677
4082751
4082779
4082784
4082804
4082816
4082847
4082850
4082873
4082898
4082909
4082938
4082975
4083013
4083048
4083054
4083076
4083115
4083123
4083130
4083177
4083196
4083246
4083304
4083316
4083350
4083398
4083421
4083457
4083494
4083518
4083551
4083579
4083584
4083622
4083674
4083701
4083719
4083755
4083778
4083828
4083835
4083872
4083914
4083927
4083939
4083940
4083962
4083986
4083995
4084020
4084037
4084110
4084144
4084156
4084161
4084172
4084183
4084199
4084257
4084285
4084294
4084334
4084355
4084360
4084424
4084446
4084452
4084463
4084475
4084548
4084597
4084608
4084662
4084671
4084747
4084773
4084782
4084798
4084802
4084830
4084877
4084911
4084958
4084974
4084989
4085016
4085029
4085031
4085119
4085134
4085142
4085160
4085187
4085193
4085205
4085218
4085237
4085266
4085284
4085292
4085300
4085354
4085376
4085403
4085411
4085436
4085445
4085458
4085489
4085490
4085538
4085563
4085606
4085612
4085621
4085649
4085668
4085702
4085723
4085764
4085796
4085814
4085827
4085862
4085871
4085895
4085907
4085935
4086030
4086096
4086113
4086125
4086148
4086181
4086231
4086282
4086309
4086317
4086338
4086391
4086407
4086428
4086435
4086456
4086472
4086483
4086522
4086536
4086558
4086567
4086590
4086618
4086651
4086666
4086679
4086714
4086739
4086753
4086771
4086821
4086833
4086857
4086868
4086870
4086885
4086960
4086978
4087009
4087017
4087046
4087063
4087075
4087108
4087127
4087171
4087195
4087236
4087258
4087323
4087364
4087405
4087504
4087529
4087573
4087656
4087661
4087683
4087699
4087748
4087834
4087842
4087912
4087921
4087933
4087949
4087957
4087985
4088014
4088039
4088062
4088086
4088117
4088124
4088152
4088180
4088191
4088215
4088230
4088241
4088277
4088288
4088296
4088367
4088374
4088401
4088419
4088455
4088460
4088478
4088493
4088507
4088528
4088535
4088556
4088572
4088583
4088599
4088616
4088631
4088647
4088650
4088665
4088712
4088721
4088733
4088818
4088820
4088884
4088892
4088913
4088925
4088997
4089019
4089034
4089060
4089104
4089129
4089131
4089147
4089150
4089165
4089173
4089182
4089254
4089269
4089276
4089281
4089318
4089320
4089384
4089392
4089427
4089439
4089453
4089462
4089471
4089557
4089570
4089617
4089638
4089646
4089652
4089663
4089680
4089691
4089707
4089710
4089728
4089744
4089756
4089772
4089783
4089811
4089836
4089889
4089923
4089964
4090048
4090115
4090123
4090159
4090196
4090224
4090263
4090280
4090291
4090316
4090365
4090373
4090382
4090406
4090412
4090433
4090457
4090518
4090551
4090566
4090579
4090603
4090658
4090667
4090689
4090734
4090755
4090760
4090778
4090787
4090793
4090828
4090844
4090883
4090914
4090927
4090939
4090940
4090953
4090962
4090971
4090986
4090995
4091001
4091026
4091034
4091060
4091129
4091147
4091150
4091173
4091182
4091198
4091225
4091254
4091269
4091281
4091318
4091343
4091408
4091439
4091453
4091462
4091512
4091521
4091533
4091549
4091609
4091624
4091646
4091652
4091663
4091680
4091728
4091735
4091756
4091761
4091803
4091822
4091858
4091874
4091915
4091930
4091941
4091959
4091977
4092029
4092031
4092050
4092065
4092073
4092126
4092134
4092142
4092187
4092193
4092205
4092243
4092251
4092292
4092300
4092313
4092332
4092348
4092369
4092376
4092403
4092411
4092445
4092474
4092489
4092538
4092552
4092633
4092649
4092657
4092670
4092694
4092702
4092777
4092827
4092910
4092928
4092935
4092944
4092961
4092972
4093003
4093089
4093121
4093157
4093210
4093235
4093244
4093256
4093386
4093395
4093404
4093450
4093465
4093523
4093530
4093577
4093678
4093687
4093693
4093724
4093763
4093780
4093791
4093800
4093832
4093881
4093905
4093920
4093951
4093966
4093979
4093984
4094030
4094041
4094059
4094064
4094096
4094100
4094113
4094154
4094204
4094216
4094247
4094298
4094324
4094435
4094461
4094503
4094522
4094567
4094637
4094643
4094762
4094812
4094849
4094885
4094901
4094926
4094934
4094942
4094955
4094987
4095027
4095039
4095086
4095109
4095124
4095146
4095152
4095175
4095180
4095202
4095223
4095241
4095277
4095288
4095303
4095336
4095345
4095390
4095401
4095419
4095460
4095507
4095510
4095528
4095556
4095583
4095599
4095604
4095616
4095631
4095647
4095665
4095673
4095682
4095698
4095721
4095749
4095768
4095770
4095785
4095794
4095820
4095879
4095884
4095997
4096085
4096094
4096111
4096122
4096145
4096167
4096190
4096208
4096214
4096227
4096240
4096253
4096295
4096344
4096356
4096361
4096372
4096399
4096400
4096425
4096469
4096481
4096519
4096560
4096593
4096602
4096630
4096659
4096677
4096737
4096743
4096751
4096784
4096792
4096804
4096829
4096847
4096850
4096865
4096873
4096898
4096938
4096963
4097118
4097184
4097201
4097219
4097226
4097242
4097255
4097278
4097368
4097394
4097423
4097430
4097459
4097464
4097488
4097496
4097508
4097527
4097539
4097595
4097600
4097632
4097648
4097654
4097676
4097703
4097722
4097736
4097767
4097789
4097790
4097809
4097838
4097846
4097863
4097904
4097929
4097931
4097998
4098020
4098066
4098079
4098084
4098092
4098110
4098161
4098183
4098199
4098206
4098212
4098249
4098257
4098294
4098360
4098378
4098387
4098417
4098424
4098475
4098480
4098500
4098525
4098554
4098576
4098581
4098614
4098627
4098639
4098640
4098653
4098731
4098773
4098859
4098911
4098936
4098945
4098990
4099052
4099108
4099139
4099140
4099162
4099186
4099211
4099222
4099289
4099315
4099359
4099405
4099420
4099437
4099466
4099531
4099582
4099607
4099610
4099628
4099644
4099713
4099748
4099754
4099781
4099826
4099887
4099893
4099906
4099949
4099968
4099985
4099994
