1100024
1100038
1100046
1100108
1100139
1100162
1100186
1100195
1100203
1100274
1100290
1100323
1100330
1100341
1100396
1100466
1100531
1100565
1100573
1100607
1100635
1100656
1100661
1100672
1100699
1100801
1100819
1100855
1100893
1100912
1100921
1100970
1100994
1101054
1101069
1101097
1101102
1101123
1101130
1101164
1101177
1101196
1101246
1101280
1101291
1101331
1101350
1101398
1101412
1101433
1101468
1101485
1101543
1101551
1101579
1101592
1101603
1101611
1101622
1101645
1101658
1101667
1101719
1101726
1101778
1101787
1101793
1101807
1101835
1101844
1101861
1101883
1101914
1101939
1101971
1102030
1102088
1102132
1102154
1102216
1102265
1102317
1102346
1102391
1102410
1102472
1102483
1102499
1102511
1102545
1102567
1102589
1102643
1102651
1102666
1102679
1102692
1102714
1102786
1102795
1102821
1102833
1102857
1102870
1102885
1102894
1102960
1102978
1103010
1103061
1103072
1103166
1103226
1103321
1103349
1103368
1103394
1103415
1103423
1103441
1103477
1103527
1103539
1103562
1103571
1103613
1103654
1103703
1103722
1103745
1103774
1103790
1103809
1103852
1103880
1103931
1104071
1104086
1104109
1104175
1104215
1104358
1104374
1104390
1104460
1104478
1104507
1104528
1104544
1104583
1104665
1104673
1104698
1104733
1104768
1104770
1104794
1104805
1104925
1104997
1105006
1105021
1105049
1105094
1105239
1105286
1105307
1105356
1105383
1105432
1105469
1105476
1105497
1105526
1105534
1105587
1105593
1105623
1105630
1105641
1105659
1105664
1105804
1105816
1105829
1105831
1105847
1105873
1105909
1105938
1105963
1106005
1106051
1106066
1106084
1106128
1106144
1106161
1106206
1106221
1106249
1106270
1106319
1106334
1106378
1106387
1106417
1106491
1106500
1106548
1106597
1106608
1106653
1106686
1106704
1106729
1106731
1106815
1106830
1106859
1106877
1106896
1106911
1106922
1106945
1106967
1106989
1106990
1107019
1107026
1107078
1107087
1107093
1107131
1107182
1107198
1107200
1107213
1107248
1107254
1107343
1107414
1107427
1107462
1107471
1107495
1107521
1107557
1107585
1107609
1107646
1107663
1107675
1107680
1107707
1107710
1107761
1107772
1107799
1107803
1107889
1107902
1107996
1108101
1108142
1108187
1108218
1108220
1108243
1108292
1108354
1108403
1108411
1108422
1108490
1108546
1108563
1108575
1108612
1108633
1108723
1108730
1108886
1108895
1108910
1108928
1108956
1108961
1108983
1108999
1109003
1109022
1109067
1109149
1109207
1109235
1109244
1109308
1109314
1109327
1109339
1109371
1109395
1109429
1109431
1109465
1109523
1109541
1109596
1109619
1109693
1109717
1109738
1109746
1109791
1109813
1109825
1109848
1109881
1109920
1109951
1109979
1109984
1110019
1110055
1110116
1110131
1110150
1110173
1110200
1110248
1110281
1110318
1110337
1110379
1110392
1110408
1110440
1110462
1110486
1110506
1110521
1110533
1110549
1110609
1110652
1110675
1110836
1110874
1110889
1110890
1110915
1110930
1110964
1111007
1111035
1111044
1111099
1111120
1111166
1111192
1111201
1111312
1111394
1111402
1111415
1111430
1111496
1111508
1111514
1111540
1111553
1111586
1111595
1111654
1111676
1111681
1111711
1111722
1111745
1111790
1111809
1111852
1111880
1111891
1111904
1111931
1111950
1111965
1111982
1111998
1112037
1112051
1112066
1112107
1112128
1112135
1112144
1112161
1112206
1112233
1112249
1112294
1112301
1112334
1112355
1112360
1112378
1112387
1112393
1112424
1112500
1112513
1112548
1112554
1112662
1112671
1112686
1112695
1112704
1112716
1112747
1112765
1112773
1112798
1112830
1112841
1112864
1112877
1112896
1112911
1112922
1112958
1112967
1112974
1112989
1113017
1113038
1113080
1113139
1113162
1113171
1113186
1113203
1113222
1113236
1113258
1113267
1113274
1113289
1113323
1113341
1113377
1113388
1113396
1113451
1113466
1113479
1113504
1113565
1113573
1113607
1113635
1113656
1113672
1113699
1113700
1113754
1113797
1113819
1113842
1113855
1113860
1113878
1113893
1113921
1113957
1113970
1113985
1113994
1114031
1114047
1114082
1114101
1114126
1114134
1114193
1114220
1114266
1114292
1114348
1114354
1114369
1114381
1114403
1114411
1114422
1114445
1114467
1114474
1114509
1114552
1114563
1114580
1114591
1114668
1114685
1114702
1114764
1114796
1114808
1114814
1114827
1114839
1114853
1114928
1114935
1114972
1114983
1115002
1115023
1115030
1115041
1115059
1115088
1115100
1115148
1115154
1115169
1115204
1115229
1115231
1115273
1115282
1115317
1115324
1115375
1115380
1115391
1115407
1115472
1115483
1115503
1115545
1115567
1115574
1115590
1115605
1115651
1115666
1115684
1115708
1115727
1115739
1115762
1115786
1115833
1115849
1115868
1115870
1115919
1115934
1116027
1116039
1116053
1116062
1116071
1116086
1116124
1116146
1116152
1116180
1116202
1116215
1116277
1116288
1116389
1116460
1116493
1116507
1116510
1116561
1116604
1116616
1116629
1116631
1116647
1116733
1116749
1116805
1116818
1116843
1116892
1116900
1116913
1116954
1116976
1116997
1117067
1117074
1117090
1117112
1117168
1117170
1117244
1117272
1117314
1117327
1117340
1117353
1117371
1117386
1117395
1117447
1117482
1117515
1117577
1117634
1117655
1117660
1117693
1117724
1117746
1117763
1117780
1117800
1117813
1117825
1117854
1117876
1117897
1117920
1117951
1117984
1118033
1118094
1118103
1118136
1118145
1118174
1118208
1118214
1118239
1118271
1118286
1118295
1118335
1118361
1118383
1118399
1118425
1118448
1118454
1118476
1118519
1118560
1118593
1118602
1118623
1118630
1118641
1118659
1118677
1118688
1118705
1118718
1118766
1118784
1118792
1118816
1118865
1118873
1118898
1118917
1118946
1118991
1119013
1119054
1119097
1119123
1119130
1119141
1119159
1119177
1119196
1119209
1119217
1119224
1119246
1119291
1119304
1119316
1119331
1119347
1119350
1119373
1119421
1119468
1119520
1119543
1119566
1119622
1119658
1119667
1119689
1119726
1119755
1119793
1119856
1119861
1119872
1119883
1119962
1119971
1119986
1120047
1120098
1120155
1120178
1120205
1120220
1120243
1120266
1120284
1120325
1120332
1120369
1120376
1120381
1120403
1120411
1120474
1120489
1120509
1120517
1120580
1120685
1120694
1120702
1120759
1120788
1120796
1120814
1120907
1120928
1120999
1121023
1121041
1121077
1121088
1121113
1121125
1121154
1121176
1121197
1121247
1121250
1121309
1121317
1121338
1121346
1121352
1121363
1121375
1121380
1121407
1121410
1121444
1121456
1121522
1121536
1121545
1121558
1121574
1121589
1121605
1121620
1121643
1121692
1121740
1121786
1121806
1121812
1121833
1121870
1121894
1121934
1121942
1121955
1121978
1121993
1122013
1122025
1122048
1122069
1122097
1122115
1122141
1122164
1122209
1122217
1122275
1122280
1122331
1122365
1122382
1122398
1122406
1122412
1122449
1122457
1122468
1122470
1122485
1122505
1122520
1122537
1122543
1122636
1122658
1122734
1122807
1122844
1122883
1122899
1122908
1122940
1122962
1122986
1123033
1123057
1123068
1123136
1123208
1123239
1123262
1123286
1123328
1123344
1123356
1123361
1123399
1123519
1123593
1123623
1123641
1123677
1123705
1123720
1123743
1123766
1123784
1123792
1123804
1123831
1123847
1123873
1123898
1123917
1123924
1123980
1123991
1124001
1124026
1124034
1124042
1124093
1124104
1124129
1124150
1124173
1124200
1124213
1124225
1124248
1124269
1124281
1124343
1124392
1124512
1124652
1124675
1124707
1124710
1124744
1124756
1124799
1124803
1124811
1124845
1124858
1124874
1124902
1124959
1124977
1125028
1125044
1125056
1125083
1125099
1125118
1125120
1125166
1125192
1125201
1125219
1125234
1125260
1125293
1125306
1125312
1125321
1125349
1125368
1125385
1125394
1125402
1125459
1125464
1125488
1125496
1125508
1125676
1125697
1125703
1125722
1125736
1125767
1125817
1125824
1125852
1125880
1125891
1125929
1125947
1125982
1126003
1126011
1126022
1126045
1126058
1126074
1126121
1126157
1126168
1126185
1126235
1126244
1126327
1126362
1126386
1126416
1126447
1126450
1126482
1126498
1126515
1126523
1126559
1126588
1126634
1126642
1126724
1126763
1126775
1126791
1126800
1126825
1126876
1126881
1126905
1126918
1126920
1126943
1126951
1126966
1126979
1126984
1126992
1127008
1127014
1127039
1127053
1127062
1127071
1127109
1127152
1127202
1127241
1127322
1127336
1127358
1127367
1127426
1127442
1127478
1127493
1127535
1127599
1127631
1127650
1127673
1127712
1127749
1127768
1127785
1127794
1127837
1127843
1127900
1127948
1127969
1127981
1127997
1128017
1128024
1128046
1128052
1128114
1128127
1128139
1128153
1128162
1128203
1128236
1128267
1128274
1128341
1128377
1128443
1128504
1128565
1128598
1128644
1128661
1128700
1128754
1128801
1128826
1128834
1128855
1128860
1128878
1128887
1128893
1128906
1128970
1128985
1129018
1129037
1129043
1129066
1129107
1129156
1129212
1129221
1129257
1129270
1129285
1129378
1129424
1129446
1129452
1129500
1129532
1129597
1129653
1129686
1129704
1129731
1129747
1129773
1129802
1129823
1129830
1129841
1129864
1129877
1129896
1129936
1129974
1130012
1130068
1130070
1130094
1130214
1130271
1130295
1130307
1130310
1130335
1130344
1130372
1130400
1130413
1130448
1130481
1130497
1130519
1130555
1130578
1130602
1130615
1130623
1130630
1130641
1130659
1130688
1130766
1130779
1130816
1130847
1130873
1130917
1130938
1130952
1130980
1130991
1131018
1131043
1131066
1131092
1131144
1131156
1131161
1131199
1131233
1131249
1131257
1131268
1131270
1131294
1131334
1131360
1131387
1131393
1131463
1131480
1131548
1131554
1131581
1131597
1131614
1131640
1131671
1131716
1131729
1131765
1131802
1131830
1131877
1131896
1131911
1131922
1131967
1132007
1132010
1132028
1132072
1132151
1132179
1132219
1132234
1132242
1132255
1132260
1132278
1132287
1132293
1132349
1132357
1132368
1132394
1132441
1132459
1132488
1132514
1132562
1132600
1132648
1132654
1132681
1132758
1132790
1132817
1132863
1132947
1132950
1132973
1132998
1133015
1133077
1133088
1133100
1133154
1133197
1133204
1133247
1133265
1133282
1133298
1133309
1133346
1133352
1133363
1133391
1133410
1133428
1133444
1133456
1133472
1133522
1133536
1133545
1133589
1133618
1133679
1133692
1133753
1133786
1133849
1133868
1133885
1133901
1133919
1133926
1133942
1133987
1134011
1134022
1134058
1134067
1134089
1134090
1134133
1134168
1134170
1134228
1134244
1134256
1134261
1134314
1134339
1134371
1134431
1134450
1134564
1134577
1134588
1134596
1134626
1134660
1134687
1134693
1134717
1134752
1134800
1134854
1134881
1134897
1134920
1134966
1134984
1135009
1135046
1135127
1135162
1135186
1135211
1135258
1135267
1135274
1135302
1135315
1135323
1135330
1135341
1135405
1135418
1135443
1135492
1135547
1135573
1135582
1135598
1135699
1135700
1135713
1135732
1135776
1135781
1135801
1135842
1135855
1135893
1135912
1135968
1135985
1135994
1136000
1136048
1136076
1136097
1136102
1136115
1136141
1136159
1136164
1136177
1136246
1136275
1136280
1136291
1136329
1136347
1136350
1136373
1136412
1136433
1136543
1136566
1136645
1136701
1136760
1136787
1136793
1136807
1136810
1136856
1136899
1136908
1136962
1137016
1137047
1137050
1137065
1137073
1137178
1137187
1137243
1137284
1137332
1137348
1137397
1137403
1137411
1137422
1137436
1137467
1137489
1137524
1137552
1137575
1137591
1137606
1137612
1137668
1137685
1137702
1137723
1137730
1137759
1137814
1137907
1137935
1137944
1137956
1137961
1137983
1137999
1138001
1138019
1138060
1138078
1138129
1138131
1138150
1138198
1138225
1138232
1138254
1138269
1138276
1138305
1138427
1138453
1138495
1138506
1138533
1138549
1138557
1138594
1138609
1138638
1138675
1138728
1138735
1138744
1138756
1138761
1138803
1138811
1138836
1138902
1138923
1138930
1138964
1138977
1139014
1139062
1139071
1139138
1139163
1139202
1139215
1139288
1139311
1139322
1139390
1139401
1139426
1139455
1139460
1139561
1139583
1139616
1139647
1139682
1139706
1139749
1139794
1139851
1139866
1139892
1139900
1139932
1139948
1139954
1139969
1139976
1140035
1140056
1140099
1140118
1140137
1140166
1140184
1140260
1140278
1140394
1140402
1140441
1140496
1140571
1140586
1140595
1140613
1140632
1140711
1140767
1140774
1140809
1140824
1140838
1140846
1140863
1140875
1140880
1140891
1140916
1140929
1140931
1140947
1140950
1140965
1140998
1141011
1141058
1141067
1141106
1141112
1141121
1141207
1141210
1141235
1141244
1141283
1141299
1141314
1141340
1141353
1141386
1141429
1141530
1141541
1141559
1141577
1141601
1141619
1141626
1141634
1141642
1141693
1141746
1141780
1141791
1141813
1141825
1141848
1141869
1141876
1141897
1141905
1141920
1141966
1141984
1142021
1142033
1142068
1142111
1142136
1142167
1142189
1142214
1142253
1142271
1142295
1142344
1142356
1142361
1142372
1142399
1142481
1142497
1142501
1142542
1142587
1142641
1142743
1142751
1142804
1142829
1142847
1142865
1142909
1142917
1142952
1142963
1142975
1142980
1143000
1143025
1143032
1143115
1143123
1143141
1143224
1143275
1143331
1143347
1143365
1143406
1143421
1143449
1143485
1143537
1143584
1143622
1143636
1143645
1143667
1143674
1143689
1143726
1143807
1143828
1143844
1143883
1143899
1143939
1143940
1143986
1143995
1144018
1144066
1144092
1144107
1144128
1144156
1144161
1144206
1144212
1144233
1144270
1144285
1144301
1144342
1144355
1144387
1144393
1144424
1144438
1144446
1144452
1144548
1144554
1144581
1144608
1144627
1144653
1144731
1144798
1144802
1144830
1144841
1144859
1144877
1144888
1144903
1144922
1144974
1144989
1144990
1145029
1145031
1145050
1145065
1145119
1145205
1145243
1145284
1145325
1145332
1145369
1145376
1145381
1145403
1145411
1145489
1145490
1145517
1145524
1145546
1145580
1145606
1145633
1145649
1145668
1145670
1145685
1145715
1145777
1145827
1145839
1145853
1145862
1145886
1145944
1145956
1145972
1146002
1146015
1146023
1146030
1146041
1146059
1146064
1146096
1146100
1146132
1146176
1146250
1146282
1146309
1146324
1146346
1146375
1146380
1146407
1146435
1146444
1146456
1146461
1146483
1146499
1146536
1146567
1146605
1146618
1146620
1146740
1146753
1146771
1146812
1146821
1146857
1146901
1146934
1146955
1146978
1146987
1147017
1147046
1147080
1147108
1147127
1147139
1147140
1147171
1147203
1147258
1147290
1147315
1147359
1147420
1147437
1147484
1147492
1147573
1147598
1147628
1147644
1147732
1147776
1147819
1147855
1147878
1147893
1147912
1147970
1147985
1148039
1148086
1148095
1148117
1148124
1148163
1148180
1148215
1148230
1148322
1148336
1148367
1148390
1148401
1148419
1148434
1148460
1148478
1148487
1148493
1148507
1148510
1148561
1148583
1148599
1148604
1148616
1148629
1148631
1148673
1148682
1148757
1148770
1148794
1148805
1148818
1148820
1148851
1148884
1148900
1148913
1148925
1148948
1149001
1149055
1149060
1149093
1149129
1149147
1149200
1149225
1149232
1149248
1149269
1149281
1149305
1149320
1149384
1149408
1149439
1149440
1149471
1149495
1149521
1149609
1149617
1149624
1149691
1149707
1149799
1149902
1149915
1149930
1150000
1150032
1150069
1150076
1150081
1150097
1150159
1150196
1150209
1150246
1150275
1150350
1150365
1150373
1150382
1150421
1150449
1150505
1150518
1150543
1150579
1150622
1150674
1150689
1150726
1150734
1150778
1150793
1150807
1150810
1150835
1150856
1150940
1150986
1151019
1151042
1151078
1151116
1151129
1151131
1151165
1151200
1151213
1151225
1151248
1151337
1151392
1151414
1151439
1151440
1151471
1151594
1151624
1151646
1151652
1151663
1151691
1151710
1151761
1151836
1151858
1151902
1151959
1152047
1152050
1152082
1152098
1152119
1152155
1152187
1152205
1152218
1152251
1152279
1152300
1152313
1152348
1152369
1152376
1152381
1152403
1152436
1152458
1152474
1152490
1152509
1152538
1152552
1152563
1152621
1152633
1152649
1152657
1152685
1152694
1152759
1152777
1152808
1152814
1152839
1152862
1152871
1152907
1152910
1152944
1152956
1152972
1152983
1152999
1153022
1153036
1153058
1153106
1153112
1153121
1153149
1153157
1153207
1153210
1153228
1153283
1153299
1153339
1153340
1153386
1153395
1153404
1153429
1153431
1153541
1153577
1153588
1153596
1153619
1153655
1153687
1153709
1153717
1153746
1153780
1153800
1153813
1153825
1153832
1153848
1153881
1153905
1153920
1153937
1153951
1153979
1153984
1154015
1154041
1154100
1154125
1154132
1154181
1154229
1154250
1154298
1154309
1154317
1154375
1154444
1154456
1154472
1154503
1154558
1154567
1154618
1154620
1154643
1154679
1154692
1154708
1154727
1154739
1154740
1154753
1154771
1154833
1154868
1154885
1154901
1154919
1154934
1154955
1154993
1155014
1155039
1155086
1155095
1155109
1155146
1155163
1155180
1155191
1155230
1155241
1155264
1155322
1155345
1155367
1155390
1155434
1155487
1155493
1155535
1155556
1155629
1155673
1155749
1155768
1155794
1155866
1155879
1155884
1155892
1155900
1155913
1155925
1155932
1155948
1155954
1155969
1155981
1156021
1156033
1156057
1156070
1156094
1156103
1156145
1156158
1156167
1156208
1156214
1156271
1156307
1156310
1156372
1156413
1156425
1156432
1156448
1156454
1156526
1156534
1156593
1156696
1156705
1156720
1156779
1156816
1156831
1156847
1156850
1156865
1156882
1156924
1156952
1156963
1156980
1157010
1157028
1157044
1157072
1157083
1157099
1157118
1157120
1157143
1157179
1157184
1157234
1157242
1157255
1157287
1157306
1157349
1157368
1157385
1157394
1157402
1157441
1157477
1157514
1157540
1157553
1157562
1157571
1157595
1157600
1157625
1157676
1157745
1157758
1157774
1157809
1157875
1157880
1157891
1157904
1157929
1157965
1157982
1158018
1158020
1158079
1158084
1158110
1158128
1158135
1158161
1158172
1158199
1158212
1158221
1158249
1158268
1158270
1158285
1158326
1158342
1158393
1158409
1158463
1158500
1158513
1158548
1158576
1158597
1158614
1158627
1158639
1158640
1158662
1158695
1158716
1158750
1158802
1158830
1158841
1158877
1158903
1158911
1158967
1158989
1159075
1159091
1159127
1159162
1159186
1159195
1159222
1159258
1159274
1159289
1159290
1159359
1159388
1159396
1159484
1159492
1159529
1159531
1159547
1159550
1159573
1159598
1159607
1159610
1159656
1159661
1159683
1159725
1159781
1159801
1159819
1159834
1159842
1159906
1159921
1159933
1159949
1159968
1159970
1159985
1160022
1160089
1160149
1160157
1160194
1160210
1160256
1160314
1160353
1160362
1160386
1160395
1160416
1160431
1160447
1160465
1160473
1160515
1160564
1160577
1160619
1160626
1160634
1160642
1160709
1160724
1160746
1160825
1160832
1160881
1160937
1160951
1160984
1160992
1161017
1161052
1161091
1161108
1161114
1161153
1161171
1161186
1161274
1161302
1161315
1161330
1161377
1161405
1161418
1161420
1161443
1161484
1161529
1161531
1161550
1161573
1161610
1161628
1161656
1161661
1161683
1161713
1161732
1161754
1161776
1161781
1161797
1161842
1161860
1161878
1161893
1161906
1161933
1161968
1161985
1162039
1162071
1162109
1162117
1162152
1162175
1162180
1162191
1162223
1162241
1162277
1162296
1162303
1162311
1162389
1162390
1162455
1162478
1162507
1162528
1162535
1162544
1162599
1162647
1162712
1162721
1162733
1162749
1162768
1162770
1162785
1162805
1162818
1162837
1162843
1162851
1162879
1162884
1162913
1162925
1162948
1162954
1162976
1162981
1163019
1163034
1163042
1163078
1163093
1163116
1163173
1163225
1163232
1163297
1163320
1163366
1163379
1163392
1163408
1163414
1163439
1163440
1163453
1163495
1163506
1163549
1163638
1163646
1163652
1163675
1163691
1163772
1163783
1163803
1163836
1163867
1163915
1163930
1163941
1163977
1164012
1164021
1164057
1164068
1164094
1164111
1164136
1164145
1164189
1164190
1164240
1164253
1164295
1164307
1164356
1164372
1164399
1164400
1164413
1164448
1164454
1164469
1164481
1164526
1164542
1164587
1164593
1164664
1164718
1164792
1164829
1164847
1164850
1164882
1164917
1164924
1164963
1165005
1165020
1165051
1165084
1165092
1165268
1165270
1165285
1165301
1165319
1165326
1165355
1165438
1165475
1165480
1165491
1165525
1165532
1165569
1165608
1165614
1165627
1165639
1165662
1165729
1165731
1165773
1165782
1165798
1165823
1165830
1165859
1165864
1165877
1165936
1165945
1165974
1166029
1166050
1166082
1166098
1166101
1166205
1166266
1166284
1166348
1166369
1166381
1166397
1166403
1166436
1166489
1166509
1166524
1166546
1166563
1166580
1166606
1166649
1166657
1166668
1166670
1166685
1166723
1166730
1166741
1166935
1166944
1166961
1166983
1166999
1167013
1167025
1167048
1167076
1167097
1167115
1167130
1167141
1167188
1167196
1167238
1167246
1167252
1167291
1167316
1167329
1167331
1167373
1167406
1167412
1167421
1167449
1167505
1167518
1167537
1167584
1167603
1167611
1167645
1167726
1167734
1167742
1167760
1167778
1167810
1167844
1167856
1167908
1167914
1167927
1167940
1167962
1167971
1168041
1168059
1168077
1168100
1168113
1168125
1168132
1168154
1168181
1168197
1168247
1168298
1168309
1168317
1168338
1168363
1168380
1168407
1168428
1168435
1168472
1168499
1168536
1168558
1168567
1168574
1168605
1168637
1168643
1168651
1168666
1168684
1168714
1168727
1168739
1168740
1168753
1168762
1168795
1168868
1168870
1168885
1168894
1168901
1168919
1168934
1168955
1168978
1168993
1169035
1169044
1169105
1169120
1169143
1169151
1169179
1169184
1169234
1169287
1169306
1169321
1169357
1169368
1169394
1169415
1169441
1169459
1169464
1169488
1169496
1169586
1169613
1169625
1169654
1169669
1169703
1169736
1169745
1169863
1169875
1169880
1169891
1169916
1169929
1170002
1170023
1170041
1170064
1170077
1170088
1170096
1170100
1170132
1170154
1170181
1170197
1170216
1170231
1170265
1170273
1170282
1170298
1170317
1170324
1170338
1170375
1170391
1170410
1170472
1170483
1170567
1170618
1170620
1170637
1170651
1170666
1170714
1170727
1170739
1170786
1170806
1170812
1170821
1170857
1170868
1170978
1170993
1171040
1171053
1171071
1171152
1171175
1171180
1171202
1171223
1171264
1171277
1171296
1171303
1171345
1171358
1171374
1171390
1171419
1171442
1171487
1171493
1171510
1171535
1171544
1171599
1171650
1171665
1171733
1171768
1171770
1171794
1171837
1171892
1171900
1171913
1171948
1171954
1172009
1172017
1172024
1172052
1172063
1172139
1172162
1172171
1172211
1172222
1172236
1172289
1172315
1172323
1172330
1172388
1172418
1172437
1172443
1172451
1172492
1172547
1172628
1172635
1172656
1172661
1172683
1172754
1172887
1172906
1172912
1172921
1172985
1173037
1173043
1173066
1173107
1173183
1173221
1173249
1173257
1173285
1173301
1173319
1173334
1173409
1173438
1173463
1173491
1173513
1173532
1173569
1173608
1173614
1173627
1173639
1173640
1173686
1173695
1173716
1173731
1173773
1173802
1173888
1173903
1173911
1173936
1173974
1173989
1174000
1174025
1174048
1174054
1174081
1174115
1174123
1174164
1174196
1174217
1174238
1174329
1174331
1174398
1174449
1174494
1174505
1174520
1174543
1174584
1174592
1174611
1174622
1174636
1174645
1174667
1174689
1174690
1174701
1174719
1174742
1174760
1174778
1174787
1174793
1174810
1174835
1174844
1174872
1174883
1174908
1174927
1174939
1175055
1175104
1175129
1175150
1175165
1175182
1175225
1175248
1175269
1175281
1175305
1175318
1175337
1175343
1175366
1175392
1175408
1175427
1175440
1175486
1175506
1175533
1175557
1175570
1175638
1175646
1175680
1175691
1175707
1175728
1175772
1175783
1175803
1175836
1175858
1175889
1175902
1175941
1175959
1175977
1175996
1176035
1176056
1176061
1176099
1176118
1176166
1176242
1176312
1176321
1176333
1176368
1176430
1176514
1176540
1176553
1176562
1176600
1176613
1176676
1176681
1176722
1176774
1176790
1176824
1176863
1176891
1176929
1176973
1176998
1177012
1177049
1177070
1177085
1177094
1177111
1177136
1177167
1177174
1177227
1177239
1177271
1177310
1177372
1177399
1177400
1177413
1177432
1177454
1177497
1177501
1177519
1177560
1177587
1177630
1177641
1177664
1177677
1177705
1177720
1177743
1177751
1177766
1177829
1177831
1177847
1177909
1177917
1177952
1177991
1178045
1178058
1178106
1178112
1178133
1178157
1178244
1178256
1178261
1178272
1178340
1178353
1178362
1178450
1178515
1178541
1178596
1178655
1178678
1178752
1178780
1178813
1178876
1178920
1178943
1179004
1179082
1179098
1179126
1179134
1179142
1179155
1179266
1179284
1179313
1179325
1179348
1179369
1179411
1179436
1179458
1179467
1179474
1179489
1179490
1179546
1179580
1179670
1179694
1179730
1179788
1179808
1179827
1179839
1179840
1179862
1179886
1179944
1179956
1179961
1179999
1180018
1180043
1180051
1180107
1180135
1180156
1180183
1180221
1180233
1180285
1180294
1180319
1180326
1180334
1180378
1180387
1180417
1180438
1180525
1180554
1180569
1180576
1180581
1180614
1180627
1180640
1180671
1180695
1180716
1180731
1180750
1180773
1180798
1180823
1180830
1180896
1180967
1181004
1181016
1181047
1181101
1181119
1181220
1181237
1181251
1181266
1181279
1181284
1181300
1181313
1181348
1181369
1181376
1181397
1181422
1181445
1181474
1181489
1181509
1181612
1181621
1181649
1181657
1181668
1181685
1181741
1181759
1181777
1181808
1181853
1181895
1181944
1181972
1182019
1182026
1182034
1182042
1182055
1182087
1182116
1182173
1182213
1182232
1182248
1182269
1182281
1182297
1182305
1182318
1182384
1182408
1182414
1182440
1182462
1182486
1182521
1182533
1182568
1182594
1182609
1182646
1182675
1182735
1182772
1182799
1182811
1182845
1182889
1182890
1182915
1182930
1182977
1182988
1182996
1183027
1183040
1183062
1183124
1183152
1183163
1183202
1183215
1183223
1183230
1183259
1183288
1183336
1183374
1183389
1183401
1183434
1183442
1183460
1183478
1183493
1183507
1183510
1183535
1183572
1183583
1183599
1183629
1183706
1183721
1183733
1183768
1183794
1183837
1183843
1183879
1184044
1184056
1184061
1184072
1184083
1184118
1184137
1184184
1184192
1184255
1184287
1184306
1184349
1184370
1184402
1184423
1184459
1184477
1184488
1184496
1184508
1184514
1184527
1184562
1184571
1184625
1184648
1184681
1184722
1184736
1184767
1184789
1184809
1184824
1184880
1184891
1184904
1184947
1184950
1185036
1185058
1185067
1185112
1185133
1185157
1185207
1185228
1185235
1185244
1185261
1185308
1185339
1185353
1185371
1185386
1185416
1185465
1185473
1185564
1185642
1185717
1185746
1185752
1185780
1185813
1185825
1185832
1185848
1185869
1185881
1185905
1185918
1185937
1185943
1185979
1185984
1186038
1186063
1186114
1186139
1186162
1186171
1186195
1186245
1186267
1186341
1186359
1186377
1186479
1186484
1186504
1186547
1186565
1186644
1186656
1186672
1186683
1186699
1186769
1186776
1186781
1186801
1186834
1186855
1186912
1186933
1186957
1186970
1186985
1187002
1187023
1187030
1187059
1187088
1187096
1187132
1187181
1187197
1187229
1187231
1187250
1187346
1187375
1187380
1187391
1187407
1187567
1187637
1187651
1187692
1187786
1187806
1187812
1187857
1187894
1187942
1187960
1187978
1187993
1188013
1188054
1188076
1188097
1188141
1188188
1188209
1188238
1188252
1188280
1188291
1188304
1188316
1188329
1188347
1188373
1188412
1188433
1188470
1188494
1188505
1188579
1188611
1188636
1188658
1188690
1188726
1188742
1188778
1188861
1188883
1188908
1188927
1188939
1189006
1189049
1189057
1189094
1189103
1189174
1189190
1189214
1189227
1189240
1189344
1189356
1189372
1189399
1189432
1189481
1189526
1189534
1189602
1189630
1189641
1189659
1189664
1189677
1189696
1189779
1189784
1189804
1189816
1189850
1189865
1189898
1189909
1189952
1189975
1190039
1190053
1190086
1190124
1190191
1190215
1190223
1190230
1190277
1190311
1190358
1190390
1190426
1190442
1190460
1190528
1190544
1190556
1190572
1190583
1190629
1190650
1190682
1190721
1190785
1190837
1190866
1190879
1190884
1190900
1190913
1190954
1190969
1190997
1191021
1191049
1191145
1191158
1191167
1191174
1191227
1191240
1191286
1191307
1191344
1191400
1191432
1191542
1191578
1191587
1191593
1191677
1191688
1191705
1191720
1191766
1191784
1191792
1191829
1191847
1191873
1191882
1191917
1191938
1191980
1191991
1192003
1192089
1192090
1192112
1192133
1192170
1192185
1192207
1192235
1192244
1192256
1192339
1192353
1192362
1192404
1192416
1192482
1192523
1192530
1192588
1192596
1192619
1192626
1192709
1192717
1192738
1192752
1192780
1192800
1192825
1192876
1192905
1192918
1192937
1192951
1192992
1193047
1193126
1193134
1193142
1193205
1193218
1193220
1193300
1193348
1193354
1193369
1193376
1193381
1193397
1193403
1193436
1193467
1193489
1193509
1193524
1193563
1193591
1193606
1193621
1193633
1193668
1193670
1193764
1193777
1193808
1193814
1193840
1193853
1193871
1193907
1193935
1193972
1193983
1194017
1194024
1194038
1194046
1194063
1194080
1194091
1194140
1194195
1194203
1194267
1194302
1194364
1194405
1194418
1194437
1194451
1194479
1194492
1194504
1194529
1194531
1194550
1194644
1194656
1194661
1194672
1194699
1194725
1194732
1194754
1194781
1194797
1194801
1194819
1194826
1194834
1194842
1194855
1194878
1194893
1194906
1194912
1194933
1194949
1194968
1195025
1195102
1195123
1195159
1195164
1195188
1195196
1195209
1195217
1195246
1195280
1195347
1195350
1195373
1195398
1195433
1195468
1195505
1195520
1195622
1195645
1195667
1195690
1195701
1195734
1195742
1195760
1195793
1195828
1195861
1195872
1195883
1195899
1195914
1195953
1195962
1195971
1195995
1196001
1196042
1196055
1196078
1196087
1196116
1196131
1196165
1196182
1196248
1196281
1196305
1196337
1196366
1196379
1196384
1196408
1196427
1196440
1196486
1196512
1196594
1196609
1196638
1196652
1196691
1196707
1196728
1196735
1196761
1196799
1196811
1196822
1196867
1196874
1196890
1196977
1196996
1197020
1197128
1197144
1197172
1197183
1197285
1197319
1197334
1197360
1197393
1197424
1197438
1197446
1197463
1197491
1197500
1197513
1197569
1197576
1197581
1197597
1197614
1197662
1197671
1197695
1197704
1197729
1197731
1197782
1197823
1197864
1197877
1197903
1197911
1197922
1197989
1198007
1198061
1198083
1198143
1198166
1198192
1198201
1198226
1198234
1198260
1198321
1198333
1198370
1198394
1198459
1198508
1198527
1198553
1198571
1198595
1198613
1198632
1198648
1198681
1198697
1198703
1198774
1198789
1198817
1198863
1198880
1198916
1198931
1198947
1198950
1199041
1199059
1199064
1199100
1199132
1199154
1199181
1199216
1199247
1199250
1199265
1199282
1199309
1199346
1199375
1199407
1199428
1199444
1199456
1199472
1199522
1199536
1199545
1199567
1199574
1199589
1199590
1199605
1199618
1199651
1199692
1199708
1199714
1199740
1199753
1199762
1199806
1199812
1199821
1199857
1199870
1199885
1199901
1199942
1199987
