5000514
5000648
5000904
5001036
5001058
5001447
5001763
5002295
5002454
5002980
5003398
5003844
5004020
5004183
5006132
5006273
5006391
5007114
5008510
5008843
5008866
5010531
5011398
5011734
5011953
5012197
5012993
5013789
5013904
5014358
5014599
5014749
5014851
5015578
5016144
5016206
5017019
5017521
5018004
5018741
5019353
5020390
5020434
5020599
5020976
5022404
5022473
5022724
5023796
5026585
5027360
5027765
5029030
5029041
5030788
5031250
5031410
5031739
5032470
5033286
5033952
5034182
5035184
5035736
5036194
5036515
5036634
5037008
5037455
5038258
5038985
5039798
5042935
5042961
5043869
5044247
5044901
5045616
5045631
5045749
5047790
5048285
5048639
5048974
5048989
5049529
5049957
5050800
5052146
5052712
5053652
5054542
5054924
5056313
5056575
5057543
5058651
5058885
5059654
5060248
5062270
5062747
5062815
5063323
5063504
5064702
5064910
5065536
5065545
5066277
5067272
5067353
5067800
5068432
5069760
5070630
5072219
5073955
5074314
5075957
5077509
5077759
5078165
5078915
5079288
5079721
5079749
5079892
5080265
5080391
5080651
5081303
5081650
5082203
5083233
5083409
5085297
5085585
5085638
5085811
5085890
5086044
5087372
5087882
5088327
5089376
5089862
5090967
5092173
5092254
5092512
5092874
5094508
5095089
5095920
5096725
5096834
5096970
5097250
5097346
5097714
5097926
5098603
5098734
5099049
5099057
5099873
