5000007
5000010
5000028
5000061
5000105
5000118
5000120
5000137
5000143
5000166
5000179
5000184
5000234
5000242
5000287
5000306
5000312
5000321
5000349
5000394
5000430
5000459
5000488
5000496
5000514
5000527
5000571
5000600
5000613
5000648
5000654
5000669
5000681
5000711
5000774
5000824
5000846
5000863
5000880
5000891
5000904
5000916
5000965
5000998
5001011
5001022
5001036
5001058
5001133
5001149
5001168
5001194
5001207
5001228
5001235
5001261
5001272
5001339
5001340
5001371
5001386
5001395
5001429
5001447
5001498
5001502
5001515
5001577
5001596
5001601
5001626
5001678
5001687
5001752
5001763
5001775
5001780
5001800
5001825
5001854
5001869
5001876
5001881
5001897
5001905
5001920
5001966
5002021
5002049
5002057
5002068
5002145
5002174
5002190
5002214
5002227
5002239
5002240
5002271
5002286
5002295
5002310
5002328
5002335
5002356
5002454
5002469
5002476
5002481
5002497
5002501
5002542
5002578
5002593
5002659
5002751
5002784
5002829
5002831
5002847
5002865
5002873
5002898
5002938
5002946
5002975
5002980
5003069
5003081
5003102
5003115
5003196
5003209
5003238
5003246
5003316
5003329
5003347
5003365
5003398
5003412
5003468
5003505
5003520
5003543
5003551
5003584
5003592
5003667
5003719
5003787
5003793
5003810
5003828
5003835
5003844
5003856
5003861
5003872
5003899
5003908
5003927
5003939
5003953
5003962
5003971
5004020
5004037
5004043
5004066
5004084
5004135
5004156
5004172
5004183
5004199
5004257
5004268
5004270
5004319
5004326
5004355
5004378
5004387
5004393
5004409
5004424
5004438
5004463
5004475
5004525
5004548
5004569
5004653
5004686
5004729
5004747
5004765
5004773
5004798
5004864
5004888
5004911
5004922
5004989
5005004
5005029
5005073
5005126
5005134
5005193
5005218
5005220
5005243
5005266
5005279
5005284
5005325
5005354
5005376
5005397
5005436
5005489
5005517
5005524
5005538
5005563
5005575
5005591
5005633
5005657
5005668
5005670
5005694
5005702
5005730
5005741
5005759
5005764
5005788
5005796
5005808
5005853
5005862
5005886
5005944
5005972
5006041
5006077
5006096
5006100
5006113
5006125
5006132
5006148
5006154
5006176
5006197
5006273
5006282
5006298
5006324
5006363
5006391
5006410
5006461
5006483
5006536
5006545
5006558
5006574
5006651
5006666
5006679
5006692
5006708
5006740
5006762
5006812
5006821
5006833
5006849
5006868
5006885
5006926
5006942
5006955
5006960
5007024
5007038
5007063
5007075
5007080
5007091
5007114
5007127
5007153
5007186
5007195
5007203
5007211
5007222
5007258
5007267
5007290
5007302
5007359
5007396
5007418
5007437
5007451
5007516
5007531
5007547
5007550
5007598
5007610
5007656
5007661
5007700
5007732
5007754
5007776
5007819
5007855
5007860
5007949
5008014
5008040
5008095
5008117
5008138
5008146
5008152
5008163
5008191
5008202
5008215
5008223
5008241
5008259
5008264
5008277
5008311
5008322
5008358
5008367
5008374
5008401
5008419
5008426
5008442
5008455
5008510
5008528
5008535
5008544
5008556
5008583
5008647
5008712
5008768
5008794
5008818
5008837
5008843
5008866
5008879
5008884
5008892
5008969
5009026
5009034
5009055
5009060
5009078
5009232
5009281
5009297
5009366
5009379
5009384
5009414
5009439
5009486
5009549
5009594
5009617
5009728
5009756
5009761
5009772
5009811
5009845
5009858
5009874
5009923
5009941
5010038
5010063
5010075
5010080
5010091
5010108
5010127
5010171
5010203
5010245
5010267
5010290
5010359
5010364
5010396
5010405
5010418
5010420
5010479
5010504
5010529
5010531
5010607
5010628
5010644
5010713
5010776
5010801
5010819
5010826
5010842
5010860
5010887
5010893
5010906
5010933
5010949
5010957
5010994
5011000
5011025
5011032
5011048
5011069
5011076
5011130
5011177
5011188
5011196
5011263
5011275
5011331
5011398
5011412
5011470
5011505
5011551
5011566
5011603
5011658
5011689
5011690
5011734
5011755
5011778
5011787
5011807
5011835
5011856
5011914
5011939
5011940
5011953
5011986
5012002
5012030
5012064
5012096
5012125
5012148
5012154
5012169
5012197
5012204
5012229
5012247
5012250
5012282
5012298
5012309
5012317
5012324
5012363
5012380
5012410
5012435
5012456
5012461
5012472
5012499
5012511
5012536
5012545
5012558
5012567
5012590
5012605
5012620
5012666
5012679
5012692
5012714
5012740
5012753
5012771
5012795
5012812
5012821
5012868
5012894
5012901
5012926
5012934
5012955
5012960
5012987
5012993
5013028
5013056
5013118
5013120
5013137
5013184
5013192
5013234
5013255
5013260
5013293
5013394
5013402
5013415
5013423
5013488
5013496
5013527
5013539
5013553
5013586
5013654
5013676
5013681
5013767
5013789
5013852
5013863
5013880
5013904
5013916
5013931
5013973
5014008
5014014
5014027
5014039
5014040
5014062
5014086
5014095
5014124
5014152
5014163
5014175
5014202
5014223
5014241
5014277
5014358
5014367
5014390
5014426
5014442
5014535
5014556
5014572
5014599
5014604
5014631
5014650
5014698
5014706
5014721
5014733
5014749
5014820
5014837
5014851
5014892
5014948
5014976
5014997
5015094
5015103
5015158
5015167
5015190
5015208
5015214
5015262
5015310
5015335
5015361
5015372
5015400
5015425
5015432
5015454
5015469
5015501
5015526
5015534
5015542
5015560
5015578
5015593
5015623
5015630
5015641
5015677
5015705
5015718
5015720
5015766
5015829
5015847
5015850
5015898
5015909
5015980
5016051
5016066
5016128
5016144
5016161
5016183
5016199
5016206
5016212
5016221
5016249
5016268
5016285
5016294
5016342
5016355
5016360
5016393
5016409
5016452
5016463
5016475
5016491
5016513
5016608
5016614
5016627
5016639
5016640
5016653
5016671
5016686
5016716
5016747
5016750
5016765
5016823
5016830
5016896
5016903
5016922
5016958
5016990
5017001
5017019
5017026
5017034
5017042
5017078
5017104
5017116
5017198
5017213
5017232
5017269
5017276
5017297
5017305
5017351
5017414
5017427
5017512
5017521
5017549
5017594
5017617
5017624
5017646
5017675
5017680
5017707
5017728
5017735
5017756
5017772
5017803
5017811
5017836
5017890
5017915
5017923
5017959
5017964
5017977
5018004
5018073
5018098
5018101
5018134
5018142
5018178
5018220
5018266
5018279
5018284
5018313
5018354
5018376
5018381
5018403
5018489
5018538
5018546
5018575
5018606
5018657
5018685
5018702
5018715
5018741
5018759
5018788
5018796
5018808
5018907
5018928
5018956
5018961
5018999
5019003
5019067
5019074
5019112
5019133
5019149
5019157
5019185
5019207
5019235
5019256
5019261
5019283
5019353
5019431
5019447
5019450
5019523
5019601
5019626
5019678
5019687
5019709
5019738
5019752
5019775
5019832
5019848
5019869
5019905
5019966
5019984
5020040
5020175
5020191
5020230
5020311
5020322
5020345
5020367
5020374
5020389
5020390
5020426
5020434
5020460
5020478
5020487
5020493
5020535
5020599
5020604
5020631
5020682
5020706
5020712
5020768
5020805
5020843
5020851
5020879
5020913
5020948
5020954
5020969
5020976
5020997
5021006
5021070
5021094
5021158
5021167
5021174
5021208
5021214
5021227
5021271
5021295
5021307
5021328
5021335
5021356
5021372
5021399
5021400
5021413
5021425
5021448
5021481
5021501
5021542
5021578
5021593
5021615
5021623
5021677
5021737
5021766
5021779
5021847
5021898
5021952
5021975
5021980
5022011
5022058
5022090
5022106
5022112
5022207
5022272
5022283
5022299
5022327
5022339
5022340
5022386
5022395
5022404
5022447
5022473
5022502
5022541
5022564
5022577
5022596
5022655
5022687
5022693
5022709
5022717
5022724
5022738
5022775
5022780
5022800
5022813
5022854
5022881
5022918
5022920
5022992
5023016
5023047
5023119
5023142
5023155
5023160
5023205
5023243
5023251
5023300
5023354
5023369
5023376
5023381
5023411
5023436
5023458
5023467
5023474
5023490
5023538
5023552
5023575
5023621
5023702
5023741
5023764
5023788
5023796
5023827
5023839
5023840
5023862
5023886
5023935
5023956
5023983
5024009
5024080
5024091
5024140
5024162
5024171
5024203
5024222
5024236
5024245
5024289
5024290
5024302
5024323
5024330
5024364
5024396
5024420
5024437
5024443
5024451
5024466
5024492
5024504
5024516
5024531
5024550
5024565
5024582
5024607
5024610
5024644
5024672
5024732
5024801
5024887
5024933
5024957
5024985
5024994
5025013
5025048
5025054
5025069
5025076
5025081
5025102
5025263
5025275
5025350
5025412
5025421
5025433
5025468
5025520
5025537
5025579
5025584
5025611
5025645
5025667
5025690
5025701
5025719
5025726
5025734
5025760
5025787
5025807
5025810
5025835
5025844
5025872
5025899
5025939
5025940
5025971
5025995
5026060
5026078
5026104
5026129
5026147
5026150
5026165
5026200
5026213
5026232
5026248
5026269
5026281
5026318
5026320
5026351
5026384
5026392
5026414
5026427
5026495
5026506
5026512
5026568
5026585
5026594
5026646
5026652
5026675
5026680
5026772
5026799
5026822
5026845
5026930
5026959
5026977
5027005
5027020
5027037
5027079
5027107
5027144
5027156
5027161
5027212
5027270
5027326
5027334
5027355
5027360
5027446
5027463
5027475
5027480
5027500
5027569
5027686
5027747
5027750
5027765
5027782
5027798
5027815
5027823
5027830
5027859
5027888
5027911
5027922
5027936
5027958
5027990
5028007
5028010
5028061
5028072
5028083
5028099
5028118
5028143
5028179
5028219
5028226
5028260
5028293
5028306
5028321
5028357
5028370
5028385
5028415
5028477
5028571
5028595
5028632
5028676
5028681
5028703
5028711
5028767
5028790
5028809
5028838
5028846
5028852
5028880
5028916
5028965
5028998
5029023
5029030
5029041
5029059
5029088
5029113
5029125
5029148
5029176
5029181
5029265
5029273
5029309
5029338
5029346
5029375
5029380
5029391
5029407
5029410
5029435
5029444
5029483
5029499
5029511
5029536
5029558
5029567
5029589
5029590
5029618
5029637
5029643
5029651
5029679
5029708
5029740
5029771
5029786
5029812
5029821
5029857
5029894
5029978
5029987
5029993
5030016
5030031
5030065
5030073
5030126
5030134
5030142
5030155
5030160
5030178
5030218
5030220
5030243
5030251
5030279
5030292
5030300
5030313
5030332
5030369
5030376
5030381
5030445
5030458
5030509
5030552
5030563
5030575
5030612
5030670
5030685
5030694
5030702
5030715
5030741
5030759
5030764
5030777
5030788
5030935
5030972
5031023
5031100
5031154
5031204
5031216
5031250
5031265
5031282
5031298
5031317
5031338
5031346
5031363
5031375
5031380
5031391
5031410
5031444
5031461
5031483
5031511
5031536
5031567
5031618
5031637
5031666
5031684
5031708
5031739
5031740
5031771
5031795
5031812
5031993
5032025
5032032
5032048
5032097
5032102
5032130
5032177
5032209
5032238
5032246
5032275
5032280
5032331
5032365
5032382
5032398
5032406
5032421
5032449
5032470
5032494
5032551
5032566
5032579
5032603
5032611
5032645
5032658
5032689
5032734
5032742
5032807
5032872
5032883
5032914
5032940
5032953
5032971
5033012
5033033
5033057
5033070
5033111
5033122
5033158
5033167
5033174
5033208
5033214
5033271
5033286
5033307
5033335
5033356
5033372
5033425
5033432
5033454
5033481
5033501
5033542
5033560
5033593
5033630
5033659
5033677
5033718
5033720
5033737
5033766
5033779
5033804
5033816
5033865
5033873
5033898
5033952
5033975
5033980
5034001
5034026
5034034
5034042
5034078
5034087
5034104
5034150
5034165
5034182
5034200
5034225
5034254
5034276
5034297
5034343
5034351
5034366
5034379
5034408
5034427
5034439
5034440
5034462
5034486
5034557
5034570
5034617
5034638
5034652
5034710
5034735
5034744
5034756
5034772
5034799
5034811
5034822
5034836
5034874
5034902
5034930
5034941
5034959
5034964
5034988
5034996
5035035
5035044
5035056
5035072
5035118
5035184
5035201
5035219
5035234
5035242
5035255
5035260
5035287
5035321
5035333
5035349
5035357
5035368
5035370
5035385
5035402
5035415
5035423
5035430
5035459
5035488
5035496
5035514
5035553
5035571
5035595
5035600
5035625
5035632
5035676
5035703
5035736
5035767
5035789
5035891
5035904
5035916
5035950
5035982
5036003
5036022
5036067
5036089
5036090
5036106
5036121
5036168
5036194
5036210
5036235
5036256
5036261
5036308
5036314
5036327
5036353
5036386
5036395
5036404
5036416
5036429
5036473
5036498
5036502
5036515
5036523
5036541
5036559
5036601
5036626
5036634
5036655
5036678
5036693
5036717
5036724
5036738
5036752
5036763
5036780
5036791
5036854
5036869
5036905
5036918
5036937
5036951
5036966
5036992
5037008
5037014
5037071
5037117
5037138
5037152
5037191
5037277
5037296
5037322
5037345
5037374
5037390
5037434
5037442
5037455
5037460
5037478
5037487
5037493
5037510
5037604
5037616
5037631
5037647
5037665
5037682
5037706
5037712
5037768
5037785
5037794
5037818
5037820
5037884
5037892
5037913
5037925
5037932
5037948
5037976
5038024
5038046
5038052
5038127
5038186
5038236
5038258
5038274
5038302
5038315
5038330
5038364
5038437
5038504
5038529
5038531
5038565
5038582
5038598
5038610
5038628
5038656
5038672
5038683
5038699
5038713
5038842
5038855
5038921
5038933
5038949
5038957
5038985
5039043
5039128
5039135
5039144
5039156
5039172
5039206
5039221
5039233
5039249
5039268
5039270
5039301
5039319
5039326
5039334
5039342
5039355
5039393
5039424
5039446
5039452
5039475
5039480
5039500
5039513
5039525
5039548
5039554
5039597
5039608
5039627
5039671
5039686
5039695
5039704
5039731
5039747
5039750
5039765
5039782
5039798
5039859
5039864
5039877
5039888
5039896
5039903
5039911
5039922
5039990
5040000
5040013
5040025
5040069
5040076
5040097
5040102
5040130
5040141
5040159
5040188
5040196
5040209
5040224
5040238
5040252
5040263
5040275
5040316
5040329
5040350
5040365
5040406
5040449
5040468
5040470
5040494
5040537
5040543
5040551
5040566
5040622
5040636
5040658
5040667
5040690
5040719
5040726
5040734
5040742
5040760
5040807
5040828
5040844
5040872
5040883
5040899
5040914
5040940
5040962
5040995
5041026
5041078
5041087
5041131
5041165
5041198
5041200
5041232
5041248
5041281
5041305
5041320
5041343
5041384
5041408
5041462
5041486
5041495
5041521
5041568
5041570
5041585
5041609
5041646
5041663
5041691
5041707
5041756
5041761
5041799
5041845
5041867
5041874
5041890
5041930
5041959
5042031
5042050
5042073
5042098
5042101
5042119
5042142
5042193
5042205
5042218
5042220
5042266
5042284
5042292
5042300
5042376
5042403
5042422
5042445
5042474
5042490
5042517
5042524
5042552
5042575
5042633
5042668
5042670
5042730
5042759
5042788
5042808
5042840
5042895
5042907
5042928
5042935
5042956
5042961
5042972
5043089
5043090
5043121
5043149
5043210
5043228
5043244
5043256
5043272
5043314
5043327
5043353
5043429
5043447
5043502
5043515
5043530
5043559
5043564
5043588
5043601
5043655
5043724
5043752
5043791
5043800
5043825
5043832
5043869
5043876
5043897
5043905
5043920
5043937
5043943
5044059
5044096
5044113
5044148
5044204
5044247
5044265
5044309
5044317
5044324
5044338
5044352
5044363
5044380
5044391
5044428
5044444
5044461
5044483
5044545
5044558
5044605
5044643
5044651
5044666
5044739
5044753
5044762
5044795
5044821
5044833
5044870
5044885
5044901
5044926
5044942
5044955
5044960
5045014
5045039
5045040
5045053
5045095
5045109
5045117
5045146
5045152
5045191
5045202
5045241
5045264
5045288
5045336
5045358
5045367
5045374
5045390
5045401
5045419
5045442
5045455
5045487
5045535
5045561
5045572
5045583
5045604
5045616
5045631
5045749
5045768
5045785
5045820
5045837
5045851
5045913
5045932
5045948
5045976
5046006
5046012
5046158
5046167
5046208
5046227
5046253
5046295
5046307
5046310
5046335
5046356
5046413
5046425
5046432
5046481
5046526
5046560
5046578
5046593
5046602
5046615
5046630
5046641
5046677
5046718
5046743
5046751
5046766
5046792
5046831
5046847
5046882
5046924
5046952
5046963
5046980
5046991
5047028
5047044
5047105
5047137
5047184
5047219
5047255
5047312
5047321
5047349
5047459
5047488
5047496
5047527
5047571
5047595
5047613
5047648
5047654
5047697
5047722
5047767
5047789
5047790
5047846
5047880
5047891
5047904
5047916
5047929
5047947
5047965
5048018
5048043
5048051
5048079
5048092
5048107
5048128
5048144
5048156
5048161
5048172
5048206
5048221
5048233
5048257
5048268
5048270
5048285
5048301
5048326
5048342
5048355
5048378
5048387
5048424
5048452
5048463
5048475
5048480
5048513
5048554
5048569
5048576
5048581
5048597
5048639
5048640
5048671
5048716
5048729
5048750
5048765
5048782
5048859
5048864
5048877
5048888
5048903
5048911
5048936
5048958
5048974
5048989
5048990
5049046
5049063
5049075
5049080
5049091
5049108
5049114
5049127
5049139
5049162
5049171
5049203
5049222
5049236
5049289
5049315
5049330
5049377
5049396
5049418
5049443
5049451
5049466
5049479
5049484
5049492
5049504
5049529
5049547
5049550
5049582
5049610
5049628
5049672
5049732
5049776
5049801
5049819
5049834
5049855
5049860
5049921
5049957
5049970
5049994
5050011
5050058
5050106
5050112
5050133
5050149
5050185
5050235
5050261
5050327
5050339
5050429
5050465
5050473
5050482
5050559
5050619
5050634
5050655
5050678
5050724
5050738
5050746
5050752
5050780
5050800
5050832
5050854
5050876
5050905
5050918
5050920
5050937
5050943
5050979
5050992
5051024
5051038
5051046
5051222
5051245
5051258
5051289
5051290
5051302
5051315
5051364
5051377
5051418
5051451
5051516
5051531
5051547
5051550
5051582
5051607
5051610
5051635
5051644
5051661
5051672
5051699
5051700
5051713
5051754
5051769
5051819
5051826
5051855
5051860
5051893
5051912
5051921
5051933
5051949
5051968
5051985
5052008
5052027
5052039
5052053
5052071
5052086
5052124
5052138
5052146
5052152
5052163
5052191
5052230
5052259
5052311
5052336
5052367
5052374
5052390
5052401
5052493
5052510
5052616
5052673
5052682
5052698
5052712
5052733
5052757
5052785
5052818
5052900
5052932
5052981
5053001
5053019
5053026
5053116
5053165
5053182
5053198
5053200
5053213
5053225
5053232
5053248
5053297
5053351
5053366
5053414
5053427
5053440
5053495
5053521
5053549
5053568
5053585
5053594
5053652
5053663
5053691
5053707
5053735
5053772
5053783
5053799
5053811
5053822
5053845
5053890
5053941
5053959
5053964
5053996
5054012
5054033
5054057
5054103
5054122
5054145
5054158
5054174
5054189
5054190
5054262
5054307
5054328
5054335
5054344
5054361
5054383
5054399
5054425
5054432
5054448
5054454
5054469
5054476
5054481
5054519
5054534
5054542
5054555
5054560
5054587
5054615
5054641
5054659
5054664
5054677
5054696
5054718
5054743
5054766
5054816
5054831
5054847
5054850
5054865
5054873
5054882
5054917
5054924
5054991
5055020
5055051
5055107
5055110
5055128
5055172
5055199
5055221
5055233
5055257
5055268
5055301
5055326
5055342
5055387
5055393
5055409
5055424
5055438
5055446
5055554
5055639
5055640
5055653
5055662
5055671
5055686
5055716
5055731
5055750
5055773
5055802
5055823
5055830
5055888
5055896
5055903
5055911
5055945
5055967
5055974
5055990
5056047
5056050
5056073
5056101
5056119
5056187
5056218
5056220
5056243
5056251
5056279
5056313
5056348
5056354
5056376
5056411
5056467
5056509
5056517
5056524
5056538
5056546
5056575
5056606
5056633
5056715
5056730
5056741
5056759
5056788
5056796
5056862
5056895
5056956
5056999
5057000
5057025
5057054
5057069
5057081
5057102
5057130
5057141
5057177
5057188
5057196
5057217
5057224
5057238
5057252
5057263
5057275
5057304
5057329
5057347
5057350
5057382
5057406
5057412
5057449
5057457
5057468
5057494
5057520
5057543
5057551
5057667
5057674
5057690
5057742
5057755
5057787
5057807
5057810
5057828
5057835
5057844
5057861
5057872
5057927
5057953
5057986
5058002
5058023
5058041
5058100
5058113
5058125
5058132
5058154
5058181
5058250
5058265
5058273
5058309
5058317
5058346
5058363
5058375
5058391
5058410
5058428
5058435
5058472
5058558
5058589
5058618
5058643
5058651
5058666
5058714
5058739
5058753
5058771
5058812
5058868
5058885
5058942
5058978
5058993
5059007
5059035
5059099
5059105
5059143
5059192
5059234
5059260
5059306
5059349
5059357
5059368
5059385
5059394
5059430
5059464
5059508
5059527
5059539
5059595
5059600
5059625
5059632
5059654
5059681
5059697
5059722
5059745
5059789
5059817
5059838
5059852
5059875
5059891
5059916
5059947
5059965
5059982
5059998
5060026
5060034
5060093
5060104
5060131
5060165
5060182
5060200
5060213
5060225
5060248
5060269
5060281
5060320
5060337
5060379
5060384
5060408
5060414
5060427
5060440
5060471
5060506
5060533
5060557
5060568
5060585
5060624
5060646
5060663
5060691
5060735
5060744
5060845
5060867
5060890
5060930
5060941
5060959
5060964
5060996
5061010
5061035
5061044
5061056
5061137
5061143
5061201
5061242
5061255
5061293
5061306
5061357
5061368
5061415
5061423
5061430
5061459
5061488
5061514
5061527
5061539
5061571
5061600
5061676
5061681
5061697
5061745
5061774
5061852
5061863
5061929
5061931
5061950
5061982
5061998
5062066
5062110
5062128
5062156
5062199
5062212
5062221
5062249
5062257
5062268
5062270
5062326
5062355
5062360
5062378
5062438
5062475
5062480
5062491
5062513
5062525
5062554
5062576
5062608
5062627
5062639
5062640
5062671
5062729
5062747
5062773
5062798
5062815
5062877
5062922
5062967
5062974
5063038
5063091
5063114
5063162
5063211
5063236
5063290
5063323
5063330
5063364
5063420
5063466
5063479
5063504
5063573
5063598
5063644
5063700
5063781
5063826
5063842
5063860
5063878
5063933
5063957
5063968
5063985
5063994
5064016
5064031
5064047
5064065
5064119
5064134
5064142
5064160
5064178
5064187
5064205
5064279
5064313
5064325
5064354
5064411
5064445
5064474
5064490
5064509
5064517
5064649
5064668
5064685
5064702
5064715
5064741
5064814
5064840
5064853
5064871
5064907
5064910
5064928
5064935
5064961
5065030
5065077
5065088
5065132
5065169
5065176
5065197
5065229
5065231
5065247
5065250
5065309
5065317
5065324
5065352
5065375
5065380
5065391
5065410
5065435
5065444
5065456
5065461
5065511
5065536
5065545
5065574
5065590
5065605
5065618
5065637
5065666
5065679
5065684
5065692
5065739
5065740
5065806
5065849
5065901
5065926
5065942
5065978
5066040
5066086
5066095
5066117
5066152
5066163
5066175
5066180
5066259
5066277
5066311
5066322
5066345
5066374
5066389
5066434
5066442
5066460
5066510
5066528
5066556
5066561
5066631
5066650
5066682
5066698
5066733
5066770
5066794
5066805
5066879
5066884
5066900
5066913
5066932
5066954
5066976
5066997
5067003
5067022
5067067
5067074
5067089
5067106
5067121
5067133
5067149
5067168
5067207
5067228
5067244
5067272
5067327
5067340
5067353
5067362
5067447
5067498
5067515
5067530
5067619
5067626
5067655
5067678
5067717
5067738
5067780
5067800
5067832
5067848
5067854
5067876
5067937
5067943
5067951
5067979
5067984
5068012
5068033
5068068
5068070
5068085
5068094
5068122
5068145
5068158
5068214
5068253
5068262
5068286
5068295
5068310
5068344
5068432
5068476
5068481
5068501
5068534
5068560
5068578
5068593
5068615
5068630
5068664
5068718
5068766
5068865
5068882
5068898
5068909
5068924
5068938
5068946
5068975
5068980
5069048
5069069
5069102
5069115
5069123
5069141
5069164
5069196
5069217
5069224
5069263
5069329
5069398
5069412
5069457
5069468
5069485
5069520
5069566
5069579
5069592
5069622
5069636
5069645
5069658
5069667
5069690
5069719
5069726
5069742
5069755
5069760
5069778
5069793
5069828
5069861
5069872
5069899
5069908
5069914
5069939
5070049
5070068
5070103
5070136
5070158
5070167
5070208
5070240
5070253
5070356
5070400
5070448
5070454
5070469
5070481
5070519
5070526
5070534
5070555
5070578
5070593
5070615
5070623
5070630
5070688
5070718
5070737
5070743
5070751
5070779
5070804
5070829
5070831
5070850
5070865
5070873
5070909
5070924
5070938
5070946
5070952
5070975
5070980
5070991
5071005
5071018
5071020
5071043
5071079
5071084
5071107
5071128
5071172
5071183
5071199
5071249
5071257
5071268
5071294
5071319
5071334
5071342
5071360
5071387
5071417
5071424
5071446
5071500
5071513
5071581
5071597
5071639
5071640
5071671
5071731
5071750
5071773
5071798
5071802
5071815
5071823
5071830
5071841
5071864
5071936
5071958
5072061
5072083
5072099
5072118
5072137
5072151
5072192
5072219
5072278
5072293
5072306
5072312
5072349
5072370
5072430
5072488
5072553
5072595
5072600
5072654
5072676
5072681
5072703
5072736
5072758
5072789
5072838
5072875
5072947
5072950
5073030
5073077
5073100
5073113
5073125
5073148
5073204
5073231
5073324
5073338
5073346
5073380
5073391
5073407
5073435
5073456
5073472
5073511
5073574
5073589
5073605
5073620
5073637
5073643
5073651
5073679
5073740
5073753
5073771
5073795
5073868
5073870
5073894
5073942
5073955
5073993
5074003
5074011
5074074
5074089
5074090
5074149
5074157
5074185
5074207
5074228
5074314
5074339
5074340
5074386
5074395
5074404
5074473
5074530
5074559
5074577
5074596
5074619
5074626
5074655
5074660
5074687
5074709
5074775
5074832
5074869
5074897
5074905
5074918
5074937
5074943
5074992
5075038
5075075
5075108
5075127
5075153
5075162
5075195
5075203
5075274
5075289
5075302
5075315
5075364
5075377
5075516
5075531
5075550
5075573
5075610
5075628
5075635
5075644
5075656
5075672
5075683
5075699
5075713
5075776
5075781
5075826
5075834
5075906
5075957
5075968
5075970
5075985
5075994
5076000
5076048
5076069
5076076
5076159
5076177
5076196
5076224
5076238
5076263
5076350
5076406
5076412
5076457
5076468
5076505
5076537
5076566
5076584
5076636
5076645
5076734
5076760
5076778
5076787
5076810
5076828
5076844
5076872
5076883
5076899
5076908
5076962
5076971
5076995
5077004
5077031
5077047
5077050
5077065
5077101
5077119
5077205
5077218
5077220
5077251
5077266
5077332
5077354
5077397
5077411
5077422
5077436
5077445
5077467
5077509
5077524
5077546
5077563
5077580
5077606
5077621
5077633
5077649
5077670
5077723
5077730
5077741
5077759
5077788
5077796
5077808
5077827
5077907
5077910
5077928
5077956
5078019
5078026
5078042
5078060
5078078
5078131
5078165
5078198
5078225
5078232
5078248
5078269
5078366
5078379
5078392
5078414
5078427
5078486
5078506
5078533
5078570
5078585
5078594
5078646
5078680
5078728
5078772
5078803
5078811
5078890
5078902
5078915
5078923
5078941
5078988
5079027
5079039
5079053
5079117
5079124
5079138
5079146
5079152
5079163
5079175
5079191
5079215
5079259
5079277
5079288
5079303
5079322
5079345
5079374
5079390
5079419
5079460
5079507
5079510
5079556
5079599
5079647
5079673
5079698
5079706
5079721
5079749
5079768
5079837
5079851
5079892
5079900
5079913
5079925
5079948
5079969
5079981
5079997
5080030
5080041
5080059
5080113
5080125
5080204
5080247
5080265
5080282
5080317
5080338
5080346
5080363
5080391
5080428
5080472
5080483
5080590
5080620
5080637
5080651
5080692
5080708
5080714
5080740
5080762
5080771
5080812
5080833
5080849
5080919
5080993
5081014
5081053
5081138
5081163
5081175
5081191
5081241
5081277
5081288
5081303
5081336
5081401
5081455
5081493
5081535
5081544
5081561
5081583
5081599
5081604
5081616
5081631
5081647
5081650
5081673
5081682
5081866
5081892
5081900
5081913
5081925
5081997
5082046
5082052
5082080
5082091
5082114
5082203
5082222
5082236
5082267
5082289
5082302
5082377
5082405
5082418
5082484
5082529
5082573
5082635
5082700
5082725
5082748
5082781
5082797
5082826
5082887
5082906
5082921
5082949
5082985
5083018
5083020
5083037
5083043
5083161
5083206
5083233
5083249
5083257
5083294
5083334
5083342
5083360
5083378
5083393
5083409
5083417
5083491
5083513
5083532
5083614
5083639
5083653
5083662
5083671
5083695
5083729
5083731
5083765
5083773
5083798
5083823
5083864
5083877
5083888
5083911
5083922
5083958
5083974
5084000
5084069
5084076
5084081
5084097
5084102
5084123
5084164
5084177
5084217
5084224
5084275
5084291
5084316
5084350
5084365
5084382
5084412
5084457
5084468
5084494
5084518
5084520
5084537
5084584
5084592
5084603
5084611
5084636
5084667
5084674
5084689
5084726
5084742
5084787
5084793
5084810
5084828
5084835
5084856
5084861
5084883
5084899
5084908
5084914
5084927
5084940
5084962
5084986
5085001
5085034
5085078
5085087
5085116
5085147
5085165
5085173
5085200
5085225
5085232
5085297
5085318
5085337
5085343
5085384
5085392
5085427
5085453
5085462
5085533
5085570
5085585
5085594
5085609
5085638
5085663
5085680
5085691
5085710
5085744
5085756
5085803
5085811
5085858
5085889
5085890
5085902
5085923
5085930
5085996
5086007
5086010
5086028
5086035
5086044
5086056
5086061
5086072
5086099
5086201
5086260
5086306
5086368
5086385
5086394
5086441
5086477
5086496
5086539
5086553
5086571
5086586
5086600
5086669
5086703
5086722
5086736
5086758
5086767
5086774
5086809
5086824
5086838
5086916
5086931
5086965
5087049
5087158
5087167
5087190
5087214
5087239
5087253
5087262
5087271
5087286
5087307
5087335
5087356
5087361
5087372
5087400
5087413
5087425
5087432
5087448
5087454
5087481
5087555
5087593
5087623
5087677
5087705
5087718
5087743
5087784
5087792
5087804
5087816
5087850
5087882
5087898
5087917
5087938
5087963
5087980
5088022
5088045
5088074
5088089
5088112
5088168
5088170
5088185
5088261
5088272
5088314
5088327
5088339
5088362
5088395
5088404
5088429
5088473
5088482
5088515
5088530
5088541
5088588
5088596
5088601
5088693
5088709
5088717
5088724
5088780
5088813
5088825
5088869
5088881
5088905
5088937
5088951
5089065
5089073
5089082
5089098
5089101
5089160
5089178
5089187
5089205
5089218
5089220
5089251
5089266
5089284
5089292
5089354
5089369
5089376
5089381
5089403
5089445
5089490
5089552
5089580
5089612
5089649
5089694
5089759
5089777
5089814
5089827
5089853
5089862
5089895
5089910
5089944
5089999
5090005
5090020
5090043
5090051
5090084
5090092
5090107
5090128
5090135
5090161
5090183
5090233
5090249
5090257
5090334
5090360
5090378
5090387
5090393
5090409
5090417
5090424
5090446
5090475
5090500
5090525
5090532
5090569
5090597
5090640
5090653
5090686
5090747
5090750
5090773
5090802
5090815
5090841
5090864
5090911
5090936
5090967
5090974
5091029
5091047
5091050
5091065
5091119
5091155
5091193
5091205
5091218
5091237
5091266
5091279
5091381
5091397
5091403
5091422
5091436
5091458
5091467
5091509
5091538
5091552
5091575
5091591
5091649
5091668
5091670
5091694
5091715
5091723
5091741
5091759
5091777
5091808
5091853
5091862
5091910
5091935
5091961
5091972
5091983
5091999
5092078
5092104
5092116
5092129
5092150
5092173
5092200
5092225
5092232
5092248
5092254
5092305
5092343
5092366
5092408
5092414
5092427
5092439
5092453
5092512
5092557
5092570
5092594
5092609
5092617
5092638
5092646
5092680
5092728
5092799
5092811
5092845
5092858
5092867
5092874
5092930
5092959
5092977
5092988
5093014
5093062
5093109
5093146
5093152
5093202
5093241
5093264
5093277
5093288
5093311
5093336
5093358
5093367
5093374
5093419
5093434
5093455
5093460
5093556
5093604
5093673
5093682
5093706
5093733
5093757
5093851
5093884
5093892
5093925
5093932
5093948
5094007
5094072
5094118
5094143
5094179
5094184
5094201
5094242
5094385
5094423
5094488
5094496
5094508
5094514
5094539
5094571
5094613
5094632
5094654
5094676
5094767
5094790
5094809
5094817
5094824
5094916
5094973
5095003
5095022
5095089
5095090
5095106
5095133
5095185
5095207
5095210
5095261
5095272
5095327
5095353
5095386
5095395
5095404
5095416
5095431
5095482
5095530
5095559
5095596
5095601
5095626
5095634
5095687
5095709
5095738
5095746
5095752
5095800
5095848
5095854
5095869
5095918
5095920
5095937
5095979
5096009
5096038
5096046
5096091
5096108
5096114
5096127
5096153
5096162
5096171
5096203
5096211
5096222
5096245
5096267
5096289
5096323
5096330
5096364
5096377
5096388
5096396
5096529
5096531
5096547
5096550
5096582
5096628
5096635
5096672
5096725
5096748
5096754
5096819
5096834
5096860
5096878
5096906
5096933
5096949
5096957
5096970
5096994
5097015
5097077
5097100
5097132
5097181
5097229
5097250
5097265
5097298
5097346
5097472
5097499
5097503
5097511
5097536
5097605
5097666
5097679
5097708
5097714
5097739
5097740
5097833
5097849
5097857
5097870
5097885
5097919
5097926
5097934
5097942
5097993
5098013
5098032
5098048
5098054
5098102
5098141
5098177
5098188
5098196
5098217
5098238
5098246
5098263
5098275
5098331
5098373
5098406
5098421
5098485
5098494
5098551
5098579
5098584
5098592
5098603
5098622
5098636
5098658
5098689
5098734
5098742
5098793
5098807
5098872
5098899
5098908
5098939
5098953
5098962
5098986
5099012
5099021
5099049
5099057
5099068
5099085
5099103
5099136
5099167
5099214
5099227
5099239
5099262
5099328
5099335
5099344
5099356
5099361
5099372
5099383
5099399
5099432
5099469
5099481
5099560
5099578
5099623
5099630
5099659
5099696
5099720
5099751
5099784
5099792
5099816
5099829
5099831
5099847
5099873
5099882
5099898
5099917
5099924
5099952
5099980
