3000039
3000040
3000095
3000124
3000138
3000152
3000191
3000202
3000215
3000230
3000241
3000259
3000264
3000277
3000288
3000303
3000311
3000389
3000390
3000401
3000419
3000442
3000460
3000478
3000487
3000493
3000510
3000528
3000572
3000599
3000604
3000616
3000631
3000647
3000682
3000698
3000733
3000749
3000768
3000785
3000805
3000818
3000820
3000837
3000851
3000866
3000879
3000884
3000900
3000913
3000925
3000948
3000954
3000969
3000981
3001006
3001012
3001033
3001057
3001068
3001070
3001085
3001094
3001136
3001145
3001167
3001174
3001227
3001240
3001253
3001262
3001286
3001295
3001307
3001310
3001328
3001335
3001383
3001400
3001432
3001454
3001481
3001497
3001519
3001526
3001534
3001555
3001602
3001615
3001659
3001664
3001696
3001705
3001718
3001737
3001766
3001804
3001816
3001829
3001831
3001847
3001850
3001873
3001917
3001938
3001946
3001952
3001980
3001991
3002022
3002036
3002058
3002067
3002074
3002089
3002121
3002157
3002168
3002170
3002185
3002207
3002210
3002235
3002256
3002272
3002283
3002308
3002327
3002339
3002340
3002353
3002362
3002386
3002404
3002416
3002431
3002447
3002465
3002473
3002482
3002498
3002523
3002530
3002541
3002559
3002564
3002588
3002596
3002601
3002626
3002634
3002642
3002655
3002660
3002687
3002693
3002709
3002738
3002752
3002775
3002791
3002813
3002832
3002848
3002897
3002918
3002920
3002937
3002951
3003047
3003050
3003073
3003082
3003098
3003119
3003126
3003134
3003142
3003178
3003193
3003237
3003243
3003251
3003266
3003300
3003369
3003381
3003397
3003403
3003411
3003422
3003436
3003458
3003489
3003509
3003517
3003538
3003546
3003552
3003575
3003580
3003606
3003668
3003670
3003694
3003702
3003715
3003730
3003759
3003796
3003814
3003827
3003853
3003862
3003886
3003928
3003935
3003956
3003961
3003972
3003983
3004009
3004017
3004024
3004046
3004052
3004063
3004075
3004091
3004140
3004162
3004171
3004195
3004203
3004211
3004222
3004267
3004290
3004302
3004341
3004359
3004418
3004437
3004443
3004451
3004479
3004484
3004492
3004504
3004516
3004531
3004547
3004565
3004582
3004607
3004610
3004628
3004656
3004683
3004725
3004781
3004797
3004819
3004826
3004893
3004921
3004949
3004968
3004970
3004994
3005013
3005025
3005032
3005069
3005081
3005102
3005115
3005123
3005130
3005141
3005159
3005177
3005196
3005209
3005217
3005224
3005238
3005252
3005263
3005275
3005291
3005304
3005331
3005365
3005382
3005406
3005433
3005470
3005494
3005505
3005518
3005537
3005543
3005566
3005592
3005603
3005611
3005622
3005645
3005658
3005689
3005726
3005734
3005755
3005778
3005793
3005807
3005810
3005835
3005844
3005899
3005908
3005927
3005971
3005995
3006001
3006019
3006034
3006042
3006078
3006087
3006104
3006116
3006129
3006147
3006150
3006165
3006173
3006182
3006198
3006248
3006269
3006305
3006337
3006343
3006351
3006366
3006379
3006440
3006453
3006486
3006495
3006506
3006533
3006549
3006557
3006570
3006585
3006594
3006609
3006624
3006663
3006675
3006680
3006707
3006710
3006728
3006772
3006783
3006799
3006803
3006811
3006822
3006874
3006902
3006930
3006941
3006977
3006988
3006996
3007018
3007020
3007037
3007051
3007079
3007084
3007092
3007107
3007110
3007128
3007135
3007144
3007156
3007161
3007172
3007183
3007206
3007212
3007221
3007249
3007257
3007268
3007270
3007285
3007301
3007319
3007334
3007342
3007360
3007409
3007417
3007438
3007446
3007475
3007480
3007491
3007500
3007513
3007532
3007548
3007554
3007569
3007576
3007597
3007614
3007639
3007640
3007671
3007686
3007704
3007716
3007729
3007731
3007750
3007782
3007798
3007802
3007830
3007841
3007864
3007896
3007903
3007945
3007967
3007990
3008007
3008056
3008061
3008072
3008099
3008179
3008184
3008201
3008219
3008242
3008260
3008278
3008321
3008368
3008385
3008415
3008430
3008459
3008477
3008488
3008508
3008527
3008540
3008553
3008571
3008586
3008613
3008625
3008632
3008648
3008669
3008676
3008703
3008722
3008758
3008767
3008774
3008817
3008880
3008891
3008916
3008947
3008950
3008965
3008973
3008998
3009030
3009100
3009197
3009204
3009216
3009229
3009247
3009250
3009265
3009324
3009346
3009363
3009375
3009435
3009444
3009472
3009483
3009499
3009503
3009558
3009590
3009618
3009620
3009637
3009651
3009684
3009762
3009786
3009795
3009806
3009849
3009870
3009894
3009901
3009934
3009955
3009960
3010005
3010043
3010092
3010107
3010110
3010135
3010144
3010156
3010161
3010183
3010212
3010221
3010249
3010270
3010294
3010301
3010319
3010326
3010342
3010355
3010360
3010409
3010438
3010446
3010452
3010475
3010480
3010500
3010513
3010525
3010532
3010554
3010569
3010576
3010614
3010640
3010653
3010686
3010695
3010729
3010750
3010815
3010841
3010859
3010903
3010922
3010936
3010945
3010967
3010989
3011004
3011016
3011047
3011082
3011101
3011126
3011142
3011178
3011187
3011193
3011218
3011220
3011237
3011243
3011266
3011292
3011300
3011313
3011325
3011354
3011369
3011397
3011422
3011445
3011467
3011489
3011490
3011509
3011517
3011524
3011538
3011546
3011563
3011575
3011591
3011606
3011633
3011649
3011657
3011668
3011670
3011702
3011730
3011741
3011777
3011796
3011808
3011814
3011839
3011840
3011853
3011886
3011895
3011910
3011956
3011972
3011983
3012001
3012034
3012042
3012055
3012060
3012078
3012093
3012104
3012116
3012150
3012165
3012173
3012182
3012213
3012225
3012254
3012318
3012320
3012337
3012343
3012351
3012379
3012408
3012414
3012427
3012439
3012440
3012462
3012495
3012512
3012549
3012585
3012609
3012638
3012646
3012675
3012680
3012691
3012707
3012728
3012744
3012756
3012761
3012772
3012799
3012836
3012867
3012915
3012923
3012941
3012959
3012988
3012996
3013039
3013040
3013071
3013095
3013117
3013152
3013163
3013180
3013202
3013215
3013259
3013288
3013322
3013389
3013434
3013478
3013544
3013556
3013583
3013631
3013647
3013712
3013721
3013733
3013749
3013757
3013768
3013770
3013785
3013805
3013818
3013837
3013866
3013932
3013948
3014007
3014010
3014028
3014044
3014056
3014061
3014072
3014105
3014118
3014120
3014143
3014166
3014179
3014192
3014201
3014226
3014242
3014255
3014278
3014306
3014312
3014357
3014368
3014385
3014394
3014423
3014464
3014477
3014514
3014527
3014539
3014562
3014571
3014595
3014625
3014632
3014654
3014669
3014676
3014697
3014703
3014711
3014736
3014758
3014817
3014838
3014846
3014875
3014880
3014891
3014904
3014929
3014931
3014947
3014950
3015058
3015133
3015157
3015168
3015170
3015207
3015228
3015272
3015308
3015314
3015327
3015340
3015404
3015429
3015447
3015450
3015465
3015473
3015482
3015498
3015502
3015523
3015530
3015564
3015577
3015588
3015601
3015626
3015634
3015642
3015687
3015709
3015724
3015763
3015775
3015780
3015800
3015832
3015854
3015876
3015905
3015918
3015937
3016009
3016017
3016052
3016063
3016075
3016080
3016108
3016127
3016139
3016153
3016236
3016258
3016267
3016274
3016289
3016302
3016330
3016341
3016359
3016364
3016377
3016388
3016396
3016405
3016420
3016451
3016479
3016484
3016504
3016529
3016531
3016547
3016565
3016607
3016635
3016656
3016661
3016683
3016699
3016700
3016725
3016732
3016748
3016769
3016781
3016797
3016855
3016887
3016893
3016921
3016949
3016968
3016985
3016994
3017015
3017023
3017030
3017041
3017059
3017064
3017096
3017100
3017113
3017132
3017148
3017154
3017197
3017204
3017216
3017247
3017250
3017273
3017298
3017317
3017324
3017338
3017346
3017352
3017363
3017375
3017391
3017410
3017428
3017456
3017472
3017511
3017522
3017536
3017545
3017558
3017574
3017605
3017618
3017620
3017651
3017679
3017740
3017753
3017795
3017806
3017821
3017833
3017849
3017857
3017868
3017901
3017960
3017978
3017987
3018025
3018032
3018097
3018102
3018115
3018141
3018159
3018177
3018188
3018209
3018238
3018263
3018275
3018280
3018304
3018316
3018331
3018347
3018365
3018373
3018382
3018398
3018406
3018421
3018449
3018468
3018485
3018518
3018520
3018537
3018551
3018566
3018579
3018592
3018622
3018658
3018689
3018690
3018719
3018726
3018734
3018755
3018787
3018807
3018856
3018861
3018883
3018899
3018908
3018940
3018986
3018995
3019012
3019021
3019070
3019085
3019122
3019145
3019167
3019174
3019190
3019208
3019214
3019227
3019262
3019271
3019286
3019295
3019307
3019356
3019361
3019400
3019413
3019425
3019432
3019519
3019526
3019534
3019542
3019555
3019659
3019664
3019688
3019696
3019718
3019720
3019751
3019784
3019816
3019847
3019865
3019882
3019898
3019917
3019946
3019952
3019963
3019975
3019991
3020035
3020061
3020072
3020118
3020120
3020137
3020143
3020166
3020179
3020192
3020226
3020242
3020255
3020260
3020278
3020293
3020306
3020349
3020357
3020370
3020385
3020402
3020441
3020459
3020488
3020496
3020527
3020539
3020553
3020595
3020613
3020625
3020632
3020648
3020654
3020669
3020681
3020745
3020767
3020774
3020789
3020790
3020809
3020817
3020824
3020863
3020875
3020904
3020931
3020950
3020965
3020982
3020998
3021003
3021011
3021036
3021067
3021074
3021168
3021170
3021194
3021235
3021256
3021283
3021314
3021339
3021340
3021371
3021386
3021395
3021416
3021429
3021447
3021450
3021465
3021473
3021498
3021502
3021515
3021541
3021564
3021577
3021596
3021626
3021634
3021642
3021660
3021687
3021693
3021709
3021724
3021738
3021752
3021775
3021780
3021791
3021800
3021825
3021897
3021920
3021943
3021951
3021979
3021992
3022012
3022021
3022033
3022085
3022103
3022111
3022136
3022145
3022158
3022167
3022189
3022208
3022214
3022240
3022253
3022262
3022271
3022286
3022307
3022310
3022328
3022372
3022383
3022469
3022501
3022519
3022534
3022542
3022555
3022587
3022602
3022615
3022623
3022630
3022641
3022659
3022696
3022720
3022743
3022751
3022784
3022804
3022829
3022847
3022850
3022898
3022917
3022938
3022946
3022952
3022963
3022975
3022980
3023000
3023013
3023032
3023048
3023097
3023102
3023115
3023141
3023164
3023209
3023224
3023238
3023291
3023329
3023347
3023350
3023365
3023373
3023382
3023398
3023406
3023412
3023421
3023457
3023468
3023470
3023494
3023505
3023520
3023537
3023543
3023566
3023579
3023603
3023611
3023622
3023636
3023674
3023690
3023719
3023726
3023734
3023742
3023760
3023787
3023810
3023828
3023835
3023844
3023856
3023899
3023908
3023914
3023940
3023986
3024005
3024020
3024037
3024051
3024079
3024084
3024092
3024107
3024110
3024144
3024156
3024161
3024212
3024257
3024319
3024342
3024355
3024360
3024387
3024393
3024417
3024463
3024480
3024491
3024525
3024532
3024581
3024608
3024640
3024662
3024671
3024686
3024704
3024716
3024731
3024747
3024750
3024765
3024773
3024782
3024798
3024802
3024815
3024823
3024841
3024859
3024864
3024911
3024922
3024936
3024990
3025004
3025031
3025065
3025082
3025098
3025126
3025134
3025187
3025218
3025220
3025237
3025251
3025266
3025279
3025292
3025300
3025313
3025325
3025348
3025354
3025369
3025376
3025381
3025397
3025411
3025445
3025458
3025474
3025489
3025490
3025563
3025580
3025612
3025649
3025657
3025670
3025694
3025702
3025730
3025741
3025777
3025808
3025839
3025871
3025886
3025928
3025944
3025956
3025961
3025999
3026015
3026023
3026059
3026077
3026100
3026132
3026148
3026154
3026176
3026181
3026197
3026204
3026229
3026231
3026250
3026273
3026282
3026298
3026309
3026317
3026324
3026352
3026363
3026375
3026380
3026391
3026435
3026456
3026461
3026472
3026483
3026558
3026589
3026618
3026651
3026684
3026708
3026714
3026762
3026771
3026786
3026812
3026833
3026849
3026868
3026901
3026919
3026942
3026955
3026960
3026978
3026987
3027024
3027038
3027046
3027075
3027114
3027127
3027162
3027186
3027203
3027258
3027267
3027290
3027302
3027330
3027341
3027364
3027377
3027405
3027418
3027437
3027443
3027479
3027492
3027504
3027516
3027547
3027565
3027573
3027582
3027598
3027610
3027635
3027644
3027656
3027661
3027683
3027713
3027732
3027754
3027776
3027834
3027860
3027906
3027912
3027933
3027970
3027985
3028008
3028014
3028039
3028062
3028071
3028095
3028138
3028146
3028152
3028163
3028175
3028180
3028202
3028230
3028259
3028277
3028303
3028322
3028336
3028345
3028374
3028389
3028419
3028434
3028455
3028460
3028535
3028561
3028583
3028604
3028616
3028631
3028647
3028682
3028698
3028712
3028721
3028733
3028749
3028757
3028768
3028805
3028818
3028843
3028884
3028932
3028948
3028976
3029001
3029019
3029026
3029060
3029078
3029116
3029150
3029165
3029198
3029200
3029213
3029225
3029232
3029269
3029281
3029297
3029305
3029320
3029337
3029351
3029414
3029427
3029439
3029471
3029495
3029506
3029568
3029594
3029624
3029646
3029675
3029680
3029707
3029710
3029728
3029735
3029744
3029761
3029772
3029799
3029811
3029822
3029858
3029874
3029902
3029915
3029923
3029959
3029964
3029996
3030000
3030025
3030032
3030054
3030069
3030081
3030102
3030130
3030141
3030159
3030164
3030196
3030209
3030217
3030238
3030246
3030263
3030275
3030280
3030291
3030316
3030329
3030347
3030373
3030398
3030406
3030412
3030421
3030433
3030449
3030468
3030494
3030505
3030520
3030543
3030551
3030566
3030592
3030603
3030611
3030622
3030658
3030674
3030689
3030690
3030701
3030734
3030807
3030810
3030844
3030861
3030927
3031019
3031055
3031060
3031087
3031093
3031104
3031116
3031129
3031173
3031198
3031225
3031254
3031276
3031320
3031337
3031343
3031351
3031366
3031408
3031414
3031439
3031486
3031495
3031506
3031549
3031568
3031570
3031585
3031617
3031624
3031638
3031646
3031652
3031663
3031680
3031691
3031710
3031728
3031735
3031783
3031799
3031811
3031822
3031836
3031858
3031890
3031930
3031959
3031996
3032029
3032031
3032047
3032050
3032065
3032082
3032101
3032126
3032142
3032187
3032193
3032218
3032220
3032237
3032266
3032279
3032284
3032300
3032354
3032369
3032376
3032381
3032397
3032411
3032422
3032436
3032489
3032509
3032517
3032524
3032538
3032563
3032575
3032633
3032668
3032670
3032730
3032796
3032814
3032840
3032871
3032886
3032895
3032907
3032928
3032944
3032956
3032972
3032983
3032999
3033022
3033045
3033058
3033067
3033089
3033121
3033133
3033157
3033168
3033170
3033185
3033207
3033235
3033244
3033256
3033261
3033272
3033299
3033308
3033314
3033327
3033339
3033353
3033386
3033429
3033473
3033482
3033498
3033523
3033530
3033601
3033619
3033660
3033678
3033724
3033738
3033746
3033752
3033775
3033791
3033800
3033832
3033876
3033881
3033905
3033918
3033920
3033937
3033943
3033966
3033979
3033984
3033992
3034030
3034041
3034064
3034096
3034148
3034154
3034169
3034181
3034216
3034231
3034250
3034265
3034282
3034298
3034317
3034338
3034346
3034407
3034456
3034483
3034574
3034589
3034605
3034620
3034637
3034643
3034651
3034666
3034679
3034684
3034692
3034708
3034714
3034739
3034753
3034771
3034833
3034857
3034894
3034926
3034934
3034960
3035014
3035040
3035086
3035095
3035109
3035124
3035146
3035152
3035163
3035191
3035215
3035241
3035259
3035288
3035358
3035367
3035390
3035419
3035455
3035460
3035507
3035535
3035544
3035583
3035629
3035631
3035665
3035673
3035682
3035698
3035706
3035712
3035757
3035785
3035794
3035805
3035837
3035843
3035851
3035884
3035892
3035900
3035913
3035969
3035981
3035997
3036049
3036094
3036103
3036111
3036122
3036158
3036174
3036190
3036227
3036239
3036240
3036286
3036307
3036310
3036328
3036356
3036383
3036399
3036432
3036469
3036476
3036481
3036519
3036560
3036587
3036615
3036641
3036659
3036664
3036677
3036718
3036784
3036792
3036816
3036829
3036831
3036865
3036882
3036909
3036924
3036946
3036952
3036963
3036975
3037007
3037010
3037035
3037056
3037099
3037118
3037120
3037137
3037151
3037179
3037201
3037226
3037234
3037255
3037287
3037293
3037349
3037357
3037370
3037394
3037415
3037423
3037430
3037441
3037459
3037496
3037508
3037514
3037539
3037553
3037562
3037571
3037595
3037625
3037648
3037654
3037697
3037711
3037736
3037790
3037838
3037846
3037863
3037875
3037880
3037916
3037929
3037931
3037965
3037982
3037998
3038020
3038043
3038051
3038066
3038084
3038092
3038107
3038128
3038135
3038172
3038199
3038206
3038212
3038221
3038249
3038268
3038285
3038294
3038301
3038334
3038342
3038355
3038360
3038387
3038393
3038463
3038576
3038581
3038608
3038614
3038686
3038729
3038731
3038747
3038750
3038773
3038798
3038815
3038823
3038859
3038864
3038888
3038896
3038936
3038974
3038989
3039063
3039080
3039108
3039114
3039127
3039139
3039153
3039195
3039203
3039222
3039258
3039267
3039274
3039289
3039302
3039315
3039330
3039359
3039388
3039396
3039418
3039420
3039451
3039466
3039479
3039492
3039504
3039565
3039573
3039598
3039607
3039628
3039656
3039661
3039699
3039748
3039754
3039769
3039776
3039801
3039819
3039826
3039834
3039842
3039860
3039878
3039893
3039906
3039921
3039933
3039949
3039957
3039985
3040050
3040065
3040073
3040098
3040126
3040142
3040160
3040178
3040187
3040193
3040205
3040243
3040292
3040300
3040313
3040369
3040376
3040381
3040397
3040403
3040422
3040436
3040467
3040474
3040509
3040524
3040538
3040546
3040552
3040563
3040591
3040612
3040621
3040633
3040649
3040670
3040685
3040702
3040723
3040741
3040764
3040808
3040814
3040871
3040886
3040910
3040928
3040944
3040961
3040972
3040999
3041002
3041023
3041041
3041059
3041077
3041096
3041113
3041125
3041176
3041181
3041204
3041229
3041265
3041273
3041309
3041346
3041352
3041363
3041380
3041410
3041435
3041444
3041499
3041503
3041511
3041522
3041545
3041558
3041574
3041589
3041590
3041620
3041651
3041666
3041679
3041692
3041739
3041740
3041762
3041771
3041786
3041795
3041806
3041812
3041821
3041849
3041870
3041894
3041901
3041919
3041926
3041934
3041942
3041978
3041987
3042000
3042025
3042076
3042081
3042130
3042164
3042177
3042188
3042217
3042238
3042246
3042252
3042280
3042291
3042347
3042350
3042365
3042382
3042421
3042433
3042457
3042468
3042485
3042505
3042518
3042584
3042592
3042674
3042689
3042701
3042719
3042742
3042755
3042793
3042810
3042844
3042861
3042899
3042914
3042953
3042962
3042986
3043068
3043094
3043103
3043122
3043145
3043158
3043167
3043174
3043190
3043208
3043214
3043239
3043271
3043295
3043310
3043328
3043335
3043344
3043356
3043361
3043413
3043432
3043448
3043454
3043476
3043481
3043497
3043534
3043542
3043560
3043587
3043593
3043615
3043623
3043630
3043688
3043696
3043705
3043720
3043737
3043743
3043751
3043784
3043792
3043816
3043829
3043831
3043865
3043873
3043882
3043898
3043909
3043917
3043938
3043963
3043975
3043980
3044001
3044034
3044055
3044060
3044078
3044093
3044104
3044147
3044182
3044198
3044200
3044248
3044254
3044281
3044297
3044318
3044320
3044337
3044351
3044392
3044414
3044453
3044462
3044486
3044495
3044506
3044512
3044533
3044549
3044570
3044585
3044609
3044624
3044638
3044646
3044663
3044675
3044691
3044707
3044710
3044728
3044756
3044772
3044783
3044799
3044803
3044811
3044858
3044915
3044964
3044977
3044988
3044996
3045007
3045010
3045035
3045072
3045118
3045120
3045143
3045184
3045234
3045255
3045260
3045293
3045312
3045333
3045370
3045394
3045441
3045459
3045488
3045496
3045514
3045540
3045553
3045562
3045586
3045600
3045632
3045648
3045654
3045669
3045697
3045703
3045722
3045745
3045758
3045789
3045817
3045824
3045838
3045846
3045852
3045875
3045880
3045904
3045916
3045965
3045973
3046022
3046045
3046074
3046106
3046112
3046168
3046185
3046207
3046228
3046261
3046283
3046339
3046340
3046362
3046371
3046395
3046404
3046416
3046429
3046447
3046450
3046473
3046515
3046541
3046564
3046588
3046596
3046601
3046626
3046634
3046655
3046687
3046717
3046738
3046780
3046848
3046854
3046869
3046876
3046881
3046897
3046905
3046943
3046951
3046979
3046984
3047008
3047053
3047124
3047138
3047180
3047202
3047223
3047230
3047277
3047288
3047303
3047322
3047358
3047367
3047374
3047390
3047401
3047419
3047434
3047455
3047460
3047493
3047507
3047510
3047528
3047535
3047544
3047561
3047572
3047629
3047631
3047647
3047673
3047682
3047698
3047706
3047757
3047768
3047770
3047794
3047820
3047837
3047843
3047851
3047866
3047884
3047892
3047900
3047913
3047925
3048009
3048038
3048063
3048075
3048080
3048091
3048114
3048127
3048140
3048171
3048195
3048203
3048211
3048222
3048236
3048245
3048267
3048274
3048290
3048315
3048359
3048364
3048377
3048396
3048437
3048451
3048466
3048479
3048531
3048550
3048573
3048607
3048610
3048644
3048661
3048672
3048683
3048700
3048725
3048754
3048781
3048797
3048801
3048834
3048878
3048893
3048921
3048933
3048957
3048968
3048970
3048985
3048994
3049020
3049051
3049066
3049079
3049084
3049107
3049128
3049135
3049161
3049183
3049199
3049206
3049221
3049257
3049285
3049319
3049326
3049342
3049393
3049424
3049438
3049446
3049452
3049475
3049500
3049554
3049569
3049581
3049608
3049614
3049639
3049640
3049686
3049695
3049731
3049782
3049798
3049802
3049815
3049830
3049864
3049903
3049911
3049936
3049945
3049958
3049989
3049990
3050006
3050012
3050021
3050033
3050049
3050068
3050094
3050103
3050122
3050145
3050167
3050174
3050208
3050227
3050239
3050262
3050271
3050286
3050295
3050307
3050328
3050372
3050383
3050399
3050413
3050448
3050469
3050476
3050481
3050519
3050534
3050542
3050578
3050593
3050602
3050623
3050630
3050659
3050664
3050696
3050705
3050718
3050720
3050737
3050779
3050831
3050850
3050882
3050909
3050952
3050975
3051005
3051018
3051020
3051051
3051066
3051107
3051135
3051144
3051161
3051172
3051183
3051212
3051221
3051249
3051257
3051268
3051270
3051285
3051326
3051334
3051355
3051360
3051387
3051393
3051446
3051452
3051463
3051500
3051525
3051532
3051548
3051554
3051569
3051576
3051597
3051653
3051662
3051671
3051695
3051716
3051731
3051859
3051888
3051903
3051936
3051945
3051958
3051967
3052010
3052028
3052035
3052044
3052083
3052105
3052118
3052120
3052137
3052151
3052179
3052219
3052234
3052255
3052260
3052306
3052312
3052394
3052402
3052430
3052441
3052459
3052464
3052477
3052496
3052508
3052514
3052527
3052553
3052600
3052613
3052648
3052669
3052681
3052703
3052711
3052736
3052767
3052809
3052824
3052838
3052875
3052904
3052950
3052973
3052998
3053023
3053077
3053113
3053148
3053176
3053216
3053229
3053231
3053247
3053250
3053273
3053282
3053298
3053317
3053324
3053352
3053363
3053391
3053407
3053410
3053428
3053435
3053461
3053472
3053511
3053522
3053536
3053574
3053589
3053618
3053637
3053651
3053666
3053714
3053739
3053762
3053771
3053786
3053795
3053806
3053812
3053849
3053868
3053885
3053919
3053926
3053934
3053960
3053978
3053987
3053993
3054011
3054022
3054036
3054058
3054067
3054090
3054112
3054168
3054210
3054228
3054256
3054261
3054272
3054283
3054308
3054327
3054339
3054353
3054362
3054395
3054416
3054429
3054431
3054502
3054523
3054541
3054564
3054588
3054619
3054634
3054642
3054655
3054678
3054709
3054717
3054738
3054746
3054752
3054800
3054813
3054825
3054848
3054854
3054869
3054897
3054905
3054918
3054920
3054937
3054943
3054979
3055009
3055017
3055046
3055075
3055080
3055091
3055108
3055114
3055127
3055140
3055153
3055162
3055186
3055195
3055236
3055245
3055274
3055290
3055302
3055315
3055330
3055341
3055364
3055388
3055420
3055451
3055479
3055484
3055492
3055516
3055531
3055635
3055661
3055672
3055700
3055725
3055748
3055801
3055855
3055860
3055878
3055887
3055906
3055912
3055921
3055933
3055949
3055968
3055970
3055994
3056013
3056025
3056032
3056048
3056054
3056081
3056115
3056130
3056141
3056188
3056196
3056209
3056217
3056224
3056246
3056252
3056291
3056304
3056329
3056347
3056365
3056373
3056382
3056398
3056406
3056412
3056421
3056485
3056505
3056520
3056537
3056543
3056551
3056584
3056592
3056611
3056622
3056645
3056667
3056674
3056701
3056719
3056742
3056755
3056760
3056787
3056828
3056835
3056861
3056872
3056883
3056939
3056940
3056962
3057031
3057047
3057065
3057073
3057098
3057134
3057142
3057160
3057205
3057220
3057237
3057266
3057284
3057292
3057313
3057325
3057332
3057348
3057354
3057369
3057403
3057422
3057436
3057445
3057458
3057467
3057509
3057517
3057538
3057546
3057552
3057563
3057580
3057621
3057633
3057649
3057657
3057668
3057694
3057715
3057723
3057730
3057777
3057796
3057808
3057827
3057839
3057862
3057871
3057886
3057910
3057928
3057944
3057956
3057961
3057972
3057983
3057999
3058001
3058034
3058055
3058060
3058078
3058087
3058147
3058165
3058173
3058200
3058213
3058225
3058305
3058337
3058351
3058379
3058384
3058392
3058408
3058414
3058439
3058453
3058462
3058471
3058486
3058495
3058549
3058557
3058568
3058594
3058617
3058638
3058646
3058652
3058675
3058680
3058691
3058707
3058728
3058735
3058761
3058783
3058799
3058822
3058836
3058845
3058858
3058867
3058889
3058915
3058923
3058941
3058959
3058977
3058996
3059014
3059053
3059062
3059071
3059086
3059095
3059117
3059124
3059152
3059215
3059230
3059241
3059259
3059277
3059288
3059401
3059419
3059426
3059442
3059455
3059493
3059510
3059528
3059535
3059544
3059556
3059599
3059604
3059631
3059647
3059650
3059665
3059706
3059733
3059749
3059757
3059768
3059770
3059785
3059820
3059879
3059892
3059913
3059932
3059948
3059954
3059969
3060023
3060059
3060100
3060132
3060154
3060176
3060231
3060247
3060250
3060265
3060273
3060282
3060309
3060317
3060324
3060352
3060407
3060428
3060461
3060472
3060483
3060499
3060536
3060545
3060558
3060574
3060589
3060590
3060605
3060620
3060637
3060651
3060679
3060692
3060708
3060727
3060753
3060771
3060833
3060870
3060885
3060894
3060926
3060942
3061014
3061027
3061039
3061040
3061062
3061071
3061086
3061095
3061109
3061146
3061223
3061241
3061264
3061277
3061345
3061389
3061390
3061401
3061419
3061426
3061460
3061478
3061493
3061528
3061544
3061561
3061583
3061599
3061604
3061629
3061631
3061647
3061665
3061673
3061682
3061712
3061721
3061733
3061757
3061768
3061805
3061820
3061837
3061843
3061851
3061892
3061900
3061954
3061981
3062009
3062024
3062038
3062046
3062052
3062075
3062080
3062108
3062127
3062139
3062171
3062186
3062203
3062222
3062236
3062245
3062258
3062274
3062290
3062330
3062359
3062364
3062377
3062388
3062396
3062418
3062420
3062484
3062529
3062531
3062547
3062550
3062573
3062610
3062635
3062644
3062656
3062661
3062683
3062700
3062725
3062732
3062754
3062769
3062776
3062801
3062834
3062860
3062878
3062887
3062906
3062921
3062933
3062949
3062970
3062985
3062994
3063018
3063043
3063051
3063079
3063084
3063092
3063107
3063128
3063135
3063161
3063172
3063183
3063199
3063249
3063257
3063268
3063294
3063326
3063334
3063355
3063387
3063393
3063409
3063438
3063446
3063491
3063500
3063525
3063532
3063576
3063597
3063608
3063614
3063627
3063639
3063653
3063662
3063695
3063716
3063729
3063731
3063773
3063782
3063798
3063841
3063859
3063877
3063888
3063903
3063911
3063958
3063989
3064032
3064048
3064054
3064102
3064123
3064141
3064159
3064196
3064246
3064252
3064291
3064329
3064347
3064350
3064365
3064382
3064398
3064406
3064449
3064457
3064505
3064518
3064551
3064566
3064622
3064636
3064645
3064658
3064667
3064726
3064734
3064742
3064755
3064807
3064828
3064856
3064872
3064908
3064939
3064953
3064962
3064971
3064995
3065034
3065055
3065060
3065087
3065093
3065104
3065165
3065200
3065213
3065232
3065281
3065318
3065320
3065351
3065379
3065384
3065408
3065414
3065427
3065439
3065440
3065462
3065471
3065486
3065512
3065533
3065549
3065570
3065585
3065609
3065617
3065675
3065710
3065728
3065735
3065744
3065761
3065783
3065799
3065803
3065822
3065836
3065858
3065874
3065902
3065930
3065977
3065988
3066007
3066010
3066028
3066035
3066056
3066072
3066083
3066099
3066105
3066137
3066143
3066151
3066192
3066201
3066226
3066242
3066260
3066278
3066287
3066293
3066306
3066312
3066333
3066349
3066368
3066385
3066394
3066415
3066430
3066441
3066459
3066477
3066508
3066514
3066527
3066539
3066562
3066586
3066613
3066625
3066632
3066648
3066669
3066676
3066697
3066703
3066774
3066790
3066817
3066824
3066838
3066863
3066875
3066891
3066904
3066916
3066929
3066931
3066947
3066950
3067006
3067049
3067068
3067070
3067085
3067111
3067122
3067145
3067227
3067286
3067295
3067307
3067310
3067356
3067372
3067383
3067399
3067413
3067425
3067432
3067454
3067469
3067501
3067526
3067542
3067578
3067593
3067664
3067688
3067705
3067720
3067779
3067831
3067847
3067865
3067873
3067882
3067909
3067924
3067963
3067975
3067980
3067991
3068003
3068011
3068022
3068036
3068058
3068067
3068090
3068106
3068112
3068121
3068133
3068170
3068207
3068228
3068244
3068261
3068272
3068308
3068340
3068362
3068395
3068429
3068447
3068450
3068465
3068473
3068482
3068502
3068523
3068530
3068541
3068559
3068564
3068596
3068619
3068626
3068634
3068642
3068655
3068678
3068709
3068717
3068752
3068775
3068813
3068832
3068854
3068869
3068876
3068905
3068918
3068943
3069050
3069065
3069119
3069134
3069142
3069155
3069160
3069178
3069187
3069218
3069220
3069237
3069243
3069251
3069266
3069300
3069332
3069348
3069369
3069381
3069397
3069411
3069422
3069445
3069458
3069474
3069509
3069517
3069546
3069580
3069591
3069606
3069621
3069633
3069670
3069685
3069694
3069723
3069730
3069759
3069777
3069788
3069796
3069808
3069814
3069827
3069839
3069853
3069862
3069871
3069886
3069928
3069944
3069961
3069972
3069983
3069999
3070011
3070036
3070045
3070058
3070067
3070090
3070112
3070121
3070168
3070207
3070210
3070228
3070235
3070244
3070261
3070272
3070283
3070299
3070314
3070339
3070386
3070416
3070429
3070431
3070447
3070465
3070482
3070498
3070515
3070523
3070541
3070564
3070577
3070588
3070626
3070642
3070678
3070687
3070709
3070738
3070746
3070752
3070775
3070791
3070800
3070832
3070848
3070854
3070876
3070881
3070897
3070905
3070920
3070966
3070979
3070984
3070992
3071024
3071052
3071063
3071080
3071108
3071127
3071153
3071186
3071203
3071211
3071258
3071289
3071290
3071315
3071323
3071330
3071341
3071377
3071396
3071418
3071420
3071437
3071443
3071466
3071479
3071504
3071516
3071531
3071547
3071550
3071573
3071582
3071610
3071635
3071656
3071661
3071672
3071699
3071713
3071725
3071769
3071776
3071781
3071797
3071826
3071834
3071860
3071887
3071912
3071933
3071949
3071957
3072008
3072014
3072027
3072039
3072053
3072062
3072071
3072086
3072109
3072117
3072124
3072175
3072202
3072223
3072230
3072241
3072259
3072288
3072296
3072303
3072336
3072390
3072426
3072434
3072455
3072487
3072493
3072510
3072528
3072544
3072556
3072561
3072572
3072583
3072616
3072698
3072712
3072721
3072757
3072768
3072770
3072818
3072820
3072843
3072851
3072884
3072892
3072913
3072925
3072932
3072948
3072969
3072981
3072997
3073026
3073034
3073042
3073060
3073087
3073104
3073116
3073147
3073150
3073173
3073182
3073198
3073225
3073232
3073248
3073269
3073281
3073318
3073343
3073351
3073379
3073384
3073414
3073427
3073453
3073462
3073471
3073495
3073506
3073549
3073557
3073568
3073570
3073594
3073609
3073617
3073652
3073675
3073691
3073707
3073728
3073744
3073756
3073761
3073772
3073783
3073799
3073822
3073858
3073874
3073889
3073923
3073930
3073977
3073988
3073996
3074006
3074012
3074021
3074033
3074068
3074103
3074111
3074145
3074158
3074174
3074189
3074208
3074214
3074253
3074307
3074310
3074335
3074361
3074372
3074383
3074399
3074400
3074448
3074454
3074476
3074519
3074542
3074555
3074560
3074587
3074593
3074623
3074630
3074659
3074677
3074688
3074720
3074779
3074792
3074816
3074829
3074831
3074850
3074873
3074882
3074898
3074909
3074946
3074963
3074980
3074991
3075005
3075018
3075020
3075043
3075084
3075135
3075144
3075172
3075206
3075221
3075233
3075285
3075294
3075319
3075342
3075355
3075360
3075378
3075387
3075393
3075409
3075424
3075446
3075463
3075480
3075491
3075500
3075513
3075525
3075532
3075569
3075576
3075597
3075614
3075640
3075686
3075704
3075729
3075731
3075747
3075802
3075815
3075877
3075888
3075896
3075945
3075958
3075967
3075989
3075990
3076016
3076031
3076047
3076050
3076065
3076098
3076119
3076142
3076178
3076237
3076251
3076266
3076292
3076313
3076325
3076332
3076348
3076376
3076422
3076436
3076467
3076474
3076524
3076552
3076575
3076580
3076591
3076606
3076621
3076649
3076657
3076670
3076685
3076694
3076723
3076777
3076788
3076796
3076808
3076839
3076862
3076871
3076886
3076910
3076944
3076956
3076961
3076972
3076999
3077000
3077025
3077069
3077076
3077115
3077130
3077141
3077164
3077177
3077196
3077209
3077217
3077224
3077238
3077252
3077263
3077275
3077304
3077331
3077347
3077373
3077382
3077518
3077520
3077537
3077543
3077551
3077611
3077658
3077674
3077701
3077719
3077726
3077778
3077787
3077793
3077807
3077810
3077828
3077844
3077861
3077908
3077914
3077927
3077940
3077953
3078030
3078100
3078154
3078216
3078229
3078247
3078250
3078265
3078273
3078298
3078317
3078324
3078346
3078352
3078375
3078410
3078428
3078435
3078461
3078472
3078503
3078536
3078558
3078618
3078666
3078692
3078727
3078739
3078753
3078795
3078806
3078812
3078849
3078857
3078868
3078870
3078885
3078901
3078934
3078960
3079007
3079010
3079028
3079044
3079056
3079061
3079083
3079099
3079118
3079120
3079179
3079192
3079201
3079226
3079234
3079242
3079255
3079260
3079287
3079306
3079312
3079321
3079333
3079349
3079370
3079394
3079459
3079464
3079527
3079553
3079571
3079595
3079613
3079632
3079648
3079669
3079676
3079681
3079697
3079703
3079711
3079736
3079745
3079767
3079774
3079789
3079809
3079817
3079846
3079880
3079904
3079916
3079929
3079931
3079947
3079982
3080001
3080034
3080055
3080060
3080078
3080093
3080104
3080116
3080129
3080131
3080147
3080165
3080182
3080213
3080269
3080281
3080297
3080318
3080343
3080351
3080392
3080408
3080414
3080440
3080462
3080495
3080549
3080557
3080570
3080609
3080638
3080652
3080663
3080691
3080735
3080744
3080772
3080799
3080803
3080836
3080845
3080858
3080867
3080874
3080890
3080915
3080930
3080941
3080959
3080964
3080977
3080996
3081010
3081028
3081035
3081072
3081118
3081151
3081179
3081184
3081219
3081234
3081242
3081255
3081260
3081278
3081293
3081306
3081333
3081370
3081385
3081394
3081402
3081415
3081430
3081477
3081496
3081508
3081514
3081527
3081539
3081553
3081562
3081571
3081595
3081600
3081613
3081625
3081654
3081676
3081697
3081703
3081711
3081722
3081745
3081767
3081789
3081790
3081809
3081846
3081863
3081875
3081904
3081929
3081931
3081947
3081998
3082005
3082018
3082020
3082037
3082079
3082084
3082107
3082110
3082128
3082135
3082156
3082212
3082233
3082249
3082268
3082294
3082301
3082334
3082342
3082355
3082409
3082417
3082424
3082446
3082463
3082475
3082491
3082500
3082525
3082548
3082569
3082581
3082597
3082608
3082639
3082662
3082671
3082695
3082704
3082729
3082731
3082773
3082802
3082823
3082841
3082864
3082911
3082936
3082945
3082989
3082990
3083009
3083017
3083046
3083080
3083153
3083162
3083171
3083195
3083211
3083236
3083258
3083274
3083289
3083290
3083323
3083330
3083341
3083364
3083388
3083396
3083405
3083418
3083443
3083451
3083466
3083479
3083516
3083531
3083582
3083610
3083628
3083644
3083656
3083672
3083683
3083699
3083725
3083732
3083748
3083754
3083769
3083776
3083781
3083819
3083826
3083842
3083860
3083878
3083887
3083893
3083906
3083921
3083957
3083994
3084050
3084073
3084082
3084098
3084119
3084126
3084178
3084205
3084220
3084237
3084243
3084266
3084279
3084292
3084313
3084376
3084381
3084403
3084411
3084467
3084474
3084490
3084509
3084524
3084546
3084552
3084563
3084580
3084606
3084668
3084670
3084702
3084730
3084741
3084759
3084777
3084796
3084895
3084907
3084928
3084935
3084956
3084972
3084983
3084999
3085015
3085030
3085041
3085064
3085088
3085096
3085113
3085132
3085154
3085176
3085181
3085197
3085229
3085247
3085250
3085298
3085309
3085317
3085346
3085352
3085363
3085375
3085380
3085391
3085407
3085428
3085435
3085444
3085461
3085483
3085511
3085545
3085558
3085574
3085605
3085637
3085666
3085739
3085740
3085753
3085786
3085795
3085806
3085821
3085901
3085919
3085960
3085978
3085987
3085993
3086008
3086040
3086062
3086071
3086095
3086109
3086124
3086152
3086163
3086175
3086180
3086215
3086223
3086259
3086277
3086288
3086296
3086322
3086345
3086358
3086367
3086389
3086390
3086401
3086419
3086426
3086442
3086460
3086478
3086487
3086493
3086510
3086528
3086535
3086556
3086599
3086604
3086650
3086673
3086682
3086698
3086706
3086757
3086768
3086770
3086851
3086892
3086913
3086954
3086976
3086997
3087003
3087022
3087036
3087045
3087058
3087067
3087074
3087090
3087106
3087112
3087133
3087149
3087157
3087168
3087170
3087185
3087228
3087244
3087256
3087261
3087272
3087283
3087299
3087314
3087353
3087395
3087404
3087416
3087447
3087465
3087473
3087482
3087498
3087502
3087515
3087530
3087541
3087564
3087577
3087596
3087619
3087626
3087634
3087655
3087693
3087709
3087717
3087724
3087763
3087780
3087800
3087825
3087848
3087854
3087876
3087897
3087905
3087918
3087920
3087937
3087943
3087951
3087966
3087984
3088006
3088012
3088021
3088033
3088049
3088057
3088068
3088070
3088103
3088111
3088136
3088145
3088174
3088208
3088214
3088227
3088240
3088253
3088271
3088286
3088307
3088310
3088328
3088361
3088399
3088413
3088425
3088469
3088476
3088481
3088519
3088526
3088542
3088593
3088615
3088623
3088630
3088641
3088677
3088688
3088720
3088737
3088766
3088784
3088792
3088804
3088816
3088865
3088873
3088909
3088938
3088975
3088980
3088991
3089032
3089048
3089081
3089115
3089130
3089141
3089217
3089224
3089246
3089252
3089263
3089291
3089304
3089316
3089329
3089347
3089350
3089421
3089468
3089470
3089485
3089518
3089520
3089543
3089551
3089579
3089592
3089603
3089636
3089645
3089658
3089674
3089755
3089760
3089778
3089787
3089807
3089810
3089844
3089861
3089872
3089883
3089899
3089914
3089939
3089940
3089953
3089971
3089986
3089995
3090009
3090017
3090038
3090075
3090091
3090114
3090127
3090139
3090140
3090171
3090186
3090195
3090203
3090211
3090236
3090267
3090289
3090302
3090315
3090341
3090359
3090364
3090396
3090418
3090420
3090437
3090443
3090466
3090479
3090484
3090516
3090547
3090550
3090573
3090582
3090610
3090628
3090644
3090661
3090672
3090732
3090748
3090754
3090769
3090776
3090781
3090797
3090801
3090878
3090887
3090906
3090912
3090933
3090949
3090957
3090970
3091025
3091081
3091097
3091102
3091164
3091224
3091252
3091275
3091280
3091304
3091316
3091331
3091365
3091398
3091406
3091433
3091449
3091457
3091485
3091494
3091543
3091551
3091579
3091584
3091603
3091611
3091658
3091667
3091690
3091701
3091726
3091742
3091760
3091807
3091810
3091835
3091861
3091872
3091883
3091899
3091927
3091940
3091953
3091962
3091971
3091986
3092002
3092015
3092023
3092030
3092064
3092077
3092096
3092100
3092154
3092204
3092216
3092231
3092265
3092282
3092298
3092346
3092352
3092363
3092375
3092410
3092428
3092435
3092461
3092503
3092522
3092536
3092545
3092567
3092605
3092618
3092620
3092637
3092651
3092666
3092684
3092692
3092714
3092753
3092795
3092806
3092812
3092833
3092894
3092901
3092919
3092934
3092955
3092960
3092978
3092993
3093010
3093044
3093061
3093072
3093083
3093099
3093105
3093118
3093137
3093143
3093184
3093192
3093201
3093219
3093242
3093278
3093312
3093321
3093333
3093349
3093370
3093394
3093430
3093459
3093477
3093488
3093496
3093508
3093539
3093553
3093562
3093595
3093632
3093654
3093676
3093697
3093703
3093745
3093774
3093809
3093817
3093838
3093863
3093891
3093931
3093947
3093973
3093982
3094008
3094014
3094039
3094086
3094095
3094109
3094152
3094175
3094180
3094223
3094311
3094322
3094336
3094345
3094367
3094374
3094389
3094426
3094434
3094442
3094455
3094487
3094507
3094528
3094535
3094561
3094599
3094604
3094629
3094665
3094698
3094706
3094733
3094757
3094785
3094818
3094837
3094843
3094851
3094879
3094884
3094900
3094913
3094948
3094969
3094976
3094981
3095006
3095012
3095021
3095049
3095057
3095094
3095103
3095111
3095122
3095145
3095158
3095174
3095190
3095227
3095253
3095262
3095295
3095310
3095328
3095372
3095400
3095413
3095425
3095448
3095454
3095469
3095481
3095501
3095519
3095542
3095555
3095560
3095578
3095593
3095602
3095641
3095664
3095677
3095688
3095696
3095720
3095751
3095766
3095779
3095792
3095804
3095847
3095850
3095865
3095873
3095882
3095909
3095938
3095963
3095980
3096018
3096037
3096051
3096079
3096092
3096110
3096135
3096144
3096156
3096161
3096183
3096199
3096206
3096221
3096233
3096249
3096268
3096270
3096326
3096355
3096360
3096378
3096424
3096438
3096452
3096475
3096525
3096532
3096548
3096554
3096569
3096576
3096581
3096627
3096716
3096773
3096782
3096798
3096802
3096830
3096859
3096888
3096896
3096903
3096936
3096974
3096989
3096990
3097001
3097019
3097034
3097060
3097078
3097087
3097104
3097129
3097147
3097173
3097182
3097198
3097200
3097232
3097281
3097305
3097320
3097337
3097343
3097351
3097366
3097408
3097439
3097440
3097453
3097471
3097486
3097533
3097549
3097570
3097585
3097609
3097624
3097638
3097663
3097710
3097735
3097744
3097756
3097761
3097772
3097803
3097811
3097836
3097858
3097874
3097902
3097930
3097959
3097964
3097977
3097988
3097996
3098004
3098016
3098029
3098050
3098065
3098082
3098119
3098142
3098160
3098178
3098205
3098220
3098237
3098251
3098266
3098284
3098300
3098313
3098325
3098332
3098354
3098397
3098436
3098445
3098474
3098489
3098509
3098517
3098524
3098538
3098546
3098552
3098563
3098580
3098591
3098612
3098657
3098668
3098685
3098715
3098723
3098764
3098777
3098788
3098796
3098808
3098839
3098840
3098853
3098886
3098910
3098928
3098935
3098956
3098972
3098983
3098999
3099003
3099011
3099022
3099036
3099045
3099067
3099090
3099106
3099121
3099157
3099168
3099194
3099207
3099261
3099272
3099283
3099299
3099308
3099314
3099339
3099353
3099395
3099404
3099416
3099431
3099473
3099482
3099502
3099523
3099541
3099564
3099577
3099601
3099619
3099634
3099642
3099687
3099693
3099709
3099717
3099746
3099763
3099775
3099780
3099791
3099813
3099869
3099881
3099918
3099937
3099943
3099984
