1100009
1100017
1100052
1100063
1100075
1100080
1100091
1100114
1100127
1100140
1100153
1100171
1100211
1100222
1100236
1100245
1100258
1100267
1100289
1100302
1100315
1100359
1100364
1100377
1100388
1100405
1100418
1100420
1100437
1100451
1100479
1100484
1100492
1100504
1100516
1100529
1100547
1100550
1100582
1100598
1100610
1100628
1100683
1100700
1100713
1100725
1100748
1100754
1100769
1100781
1100797
1100834
1100842
1100878
1100933
1100949
1100957
1100968
1100985
1101013
1101025
1101076
1101081
1101115
1101188
1101209
1101217
1101224
1101238
1101252
1101263
1101304
1101316
1101329
1101347
1101365
1101373
1101382
1101406
1101421
1101449
1101457
1101470
1101494
1101505
1101518
1101537
1101584
1101636
1101674
1101689
1101742
1101755
1101760
1101810
1101828
1101856
1101899
1101927
1101940
1101953
1101962
1101986
1101995
1102002
1102015
1102041
1102059
1102064
1102096
1102113
1102125
1102148
1102169
1102181
1102197
1102229
1102231
1102247
1102250
1102273
1102298
1102309
1102324
1102338
1102352
1102363
1102375
1102380
1102428
1102435
1102444
1102456
1102461
1102503
1102536
1102558
1102574
1102590
1102605
1102618
1102637
1102684
1102727
1102739
1102740
1102762
1102771
1102806
1102812
1102849
1102868
1102901
1102919
1102926
1102942
1102955
1102987
1102993
1103007
1103028
1103035
1103044
1103056
1103083
1103099
1103105
1103118
1103120
1103137
1103143
1103151
1103179
1103184
1103192
1103201
1103234
1103242
1103255
1103278
1103293
1103306
1103312
1103357
1103370
1103385
1103402
1103430
1103464
1103488
1103508
1103514
1103540
1103625
1103632
1103681
1103697
1103711
1103736
1103767
1103789
1103817
1103824
1103838
1103846
1103863
1103875
1103891
1103904
1103916
1103929
1103947
1103950
1103965
1103973
1103982
1103998
1104008
1104014
1104027
1104039
1104053
1104062
1104095
1104138
1104152
1104202
1104230
1104264
1104277
1104288
1104296
1104303
1104311
1104322
1104336
1104345
1104367
1104389
1104401
1104419
1104426
1104455
1104487
1104493
1104535
1104556
1104561
1104572
1104599
1104604
1104616
1104629
1104631
1104647
1104650
1104682
1104706
1104712
1104721
1104749
1104757
1104785
1104818
1104820
1104837
1104843
1104851
1104866
1104879
1104892
1104900
1104913
1104932
1104948
1104954
1104976
1104981
1105012
1105033
1105068
1105070
1105103
1105122
1105136
1105145
1105158
1105167
1105189
1105190
1105208
1105214
1105227
1105240
1105253
1105262
1105271
1105295
1105328
1105361
1105372
1105413
1105425
1105448
1105454
1105481
1105501
1105542
1105555
1105578
1105602
1105677
1105696
1105705
1105718
1105737
1105743
1105751
1105779
1105784
1105850
1105865
1105882
1105917
1105924
1105946
1105975
1105980
1105991
1106018
1106020
1106037
1106043
1106079
1106092
1106107
1106110
1106156
1106183
1106199
1106212
1106233
1106257
1106268
1106285
1106326
1106342
1106355
1106360
1106409
1106424
1106438
1106446
1106452
1106463
1106480
1106525
1106554
1106569
1106576
1106614
1106627
1106640
1106671
1106716
1106747
1106750
1106773
1106798
1106802
1106823
1106864
1106888
1106903
1106936
1106958
1106974
1107042
1107060
1107116
1107129
1107165
1107173
1107225
1107269
1107276
1107297
1107305
1107318
1107337
1107366
1107379
1107384
1107392
1107439
1107440
1107453
1107486
1107506
1107512
1107533
1107549
1107568
1107570
1107624
1107638
1107652
1107691
1107728
1107783
1107811
1107822
1107836
1107845
1107858
1107874
1107890
1107915
1107923
1107930
1107941
1107959
1107964
1108004
1108016
1108029
1108047
1108050
1108065
1108073
1108082
1108119
1108126
1108134
1108155
1108160
1108178
1108193
1108237
1108251
1108266
1108279
1108284
1108300
1108313
1108325
1108348
1108369
1108376
1108381
1108436
1108458
1108467
1108474
1108489
1108509
1108517
1108538
1108591
1108649
1108657
1108668
1108685
1108702
1108759
1108764
1108777
1108788
1108796
1108814
1108827
1108840
1108862
1108871
1108907
1108944
1108972
1109011
1109074
1109089
1109090
1109106
1109112
1109121
1109133
1109168
1109170
1109185
1109228
1109256
1109261
1109272
1109283
1109299
1109353
1109362
1109386
1109416
1109450
1109473
1109482
1109502
1109530
1109559
1109577
1109588
1109601
1109626
1109634
1109642
1109660
1109678
1109687
1109709
1109724
1109752
1109763
1109775
1109800
1109832
1109869
1109897
1109918
1109937
1109943
1109966
1109992
1110001
1110026
1110034
1110042
1110060
1110078
1110087
1110093
1110104
1110129
1110147
1110165
1110182
1110198
1110213
1110225
1110254
1110276
1110297
1110305
1110320
1110343
1110351
1110366
1110384
1110427
1110439
1110453
1110471
1110495
1110512
1110557
1110568
1110585
1110594
1110624
1110638
1110646
1110663
1110680
1110691
1110707
1110710
1110735
1110744
1110756
1110761
1110772
1110783
1110799
1110803
1110811
1110822
1110845
1110858
1110867
1110902
1110923
1110941
1110959
1110977
1110988
1110996
1111010
1111028
1111056
1111061
1111083
1111105
1111118
1111143
1111151
1111179
1111219
1111226
1111242
1111278
1111287
1111293
1111321
1111333
1111349
1111357
1111368
1111370
1111385
1111423
1111441
1111459
1111464
1111477
1111488
1111527
1111539
1111562
1111613
1111625
1111648
1111697
1111703
1111736
1111767
1111774
1111789
1111817
1111824
1111838
1111846
1111875
1111929
1111947
1111973
1112005
1112020
1112043
1112079
1112110
1112172
1112199
1112221
1112257
1112285
1112319
1112326
1112342
1112409
1112417
1112438
1112446
1112452
1112463
1112475
1112480
1112491
1112532
1112569
1112576
1112581
1112608
1112639
1112640
1112653
1112731
1112750
1112782
1112802
1112859
1112888
1112903
1112936
1112945
1112990
1113009
1113024
1113046
1113052
1113063
1113091
1113108
1113114
1113127
1113153
1113195
1113211
1113290
1113302
1113315
1113330
1113364
1113405
1113418
1113420
1113437
1113443
1113484
1113492
1113529
1113531
1113550
1113610
1113628
1113661
1113713
1113725
1113732
1113748
1113776
1113781
1113801
1113826
1113834
1113887
1113906
1113912
1113933
1113949
1113968
1114004
1114016
1114050
1114065
1114073
1114119
1114142
1114178
1114205
1114218
1114243
1114251
1114279
1114284
1114300
1114313
1114325
1114332
1114376
1114458
1114489
1114490
1114517
1114524
1114538
1114546
1114575
1114606
1114612
1114621
1114649
1114657
1114694
1114715
1114723
1114730
1114741
1114759
1114777
1114788
1114840
1114862
1114907
1114944
1114961
1115015
1115064
1115077
1115096
1115113
1115132
1115176
1115197
1115216
1115247
1115250
1115265
1115298
1115346
1115352
1115363
1115410
1115428
1115461
1115511
1115522
1115536
1115558
1115589
1115618
1115620
1115637
1115643
1115679
1115692
1115714
1115753
1115795
1115806
1115812
1115821
1115894
1115901
1115926
1115942
1115955
1115960
1115978
1115987
1115993
1116040
1116095
1116109
1116117
1116138
1116163
1116175
1116191
1116230
1116241
1116259
1116264
1116296
1116303
1116311
1116336
1116345
1116367
1116374
1116390
1116401
1116419
1116426
1116455
1116478
1116487
1116528
1116535
1116544
1116556
1116572
1116599
1116650
1116665
1116682
1116706
1116721
1116785
1116794
1116837
1116851
1116866
1116925
1116932
1116948
1116969
1117003
1117011
1117022
1117036
1117045
1117058
1117089
1117106
1117121
1117133
1117185
1117194
1117207
1117210
1117228
1117235
1117256
1117261
1117283
1117299
1117308
1117362
1117429
1117431
1117450
1117498
1117502
1117530
1117541
1117559
1117564
1117588
1117596
1117619
1117626
1117642
1117687
1117709
1117717
1117752
1117775
1117832
1117848
1117869
1117881
1117905
1117918
1117937
1117943
1117966
1117979
1117992
1118006
1118012
1118021
1118049
1118068
1118070
1118085
1118111
1118122
1118158
1118167
1118189
1118190
1118240
1118253
1118262
1118307
1118310
1118328
1118344
1118372
1118400
1118413
1118432
1118469
1118481
1118497
1118501
1118534
1118542
1118555
1118615
1118720
1118737
1118751
1118779
1118804
1118829
1118847
1118850
1118909
1118938
1118952
1118963
1118980
1119000
1119025
1119032
1119048
1119069
1119076
1119081
1119102
1119115
1119164
1119238
1119263
1119329
1119382
1119406
1119433
1119449
1119457
1119470
1119494
1119505
1119518
1119537
1119551
1119579
1119592
1119603
1119611
1119636
1119645
1119690
1119701
1119734
1119760
1119778
1119787
1119807
1119810
1119828
1119835
1119844
1119899
1119908
1119914
1119927
1119939
1119953
1119995
1120004
1120016
1120029
1120031
1120050
1120065
1120073
1120082
1120101
1120119
1120126
1120134
1120142
1120160
1120187
1120218
1120237
1120279
1120300
1120354
1120397
1120436
1120445
1120458
1120467
1120490
1120524
1120552
1120563
1120575
1120591
1120606
1120612
1120633
1120649
1120657
1120668
1120670
1120715
1120741
1120764
1120777
1120808
1120827
1120839
1120853
1120862
1120871
1120886
1120895
1120910
1120944
1120956
1120961
1120972
1120983
1121002
1121015
1121030
1121059
1121064
1121096
1121100
1121132
1121148
1121169
1121181
1121204
1121265
1121282
1121298
1121324
1121391
1121435
1121472
1121483
1121499
1121567
1121590
1121618
1121651
1121666
1121679
1121684
1121708
1121714
1121727
1121739
1121753
1121762
1121771
1121795
1121821
1121849
1121857
1121868
1121885
1121926
1121960
1122000
1122032
1122054
1122081
1122102
1122123
1122130
1122159
1122177
1122188
1122196
1122224
1122238
1122246
1122252
1122263
1122291
1122304
1122329
1122347
1122350
1122373
1122494
1122551
1122566
1122579
1122592
1122603
1122645
1122674
1122689
1122690
1122719
1122726
1122742
1122760
1122778
1122787
1122793
1122810
1122828
1122856
1122872
1122914
1122927
1122939
1122953
1122971
1122995
1123021
1123049
1123070
1123085
1123094
1123103
1123111
1123122
1123158
1123167
1123174
1123189
1123190
1123214
1123227
1123295
1123307
1123310
1123372
1123400
1123413
1123425
1123448
1123454
1123469
1123476
1123481
1123497
1123501
1123526
1123542
1123555
1123578
1123587
1123602
1123630
1123659
1123688
1123696
1123718
1123737
1123751
1123779
1123816
1123850
1123865
1123882
1123909
1123946
1123952
1123963
1123975
1124055
1124060
1124078
1124087
1124116
1124131
1124165
1124198
1124232
1124254
1124276
1124297
1124318
1124320
1124337
1124351
1124366
1124379
1124408
1124414
1124439
1124440
1124453
1124471
1124486
1124506
1124521
1124557
1124568
1124570
1124585
1124594
1124609
1124617
1124624
1124663
1124680
1124691
1124728
1124735
1124772
1124783
1124822
1124836
1124867
1124890
1124915
1124923
1124930
1124941
1124964
1124988
1125010
1125035
1125061
1125105
1125137
1125143
1125151
1125179
1125184
1125226
1125242
1125255
1125287
1125333
1125357
1125370
1125415
1125423
1125430
1125441
1125477
1125514
1125527
1125539
1125540
1125553
1125571
1125586
1125595
1125600
1125613
1125632
1125648
1125654
1125669
1125745
1125758
1125774
1125789
1125790
1125809
1125846
1125863
1125875
1125916
1125931
1125950
1125973
1125998
1126036
1126067
1126089
1126090
1126106
1126112
1126133
1126149
1126170
1126194
1126210
1126228
1126256
1126261
1126272
1126283
1126299
1126308
1126314
1126339
1126340
1126353
1126371
1126395
1126404
1126429
1126431
1126465
1126473
1126502
1126530
1126541
1126564
1126596
1126601
1126619
1126655
1126660
1126693
1126709
1126717
1126738
1126746
1126752
1126780
1126848
1126854
1126869
1126897
1127040
1127086
1127095
1127117
1127124
1127138
1127146
1127163
1127180
1127191
1127215
1127223
1127230
1127264
1127277
1127288
1127296
1127303
1127311
1127345
1127389
1127390
1127401
1127419
1127434
1127455
1127460
1127487
1127507
1127510
1127528
1127544
1127556
1127561
1127583
1127604
1127629
1127647
1127665
1127682
1127706
1127757
1127818
1127820
1127866
1127879
1127884
1127892
1127913
1127925
1127932
1127954
1127976
1128038
1128063
1128075
1128080
1128140
1128171
1128195
1128211
1128245
1128258
1128289
1128290
1128302
1128315
1128330
1128364
1128388
1128396
1128418
1128437
1128451
1128466
1128492
1128516
1128529
1128531
1128547
1128550
1128573
1128582
1128607
1128610
1128628
1128635
1128672
1128683
1128699
1128725
1128732
1128769
1128776
1128781
1128797
1128819
1128842
1128912
1128949
1128957
1128994
1129005
1129020
1129051
1129079
1129084
1129092
1129110
1129128
1129135
1129144
1129183
1129206
1129233
1129249
1129294
1129301
1129319
1129326
1129334
1129355
1129387
1129393
1129417
1129463
1129475
1129480
1129491
1129525
1129554
1129569
1129581
1129614
1129627
1129639
1129640
1129671
1129695
1129716
1129729
1129798
1129859
1129888
1129903
1129911
1129922
1129958
1129967
1129989
1129990
1130006
1130021
1130033
1130049
1130103
1130111
1130122
1130136
1130145
1130167
1130174
1130189
1130190
1130208
1130227
1130239
1130240
1130286
1130328
1130356
1130361
1130383
1130425
1130432
1130454
1130469
1130476
1130501
1130526
1130534
1130542
1130560
1130593
1130664
1130677
1130705
1130718
1130720
1130737
1130743
1130751
1130784
1130792
1130804
1130831
1130850
1130882
1130898
1130924
1130946
1130963
1130975
1131005
1131020
1131037
1131051
1131079
1131084
1131110
1131128
1131172
1131183
1131206
1131212
1131221
1131285
1131301
1131319
1131342
1131355
1131378
1131409
1131424
1131438
1131452
1131475
1131491
1131500
1131513
1131525
1131532
1131569
1131576
1131627
1131653
1131662
1131686
1131704
1131731
1131747
1131750
1131773
1131782
1131798
1131815
1131841
1131864
1131888
1131903
1131936
1131945
1131958
1131974
1131989
1131990
1132035
1132044
1132056
1132061
1132099
1132105
1132120
1132137
1132143
1132166
1132192
1132201
1132226
1132306
1132312
1132321
1132333
1132370
1132385
1132402
1132415
1132423
1132430
1132464
1132477
1132496
1132508
1132527
1132539
1132540
1132571
1132595
1132613
1132632
1132669
1132676
1132697
1132703
1132722
1132736
1132745
1132767
1132774
1132789
1132809
1132824
1132838
1132852
1132880
1132891
1132904
1132916
1132931
1132965
1132982
1133002
1133023
1133030
1133041
1133059
1133064
1133096
1133113
1133132
1133148
1133169
1133176
1133181
1133229
1133231
1133250
1133273
1133317
1133324
1133338
1133375
1133380
1133407
1133435
1133461
1133483
1133511
1133558
1133567
1133574
1133590
1133605
1133620
1133637
1133643
1133651
1133666
1133708
1133727
1133739
1133762
1133771
1133795
1133806
1133812
1133821
1133833
1133857
1133870
1133934
1133955
1133960
1133978
1134003
1134036
1134074
1134106
1134121
1134149
1134194
1134207
1134210
1134235
1134272
1134283
1134299
1134308
1134327
1134353
1134362
1134386
1134395
1134404
1134429
1134447
1134465
1134473
1134482
1134498
1134502
1134523
1134530
1134541
1134559
1134619
1134634
1134642
1134655
1134678
1134709
1134724
1134738
1134746
1134763
1134775
1134780
1134791
1134813
1134825
1134832
1134876
1134905
1134918
1134937
1134943
1134951
1134979
1134992
1135017
1135024
1135063
1135075
1135080
1135091
1135108
1135140
1135171
1135195
1135203
1135222
1135236
1135245
1135359
1135364
1135377
1135388
1135396
1135420
1135451
1135466
1135479
1135484
1135504
1135531
1135565
1135607
1135610
1135628
1135635
1135644
1135661
1135672
1135683
1135725
1135754
1135769
1135797
1135826
1135860
1135878
1135906
1135933
1135949
1135957
1135970
1136025
1136032
1136054
1136069
1136081
1136123
1136130
1136188
1136196
1136209
1136217
1136224
1136238
1136252
1136304
1136331
1136365
1136382
1136398
1136406
1136421
1136449
1136457
1136468
1136485
1136494
1136537
1136551
1136584
1136592
1136611
1136636
1136689
1136690
1136719
1136726
1136734
1136778
1136828
1136835
1136844
1136861
1136883
1136914
1136927
1136939
1136940
1136971
1136995
1137004
1137029
1137031
1137098
1137101
1137119
1137126
1137134
1137142
1137155
1137160
1137193
1137205
1137218
1137220
1137237
1137251
1137266
1137279
1137300
1137313
1137325
1137354
1137369
1137376
1137381
1137458
1137474
1137490
1137538
1137546
1137580
1137621
1137633
1137649
1137657
1137670
1137694
1137764
1137777
1137796
1137839
1137840
1137853
1137862
1137871
1137886
1137895
1137910
1137928
1137972
1138026
1138087
1138093
1138104
1138116
1138147
1138165
1138173
1138182
1138200
1138213
1138248
1138281
1138297
1138320
1138337
1138343
1138351
1138366
1138379
1138384
1138392
1138414
1138439
1138440
1138462
1138471
1138512
1138521
1138568
1138585
1138617
1138624
1138646
1138652
1138663
1138680
1138691
1138707
1138710
1138772
1138783
1138822
1138845
1138858
1138867
1138874
1138889
1138890
1138915
1138941
1138959
1138996
1139008
1139027
1139040
1139053
1139086
1139109
1139117
1139175
1139180
1139191
1139259
1139264
1139296
1139303
1139336
1139345
1139358
1139389
1139419
1139434
1139442
1139478
1139487
1139493
1139507
1139510
1139535
1139544
1139556
1139572
1139629
1139631
1139673
1139698
1139712
1139721
1139733
1139768
1139770
1139820
1139837
1139843
1139879
1139884
1139913
1139981
1139997
1140007
1140010
1140028
1140044
1140072
1140083
1140120
1140143
1140151
1140179
1140192
1140201
1140219
1140226
1140234
1140242
1140293
1140306
1140321
1140349
1140357
1140368
1140370
1140385
1140415
1140423
1140430
1140488
1140508
1140514
1140527
1140539
1140540
1140553
1140562
1140600
1140648
1140654
1140669
1140676
1140697
1140703
1140722
1140736
1140758
1140789
1140790
1140817
1140852
1140904
1140973
1140982
1141003
1141022
1141036
1141045
1141074
1141090
1141149
1141157
1141168
1141170
1141194
1141228
1141256
1141261
1141272
1141308
1141327
1141339
1141362
1141371
1141395
1141404
1141431
1141447
1141450
1141465
1141498
1141502
1141515
1141523
1141564
1141588
1141596
1141655
1141660
1141678
1141687
1141709
1141717
1141724
1141738
1141752
1141763
1141775
1141800
1141854
1141881
1141918
1141937
1141943
1141951
1141979
1141992
1142006
1142049
1142057
1142070
1142085
1142094
1142103
1142122
1142158
1142174
1142190
1142208
1142227
1142239
1142262
1142286
1142307
1142310
1142328
1142335
1142383
1142400
1142413
1142425
1142432
1142448
1142454
1142469
1142476
1142519
1142560
1142593
1142602
1142615
1142623
1142630
1142664
1142688
1142696
1142705
1142718
1142737
1142766
1142779
1142784
1142831
1142873
1142882
1142898
1142938
1142946
1142991
1143013
1143048
1143054
1143069
1143076
1143081
1143097
1143102
1143130
1143159
1143164
1143177
1143188
1143209
1143217
1143238
1143246
1143252
1143263
1143280
1143316
1143350
1143373
1143382
1143398
1143433
1143457
1143468
1143470
1143505
1143520
1143543
1143566
1143579
1143592
1143603
1143611
1143658
1143701
1143719
1143734
1143742
1143755
1143760
1143778
1143793
1143810
1143835
1143856
1143861
1143872
1143908
1143914
1143927
1143953
1143962
1143971
1144005
1144020
1144037
1144043
1144051
1144079
1144110
1144135
1144172
1144183
1144221
1144249
1144257
1144294
1144319
1144326
1144334
1144360
1144378
1144409
1144417
1144463
1144475
1144480
1144491
1144513
1144525
1144532
1144569
1144576
1144597
1144614
1144640
1144662
1144671
1144686
1144695
1144704
1144716
1144747
1144765
1144773
1144782
1144815
1144823
1144896
1144911
1144945
1144958
1144967
1145004
1145016
1145047
1145073
1145082
1145098
1145101
1145126
1145134
1145142
1145155
1145160
1145178
1145187
1145193
1145218
1145220
1145237
1145266
1145279
1145292
1145300
1145313
1145348
1145397
1145422
1145445
1145458
1145467
1145474
1145509
1145552
1145563
1145575
1145591
1145621
1145657
1145694
1145702
1145741
1145764
1145788
1145796
1145808
1145814
1145907
1145910
1145961
1145983
1145999
1146077
1146088
1146113
1146125
1146148
1146154
1146169
1146197
1146204
1146216
1146229
1146273
1146317
1146338
1146352
1146391
1146428
1146472
1146511
1146522
1146545
1146558
1146574
1146589
1146590
1146643
1146684
1146692
1146714
1146727
1146739
1146762
1146786
1146795
1146806
1146833
1146868
1146870
1146885
1146894
1146919
1146942
1146960
1146993
1147009
1147024
1147038
1147052
1147063
1147075
1147091
1147114
1147153
1147162
1147186
1147195
1147211
1147222
1147236
1147245
1147267
1147274
1147289
1147302
1147323
1147330
1147341
1147364
1147388
1147405
1147443
1147451
1147466
1147504
1147516
1147529
1147531
1147547
1147565
1147582
1147607
1147610
1147635
1147656
1147672
1147683
1147699
1147700
1147713
1147725
1147748
1147769
1147781
1147797
1147801
1147834
1147860
1147906
1147921
1147949
1147957
1147968
1148027
1148040
1148062
1148138
1148146
1148175
1148191
1148202
1148241
1148259
1148264
1148277
1148288
1148296
1148311
1148345
1148358
1148374
1148389
1148442
1148455
1148528
1148535
1148544
1148572
1148650
1148706
1148721
1148768
1148785
1148837
1148843
1148866
1148879
1148892
1148954
1148969
1148976
1148981
1148997
1149019
1149034
1149042
1149078
1149087
1149116
1149131
1149150
1149165
1149173
1149182
1149198
1149213
1149254
1149297
1149318
1149337
1149343
1149351
1149366
1149379
1149392
1149414
1149427
1149453
1149486
1149506
1149512
1149533
1149557
1149585
1149594
1149652
1149663
1149675
1149710
1149728
1149735
1149744
1149756
1149783
1149811
1149822
1149836
1149845
1149858
1149867
1149874
1149889
1149890
1149923
1149959
1149964
1149988
1149996
1150013
1150054
1150102
1150115
1150123
1150130
1150141
1150164
1150177
1150188
1150217
1150224
1150238
1150252
1150291
1150304
1150329
1150331
1150347
1150412
1150433
1150457
1150468
1150470
1150494
1150520
1150537
1150551
1150584
1150592
1150603
1150611
1150636
1150645
1150658
1150690
1150701
1150719
1150742
1150755
1150760
1150787
1150828
1150844
1150861
1150872
1150899
1150908
1150914
1150927
1150939
1150953
1150962
1150995
1151001
1151034
1151055
1151060
1151087
1151093
1151104
1151147
1151150
1151173
1151198
1151281
1151297
1151305
1151320
1151343
1151351
1151366
1151379
1151384
1151408
1151427
1151453
1151462
1151495
1151506
1151512
1151533
1151549
1151570
1151585
1151609
1151617
1151638
1151675
1151680
1151707
1151728
1151735
1151744
1151756
1151772
1151783
1151803
1151811
1151822
1151845
1151874
1151889
1151890
1151923
1151930
1151941
1151964
1151988
1151996
1152004
1152016
1152029
1152031
1152065
1152073
1152101
1152126
1152134
1152142
1152160
1152178
1152193
1152220
1152266
1152284
1152325
1152332
1152354
1152397
1152411
1152422
1152445
1152467
1152489
1152517
1152524
1152546
1152575
1152591
1152606
1152612
1152668
1152670
1152702
1152715
1152730
1152741
1152764
1152796
1152840
1152895
1152928
1152935
1153003
1153011
1153045
1153067
1153074
1153089
1153090
1153133
1153168
1153170
1153185
1153194
1153235
1153244
1153256
1153261
1153272
1153308
1153314
1153327
1153362
1153371
1153416
1153473
1153482
1153515
1153523
1153559
1153564
1153601
1153634
1153642
1153660
1153678
1153693
1153724
1153738
1153752
1153763
1153775
1153791
1153876
1153897
1153918
1153966
1154002
1154023
1154030
1154059
1154064
1154077
1154088
1154096
1154113
1154154
1154169
1154176
1154197
1154204
1154216
1154231
1154247
1154265
1154273
1154282
1154324
1154338
1154346
1154363
1154380
1154391
1154407
1154410
1154428
1154461
1154483
1154499
1154511
1154522
1154536
1154545
1154574
1154589
1154590
1154605
1154637
1154684
1154714
1154762
1154786
1154806
1154812
1154821
1154849
1154857
1154870
1154926
1154942
1154960
1154978
1154987
1155008
1155027
1155040
1155124
1155138
1155152
1155175
1155202
1155277
1155288
1155296
1155303
1155311
1155358
1155374
1155419
1155426
1155442
1155460
1155478
1155507
1155528
1155561
1155572
1155599
1155604
1155631
1155647
1155650
1155665
1155682
1155698
1155706
1155712
1155721
1155757
1155770
1155785
1155820
1155837
1155851
1155976
1155997
1156012
1156049
1156068
1156111
1156122
1156136
1156174
1156189
1156190
1156227
1156239
1156240
1156253
1156262
1156286
1156335
1156356
1156361
1156383
1156399
1156469
1156481
1156497
1156501
1156542
1156555
1156578
1156587
1156602
1156615
1156623
1156630
1156659
1156664
1156677
1156688
1156737
1156743
1156751
1156766
1156784
1156792
1156804
1156873
1156909
1156917
1156938
1156975
1156991
1157007
1157035
1157056
1157105
1157137
1157151
1157166
1157192
1157226
1157260
1157278
1157293
1157312
1157321
1157333
1157357
1157370
1157423
1157459
1157464
1157488
1157496
1157508
1157527
1157539
1157586
1157613
1157632
1157648
1157654
1157669
1157681
1157697
1157703
1157711
1157722
1157736
1157767
1157789
1157790
1157817
1157824
1157838
1157852
1157863
1157916
1157931
1157947
1157950
1157973
1157998
1158005
1158043
1158051
1158066
1158092
1158107
1158144
1158183
1158206
1158233
1158294
1158301
1158319
1158334
1158360
1158378
1158387
1158438
1158446
1158452
1158475
1158480
1158491
1158525
1158554
1158569
1158581
1158608
1158653
1158671
1158686
1158704
1158729
1158731
1158747
1158765
1158773
1158782
1158798
1158815
1158823
1158859
1158864
1158888
1158896
1158936
1158945
1158990
1159009
1159017
1159024
1159038
1159046
1159052
1159063
1159108
1159114
1159140
1159171
1159203
1159211
1159236
1159245
1159315
1159330
1159341
1159364
1159405
1159420
1159437
1159443
1159451
1159466
1159504
1159565
1159582
1159628
1159635
1159672
1159700
1159732
1159748
1159754
1159797
1159826
1159855
1159878
1159887
1159893
1159912
1159957
1159994
1160003
1160011
1160058
1160074
1160106
1160112
1160121
1160133
1160170
1160185
1160207
1160228
1160235
1160244
1160261
1160299
1160308
1160327
1160339
1160340
1160371
1160404
1160429
1160450
1160482
1160498
1160502
1160523
1160530
1160541
1160559
1160596
1160601
1160655
1160660
1160678
1160687
1160693
1160717
1160763
1160775
1160780
1160791
1160800
1160813
1160854
1160869
1160876
1160897
1160905
1160918
1160920
1160943
1160966
1161009
1161024
1161038
1161046
1161075
1161080
1161127
1161139
1161140
1161162
1161195
1161222
1161236
1161245
1161258
1161267
1161289
1161290
1161323
1161341
1161359
1161364
1161388
1161396
1161437
1161451
1161466
1161479
1161504
1161547
1161565
1161582
1161598
1161635
1161644
1161672
1161699
1161700
1161725
1161748
1161769
1161826
1161834
1161855
1161887
1161921
1161949
1161957
1162008
1162014
1162027
1162040
1162053
1162086
1162095
1162124
1162138
1162146
1162163
1162215
1162230
1162259
1162264
1162288
1162322
1162358
1162367
1162374
1162401
1162419
1162434
1162442
1162460
1162487
1162493
1162510
1162556
1162561
1162572
1162583
1162604
1162616
1162629
1162631
1162650
1162665
1162673
1162682
1162698
1162820
1162866
1162892
1162900
1162932
1162969
1162997
1163001
1163026
1163055
1163060
1163087
1163104
1163129
1163131
1163150
1163165
1163182
1163198
1163200
1163213
1163248
1163254
1163269
1163276
1163281
1163305
1163337
1163343
1163351
1163384
1163462
1163471
1163486
1163521
1163533
1163557
1163568
1163570
1163585
1163594
1163609
1163617
1163624
1163663
1163680
1163707
1163728
1163735
1163744
1163756
1163761
1163799
1163811
1163822
1163845
1163874
1163890
1163902
1163923
1163959
1163964
1163988
1164006
1164033
1164049
1164070
1164085
1164103
1164122
1164158
1164167
1164174
1164208
1164227
1164239
1164271
1164286
1164310
1164328
1164344
1164361
1164383
1164425
1164476
1164501
1164534
1164560
1164578
1164602
1164615
1164623
1164641
1164659
1164677
1164688
1164696
1164705
1164720
1164737
1164743
1164751
1164766
1164779
1164784
1164804
1164816
1164831
1164865
1164873
1164898
1164909
1164946
1164952
1164975
1164980
1164991
1165018
1165079
1165107
1165110
1165135
1165144
1165156
1165161
1165183
1165199
1165206
1165221
1165233
1165249
1165257
1165294
1165334
1165342
1165378
1165387
1165393
1165417
1165452
1165463
1165500
1165513
1165548
1165554
1165576
1165581
1165597
1165640
1165653
1165671
1165686
1165695
1165704
1165716
1165747
1165750
1165765
1165802
1165815
1165888
1165896
1165903
1165911
1165958
1165967
1165989
1165990
1166004
1166016
1166031
1166073
1166119
1166126
1166134
1166155
1166160
1166178
1166187
1166193
1166218
1166237
1166251
1166279
1166300
1166313
1166332
1166354
1166411
1166422
1166445
1166458
1166474
1166490
1166517
1166552
1166575
1166612
1166621
1166633
1166694
1166702
1166715
1166759
1166764
1166777
1166788
1166796
1166808
1166827
1166839
1166840
1166853
1166862
1166886
1166895
1166907
1166910
1166956
1166972
1167000
1167032
1167054
1167069
1167081
1167102
1167159
1167177
1167209
1167217
1167263
1167275
1167280
1167304
1167347
1167365
1167382
1167398
1167433
1167457
1167468
1167470
1167494
1167520
1167543
1167551
1167592
1167622
1167636
1167658
1167674
1167689
1167690
1167701
1167719
1167787
1167793
1167807
1167828
1167835
1167861
1167872
1167883
1167939
1167953
1167986
1167995
1168002
1168023
1168030
1168064
1168088
1168096
1168148
1168176
1168204
1168216
1168229
1168231
1168250
1168265
1168273
1168282
1168324
1168346
1168375
1168391
1168410
1168444
1168456
1168461
1168503
1168522
1168545
1168589
1168590
1168618
1168679
1168692
1168708
1168771
1168786
1168806
1168812
1168821
1168833
1168857
1168926
1168942
1168960
1169007
1169028
1169056
1169061
1169083
1169099
1169118
1169137
1169166
1169192
1169201
1169219
1169226
1169242
1169255
1169278
1169333
1169370
1169423
1169430
1169477
1169514
1169527
1169539
1169540
1169553
1169562
1169571
1169595
1169600
1169632
1169648
1169676
1169697
1169722
1169774
1169789
1169790
1169809
1169817
1169824
1169838
1169846
1169852
1169904
1169931
1169947
1169950
1169973
1169982
1169998
1170030
1170059
1170125
1170148
1170169
1170176
1170204
1170229
1170309
1170352
1170363
1170380
1170407
1170428
1170435
1170456
1170461
1170499
1170503
1170511
1170522
1170536
1170545
1170558
1170574
1170589
1170590
1170605
1170643
1170679
1170684
1170692
1170708
1170753
1170762
1170771
1170795
1170833
1170849
1170870
1170885
1170894
1170901
1170919
1170926
1170942
1170955
1170960
1171008
1171014
1171027
1171039
1171062
1171086
1171095
1171117
1171124
1171138
1171146
1171163
1171191
1171215
1171230
1171241
1171259
1171311
1171322
1171336
1171367
1171389
1171401
1171426
1171434
1171455
1171460
1171478
1171507
1171528
1171556
1171572
1171583
1171604
1171631
1171647
1171673
1171682
1171698
1171706
1171712
1171721
1171749
1171757
1171785
1171805
1171818
1171820
1171843
1171851
1171866
1171879
1171884
1171932
1171976
1171981
1171997
1172038
1172046
1172075
1172080
1172108
1172114
1172140
1172153
1172186
1172195
1172203
1172245
1172258
1172267
1172274
1172290
1172341
1172359
1172364
1172377
1172405
1172420
1172466
1172479
1172484
1172504
1172516
1172529
1172531
1172565
1172573
1172582
1172598
1172607
1172610
1172644
1172672
1172699
1172700
1172725
1172732
1172748
1172776
1172781
1172801
1172819
1172826
1172834
1172842
1172855
1172860
1172878
1172933
1172949
1172957
1172968
1172970
1172994
1173005
1173018
1173020
1173079
1173084
1173092
1173110
1173161
1173199
1173206
1173212
1173233
1173268
1173270
1173294
1173326
1173355
1173360
1173378
1173393
1173417
1173424
1173446
1173452
1173475
1173480
1173500
1173525
1173548
1173554
1173576
1173581
1173597
1173653
1173662
1173671
1173704
1173729
1173747
1173750
1173765
1173782
1173798
1173815
1173823
1173830
1173859
1173864
1173877
1173896
1173922
1173945
1173958
1173967
1173990
1174013
1174032
1174069
1174076
1174097
1174102
1174130
1174141
1174159
1174177
1174188
1174209
1174224
1174246
1174252
1174263
1174275
1174280
1174291
1174304
1174316
1174347
1174350
1174365
1174373
1174406
1174421
1174457
1174468
1174470
1174485
1174518
1174537
1174551
1174566
1174579
1174658
1174674
1174726
1174734
1174755
1174807
1174856
1174861
1174899
1174940
1174962
1174971
1174986
1174995
1175001
1175019
1175042
1175087
1175093
1175116
1175131
1175173
1175198
1175200
1175232
1175276
1175297
1175320
1175351
1175379
1175384
1175414
1175439
1175453
1175462
1175471
1175495
1175521
1175549
1175568
1175585
1175594
1175609
1175617
1175624
1175652
1175663
1175675
1175710
1175735
1175744
1175756
1175761
1175799
1175811
1175822
1175845
1175867
1175874
1175890
1175915
1175923
1175930
1175964
1175988
1176007
1176010
1176028
1176044
1176072
1176083
1176105
1176120
1176137
1176143
1176151
1176179
1176184
1176192
1176201
1176219
1176226
1176234
1176255
1176260
1176287
1176293
1176349
1176357
1176370
1176385
1176394
1176402
1176415
1176423
1176441
1176464
1176477
1176488
1176496
1176508
1176527
1176539
1176571
1176586
1176595
1176625
1176632
1176648
1176654
1176669
1176697
1176703
1176711
1176745
1176758
1176767
1176789
1176817
1176838
1176846
1176852
1176875
1176880
1176904
1176931
1176947
1176950
1176965
1176982
1177006
1177021
1177033
1177068
1177103
1177122
1177189
1177190
1177208
1177214
1177240
1177253
1177262
1177286
1177307
1177328
1177335
1177344
1177356
1177361
1177383
1177448
1177469
1177476
1177481
1177526
1177555
1177578
1177593
1177602
1177623
1177688
1177696
1177718
1177779
1177804
1177816
1177850
1177865
1177873
1177882
1177924
1177938
1177963
1178003
1178022
1178036
1178067
1178090
1178121
1178149
1178168
1178170
1178185
1178207
1178210
1178228
1178235
1178283
1178299
1178314
1178386
1178395
1178404
1178416
1178429
1178431
1178447
1178465
1178473
1178482
1178502
1178530
1178559
1178577
1178588
1178601
1178619
1178626
1178642
1178660
1178693
1178717
1178724
1178738
1178746
1178763
1178775
1178800
1178825
1178832
1178848
1178854
1178869
1178897
1178918
1178951
1178966
1178979
1178984
1178992
1179029
1179031
1179047
1179050
1179065
1179073
1179101
1179119
1179160
1179178
1179187
1179193
1179205
1179218
1179220
1179237
1179243
1179251
1179292
1179300
1179332
1179354
1179376
1179381
1179397
1179422
1179445
1179509
1179517
1179524
1179538
1179552
1179575
1179591
1179606
1179612
1179621
1179633
1179649
1179668
1179685
1179702
1179715
1179723
1179741
1179759
1179764
1179777
1179796
1179814
1179853
1179895
1179907
1179910
1179928
1180005
1180020
1180037
1180079
1180084
1180092
1180128
1180144
1180161
1180172
1180199
1180212
1180249
1180257
1180270
1180301
1180360
1180393
1180409
1180446
1180452
1180463
1180475
1180480
1180491
1180513
1180532
1180548
1180597
1180608
1180639
1180653
1180662
1180686
1180704
1180729
1180747
1180802
1180815
1180841
1180859
1180877
1180888
1180911
1180922
1180936
1180945
1180974
1180989
1181029
1181031
1181050
1181065
1181082
1181098
1181126
1181134
1181142
1181155
1181178
1181187
1181193
1181218
1181243
1181292
1181332
1181354
1181381
1181403
1181411
1181436
1181458
1181467
1181490
1181524
1181546
1181552
1181563
1181575
1181580
1181591
1181606
1181633
1181670
1181694
1181715
1181730
1181764
1181788
1181796
1181814
1181827
1181839
1181840
1181862
1181871
1181886
1181907
1181910
1181928
1181935
1181956
1181961
1181983
1182060
1182078
1182093
1182129
1182131
1182150
1182165
1182182
1182198
1182200
1182225
1182320
1182337
1182343
1182366
1182379
1182427
1182439
1182453
1182471
1182495
1182512
1182557
1182570
1182585
1182617
1182624
1182652
1182663
1182680
1182691
1182707
1182710
1182744
1182756
1182783
1182822
1182836
1182867
1182874
1182902
1182923
1182941
1182959
1182964
1183008
1183014
1183039
1183053
1183071
1183086
1183095
1183117
1183138
1183146
1183175
1183191
1183241
1183264
1183277
1183296
1183303
1183311
1183345
1183358
1183367
1183426
1183487
1183528
1183544
1183556
1183561
1183631
1183647
1183650
1183673
1183698
1183749
1183757
1183770
1183785
1183805
1183820
1183851
1183884
1183892
1183900
1183913
1183925
1183932
1183948
1183954
1183976
1183981
1183997
1184007
1184028
1184035
1184099
1184105
1184143
1184151
1184166
1184179
1184201
1184219
1184226
1184234
1184242
1184260
1184278
1184293
1184321
1184333
1184357
1184368
1184385
1184415
1184441
1184464
1184539
1184540
1184553
1184586
1184595
1184600
1184613
1184632
1184654
1184669
1184676
1184697
1184703
1184711
1184745
1184758
1184774
1184790
1184817
1184838
1184852
1184863
1184875
1184916
1184929
1184931
1184965
1184973
1184998
1185003
1185011
1185074
1185089
1185090
1185106
1185121
1185149
1185168
1185185
1185194
1185210
1185256
1185272
1185283
1185299
1185314
1185327
1185362
1185404
1185431
1185447
1185482
1185502
1185515
1185530
1185541
1185559
1185577
1185596
1185601
1185619
1185626
1185634
1185655
1185660
1185687
1185709
1185738
1185763
1185791
1185800
1185854
1185876
1185897
1185920
1185951
1185966
1185992
1186009
1186046
1186052
1186075
1186080
1186091
1186127
1186140
1186153
1186186
1186203
1186211
1186222
1186236
1186258
1186289
1186290
1186315
1186323
1186330
1186364
1186388
1186396
1186418
1186420
1186437
1186443
1186451
1186492
1186516
1186550
1186573
1186582
1186598
1186607
1186610
1186628
1186635
1186713
1186725
1186732
1186748
1186754
1186797
1186826
1186842
1186860
1186878
1186887
1186906
1186921
1186949
1186968
1187015
1187041
1187077
1187100
1187113
1187125
1187148
1187154
1187169
1187216
1187247
1187265
1187282
1187298
1187309
1187317
1187338
1187363
1187410
1187428
1187435
1187444
1187461
1187472
1187483
1187499
1187503
1187511
1187536
1187558
1187574
1187589
1187605
1187618
1187620
1187666
1187679
1187708
1187714
1187727
1187739
1187740
1187753
1187771
1187795
1187821
1187833
1187849
1187868
1187870
1187885
1187901
1187919
1187934
1188000
1188032
1188048
1188069
1188081
1188115
1188123
1188130
1188164
1188177
1188196
1188217
1188246
1188263
1188275
1188350
1188365
1188382
1188406
1188421
1188449
1188468
1188485
1188520
1188543
1188551
1188566
1188584
1188592
1188603
1188667
1188674
1188689
1188719
1188734
1188755
1188760
1188787
1188793
1188807
1188810
1188828
1188835
1188844
1188872
1188899
1188914
1188940
1188953
1188962
1188971
1188986
1188995
1189012
1189021
1189033
1189068
1189070
1189085
1189111
1189122
1189136
1189145
1189158
1189167
1189189
1189208
1189239
1189253
1189271
1189286
1189295
1189307
1189310
1189361
1189383
1189400
1189413
1189448
1189454
1189469
1189476
1189497
1189519
1189542
1189555
1189560
1189578
1189593
1189615
1189688
1189705
1189720
1189743
1189751
1189766
1189792
1189831
1189873
1189882
1189917
1189924
1189938
1189946
1189963
1189991
1190008
1190014
1190027
1190040
1190071
1190109
1190117
1190138
1190146
1190152
1190163
1190175
1190180
1190202
1190288
1190296
1190322
1190336
1190345
1190367
1190389
1190401
1190434
1190455
1190478
1190487
1190493
1190510
1190535
1190561
1190599
1190604
1190616
1190647
1190698
1190706
1190712
1190733
1190749
1190757
1190768
1190794
1190805
1190818
1190820
1190843
1190851
1190892
1190932
1190948
1190976
1190981
1191006
1191012
1191033
1191085
1191094
1191103
1191111
1191122
1191136
1191189
1191208
1191214
1191253
1191262
1191271
1191295
1191310
1191328
1191335
1191356
1191361
1191372
1191383
1191413
1191425
1191454
1191476
1191481
1191501
1191519
1191526
1191534
1191555
1191602
1191615
1191623
1191641
1191664
1191718
1191737
1191743
1191751
1191779
1191804
1191865
1191898
1191909
1191946
1191952
1191963
1191975
1192011
1192022
1192036
1192045
1192121
1192149
1192168
1192194
1192210
1192228
1192261
1192272
1192283
1192299
1192314
1192327
1192340
1192371
1192386
1192429
1192431
1192447
1192473
1192498
1192515
1192541
1192559
1192564
1192577
1192601
1192634
1192642
1192655
1192660
1192687
1192693
1192724
1192746
1192763
1192813
1192832
1192848
1192854
1192869
1192881
1192897
1192920
1192943
1192966
1192979
1192984
1193004
1193016
1193029
1193031
1193050
1193065
1193073
1193082
1193098
1193101
1193119
1193155
1193160
1193178
1193187
1193193
1193237
1193243
1193251
1193279
1193313
1193332
1193411
1193422
1193445
1193458
1193474
1193517
1193538
1193546
1193552
1193575
1193580
1193612
1193649
1193657
1193685
1193694
1193702
1193715
1193723
1193730
1193741
1193759
1193788
1193796
1193827
1193839
1193862
1193886
1193895
1193910
1193928
1193961
1193999
1194009
1194052
1194075
1194108
1194139
1194153
1194162
1194186
1194211
1194245
1194258
1194274
1194289
1194315
1194323
1194330
1194341
1194359
1194377
1194388
1194420
1194443
1194466
1194484
1194547
1194565
1194573
1194607
1194610
1194635
1194683
1194713
1194769
1194860
1194887
1194921
1194957
1194970
1194985
1195000
1195013
1195048
1195054
1195069
1195081
1195097
1195115
1195130
1195141
1195177
1195224
1195263
1195275
1195291
1195329
1195331
1195365
1195406
1195412
1195421
1195457
1195470
1195485
1195494
1195518
1195537
1195543
1195551
1195579
1195584
1195592
1195603
1195611
1195689
1195726
1195755
1195778
1195787
1195810
1195835
1195856
1195908
1195927
1195939
1196019
1196026
1196034
1196093
1196104
1196129
1196150
1196173
1196198
1196200
1196213
1196225
1196232
1196254
1196269
1196276
1196297
1196318
1196320
1196343
1196414
1196439
1196462
1196471
1196495
1196506
1196521
1196549
1196568
1196570
1196585
1196617
1196646
1196663
1196675
1196710
1196744
1196756
1196772
1196803
1196836
1196845
1196889
1196915
1196923
1196930
1196941
1196959
1196964
1196988
1197005
1197018
1197037
1197043
1197051
1197066
1197079
1197084
1197092
1197107
1197110
1197135
1197206
1197212
1197221
1197233
1197257
1197294
1197301
1197326
1197342
1197355
1197378
1197387
1197409
1197417
1197452
1197475
1197480
1197525
1197548
1197554
1197608
1197627
1197639
1197653
1197716
1197747
1197750
1197765
1197773
1197798
1197802
1197830
1197841
1197859
1197888
1197896
1197936
1197945
1197958
1197967
1197974
1197990
1198010
1198028
1198044
1198056
1198072
1198099
1198105
1198118
1198137
1198151
1198179
1198184
1198219
1198242
1198278
1198287
1198293
1198312
1198349
1198357
1198368
1198385
1198402
1198415
1198423
1198430
1198464
1198477
1198496
1198514
1198539
1198540
1198562
1198586
1198600
1198669
1198676
1198722
1198736
1198745
1198758
1198767
1198790
1198809
1198824
1198838
1198852
1198875
1198891
1198973
1199002
1199015
1199023
1199030
1199088
1199096
1199113
1199125
1199148
1199169
1199176
1199197
1199229
1199231
1199273
1199298
1199317
1199324
1199338
1199352
1199363
1199391
1199410
1199435
1199461
1199483
1199499
1199503
1199511
1199558
1199620
1199637
1199643
1199666
1199684
1199727
1199739
1199786
1199795
1199868
1199919
1199926
1199934
1199955
1199960
1199978
1199993
