1100222
1100364
1100628
1100797
1100842
1100878
1100957
1100968
1101238
1101505
1101742
1101828
1101856
1101940
1102041
1102618
1102987
1103105
1103137
1103143
1103255
1103278
1103540
1103632
1103767
1103789
1103904
1103947
1103965
1103998
1104053
1104296
1104303
1104336
1104616
1104837
1104932
1105145
1105227
1105240
1105328
1105882
1105980
1106018
1106020
1106233
1106257
1106268
1106360
1106424
1106671
1107165
1107225
1107269
1107366
1107624
1107959
1108004
1108016
1108065
1108155
1108376
1108467
1108489
1108788
1109106
1109133
1109256
1109763
1109832
1109869
1110104
1110147
1110165
1110198
1110384
1110453
1110495
1110902
1111219
1111370
1111441
1111477
1111697
1111736
1111817
1111824
1112005
1112319
1112409
1112750
1112782
1113108
1113153
1113315
1113531
1113628
1113732
1113834
1114243
1114376
1114524
1114575
1114649
1114657
1114944
1115197
1115216
1115522
1115620
1115643
1115692
1115812
1115926
1116040
1116117
1116264
1116296
1116528
1116572
1116837
1116851
1116925
1116948
1117003
1117106
1117235
1117261
1117752
1117937
1117966
1118006
1118111
1118432
1118952
1119025
1119603
1119611
1119734
1119927
1119953
1120004
1120119
1120397
1120575
1120853
1120944
1120961
1121064
1121132
1121265
1121298
1121324
1121618
1121684
1121960
1122130
1122177
1122252
1122350
1122494
1122856
1122927
1122939
1123021
1123094
1123111
1123696
1123718
1124087
1124232
1124568
1124570
1124663
1124728
1124735
1124988
1125357
1125415
1125527
1125632
1125931
1126149
1126228
1126340
1126465
1126502
1126619
1126655
1126897
1127117
1127296
1127629
1127866
1128258
1128396
1128437
1128573
1128628
1128842
1129135
1129233
1129334
1129491
1129525
1129639
1130006
1130136
1130189
1130239
1130240
1130425
1130534
1130542
1130924
1131051
1131172
1131206
1131355
1131424
1131569
1131627
1131704
1131731
1131782
1131888
1131945
1131989
1132312
1132539
1132722
1132824
1132891
1132931
1132965
1133181
1133231
1133380
1133435
1133461
1133620
1133727
1133870
1133955
1134074
1134207
1134235
1134308
1134619
1134634
1134738
1134813
1134876
1134937
1135466
1135479
1135531
1135565
1135683
1136054
1136130
1136217
1136331
1136406
1136449
1136689
1136835
1136844
1136861
1136995
1137237
1137313
1137546
1137694
1137862
1137895
1137928
1138026
1138173
1138182
1138462
1139117
1139180
1139419
1139535
1139770
1140072
1140201
1140306
1140539
1140654
1140676
1140703
1140790
1141074
1141170
1141362
1141371
1141523
1141596
1141678
1142049
1142174
1142208
1142328
1142469
1142519
1142623
1142688
1142737
1142938
1142946
1143076
1143081
1143238
1143252
1143263
1143280
1143566
1143701
1143778
1143835
1143872
1144037
1144079
1144334
1144475
1144686
1144695
1144815
1145142
1145160
1145193
1145266
1145292
1145591
1145808
1146125
1146317
1146558
1146589
1146692
1146727
1146762
1146795
1147075
1147114
1147289
1147330
1147451
1147547
1147656
1147834
1148175
1148241
1148264
1148345
1148442
1148843
1148981
1149182
1149453
1149594
1149663
1149735
1149756
1149811
1149845
1150054
1150123
1150164
1150217
1150224
1150291
1150331
1150347
1150468
1150494
1150690
1150701
1150787
1150828
1150908
1151093
1151198
1151297
1151320
1151343
1151384
1151512
1151549
1151570
1151609
1151744
1151756
1151772
1151783
1152101
1152178
1152193
1152422
1152467
1152670
1152702
1152715
1152895
1153003
1153362
1153642
1153775
1153897
1153918
1154023
1154059
1154204
1154363
1154380
1154407
1154428
1154590
1154978
1155311
1155460
1155757
1155770
1156743
1156804
1156909
1156991
1157166
1157321
1157357
1157711
1157973
1158233
1158334
1158378
1158438
1158475
1158480
1158525
1158554
1158581
1158704
1158798
1159341
1159420
1159437
1159443
1159565
1159628
1159700
1159826
1159887
1160074
1160121
1160450
1160482
1160530
1160693
1160854
1160905
1160943
1161024
1161139
1161364
1161466
1161635
1161748
1161834
1161855
1161957
1162008
1162040
1162259
1162374
1162401
1162434
1162510
1162572
1163087
1163150
1163305
1163337
1163351
1163486
1163707
1163874
1164085
1164103
1164158
1164383
1164534
1164615
1164705
1164816
1164991
1165161
1165199
1165206
1165233
1165378
1165452
1165554
1165640
1165765
1165903
1165911
1166073
1166155
1166178
1166187
1166218
1166237
1166300
1166445
1166633
1166694
1166715
1166827
1166839
1166862
1166910
1167217
1167347
1167689
1167690
1167701
1167835
1167861
1168030
1168088
1168231
1168273
1168461
1168522
1168771
1168786
1168821
1168926
1169028
1169201
1169255
1169514
1169562
1169931
1169947
1170059
1170309
1170407
1170885
1170919
1170942
1171008
1171163
1171367
1171401
1171426
1171583
1171682
1172267
1172290
1172359
1172610
1172672
1172700
1172855
1172957
1173092
1173233
1173424
1173446
1173500
1173581
1173597
1173782
1174188
1174280
1174291
1174457
1175001
1175116
1175131
1175173
1175232
1175351
1175414
1175439
1175453
1175462
1175471
1175652
1175744
1175761
1176105
1176179
1176595
1176838
1176875
1177068
1177122
1177189
1177214
1177469
1177476
1177578
1177688
1177696
1177804
1177882
1177924
1178228
1178235
1178429
1178482
1178738
1178800
1178832
1178918
1178966
1178984
1179031
1179101
1179119
1179178
1179300
1179332
1179397
1179445
1179509
1179702
1179928
1180161
1180257
1180301
1180446
1180639
1181082
1181134
1181243
1181332
1181796
1181935
1182078
1182129
1182131
1182165
1182225
1182337
1182453
1182691
1182744
1182822
1182867
1183086
1183095
1183117
1183146
1183264
1183296
1183997
1184099
1184441
1184540
1184600
1184875
1184916
1185003
1185011
1185272
1185314
1185404
1185482
1185541
1185626
1185709
1186091
1186186
1186236
1186388
1186443
1186516
1186921
1187216
1187363
1187605
1187666
1188115
1188164
1188449
1188520
1188689
1188755
1189033
1189068
1189111
1189286
1189448
1189519
1189555
1189593
1189743
1189751
1189766
1189924
1189946
1190027
1190109
1190152
1190288
1190455
1190768
1190851
1191103
1191253
1191310
1191413
1191664
1191865
1192149
1192634
1192687
1192693
1192854
1193073
1193313
1193332
1193649
1193715
1193730
1194186
1194211
1194323
1194359
1194377
1194388
1194420
1194921
1194985
1195130
1195177
1195421
1195457
1195927
1196019
1196198
1196439
1196521
1196570
1196915
1197037
1197043
1197212
1197257
1197417
1197480
1197525
1197608
1197627
1197765
1197990
1198151
1198179
1198464
1199197
1199317
1199363
1199499
1199727
1199739
1199795
1199926
