1103789
1105227
1105980
1106257
1106360
1108065
1108155
1109133
1110453
1111219
1112005
1113153
1113531
1115522
1115620
1115692
1116117
1116296
1117261
1119953
1120961
1122927
1123111
1126619
1128396
1130924
1131569
1131704
1131888
1133435
1135531
1136449
1136835
1136844
1137313
1139117
1140703
1140790
1141362
1143566
1144475
1146558
1146692
1148175
1150331
1151297
1151772
1151783
1152101
1152193
1152670
1154023
1154059
1155460
1155757
1157357
1158480
1158704
1159887
1160121
1161466
1162008
1162401
1163337
1164085
1164534
1165199
1165378
1166073
1166178
1166218
1168231
1168461
1168821
1169931
1170059
1171367
1172855
1173446
1175453
1175744
1176595
1176875
1177882
1178832
1178918
1178966
1178984
1180446
1182078
1182131
1183086
1183095
1183264
1185314
1186388
1188115
1188755
1189286
1190768
1190851
1191865
1194985
1196521
1197417
1197480
1198179
1199739
