4101272
4102555
4104107
4105205
4110330
4111778
4111940
4111962
4113464
4113947
4114086
4115094
4115111
4116686
4117150
4118606
4120507
4123489
4128514
4128965
4132013
4133413
4134486
4135028
4135137
4135459
4136067
4136596
4137053
4137117
4138127
4140069
4140726
4140962
4141165
4142082
4142657
4147929
4150642
4151323
4151855
4151878
4153453
4154356
4154372
4156284
4156313
4157115
4158077
4159817
4163713
4164871
4167763
4169291
4169667
4169734
4170873
4172118
4174362
4174596
4177065
4181599
4182437
4183199
4185001
4190525
4192269
4192811
4193487
4193528
4194947
4195036
4196769
4196968
4197338
4197833
4198365
4198494
4198505
