4101577
4102253
4102659
4103421
4104233
4104387
4104671
4104958
4105840
4105956
4107315
4107860
4108572
4108851
4110222
4110970
4111048
4112380
4112522
4112955
4113061
4114138
4114389
4115262
4115413
4115946
4116233
4117104
4118142
4118381
4118403
4118445
4118935
4119775
4120014
4120202
4120556
4120616
4120925
4121555
4122642
4124289
4124781
4125347
4126269
4127922
4128385
4129410
4129567
4130155
4130612
4130788
4131708
4132382
4132622
4132940
4133751
4134617
4134761
4134889
4135875
4136256
4136979
4137095
4137322
4138377
4138921
4139608
4139614
4140209
4140449
4140760
4141129
4142073
4143498
4143709
4144605
4145095
4146829
4148409
4148640
4148731
4148989
4149323
4149341
4150530
4150800
4150813
4150920
4151127
4151912
4152374
4152493
4152969
4153495
4153988
4153996
4154021
4154743
4155161
4155257
4156119
4157579
4158806
4161711
4162206
4162830
4162974
4163091
4163162
4163341
4163607
4164029
4164205
4166215
4166223
4166900
4166976
4168425
4168718
4169097
4169719
4170136
4170145
4170898
4171043
4173618
4173833
4173955
4174791
4175063
4175598
4177029
4177126
4178087
4178557
4178867
4178902
4180380
4180901
4181223
4182009
4182162
4182330
4182781
4182855
4186600
4188854
4188937
4189436
4189606
4189621
4189764
4191702
4191764
4192663
4193455
4194321
4194809
4195905
4196359
4197229
4197407
4197812
4197868
4198485
4198914
4199356
4199413
