5545914
5546506
5546710
5547092
5547249
5547773
5547903
5548385
5549317
5550218
5550348
5551148
5551410
5551762
5552734
5553094
5553425
5553641
5553991
5554756
5555333
5555586
5555669
5556429
5556523
5556881
5557706
5557768
5558024
5558108
5559342
5559782
5560335
5561729
5561731
5562488
5563795
5565957
5566667
5569322
5569358
5569604
5572285
5572627
5573388
5573855
5574580
5574685
5575483
5577168
5577465
5578271
5578602
5578847
5578952
5579658
5580420
5580970
5581159
5581164
5581468
5582113
5584478
5588796
5590118
5592751
5593141
5593159
5593520
5593939
5594424
5594554
5595220
5595606
5595715
5595764
5595956
5596216
5596795
5596894
5597080
5597776
5598434
5598616
5598785
5599060
5599297
5599512
