5500020
5500079
5500084
5500107
5500128
5500183
5500199
5500249
5500257
5500268
5500301
5500319
5500334
5500360
5500424
5500438
5500446
5500475
5500513
5500569
5500576
5500614
5500653
5500662
5500671
5500695
5500841
5500859
5500903
5500936
5500958
5500989
5501016
5501050
5501065
5501098
5501119
5501142
5501178
5501187
5501193
5501205
5501243
5501251
5501284
5501325
5501332
5501348
5501376
5501381
5501397
5501422
5501436
5501445
5501467
5501489
5501546
5501552
5501563
5501575
5501612
5501649
5501668
5501670
5501702
5501764
5501777
5501808
5501814
5501840
5501895
5501907
5501928
5501972
5502001
5502034
5502042
5502055
5502078
5502093
5502104
5502116
5502147
5502182
5502305
5502351
5502379
5502408
5502453
5502486
5502533
5502557
5502570
5502585
5502652
5502710
5502728
5502744
5502756
5502761
5502772
5502799
5502803
5502822
5502858
5502890
5502902
5502941
5502977
5502996
5503014
5503053
5503071
5503086
5503146
5503215
5503230
5503259
5503264
5503288
5503303
5503419
5503426
5503478
5503507
5503535
5503599
5503616
5503631
5503647
5503682
5503698
5503706
5503768
5503770
5503785
5503805
5503818
5503820
5503892
5503913
5503976
5504035
5504072
5504083
5504118
5504120
5504143
5504166
5504201
5504234
5504242
5504287
5504312
5504321
5504357
5504368
5504402
5504423
5504430
5504459
5504477
5504488
5504527
5504539
5504540
5504553
5504571
5504586
5504613
5504648
5504654
5504669
5504774
5504809
5504824
5504838
5504852
5504891
5504931
5504950
5505036
5505067
5505074
5505106
5505133
5505149
5505157
5505185
5505207
5505210
5505228
5505235
5505261
5505314
5505327
5505339
5505353
5505371
5505404
5505431
5505447
5505465
5505473
5505498
5505541
5505564
5505588
5505655
5505738
5505752
5505780
5505791
5505800
5505813
5505832
5505876
5505905
5505918
5505943
5506009
5506114
5506140
5506153
5506171
5506195
5506203
5506236
5506267
5506274
5506289
5506315
5506341
5506359
5506388
5506420
5506437
5506443
5506484
5506492
5506529
5506550
5506582
5506644
5506661
5506683
5506725
5506732
5506776
5506797
5506819
5506826
5506834
5506842
5506855
5506906
5506957
5506985
5507002
5507030
5507096
5507132
5507154
5507169
5507176
5507181
5507204
5507247
5507250
5507265
5507273
5507324
5507338
5507346
5507375
5507407
5507456
5507472
5507499
5507503
5507522
5507567
5507574
5507589
5507590
5507605
5507637
5507679
5507684
5507727
5507806
5507934
5507942
5507978
5507987
5507993
5508032
5508048
5508081
5508097
5508115
5508130
5508164
5508188
5508196
5508238
5508275
5508304
5508316
5508329
5508347
5508365
5508373
5508449
5508457
5508470
5508485
5508518
5508520
5508537
5508551
5508584
5508603
5508611
5508622
5508636
5508690
5508701
5508719
5508755
5508760
5508787
5508793
5508810
5508835
5508861
5508872
5508914
5508939
5508953
5508971
5508986
5508995
5509012
5509021
5509049
5509068
5509070
5509085
5509103
5509136
5509158
5509227
5509239
5509253
5509262
5509295
5509307
5509328
5509399
5509454
5509542
5509560
5509587
5509593
5509615
5509664
5509688
5509705
5509718
5509737
5509751
5509779
5509804
5509816
5509829
5509850
5509865
5509873
5509917
5509924
5509963
5509991
5510030
5510041
5510096
5510100
5510132
5510148
5510154
5510197
5510247
5510250
5510265
5510282
5510309
5510363
5510407
5510428
5510444
5510456
5510499
5510511
5510558
5510574
5510605
5510708
5510753
5510762
5510771
5510812
5510833
5510868
5510870
5510901
5510934
5510960
5510978
5510987
5511008
5511014
5511040
5511086
5511109
5511117
5511146
5511223
5511277
5511336
5511358
5511434
5511442
5511478
5511528
5511561
5511604
5511629
5511631
5511682
5511721
5511757
5511785
5511794
5511818
5511851
5511879
5511884
5511900
5511913
5511932
5511969
5512038
5512046
5512052
5512075
5512140
5512186
5512195
5512236
5512302
5512323
5512330
5512341
5512388
5512405
5512420
5512466
5512492
5512504
5512531
5512547
5512550
5512565
5512598
5512607
5512610
5512628
5512661
5512672
5512699
5512713
5512725
5512776
5512801
5512819
5512887
5512949
5512957
5512970
5512985
5513018
5513020
5513092
5513107
5513135
5513161
5513206
5513233
5513270
5513294
5513301
5513326
5513378
5513393
5513409
5513424
5513438
5513446
5513475
5513491
5513500
5513513
5513554
5513569
5513576
5513581
5513627
5513662
5513729
5513798
5513911
5513967
5514013
5514032
5514102
5514115
5514123
5514177
5514188
5514217
5514263
5514316
5514347
5514365
5514373
5514398
5514406
5514412
5514421
5514551
5514584
5514622
5514636
5514658
5514667
5514701
5514719
5514726
5514742
5514755
5514787
5514793
5514835
5514856
5514939
5514940
5514962
5514971
5514986
5514995
5515019
5515034
5515078
5515093
5515165
5515182
5515276
5515297
5515305
5515318
5515343
5515351
5515379
5515414
5515439
5515453
5515462
5515495
5515506
5515512
5515521
5515533
5515557
5515594
5515609
5515617
5515624
5515680
5515728
5515756
5515783
5515811
5515836
5515858
5515867
5515874
5515889
5515890
5515923
5515964
5515977
5516035
5516044
5516061
5516083
5516118
5516120
5516166
5516192
5516201
5516226
5516242
5516255
5516260
5516278
5516293
5516321
5516423
5516430
5516441
5516488
5516527
5516553
5516571
5516600
5516613
5516632
5516648
5516745
5516767
5516789
5516916
5516931
5516947
5516965
5516973
5516982
5517006
5517021
5517049
5517068
5517103
5517158
5517190
5517208
5517271
5517295
5517335
5517344
5517399
5517454
5517476
5517497
5517526
5517542
5517560
5517587
5517602
5517630
5517664
5517677
5517696
5517720
5517743
5517751
5517779
5517784
5517847
5517850
5517882
5517898
5517952
5517963
5517980
5517991
5518022
5518058
5518067
5518106
5518207
5518235
5518256
5518283
5518340
5518371
5518404
5518416
5518429
5518431
5518473
5518515
5518564
5518596
5518601
5518626
5518634
5518642
5518655
5518660
5518687
5518709
5518780
5518791
5518813
5518825
5518876
5518881
5518897
5518905
5518918
5518920
5518943
5519029
5519047
5519050
5519065
5519126
5519142
5519155
5519160
5519178
5519187
5519266
5519284
5519300
5519313
5519422
5519467
5519490
5519524
5519546
5519575
5519621
5519741
5519814
5519839
5519871
5519910
5519928
5519935
5519999
5520013
5520032
5520048
5520054
5520097
5520115
5520177
5520196
5520252
5520291
5520304
5520350
5520365
5520373
5520382
5520421
5520433
5520468
5520470
5520494
5520518
5520566
5520611
5520622
5520636
5520667
5520701
5520734
5520742
5520760
5520793
5520810
5520828
5520844
5520856
5520883
5520908
5520927
5520953
5520971
5521019
5521034
5521055
5521078
5521093
5521129
5521165
5521182
5521198
5521200
5521248
5521254
5521408
5521439
5521453
5521486
5521521
5521594
5521638
5521646
5521663
5521675
5521680
5521707
5521735
5521744
5521756
5521761
5521783
5521811
5521836
5521845
5521867
5521874
5521889
5521923
5521930
5521941
5522029
5522047
5522073
5522098
5522126
5522178
5522187
5522218
5522292
5522332
5522376
5522381
5522411
5522467
5522474
5522517
5522552
5522575
5522580
5522633
5522649
5522657
5522670
5522685
5522715
5522730
5522759
5522788
5522839
5522862
5522871
5522910
5522944
5522956
5522972
5522983
5522999
5523011
5523067
5523089
5523090
5523106
5523121
5523133
5523149
5523168
5523185
5523194
5523207
5523308
5523314
5523371
5523431
5523447
5523450
5523473
5523498
5523502
5523559
5523577
5523588
5523634
5523660
5523678
5523693
5523724
5523738
5523780
5523800
5523813
5523832
5523854
5523876
5523881
5523905
5523943
5523951
5523984
5523992
5524015
5524077
5524088
5524096
5524100
5524148
5524154
5524181
5524247
5524265
5524324
5524338
5524363
5524375
5524380
5524428
5524444
5524503
5524536
5524574
5524618
5524620
5524643
5524679
5524684
5524771
5524786
5524795
5524806
5524812
5524868
5524870
5524894
5524901
5524934
5525008
5525071
5525095
5525163
5525180
5525191
5525202
5525215
5525264
5525277
5525322
5525336
5525345
5525358
5525367
5525390
5525419
5525460
5525507
5525535
5525544
5525556
5525561
5525572
5525616
5525631
5525665
5525673
5525682
5525698
5525712
5525749
5525785
5525805
5525818
5525843
5525866
5525892
5525900
5525969
5526012
5526033
5526057
5526068
5526070
5526094
5526122
5526136
5526174
5526189
5526227
5526239
5526286
5526328
5526335
5526344
5526356
5526361
5526400
5526448
5526534
5526542
5526555
5526560
5526623
5526630
5526641
5526677
5526688
5526705
5526718
5526737
5526766
5526779
5526784
5526829
5526831
5526850
5526898
5526952
5526980
5527007
5527035
5527056
5527105
5527143
5527179
5527234
5527278
5527287
5527293
5527357
5527385
5527402
5527430
5527459
5527464
5527539
5527540
5527586
5527681
5527697
5527703
5527711
5527767
5527838
5527929
5527998
5528018
5528020
5528043
5528079
5528128
5528144
5528156
5528183
5528268
5528270
5528285
5528301
5528342
5528355
5528378
5528387
5528393
5528446
5528480
5528491
5528513
5528532
5528581
5528597
5528614
5528639
5528653
5528716
5528729
5528765
5528782
5528798
5528823
5528830
5528864
5528903
5528911
5528922
5528945
5529017
5529038
5529052
5529153
5529162
5529203
5529211
5529245
5529315
5529323
5529341
5529359
5529364
5529388
5529396
5529418
5529466
5529644
5529661
5529672
5529713
5529834
5529855
5529878
5529893
5529906
5529912
5529921
5529949
5529957
5529968
5529970
5530022
5530074
5530106
5530112
5530149
5530157
5530170
5530210
5530235
5530272
5530283
5530327
5530371
5530404
5530416
5530447
5530465
5530482
5530498
5530523
5530530
5530564
5530577
5530626
5530634
5530655
5530660
5530678
5530693
5530752
5530775
5530791
5530813
5530897
5530918
5530937
5530943
5530984
5531017
5531024
5531052
5531139
5531153
5531171
5531186
5531203
5531222
5531245
5531267
5531302
5531364
5531418
5531451
5531466
5531479
5531484
5531529
5531565
5531573
5531598
5531607
5531610
5531700
5531732
5531748
5531834
5531887
5531912
5531933
5532040
5532086
5532095
5532163
5532259
5532264
5532277
5532288
5532345
5532367
5532374
5532426
5532442
5532460
5532493
5532507
5532535
5532544
5532556
5532583
5532599
5532629
5532647
5532650
5532665
5532673
5532698
5532721
5532768
5532770
5532785
5532837
5532851
5532866
5532884
5532932
5532976
5533026
5533055
5533078
5533093
5533104
5533147
5533173
5533182
5533232
5533248
5533269
5533297
5533318
5533337
5533351
5533392
5533408
5533427
5533471
5533521
5533568
5533570
5533585
5533617
5533624
5533638
5533652
5533680
5533710
5533756
5533772
5533783
5533845
5533874
5533889
5533902
5533915
5533964
5533988
5533996
5534006
5534033
5534085
5534094
5534111
5534145
5534189
5534190
5534239
5534295
5534307
5534310
5534372
5534400
5534413
5534448
5534481
5534497
5534534
5534593
5534688
5534705
5534720
5534766
5534829
5534831
5534847
5534850
5534882
5534898
5534917
5534946
5534952
5535018
5535020
5535043
5535079
5535084
5535144
5535161
5535172
5535199
5535249
5535270
5535285
5535294
5535326
5535334
5535355
5535491
5535500
5535554
5535576
5535608
5535639
5535662
5535671
5535686
5535716
5535823
5535859
5535888
5535922
5535958
5535990
5536031
5536050
5536065
5536073
5536101
5536142
5536218
5536220
5536237
5536284
5536325
5536348
5536369
5536376
5536411
5536436
5536445
5536509
5536538
5536612
5536649
5536657
5536668
5536685
5536715
5536723
5536741
5536764
5536796
5536808
5536814
5536853
5536862
5536886
5536907
5536935
5536944
5536956
5536961
5536983
5537000
5537032
5537048
5537081
5537102
5537115
5537141
5537164
5537209
5537252
5537263
5537280
5537329
5537350
5537365
5537382
5537412
5537433
5537520
5537537
5537551
5537566
5537584
5537592
5537603
5537622
5537636
5537667
5537734
5537755
5537760
5537807
5537810
5537856
5537861
5537883
5537914
5537927
5537940
5537953
5538015
5538030
5538077
5538096
5538132
5538176
5538216
5538229
5538247
5538273
5538298
5538346
5538363
5538435
5538456
5538503
5538511
5538522
5538558
5538567
5538574
5538590
5538643
5538714
5538795
5538812
5538849
5538857
5538870
5538885
5538901
5538942
5538955
5538978
5538993
5539007
5539010
5539028
5539105
5539118
5539120
5539151
5539166
5539179
5539192
5539226
5539278
5539293
5539312
5539321
5539333
5539349
5539357
5539370
5539385
5539430
5539441
5539527
5539539
5539540
5539562
5539613
5539654
5539669
5539676
5539681
5539711
5539722
5539736
5539758
5539774
5539809
5539824
5539852
5539863
5539904
5539916
5539929
5539982
5539998
5540008
5540014
5540040
5540053
5540086
5540117
5540146
5540163
5540175
5540180
5540223
5540241
5540277
5540367
5540389
5540390
5540478
5540510
5540535
5540556
5540604
5540616
5540629
5540682
5540721
5540757
5540837
5540879
5540913
5540925
5540948
5540969
5540976
5541006
5541021
5541033
5541049
5541057
5541068
5541136
5541174
5541227
5541253
5541262
5541307
5541335
5541356
5541383
5541400
5541481
5541501
5541519
5541526
5541542
5541602
5541659
5541664
5541696
5541705
5541743
5541784
5541804
5541816
5541847
5541938
5541946
5541991
5542003
5542022
5542058
5542067
5542090
5542133
5542149
5542157
5542168
5542170
5542194
5542228
5542235
5542327
5542340
5542416
5542429
5542431
5542515
5542530
5542564
5542577
5542596
5542642
5542655
5542693
5542709
5542717
5542724
5542763
5542780
5542791
5542800
5542813
5542848
5542869
5542876
5542897
5542918
5542966
5542984
5543029
5543065
5543142
5543187
5543218
5543237
5543279
5543354
5543376
5543381
5543397
5543411
5543445
5543458
5543474
5543490
5543538
5543633
5543649
5543670
5543702
5543715
5543723
5543741
5543764
5543827
5543862
5543895
5543935
5543956
5543983
5544017
5544024
5544046
5544063
5544091
5544114
5544127
5544203
5544274
5544330
5544341
5544377
5544405
5544420
5544437
5544443
5544451
5544479
5544492
5544516
5544598
5544628
5544700
5544748
5544754
5544797
5544842
5544855
5544860
5544912
5544933
5544957
5544968
5544970
5544985
5544994
5545025
5545076
5545081
5545097
5545102
5545164
5545177
5545188
5545209
5545263
5545291
5545382
5545406
5545449
5545468
5545470
5545494
5545551
5545622
5545645
5545658
5545667
5545701
5545755
5545760
5545793
5545856
5545861
5545872
5545883
5545908
5545927
5545940
5546034
5546042
5546060
5546078
5546087
5546093
5546150
5546198
5546248
5546254
5546269
5546343
5546471
5546533
5546570
5546646
5546663
5546675
5546680
5546728
5546799
5546811
5546822
5546845
5546874
5546889
5546890
5546923
5546941
5546959
5546964
5547018
5547020
5547037
5547043
5547051
5547066
5547135
5547156
5547199
5547212
5547221
5547268
5547285
5547319
5547326
5547334
5547342
5547360
5547378
5547452
5547463
5547475
5547500
5547525
5547532
5547554
5547569
5547639
5547640
5547653
5547671
5547695
5547704
5547747
5547798
5547802
5547823
5547830
5547877
5547974
5548010
5548056
5548083
5548105
5548120
5548226
5548234
5548242
5548260
5548321
5548368
5548441
5548459
5548496
5548508
5548539
5548553
5548562
5548613
5548654
5548669
5548722
5548758
5548767
5548809
5548817
5548852
5548880
5548891
5548904
5548947
5548965
5548973
5548982
5548998
5549002
5549015
5549064
5549077
5549100
5549125
5549148
5549169
5549181
5549197
5549204
5549250
5549282
5549338
5549375
5549380
5549435
5549503
5549522
5549536
5549545
5549567
5549643
5549666
5549684
5549692
5549771
5549806
5549812
5549821
5549857
5549885
5549919
5549942
5550004
5550016
5550029
5550031
5550047
5550119
5550155
5550187
5550193
5550205
5550243
5550251
5550279
5550292
5550300
5550313
5550332
5550411
5550422
5550445
5550467
5550474
5550517
5550546
5550657
5550668
5550685
5550702
5550777
5550814
5550839
5550862
5550956
5550983
5550999
5551002
5551015
5551096
5551176
5551181
5551197
5551204
5551216
5551231
5551273
5551380
5551435
5551461
5551472
5551511
5551522
5551536
5551545
5551589
5551643
5551651
5551679
5551714
5551739
5551740
5551753
5551771
5551795
5551806
5551849
5551868
5551901
5551955
5551960
5551987
5552048
5552076
5552097
5552102
5552123
5552188
5552263
5552365
5552421
5552433
5552449
5552468
5552485
5552494
5552518
5552537
5552584
5552603
5552622
5552636
5552719
5552742
5552760
5552810
5552828
5552861
5552872
5552908
5552927
5552940
5553006
5553012
5553021
5553033
5553049
5553103
5553111
5553136
5553167
5553190
5553239
5553253
5553286
5553328
5553372
5553413
5553432
5553454
5553497
5553501
5553542
5553630
5553659
5553677
5553696
5553718
5553751
5553779
5553792
5553816
5553850
5553898
5553952
5554001
5554034
5554060
5554087
5554093
5554165
5554173
5554198
5554200
5554248
5554254
5554276
5554281
5554297
5554305
5554318
5554351
5554366
5554384
5554392
5554462
5554471
5554506
5554521
5554557
5554585
5554594
5554609
5554617
5554652
5554675
5554691
5554735
5554744
5554799
5554822
5554836
5554867
5554902
5554941
5554988
5555007
5555010
5555028
5555044
5555072
5555151
5555166
5555184
5555234
5555306
5555321
5555357
5555370
5555394
5555488
5555496
5555508
5555625
5555648
5555654
5555681
5555697
5555722
5555736
5555745
5555758
5555774
5555817
5555838
5555852
5555880
5555904
5555929
5555950
5555982
5555998
5556011
5556036
5556045
5556058
5556089
5556194
5556207
5556210
5556416
5556447
5556482
5556498
5556502
5556577
5556642
5556717
5556724
5556738
5556775
5556800
5556813
5556848
5556937
5556951
5556992
5557027
5557071
5557109
5557138
5557202
5557230
5557296
5557303
5557311
5557322
5557401
5557419
5557442
5557478
5557493
5557507
5557510
5557528
5557556
5557583
5557629
5557647
5557665
5557712
5557757
5557770
5557785
5557805
5557820
5557837
5557866
5557900
5557976
5557997
5558017
5558052
5558063
5558075
5558127
5558153
5558186
5558236
5558302
5558323
5558341
5558405
5558437
5558443
5558479
5558516
5558529
5558573
5558582
5558607
5558628
5558644
5558656
5558700
5558713
5558732
5558769
5558781
5558801
5558819
5558878
5558887
5558906
5558968
5558985
5559051
5559066
5559092
5559110
5559128
5559144
5559156
5559161
5559206
5559233
5559294
5559301
5559326
5559334
5559355
5559360
5559393
5559424
5559446
5559452
5559475
5559480
5559554
5559597
5559627
5559653
5559662
5559695
5559750
5559841
5559903
5559936
5559958
5559967
5559989
5560070
5560085
5560103
5560122
5560158
5560189
5560190
5560227
5560240
5560271
5560383
5560454
5560481
5560497
5560501
5560526
5560555
5560578
5560593
5560602
5560677
5560688
5560696
5560720
5560804
5560873
5560898
5560909
5560963
5560975
5560980
5561018
5561037
5561066
5561079
5561107
5561110
5561144
5561233
5561268
5561285
5561294
5561319
5561326
5561334
5561532
5561548
5561554
5561569
5561581
5561608
5561653
5561686
5561695
5561747
5561750
5561823
5561864
5561903
5561911
5561936
5561974
5561990
5562007
5562010
5562061
5562072
5562105
5562118
5562120
5562137
5562151
5562166
5562184
5562201
5562219
5562242
5562287
5562333
5562370
5562385
5562402
5562415
5562430
5562441
5562464
5562527
5562562
5562571
5562613
5562625
5562697
5562722
5562736
5562745
5562758
5562774
5562817
5562846
5562852
5562863
5562982
5563030
5563041
5563113
5563125
5563132
5563176
5563181
5563197
5563204
5563282
5563298
5563338
5563363
5563380
5563391
5563444
5563472
5563483
5563503
5563536
5563567
5563620
5563666
5563679
5563708
5563714
5563739
5563806
5563833
5563849
5563870
5563885
5564011
5564036
5564058
5564067
5564089
5564090
5564106
5564121
5564256
5564261
5564340
5564371
5564404
5564416
5564450
5564465
5564498
5564515
5564523
5564559
5564577
5564588
5564601
5564634
5564660
5564678
5564687
5564693
5564717
5564738
5564752
5564763
5564780
5564813
5564848
5564869
5564876
5564918
5564937
5564943
5564966
5565017
5565038
5565046
5565063
5565091
5565140
5565153
5565171
5565186
5565203
5565222
5565302
5565323
5565377
5565388
5565405
5565418
5565420
5565437
5565466
5565484
5565516
5565529
5565598
5565607
5565610
5565628
5565732
5565748
5565776
5565801
5565819
5565826
5565842
5565855
5565887
5565912
5565970
5565985
5566081
5566115
5566188
5566196
5566209
5566275
5566280
5566304
5566316
5566329
5566331
5566347
5566382
5566406
5566412
5566421
5566433
5566449
5566457
5566520
5566537
5566579
5566611
5566645
5566658
5566701
5566787
5566793
5566828
5566861
5566899
5566914
5566927
5566953
5566962
5567004
5567029
5567031
5567065
5567073
5567082
5567098
5567126
5567178
5567193
5567237
5567243
5567251
5567332
5567354
5567376
5567403
5567411
5567422
5567458
5567517
5567552
5567580
5567649
5567685
5567694
5567702
5567715
5567730
5567759
5567777
5567827
5567862
5567928
5567944
5567972
5567983
5567999
5568019
5568093
5568165
5568173
5568232
5568248
5568269
5568276
5568305
5568320
5568379
5568392
5568414
5568427
5568439
5568453
5568495
5568557
5568568
5568570
5568585
5568594
5568663
5568680
5568691
5568707
5568710
5568783
5568822
5568858
5568867
5568915
5568923
5568941
5568988
5569039
5569062
5569086
5569117
5569180
5569202
5569215
5569230
5569264
5569288
5569296
5569311
5569374
5569389
5569401
5569460
5569507
5569544
5569572
5569583
5569650
5569673
5569682
5569733
5569757
5569818
5569837
5569843
5569866
5569925
5569954
5569969
5569981
5570019
5570042
5570060
5570104
5570116
5570129
5570131
5570147
5570165
5570182
5570198
5570213
5570225
5570254
5570408
5570462
5570471
5570486
5570495
5570512
5570521
5570549
5570617
5570691
5570728
5570756
5570772
5570783
5570845
5570874
5570890
5570923
5570941
5570964
5570977
5571072
5571083
5571099
5571105
5571118
5571120
5571143
5571151
5571192
5571201
5571219
5571226
5571242
5571255
5571260
5571278
5571287
5571306
5571349
5571357
5571368
5571415
5571423
5571430
5571459
5571477
5571488
5571540
5571571
5571648
5571676
5571681
5571697
5571736
5571745
5571767
5571809
5571875
5571880
5571891
5571904
5571929
5571947
5571973
5572005
5572037
5572110
5572135
5572156
5572183
5572206
5572233
5572301
5572342
5572355
5572387
5572417
5572424
5572446
5572491
5572500
5572554
5572569
5572581
5572614
5572662
5572686
5572695
5572704
5572729
5572765
5572782
5572815
5572830
5572841
5572877
5572888
5572903
5572911
5572922
5572945
5573009
5573063
5573075
5573186
5573195
5573203
5573211
5573236
5573245
5573258
5573267
5573274
5573302
5573341
5573396
5573420
5573437
5573443
5573451
5573484
5573492
5573504
5573531
5573582
5573610
5573635
5573644
5573656
5573661
5573672
5573683
5573732
5573754
5573776
5573860
5573878
5573912
5573957
5573970
5574029
5574047
5574050
5574065
5574101
5574126
5574134
5574155
5574193
5574251
5574279
5574292
5574300
5574313
5574332
5574369
5574422
5574591
5574606
5574621
5574649
5574657
5574668
5574702
5574715
5574759
5574764
5574840
5574886
5574895
5574935
5574944
5574961
5575023
5575041
5575064
5575100
5575132
5575148
5575169
5575176
5575181
5575265
5575309
5575317
5575338
5575352
5575391
5575428
5575435
5575444
5575503
5575511
5575522
5575536
5575567
5575589
5575620
5575637
5575692
5575753
5575771
5575786
5575857
5575955
5575960
5576008
5576039
5576062
5576117
5576138
5576180
5576202
5576223
5576230
5576259
5576264
5576288
5576296
5576322
5576336
5576374
5576390
5576434
5576487
5576510
5576535
5576599
5576629
5576647
5576650
5576673
5576698
5576706
5576757
5576785
5576794
5576805
5576820
5576866
5576879
5576884
5576913
5576954
5576976
5576997
5577022
5577058
5577074
5577112
5577185
5577194
5577235
5577256
5577314
5577327
5577339
5577340
5577371
5577395
5577416
5577502
5577523
5577577
5577619
5577655
5577717
5577738
5577746
5577752
5577763
5577791
5577813
5577832
5577848
5577854
5577869
5577876
5577881
5577918
5577951
5577979
5577984
5577992
5578012
5578021
5578033
5578068
5578085
5578094
5578103
5578122
5578167
5578189
5578190
5578214
5578239
5578295
5578310
5578328
5578356
5578454
5578469
5578497
5578501
5578534
5578560
5578593
5578664
5578677
5578705
5578718
5578737
5578751
5578766
5578779
5578784
5578792
5578804
5578829
5578850
5578865
5578909
5578938
5578980
5579032
5579081
5579097
5579102
5579123
5579209
5579246
5579263
5579291
5579316
5579329
5579331
5579365
5579373
5579412
5579433
5579449
5579457
5579470
5579485
5579518
5579537
5579579
5579592
5579603
5579611
5579690
5579726
5579742
5579778
5579787
5579807
5579810
5579828
5579835
5579883
5579899
5579986
5580009
5580038
5580046
5580052
5580075
5580091
5580114
5580127
5580171
5580186
5580195
5580203
5580211
5580222
5580236
5580258
5580274
5580289
5580315
5580364
5580388
5580443
5580451
5580529
5580547
5580550
5580565
5580582
5580598
5580635
5580644
5580661
5580699
5580725
5580732
5580801
5580826
5580855
5580860
5580878
5580985
5581013
5581025
5581032
5581048
5581054
5581102
5581123
5581130
5581196
5581238
5581280
5581291
5581329
5581331
5581347
5581373
5581382
5581406
5581421
5581433
5581470
5581494
5581520
5581566
5581584
5581592
5581611
5581622
5581689
5581719
5581734
5581755
5581793
5581807
5581844
5581861
5581883
5581899
5581927
5581939
5581953
5581971
5581986
5582002
5582023
5582088
5582096
5582148
5582154
5582229
5582265
5582273
5582282
5582309
5582338
5582407
5582428
5582456
5582461
5582499
5582558
5582574
5582618
5582637
5582651
5582679
5582684
5582692
5582708
5582727
5582739
5582857
5582868
5582885
5582926
5582960
5582978
5582987
5583028
5583035
5583072
5583099
5583105
5583118
5583179
5583184
5583192
5583201
5583219
5583260
5583278
5583312
5583333
5583349
5583357
5583385
5583496
5583508
5583527
5583540
5583562
5583571
5583648
5583654
5583676
5583697
5583722
5583758
5583846
5583852
5583880
5583904
5583929
5583931
5584039
5584138
5584146
5584152
5584180
5584223
5584230
5584259
5584288
5584311
5584322
5584336
5584358
5584419
5584434
5584442
5584455
5584460
5584535
5584556
5584583
5584616
5584629
5584631
5584682
5584712
5584721
5584733
5584820
5584837
5584843
5584866
5584884
5584892
5584932
5584954
5584981
5584997
5585068
5585085
5585094
5585103
5585122
5585145
5585189
5585208
5585239
5585240
5585253
5585262
5585295
5585310
5585328
5585425
5585432
5585481
5585497
5585542
5585555
5585560
5585578
5585593
5585602
5585718
5585720
5585804
5585831
5585865
5585873
5585909
5585938
5585963
5585991
5586005
5586020
5586037
5586043
5586066
5586079
5586107
5586110
5586135
5586156
5586172
5586199
5586212
5586257
5586270
5586319
5586326
5586342
5586360
5586378
5586409
5586463
5586525
5586569
5586614
5586653
5586671
5586686
5586704
5586716
5586731
5586765
5586773
5586815
5586830
5586841
5586888
5586903
5586936
5586945
5586967
5586990
5587034
5587055
5587116
5587129
5587131
5587173
5587198
5587213
5587254
5587297
5587320
5587366
5587384
5587427
5587439
5587486
5587506
5587512
5587549
5587585
5587646
5587652
5587707
5587710
5587728
5587735
5587744
5587761
5587799
5587836
5587889
5587890
5587959
5587996
5588047
5588065
5588073
5588082
5588101
5588119
5588134
5588160
5588187
5588193
5588218
5588220
5588243
5588251
5588284
5588325
5588369
5588381
5588397
5588403
5588436
5588445
5588467
5588489
5588490
5588517
5588546
5588606
5588621
5588670
5588694
5588715
5588741
5588788
5588814
5588853
5588862
5588907
5588972
5589011
5589112
5589133
5589149
5589170
5589194
5589207
5589210
5589235
5589261
5589308
5589314
5589327
5589395
5589431
5589447
5589473
5589482
5589498
5589541
5589564
5589596
5589601
5589626
5589655
5589678
5589687
5589717
5589746
5589848
5589905
5589920
5589937
5589943
5589992
5590007
5590035
5590056
5590083
5590166
5590184
5590192
5590201
5590219
5590226
5590242
5590278
5590306
5590312
5590368
5590441
5590459
5590488
5590514
5590553
5590625
5590632
5590676
5590697
5590703
5590745
5590767
5590817
5590838
5590846
5590863
5590929
5590982
5590998
5591090
5591112
5591121
5591157
5591170
5591194
5591210
5591256
5591261
5591272
5591327
5591340
5591362
5591395
5591431
5591482
5591498
5591577
5591588
5591626
5591655
5591660
5591693
5591724
5591752
5591791
5591848
5591876
5591897
5591937
5591951
5592033
5592049
5592070
5592094
5592103
5592122
5592136
5592145
5592189
5592208
5592214
5592240
5592253
5592286
5592310
5592335
5592344
5592356
5592399
5592413
5592425
5592448
5592469
5592497
5592526
5592534
5592623
5592630
5592659
5592664
5592677
5592688
5592696
5592737
5592779
5592829
5592831
5592873
5592898
5592909
5592938
5592946
5592952
5592963
5592980
5593000
5593025
5593076
5593097
5593115
5593130
5593164
5593177
5593238
5593252
5593263
5593275
5593291
5593304
5593316
5593331
5593373
5593382
5593421
5593433
5593449
5593457
5593468
5593470
5593505
5593537
5593543
5593579
5593611
5593636
5593658
5593674
5593690
5593701
5593726
5593734
5593755
5593778
5593787
5593810
5593835
5593844
5593861
5593872
5593914
5593953
5594005
5594020
5594043
5594079
5594084
5594107
5594128
5594144
5594156
5594206
5594212
5594221
5594233
5594342
5594355
5594360
5594378
5594409
5594417
5594446
5594463
5594491
5594569
5594608
5594671
5594716
5594747
5594750
5594765
5594782
5594798
5594841
5594864
5594888
5594936
5594945
5594958
5595004
5595047
5595082
5595101
5595142
5595155
5595237
5595251
5595292
5595300
5595313
5595381
5595397
5595403
5595411
5595524
5595538
5595546
5595668
5595670
5595694
5595723
5595741
5595788
5595814
5595827
5595840
5595862
5595910
5595935
5595983
5595999
5596015
5596041
5596077
5596088
5596100
5596148
5596176
5596231
5596273
5596324
5596338
5596346
5596363
5596380
5596391
5596444
5596456
5596461
5596472
5596499
5596503
5596618
5596692
5596708
5596762
5596771
5596821
5596833
5596849
5596868
5596885
5596919
5596926
5596942
5596955
5596960
5596987
5596993
5597009
5597024
5597046
5597075
5597091
5597114
5597195
5597211
5597222
5597302
5597315
5597341
5597359
5597420
5597479
5597484
5597492
5597504
5597550
5597573
5597582
5597598
5597607
5597628
5597644
5597656
5597661
5597672
5597732
5597748
5597754
5597781
5597855
5597860
5597887
5597893
5597912
5597933
5597957
5598008
5598095
5598138
5598146
5598163
5598191
5598202
5598215
5598303
5598336
5598345
5598358
5598367
5598390
5598401
5598426
5598455
5598604
5598629
5598650
5598665
5598673
5598706
5598733
5598794
5598805
5598820
5598866
5598913
5598925
5598954
5599001
5599019
5599026
5599055
5599087
5599116
5599150
5599173
5599182
5599254
5599276
5599305
5599320
5599343
5599379
5599408
5599427
5599439
5599486
5599495
5599506
5599521
5599617
5599646
5599680
5599707
5599803
5599811
5599836
5599858
5599874
5599890
5599930
5599964
