5501029
5501047
5501237
5501862
5502269
5502440
5502691
5502707
5503117
5503202
5503345
5503358
5504333
5504875
5505058
5505089
5505395
5505515
5505775
5505920
5506139
5507077
5507282
5507762
5507795
5508177
5508406
5509033
5509335
5509784
5510059
5510346
5510806
5510894
5511202
5511892
5512017
5512091
5512529
5512573
5512700
5512826
5513765
5513830
5513877
5514054
5514433
5514494
5514566
5515772
5515803
5516143
5516385
5517012
5517356
5518074
5518149
5518308
5518717
5518951
5518984
5519220
5519633
5519764
5520263
5520603
5520689
5521060
5521318
5521570
5521710
5521988
5522668
5522907
5523327
5524113
5524229
5524250
5525086
5526469
5526924
5527010
5527477
5527600
5527654
5527736
5527809
5527916
5528896
5528974
5529565
5529635
5530228
5530588
5530848
5531550
5532175
5532180
5532733
5533453
5533707
5534012
5534021
5534873
5534980
5535342
5535704
5535945
5535974
5536193
5536266
5536354
5536928
5537347
5537485
5537518
5537611
5538088
5538309
5538352
5538407
5538620
5538868
5540311
5540322
5540805
5540981
5541111
5541372
5541448
5541534
5541718
5542523
5542920
5543155
5543759
5545130
5545734
5545787
5546104
5546761
5546836
5549273
5550575
5551247
5551317
5552246
5552350
5553094
5553295
5553425
5553688
5554232
5555293
5555385
5556854
5557981
5558267
5559548
5559830
5560239
5561731
5562488
5563216
5563511
5564210
5564272
5565080
5565108
5566159
5567474
5568761
5569322
5569913
5570646
5571711
5574160
5575618
5576191
5576682
5576749
5577244
5581412
5581645
5582771
5583056
5583143
5583394
5583539
5583703
5584086
5584390
5586294
5587104
5587248
5588411
5589918
5590293
5590370
5590540
5592476
5594037
5595193
5595839
5596894
5597080
5597776
5597949
5598014
5598434
5598616
5598757
5598768
5598785
5599060
5599297
5599512
5599624
5599675
