4300431
4300465
4300530
4300660
4300869
4301162
4301290
4301377
4301466
4301479
4301699
4301797
4301912
4302039
4302442
4302487
4302698
4302913
4303129
4303320
4303440
4303568
4303585
4303624
4303728
4303996
4304057
4304310
4304361
4304383
4304737
4304865
4305161
4305268
4305452
4305576
4305639
4305653
4305716
4305750
4305798
4306004
4306101
4306134
4306381
4306411
4306649
4306956
4306999
4307224
4307719
4307742
4307828
4308088
4308309
4308511
4308558
4308637
4308714
4308762
4309028
4309278
4309415
4309562
4309571
4309774
4309931
4309965
4310123
4310304
4310592
4310689
4310828
4310861
4310995
4311512
4311521
4311675
4311728
4311735
4311799
4311803
4311845
4311889
4312354
4312411
4312458
4312621
4312777
4312944
4313090
4313235
4313272
4313283
4313523
4313619
4313832
4313848
4313951
4313966
4314154
4314324
4314352
4314407
4314740
4314960
4315109
4315288
4315311
4315390
4315434
4315572
4315616
4315721
4315843
4315892
4315954
4316239
4316253
4316372
4316481
4317120
4317312
4317321
4317402
4317625
4317711
4317736
4317846
4317916
4318199
4318301
4318569
4318576
4318798
4318859
4318877
4319140
4319437
4319565
4319598
4319628
4320181
4320620
4320894
4320901
4320978
4321086
4321223
4321389
4321647
4321733
4321749
4321785
4322114
4322162
4322607
4323066
4323301
4323532
4324123
4324130
4324159
4324246
4324263
4324719
4325055
4325104
4325129
4325213
4325281
4325427
4325512
4325811
4326287
4326312
4326441
4326514
4326681
4326817
4326904
4326931
4327383
4327399
4327476
4327481
4327623
4327641
4327831
4327882
4328090
4328207
4328256
4328339
4328371
4328395
4328429
4328530
4328724
4328854
4328984
4329050
4329065
4329279
4329411
4329702
4329777
4329796
4329886
4329907
4330051
4330107
4330268
4330342
4330597
4330639
4330653
4330662
4330686
4330716
4330830
4330888
4331251
4331467
4331546
4331657
4331715
4331871
4331928
4332129
4332254
4332281
4332728
4332735
4332772
4332874
4333008
4333146
4333163
4333230
4333733
4333913
4334287
4334368
4334931
4334965
4335261
4335314
4335386
4335416
4335429
4335498
4335577
4335642
4335951
4335984
4336290
4336504
4336529
4336699
4336819
4336887
4336970
4337181
4337216
4337428
4337461
4337511
4337993
4338032
4338081
4338123
4338520
4338667
4338810
4338835
4338856
4338953
4339049
4339068
4339413
4339779
4340042
4340269
4340297
4340351
4340392
4340486
4340799
4340836
4340858
4340930
4341044
4341061
4341151
4341394
4341459
4341562
4341697
4341852
4341880
4341891
4341929
4342037
4342257
4342614
4342731
4342823
4342830
4342911
4342936
4343222
4343466
4343607
4343644
4344237
4344411
4344509
4345015
4345444
4345472
4345605
4345786
4345833
4346008
4346223
4346259
4346374
4346528
4346604
4346647
4346650
4346794
4347036
4347112
4347261
4347339
4347626
4347800
4347825
4347905
4348383
4348526
4348664
4348751
4349032
4349069
4349076
4349102
4349246
4349470
4349584
4349844
4349899
4349927
4350222
4350661
4350748
4350776
4350893
4351013
4351141
4351505
4351645
4351793
4351908
4351940
4352059
4352216
4352265
4352338
4352894
4352919
4352993
4353430
4353514
4353745
4353817
4353947
4354014
4354040
4354053
4354389
4354460
4354544
4354969
4354976
4355214
4355335
4355497
4355519
4355534
4355555
4356084
4356326
4356716
4356731
4356773
4356877
4357439
4357799
4357959
4358187
4358474
4358509
4358563
4358839
4358999
4359022
4359272
4359416
4359800
4360083
4360166
4360234
4360287
4360349
4360540
4360703
4360774
4361067
4361207
4361530
4361588
4361724
4361780
4361943
4362049
4362085
4362286
4362454
4362593
4363000
4363280
4363421
4363520
4363701
4363787
4363807
4363844
4363908
4364005
4364051
4364107
4364360
4364671
4364747
4364798
4364841
4365050
4365134
4365266
4365621
4365723
4365814
4365871
4365972
4366064
4366265
4366410
4366461
4366589
4366590
4366666
4366679
4366806
4367075
4367405
4367420
4367547
4367781
4367949
4368277
4368650
4368820
4369366
4369568
4369638
4369728
4369822
4369977
4370039
4370053
4370109
4370230
4370322
4370561
4370583
4370818
4370884
4370892
4370913
4370932
4371432
4371792
4371831
4371847
4371963
4372011
4372112
4372121
4372362
4372619
4372724
4372746
4372791
4373050
4373193
4373218
4373284
4373313
4373325
4373381
4373694
4373862
4374009
4374139
4374186
4374315
4374330
4374531
4374656
4374672
4374834
4374855
4374921
4374968
4375000
4375013
4375054
4375115
4375164
4375291
4375734
4375810
4375828
4375844
4375940
4375971
4376281
4376297
4376408
4376427
4376549
4376624
4376638
4376675
4376915
4377051
4377084
4377268
4377548
4377798
4377841
4377888
4377922
4377945
4378007
4378083
4378234
4378385
4378430
4378553
4378681
4378711
4378745
4378852
4378947
4379015
4379064
4379100
4379154
4379197
4379282
4379511
4379590
4379679
4379821
4379857
4379885
4380050
4380098
4380119
4380178
4380193
4380266
4380348
4380381
4380403
4380702
4381148
4381410
4382025
4382123
4382188
4382246
4382280
4382291
4382382
4382433
4382584
4382603
4382701
4382828
4382856
4382927
4383012
4383145
4383286
4383534
4383587
4383784
4383917
4384026
4384337
4384414
4384512
4384549
4384707
4384772
4384822
4384845
4384858
4384867
4384923
4385817
4386089
4386228
4386395
4386465
4386482
4386717
4386746
4387138
4387259
4387749
4387768
4387879
4387913
4387925
4388139
4388222
4388405
4388547
4388573
4389144
4389686
4389798
4389823
4389911
4390012
4390094
4390190
4390400
4390413
4390593
4390766
4390779
4391135
4391156
4391233
4391326
4391480
4391554
4391782
4392312
4392349
4392527
4392669
4392817
4392852
4392947
4393064
4393132
4393282
4393589
4393812
4393833
4394168
4394256
4394272
4394450
4394588
4394775
4394937
4395529
4395547
4395661
4395797
4396025
4396159
4396494
4396520
4396537
4396566
4396645
4396778
4396807
4396883
4397082
4397119
4397218
4397313
4397348
4397369
4397381
4397670
4397715
4397814
4398116
4398165
4398198
4398533
4398568
4398663
4398811
4398890
4398923
4399146
4399367
4399556
4399583
4399749
4399785
4399820
4399843
4399932
