4300660
4303440
4305161
4306411
4307224
4307742
4309278
4309774
4309931
4311799
4311889
4313235
4313848
4314154
4316481
4317736
4318576
4318877
4319437
4320894
4325281
4325427
4326441
4326931
4328256
4328530
4328724
4328984
4330342
4330888
4331657
4332281
4332728
4335429
4335577
4336504
4336529
4336819
4338123
4339413
4340799
4341562
4344237
4346223
4349899
4350748
4350893
4353430
4353514
4356877
4358509
4358563
4359800
4360234
4360703
4360774
4361724
4362286
4363000
4363908
4366064
4366265
4366666
4366806
4369366
4370892
4373193
4374968
4377051
4377084
4377798
4378430
4379154
4380098
4382701
4383012
4383917
4384549
4386465
4386717
4387879
4387913
4390012
4390190
4391326
4393064
4393132
4393589
4394168
4394588
4395529
4395797
4396778
4397218
4397313
4397715
4397814
4398533
4399367
