5600000
5600013
5600032
5600054
5600069
5600076
5600081
5600102
5600130
5600141
5600177
5600188
5600196
5600209
5600238
5600252
5600291
5600316
5600329
5600347
5600382
5600433
5600449
5600468
5600470
5600518
5600520
5600551
5600579
5600592
5600603
5600611
5600622
5600636
5600645
5600658
5600667
5600689
5600719
5600726
5600734
5600742
5600778
5600787
5600828
5600844
5600856
5600861
5600872
5600883
5600899
5600908
5600953
5600971
5601026
5601042
5601055
5601060
5601078
5601087
5601093
5601104
5601116
5601129
5601150
5601198
5601200
5601225
5601248
5601254
5601269
5601305
5601320
5601337
5601343
5601351
5601379
5601453
5601462
5601486
5601495
5601506
5601512
5601521
5601533
5601549
5601568
5601609
5601617
5601624
5601646
5601675
5601707
5601728
5601744
5601761
5601772
5601803
5601811
5601822
5601836
5601845
5601867
5601889
5601902
5601923
5601959
5601977
5601988
5602004
5602016
5602029
5602050
5602065
5602082
5602142
5602160
5602178
5602187
5602220
5602237
5602243
5602251
5602266
5602284
5602292
5602313
5602325
5602332
5602381
5602397
5602436
5602458
5602467
5602489
5602524
5602546
5602563
5602575
5602606
5602612
5602649
5602670
5602694
5602702
5602723
5602741
5602759
5602764
5602777
5602796
5602814
5602839
5602895
5602907
5602928
5602935
5602972
5602983
5602999
5603022
5603058
5603067
5603090
5603106
5603112
5603121
5603149
5603157
5603168
5603185
5603194
5603210
5603235
5603272
5603283
5603299
5603308
5603371
5603395
5603404
5603429
5603431
5603447
5603450
5603465
5603482
5603498
5603502
5603515
5603523
5603530
5603559
5603577
5603588
5603596
5603642
5603655
5603693
5603717
5603724
5603738
5603746
5603752
5603775
5603791
5603832
5603854
5603897
5603905
5603918
5603920
5603937
5603951
5603966
5603979
5603984
5603992
5604002
5604015
5604030
5604059
5604088
5604100
5604154
5604169
5604176
5604197
5604204
5604231
5604273
5604309
5604324
5604338
5604346
5604363
5604375
5604410
5604456
5604472
5604499
5604511
5604522
5604558
5604567
5604589
5604605
5604637
5604651
5604666
5604679
5604684
5604727
5604740
5604786
5604821
5604833
5604849
5604857
5604868
5604870
5604885
5604919
5604978
5604987
5605039
5605040
5605086
5605109
5605117
5605152
5605241
5605259
5605264
5605288
5605345
5605367
5605374
5605426
5605434
5605460
5605478
5605493
5605510
5605556
5605561
5605583
5605599
5605604
5605665
5605673
5605712
5605733
5605785
5605794
5605805
5605818
5605820
5605837
5605843
5605879
5605892
5605925
5605954
5605969
5605976
5605981
5606006
5606012
5606021
5606049
5606057
5606068
5606094
5606103
5606136
5606145
5606158
5606167
5606174
5606189
5606208
5606240
5606262
5606286
5606307
5606310
5606328
5606356
5606361
5606372
5606400
5606413
5606454
5606481
5606519
5606542
5606560
5606587
5606593
5606602
5606615
5606623
5606630
5606659
5606688
5606696
5606718
5606720
5606743
5606779
5606784
5606792
5606804
5606829
5606873
5606882
5606909
5606924
5606952
5606963
5606975
5606980
5607028
5607035
5607044
5607105
5607118
5607137
5607143
5607179
5607192
5607201
5607219
5607234
5607255
5607260
5607293
5607306
5607333
5607349
5607385
5607459
5607464
5607488
5607508
5607539
5607540
5607553
5607600
5607613
5607648
5607669
5607681
5607703
5607736
5607745
5607758
5607767
5607774
5607809
5607863
5607880
5607904
5607931
5607947
5607950
5607965
5607973
5607998
5608020
5608043
5608084
5608110
5608128
5608135
5608144
5608161
5608183
5608199
5608206
5608212
5608233
5608268
5608294
5608326
5608342
5608378
5608387
5608393
5608424
5608446
5608463
5608475
5608491
5608525
5608532
5608608
5608614
5608627
5608639
5608653
5608686
5608695
5608716
5608729
5608747
5608750
5608765
5608782
5608859
5608877
5608888
5608896
5608911
5608922
5608936
5608958
5609017
5609046
5609091
5609114
5609153
5609186
5609195
5609211
5609222
5609245
5609267
5609274
5609289
5609290
5609315
5609323
5609359
5609377
5609405
5609418
5609437
5609443
5609451
5609466
5609492
5609504
5609547
5609550
5609565
5609598
5609607
5609661
5609683
5609700
5609713
5609725
5609748
5609754
5609781
5609801
5609826
5609834
5609860
5609887
5609933
5609957
5609968
5609970
5610035
5610137
5610143
5610166
5610179
5610201
5610219
5610226
5610234
5610260
5610293
5610357
5610368
5610370
5610385
5610402
5610441
5610459
5610464
5610477
5610488
5610514
5610539
5610562
5610571
5610595
5610613
5610625
5610632
5610676
5610681
5610703
5610711
5610736
5610745
5610758
5610774
5610790
5610809
5610817
5610824
5610880
5610891
5610973
5610982
5610998
5611003
5611045
5611074
5611090
5611106
5611112
5611121
5611133
5611157
5611168
5611185
5611194
5611207
5611235
5611256
5611261
5611272
5611283
5611299
5611314
5611327
5611395
5611404
5611416
5611429
5611431
5611447
5611450
5611482
5611502
5611523
5611530
5611541
5611559
5611564
5611577
5611601
5611634
5611642
5611655
5611660
5611693
5611709
5611717
5611724
5611738
5611746
5611752
5611775
5611780
5611791
5611813
5611832
5611854
5611881
5611897
5611918
5611920
5611937
5611951
5611984
5612006
5612012
5612033
5612057
5612085
5612111
5612122
5612136
5612145
5612167
5612174
5612189
5612214
5612227
5612239
5612253
5612262
5612310
5612328
5612344
5612356
5612372
5612383
5612413
5612425
5612432
5612448
5612469
5612476
5612497
5612560
5612578
5612587
5612615
5612623
5612641
5612659
5612664
5612688
5612718
5612779
5612784
5612792
5612804
5612829
5612847
5612873
5612909
5612917
5612938
5612946
5612963
5612980
5613025
5613032
5613048
5613069
5613076
5613081
5613102
5613115
5613164
5613177
5613188
5613209
5613224
5613280
5613304
5613331
5613347
5613373
5613382
5613398
5613406
5613412
5613421
5613449
5613457
5613468
5613485
5613505
5613537
5613543
5613551
5613566
5613584
5613592
5613603
5613611
5613645
5613667
5613674
5613689
5613787
5613807
5613828
5613835
5613844
5613861
5613872
5613899
5613908
5613914
5613939
5613971
5613986
5614020
5614037
5614043
5614084
5614128
5614156
5614161
5614206
5614212
5614249
5614257
5614268
5614294
5614301
5614319
5614326
5614334
5614378
5614387
5614417
5614424
5614438
5614446
5614452
5614463
5614475
5614491
5614500
5614513
5614525
5614548
5614554
5614576
5614581
5614614
5614639
5614640
5614653
5614671
5614695
5614729
5614731
5614747
5614765
5614773
5614782
5614802
5614815
5614823
5614841
5614859
5614864
5614877
5614903
5614936
5614945
5614958
5614974
5614989
5615004
5615016
5615029
5615031
5615065
5615073
5615098
5615101
5615119
5615126
5615160
5615187
5615193
5615205
5615218
5615220
5615237
5615266
5615279
5615284
5615292
5615325
5615348
5615354
5615403
5615445
5615467
5615489
5615509
5615538
5615563
5615580
5615606
5615621
5615685
5615702
5615723
5615730
5615764
5615808
5615814
5615827
5615895
5615928
5615935
5615944
5615999
5616015
5616023
5616030
5616041
5616059
5616064
5616077
5616096
5616100
5616113
5616148
5616169
5616181
5616197
5616204
5616231
5616247
5616250
5616265
5616282
5616298
5616324
5616346
5616375
5616380
5616391
5616407
5616410
5616435
5616472
5616499
5616574
5616589
5616637
5616651
5616679
5616684
5616692
5616708
5616714
5616727
5616739
5616740
5616762
5616771
5616806
5616812
5616833
5616868
5616870
5616885
5616894
5616901
5616942
5616955
5616960
5617009
5617017
5617024
5617046
5617052
5617063
5617139
5617140
5617162
5617171
5617195
5617203
5617236
5617245
5617267
5617302
5617330
5617377
5617396
5617405
5617418
5617420
5617443
5617451
5617479
5617492
5617504
5617529
5617531
5617565
5617573
5617607
5617610
5617635
5617683
5617699
5617700
5617713
5617748
5617769
5617776
5617781
5617819
5617834
5617855
5617887
5617893
5617921
5617933
5617949
5617985
5618014
5618027
5618039
5618040
5618053
5618062
5618095
5618117
5618138
5618152
5618163
5618175
5618180
5618191
5618202
5618215
5618223
5618230
5618288
5618322
5618345
5618358
5618367
5618390
5618426
5618434
5618460
5618478
5618510
5618528
5618572
5618583
5618604
5618616
5618665
5618698
5618706
5618721
5618733
5618749
5618770
5618785
5618818
5618820
5618843
5618884
5618892
5618913
5618932
5618954
5618969
5618981
5619042
5619055
5619060
5619093
5619104
5619129
5619173
5619182
5619225
5619254
5619269
5619281
5619297
5619305
5619318
5619343
5619366
5619379
5619384
5619414
5619440
5619453
5619486
5619506
5619521
5619533
5619570
5619609
5619617
5619624
5619638
5619646
5619652
5619663
5619680
5619707
5619710
5619728
5619744
5619756
5619799
5619803
5619822
5619867
5619890
5619902
5619915
5619959
5619988
5619996
5620043
5620051
5620066
5620107
5620144
5620156
5620161
5620183
5620206
5620268
5620270
5620285
5620294
5620301
5620319
5620387
5620393
5620417
5620424
5620446
5620452
5620463
5620475
5620480
5620554
5620569
5620576
5620581
5620608
5620639
5620640
5620704
5620729
5620750
5620765
5620782
5620798
5620802
5620841
5620864
5620936
5620958
5621004
5621029
5621031
5621065
5621073
5621101
5621155
5621160
5621187
5621193
5621237
5621279
5621284
5621292
5621300
5621313
5621325
5621376
5621397
5621436
5621489
5621509
5621517
5621538
5621546
5621552
5621575
5621580
5621591
5621606
5621612
5621621
5621633
5621702
5621715
5621723
5621741
5621764
5621796
5621808
5621839
5621840
5621853
5621907
5621928
5621944
5621956
5621983
5621999
5622001
5622019
5622042
5622055
5622093
5622129
5622198
5622200
5622225
5622232
5622318
5622320
5622337
5622343
5622366
5622392
5622462
5622471
5622486
5622495
5622506
5622512
5622521
5622549
5622557
5622570
5622585
5622594
5622617
5622675
5622680
5622691
5622728
5622744
5622756
5622761
5622772
5622799
5622803
5622845
5622890
5622941
5622964
5622977
5623014
5623040
5623053
5623095
5623152
5623163
5623180
5623202
5623288
5623303
5623358
5623401
5623419
5623426
5623487
5623544
5623599
5623604
5623616
5623647
5623712
5623749
5623757
5623768
5623794
5623820
5623837
5623843
5623879
5623884
5623892
5623925
5623954
5623969
5623976
5623997
5624007
5624028
5624044
5624056
5624061
5624105
5624118
5624120
5624143
5624219
5624226
5624234
5624287
5624293
5624312
5624333
5624349
5624368
5624370
5624402
5624430
5624441
5624464
5624508
5624527
5624586
5624669
5624676
5624681
5624703
5624736
5624745
5624758
5624774
5624809
5624852
5624875
5624880
5624891
5624904
5624931
5624947
5624950
5624965
5624982
5625003
5625022
5625036
5625074
5625090
5625112
5625121
5625133
5625157
5625168
5625170
5625283
5625299
5625314
5625340
5625353
5625362
5625386
5625404
5625465
5625473
5625502
5625515
5625523
5625559
5625596
5625601
5625619
5625660
5625678
5625709
5625724
5625738
5625752
5625791
5625832
5625848
5625854
5625876
5625897
5625937
5625951
5625984
5626017
5626024
5626038
5626046
5626052
5626063
5626091
5626108
5626127
5626139
5626162
5626171
5626203
5626211
5626258
5626267
5626302
5626330
5626341
5626364
5626388
5626396
5626405
5626466
5626484
5626492
5626565
5626573
5626598
5626607
5626628
5626635
5626644
5626661
5626683
5626713
5626725
5626732
5626748
5626754
5626769
5626801
5626819
5626855
5626860
5626893
5626906
5626970
5626994
5627002
5627059
5627113
5627125
5627132
5627148
5627181
5627197
5627216
5627229
5627273
5627309
5627317
5627324
5627338
5627346
5627375
5627380
5627461
5627511
5627522
5627536
5627558
5627567
5627589
5627590
5627620
5627651
5627684
5627708
5627714
5627740
5627753
5627771
5627795
5627806
5627870
5627919
5627926
5627942
5627960
5627978
5628013
5628025
5628048
5628069
5628097
5628130
5628164
5628177
5628196
5628209
5628217
5628246
5628280
5628291
5628350
5628382
5628412
5628470
5628485
5628505
5628537
5628543
5628566
5628579
5628584
5628611
5628636
5628645
5628674
5628690
5628719
5628726
5628734
5628760
5628778
5628787
5628807
5628810
5628844
5628861
5628883
5628899
5628927
5628986
5629006
5629021
5629049
5629057
5629094
5629103
5629122
5629136
5629174
5629189
5629208
5629240
5629253
5629262
5629271
5629295
5629307
5629328
5629335
5629344
5629361
5629372
5629399
5629413
5629425
5629432
5629448
5629469
5629476
5629526
5629555
5629560
5629593
5629615
5629623
5629630
5629664
5629688
5629696
5629718
5629720
5629737
5629751
5629766
5629792
5629804
5629829
5629831
5629850
5629873
5629917
5629924
5629938
5629952
5629975
5629980
5629991
5630014
5630039
5630040
5630053
5630062
5630086
5630117
5630124
5630146
5630163
5630180
5630277
5630311
5630345
5630358
5630374
5630419
5630426
5630434
5630442
5630510
5630528
5630556
5630616
5630629
5630631
5630673
5630721
5630749
5630757
5630768
5630785
5630818
5630820
5630843
5630851
5630879
5630900
5630913
5630925
5630948
5630954
5630969
5630976
5630981
5630997
5631021
5631068
5631085
5631094
5631136
5631167
5631174
5631227
5631253
5631262
5631295
5631307
5631310
5631328
5631344
5631356
5631361
5631383
5631399
5631432
5631448
5631476
5631481
5631526
5631534
5631555
5631560
5631593
5631615
5631641
5631659
5631688
5631718
5631720
5631743
5631766
5631779
5631816
5631850
5631898
5631909
5631924
5631938
5631946
5631952
5631975
5631980
5631991
5632003
5632022
5632067
5632074
5632089
5632090
5632112
5632157
5632185
5632207
5632261
5632272
5632308
5632314
5632327
5632340
5632353
5632362
5632371
5632386
5632395
5632404
5632416
5632429
5632450
5632473
5632482
5632498
5632502
5632523
5632530
5632559
5632564
5632596
5632601
5632619
5632626
5632642
5632655
5632660
5632678
5632687
5632693
5632709
5632717
5632724
5632738
5632746
5632763
5632791
5632813
5632825
5632848
5632905
5632979
5632984
5632992
5633004
5633029
5633031
5633050
5633073
5633082
5633098
5633101
5633134
5633142
5633160
5633178
5633205
5633220
5633237
5633251
5633300
5633313
5633348
5633369
5633381
5633397
5633403
5633422
5633436
5633467
5633490
5633509
5633538
5633546
5633552
5633575
5633580
5633621
5633633
5633649
5633668
5633694
5633702
5633715
5633730
5633759
5633764
5633777
5633827
5633840
5633853
5633862
5633895
5633910
5633928
5633935
5633956
5633961
5633972
5633983
5633999
5634024
5634046
5634052
5634108
5634127
5634139
5634162
5634171
5634222
5634236
5634245
5634289
5634315
5634341
5634359
5634364
5634405
5634437
5634479
5634484
5634492
5634547
5634573
5634582
5634644
5634656
5634661
5634699
5634700
5634732
5634769
5634834
5634842
5634855
5634860
5634878
5634949
5634968
5634994
5635025
5635048
5635054
5635076
5635102
5635141
5635159
5635196
5635217
5635224
5635238
5635252
5635280
5635304
5635331
5635347
5635350
5635373
5635398
5635412
5635449
5635470
5635518
5635520
5635537
5635592
5635611
5635622
5635636
5635645
5635667
5635701
5635719
5635726
5635742
5635755
5635787
5635793
5635828
5635899
5635914
5635927
5635939
5635953
5635962
5635971
5635986
5636019
5636026
5636034
5636055
5636060
5636078
5636087
5636104
5636116
5636129
5636173
5636198
5636248
5636269
5636281
5636297
5636305
5636318
5636320
5636343
5636351
5636408
5636440
5636453
5636462
5636512
5636533
5636568
5636585
5636594
5636617
5636624
5636638
5636646
5636663
5636675
5636710
5636735
5636761
5636772
5636783
5636799
5636803
5636811
5636822
5636836
5636874
5636890
5636902
5636915
5636930
5636941
5636959
5636964
5636988
5636996
5637018
5637020
5637037
5637051
5637066
5637084
5637107
5637110
5637128
5637172
5637183
5637199
5637249
5637268
5637285
5637294
5637301
5637360
5637393
5637417
5637424
5637480
5637491
5637500
5637525
5637532
5637554
5637576
5637608
5637627
5637662
5637671
5637686
5637695
5637716
5637729
5637731
5637747
5637773
5637802
5637823
5637830
5637841
5637864
5637877
5637896
5637903
5637967
5637990
5638028
5638061
5638072
5638105
5638118
5638120
5638137
5638143
5638151
5638179
5638192
5638201
5638226
5638242
5638255
5638278
5638287
5638293
5638306
5638333
5638357
5638370
5638385
5638394
5638402
5638441
5638459
5638464
5638477
5638508
5638539
5638540
5638553
5638571
5638595
5638613
5638632
5638648
5638654
5638681
5638697
5638703
5638711
5638736
5638767
5638789
5638790
5638817
5638824
5638838
5638846
5638852
5638891
5638904
5638916
5638929
5638931
5638947
5638965
5639015
5639030
5639041
5639064
5639088
5639100
5639132
5639169
5639176
5639216
5639231
5639247
5639265
5639273
5639298
5639324
5639338
5639346
5639352
5639363
5639375
5639380
5639391
5639407
5639410
5639428
5639435
5639444
5639456
5639472
5639483
5639574
5639605
5639618
5639620
5639637
5639651
5639684
5639714
5639727
5639739
5639771
5639786
5639795
5639812
5639849
5639868
5639870
5639885
5639901
5639926
5639942
5639955
5639987
5640003
5640011
5640036
5640045
5640067
5640090
5640106
5640112
5640149
5640157
5640168
5640185
5640207
5640235
5640244
5640261
5640299
5640339
5640340
5640362
5640371
5640386
5640395
5640416
5640429
5640450
5640482
5640498
5640502
5640523
5640541
5640559
5640601
5640619
5640626
5640634
5640655
5640660
5640678
5640693
5640709
5640746
5640763
5640775
5640791
5640800
5640825
5640854
5640876
5640897
5640920
5640937
5640966
5641009
5641017
5641024
5641046
5641052
5641063
5641080
5641091
5641114
5641127
5641139
5641140
5641162
5641171
5641186
5641195
5641211
5641222
5641236
5641274
5641302
5641377
5641388
5641396
5641405
5641418
5641420
5641437
5641451
5641479
5641484
5641531
5641547
5641565
5641573
5641598
5641610
5641628
5641635
5641656
5641672
5641683
5641699
5641732
5641748
5641769
5641776
5641781
5641797
5641855
5641887
5641893
5641906
5641912
5641921
5641949
5641957
5641968
5641994
5642014
5642039
5642040
5642053
5642062
5642086
5642138
5642146
5642175
5642191
5642223
5642259
5642264
5642277
5642288
5642296
5642303
5642311
5642336
5642345
5642358
5642374
5642390
5642426
5642442
5642460
5642510
5642528
5642535
5642544
5642561
5642599
5642604
5642629
5642631
5642647
5642682
5642698
5642721
5642757
5642794
5642805
5642818
5642837
5642851
5642884
5642913
5642932
5642948
5642969
5642976
5642997
5643019
5643026
5643034
5643055
5643060
5643078
5643087
5643093
5643104
5643131
5643150
5643173
5643213
5643248
5643269
5643276
5643281
5643318
5643366
5643392
5643427
5643471
5643486
5643521
5643533
5643557
5643585
5643594
5643609
5643617
5643638
5643646
5643652
5643663
5643675
5643680
5643707
5643728
5643756
5643761
5643772
5643783
5643799
5643803
5643836
5643845
5643858
5643889
5643890
5643941
5643964
5643996
5644012
5644021
5644033
5644049
5644094
5644122
5644136
5644145
5644167
5644174
5644227
5644240
5644253
5644262
5644307
5644310
5644356
5644361
5644372
5644383
5644399
5644400
5644413
5644425
5644432
5644454
5644501
5644519
5644526
5644560
5644602
5644641
5644664
5644677
5644688
5644696
5644705
5644718
5644737
5644751
5644766
5644784
5644829
5644831
5644847
5644850
5644873
5644909
5644938
5644952
5644963
5644991
5645018
5645020
5645037
5645043
5645079
5645084
5645128
5645183
5645199
5645206
5645212
5645221
5645233
5645249
5645268
5645285
5645294
5645319
5645326
5645334
5645355
5645360
5645378
5645387
5645393
5645424
5645446
5645463
5645525
5645532
5645576
5645581
5645614
5645639
5645640
5645662
5645671
5645704
5645716
5645765
5645841
5645859
5645864
5645877
5645896
5645911
5645945
5645958
5645967
5645990
5646016
5646029
5646047
5646065
5646082
5646101
5646134
5646142
5646178
5646187
5646218
5646243
5646251
5646266
5646279
5646300
5646376
5646411
5646436
5646538
5646591
5646612
5646621
5646633
5646668
5646685
5646723
5646730
5646777
5646796
5646808
5646827
5646840
5646871
5646907
5646928
5646944
5646956
5646972
5646983
5646999
5647000
5647013
5647032
5647054
5647069
5647076
5647081
5647115
5647141
5647159
5647188
5647196
5647217
5647224
5647238
5647263
5647280
5647291
5647316
5647331
5647365
5647398
5647406
5647421
5647433
5647468
5647485
5647494
5647505
5647520
5647537
5647551
5647603
5647611
5647622
5647667
5647689
5647690
5647701
5647719
5647734
5647742
5647810
5647835
5647844
5647861
5647872
5647883
5647914
5647939
5647940
5647962
5647971
5648030
5648041
5648077
5648096
5648125
5648132
5648176
5648197
5648204
5648216
5648229
5648231
5648247
5648265
5648282
5648309
5648317
5648346
5648352
5648375
5648380
5648391
5648407
5648410
5648428
5648444
5648483
5648499
5648503
5648522
5648545
5648558
5648567
5648589
5648605
5648618
5648620
5648643
5648651
5648684
5648692
5648708
5648714
5648739
5648753
5648786
5648795
5648812
5648833
5648849
5648857
5648870
5648894
5648955
5648960
5649010
5649028
5649035
5649044
5649056
5649061
5649083
5649099
5649118
5649137
5649192
5649201
5649219
5649234
5649255
5649260
5649278
5649293
5649321
5649333
5649349
5649402
5649423
5649430
5649459
5649508
5649586
5649613
5649625
5649632
5649654
5649669
5649681
5649736
5649789
5649790
5649817
5649824
5649852
5649904
5649929
5649947
5649973
5649982
5650001
5650019
5650042
5650078
5650087
5650131
5650147
5650150
5650165
5650173
5650182
5650198
5650213
5650225
5650276
5650281
5650297
5650305
5650320
5650343
5650366
5650379
5650427
5650439
5650440
5650453
5650471
5650506
5650533
5650557
5650568
5650594
5650617
5650624
5650663
5650680
5650691
5650707
5650728
5650735
5650756
5650761
5650772
5650783
5650811
5650858
5650867
5650874
5650889
5650890
5650915
5650930
5650959
5650977
5650988
5651010
5651035
5651061
5651072
5651083
5651099
5651105
5651120
5651137
5651143
5651151
5651184
5651192
5651201
5651219
5651226
5651255
5651278
5651287
5651312
5651321
5651333
5651385
5651394
5651402
5651423
5651430
5651464
5651488
5651496
5651527
5651539
5651540
5651553
5651562
5651586
5651600
5651613
5651625
5651632
5651648
5651654
5651669
5651676
5651722
5651736
5651774
5651817
5651838
5651852
5651863
5651875
5651891
5651904
5651916
5651929
5651931
5651973
5652005
5652018
5652043
5652051
5652135
5652156
5652172
5652183
5652206
5652212
5652221
5652233
5652249
5652270
5652301
5652319
5652355
5652378
5652417
5652452
5652475
5652480
5652500
5652525
5652554
5652576
5652597
5652640
5652653
5652662
5652671
5652704
5652731
5652765
5652782
5652798
5652802
5652823
5652830
5652859
5652864
5652877
5652888
5652903
5652911
5652922
5652958
5652967
5652989
5653017
5653024
5653038
5653063
5653075
5653080
5653091
5653108
5653127
5653139
5653140
5653153
5653162
5653186
5653222
5653236
5653245
5653267
5653274
5653289
5653341
5653359
5653377
5653405
5653418
5653437
5653466
5653484
5653504
5653547
5653573
5653598
5653635
5653644
5653700
5653725
5653748
5653781
5653819
5653826
5653834
5653855
5653860
5653878
5653893
5653906
5653912
5653957
5653985
5653994
5654016
5654073
5654098
5654101
5654119
5654134
5654160
5654187
5654205
5654218
5654220
5654237
5654266
5654284
5654300
5654325
5654348
5654354
5654369
5654397
5654403
5654411
5654467
5654489
5654490
5654517
5654546
5654580
5654591
5654606
5654612
5654621
5654633
5654649
5654657
5654668
5654670
5654702
5654764
5654777
5654796
5654827
5654839
5654862
5654871
5654907
5654910
5654935
5654944
5654983
5655015
5655030
5655064
5655088
5655100
5655132
5655148
5655169
5655204
5655216
5655229
5655231
5655247
5655273
5655282
5655317
5655346
5655363
5655407
5655410
5655444
5655461
5655472
5655499
5655503
5655511
5655522
5655567
5655574
5655589
5655590
5655605
5655618
5655620
5655643
5655666
5655679
5655692
5655708
5655714
5655740
5655762
5655771
5655795
5655806
5655821
5655857
5655870
5655885
5655926
5655934
5655942
5655955
5655987
5655993
5656008
5656027
5656039
5656071
5656086
5656095
5656117
5656124
5656146
5656152
5656191
5656215
5656230
5656259
5656264
5656277
5656288
5656336
5656345
5656419
5656426
5656434
5656507
5656510
5656535
5656544
5656556
5656561
5656629
5656631
5656647
5656665
5656673
5656682
5656698
5656706
5656721
5656749
5656757
5656768
5656770
5656785
5656794
5656805
5656818
5656820
5656851
5656866
5656879
5656900
5656913
5656925
5656932
5656954
5656981
5656997
5657011
5657036
5657045
5657090
5657106
5657121
5657149
5657157
5657170
5657194
5657207
5657228
5657235
5657256
5657261
5657272
5657283
5657339
5657353
5657371
5657386
5657404
5657429
5657450
5657498
5657515
5657530
5657559
5657577
5657588
5657596
5657601
5657619
5657626
5657634
5657660
5657678
5657724
5657738
5657746
5657752
5657780
5657791
5657813
5657825
5657854
5657881
5657897
5657905
5657920
5657966
5657979
5658006
5658012
5658021
5658033
5658049
5658085
5658103
5658111
5658145
5658158
5658167
5658190
5658214
5658239
5658240
5658262
5658286
5658335
5658344
5658356
5658361
5658383
5658400
5658432
5658448
5658469
5658497
5658501
5658526
5658542
5658555
5658578
5658587
5658593
5658615
5658630
5658659
5658705
5658718
5658751
5658784
5658804
5658816
5658829
5658831
5658909
5658938
5658946
5658980
5659000
5659013
5659032
5659054
5659097
5659102
5659130
5659159
5659177
5659188
5659209
5659224
5659246
5659263
5659331
5659347
5659350
5659365
5659373
5659398
5659433
5659457
5659468
5659494
5659520
5659537
5659551
5659566
5659584
5659592
5659603
5659622
5659645
5659674
5659690
5659719
5659734
5659760
5659778
5659807
5659810
5659828
5659872
5659883
5659908
5659914
5659927
5659940
5659953
5659986
5660009
5660046
5660052
5660063
5660127
5660139
5660153
5660162
5660195
5660211
5660236
5660267
5660274
5660289
5660315
5660323
5660364
5660516
5660547
5660565
5660582
5660607
5660628
5660635
5660644
5660656
5660672
5660700
5660725
5660748
5660754
5660781
5660797
5660819
5660826
5660834
5660842
5660878
5660906
5660912
5660921
5660933
5660949
5660970
5660985
5661000
5661013
5661025
5661032
5661048
5661069
5661081
5661097
5661115
5661123
5661130
5661141
5661159
5661164
5661177
5661196
5661217
5661252
5661263
5661275
5661304
5661316
5661331
5661365
5661373
5661433
5661470
5661494
5661518
5661537
5661566
5661579
5661584
5661603
5661611
5661636
5661645
5661658
5661674
5661726
5661734
5661760
5661787
5661793
5661810
5661844
5661856
5661861
5661872
5661883
5661899
5661908
5661927
5661939
5661940
5661953
5661971
5661995
5662015
5662023
5662041
5662096
5662100
5662113
5662125
5662148
5662204
5662309
5662317
5662324
5662338
5662346
5662380
5662391
5662428
5662456
5662483
5662503
5662536
5662567
5662574
5662589
5662590
5662620
5662651
5662666
5662692
5662714
5662740
5662786
5662795
5662806
5662868
5662919
5662926
5662934
5662942
5662960
5662978
5663010
5663028
5663035
5663044
5663061
5663072
5663083
5663099
5663105
5663118
5663120
5663137
5663151
5663179
5663201
5663219
5663234
5663242
5663260
5663278
5663287
5663293
5663312
5663321
5663333
5663385
5663402
5663423
5663441
5663459
5663477
5663488
5663496
5663508
5663527
5663539
5663595
5663613
5663625
5663632
5663648
5663669
5663697
5663711
5663722
5663745
5663758
5663846
5663852
5663875
5663916
5663931
5663973
5663998
5664039
5664086
5664095
5664109
5664138
5664146
5664180
5664202
5664215
5664223
5664230
5664241
5664264
5664288
5664358
5664390
5664401
5664455
5664460
5664493
5664507
5664510
5664556
5664599
5664604
5664616
5664629
5664647
5664665
5664682
5664698
5664706
5664733
5664749
5664757
5664768
5664805
5664818
5664820
5664837
5664900
5664925
5664932
5664954
5664976
5664981
5665006
5665021
5665033
5665049
5665070
5665094
5665111
5665122
5665145
5665189
5665227
5665239
5665240
5665253
5665271
5665328
5665344
5665372
5665400
5665413
5665425
5665454
5665476
5665497
5665501
5665542
5665555
5665560
5665587
5665659
5665664
5665677
5665688
5665718
5665720
5665743
5665784
5665829
5665831
5665850
5665882
5665917
5665938
5665946
5665952
5665963
5665975
5665991
5666005
5666018
5666020
5666037
5666043
5666066
5666079
5666084
5666110
5666156
5666161
5666206
5666212
5666221
5666233
5666249
5666257
5666270
5666285
5666319
5666378
5666409
5666417
5666424
5666438
5666463
5666480
5666491
5666500
5666548
5666597
5666627
5666662
5666686
5666695
5666704
5666716
5666729
5666747
5666750
5666782
5666798
5666815
5666823
5666841
5666877
5666888
5666896
5666911
5666936
5666958
5667019
5667026
5667055
5667093
5667147
5667165
5667173
5667182
5667198
5667200
5667225
5667232
5667254
5667269
5667276
5667343
5667366
5667392
5667414
5667427
5667439
5667440
5667453
5667462
5667486
5667495
5667512
5667533
5667557
5667594
5667680
5667707
5667728
5667756
5667761
5667803
5667811
5667822
5667836
5667858
5667867
5667889
5667890
5667915
5667923
5667930
5667959
5667988
5667996
5668029
5668031
5668073
5668082
5668098
5668101
5668134
5668142
5668155
5668160
5668178
5668205
5668220
5668237
5668243
5668266
5668284
5668300
5668325
5668332
5668354
5668376
5668397
5668403
5668411
5668436
5668445
5668467
5668490
5668524
5668538
5668575
5668606
5668657
5668668
5668670
5668694
5668702
5668715
5668723
5668730
5668764
5668814
5668827
5668840
5668886
5668895
5668907
5668910
5668928
5668935
5668956
5668972
5668983
5668999
5669003
5669011
5669022
5669036
5669045
5669058
5669074
5669089
5669090
5669106
5669112
5669121
5669133
5669149
5669168
5669170
5669185
5669207
5669228
5669244
5669256
5669261
5669308
5669314
5669362
5669386
5669395
5669429
5669431
5669450
5669498
5669515
5669559
5669577
5669588
5669596
5669619
5669634
5669655
5669660
5669693
5669709
5669724
5669791
5669800
5669813
5669825
5669832
5669869
5669876
5669881
5669897
5669905
5669937
5669943
5669966
5669984
5670016
5670047
5670065
5670082
5670098
5670101
5670119
5670126
5670134
5670142
5670178
5670193
5670220
5670237
5670243
5670266
5670292
5670313
5670325
5670332
5670354
5670369
5670397
5670403
5670422
5670458
5670474
5670490
5670509
5670524
5670538
5670563
5670575
5670621
5670633
5670649
5670670
5670694
5670715
5670723
5670730
5670788
5670796
5670827
5670839
5670840
5670853
5670862
5670907
5670910
5670928
5670935
5670961
5671002
5671015
5671023
5671030
5671041
5671059
5671077
5671100
5671125
5671154
5671197
5671204
5671216
5671231
5671247
5671250
5671265
5671273
5671282
5671298
5671338
5671346
5671352
5671363
5671410
5671435
5671461
5671472
5671483
5671503
5671536
5671567
5671574
5671618
5671637
5671679
5671684
5671708
5671714
5671740
5671753
5671762
5671771
5671786
5671806
5671849
5671857
5671868
5671885
5671919
5671926
5671934
5671978
5672000
5672025
5672032
5672076
5672097
5672123
5672164
5672177
5672188
5672196
5672209
5672224
5672246
5672252
5672263
5672291
5672331
5672347
5672382
5672398
5672412
5672485
5672494
5672505
5672518
5672537
5672551
5672566
5672579
5672584
5672592
5672645
5672667
5672690
5672701
5672719
5672726
5672734
5672778
5672828
5672835
5672844
5672856
5672927
5672939
5672940
5672953
5672962
5672995
5673006
5673012
5673033
5673070
5673094
5673122
5673158
5673167
5673174
5673189
5673208
5673227
5673344
5673356
5673372
5673383
5673399
5673400
5673413
5673432
5673501
5673519
5673526
5673542
5673587
5673593
5673602
5673615
5673630
5673659
5673664
5673696
5673720
5673737
5673743
5673751
5673779
5673816
5673829
5673850
5673865
5673882
5673909
5673917
5673924
5673938
5673946
5673963
5673975
5674019
5674026
5674034
5674055
5674078
5674093
5674104
5674116
5674129
5674131
5674147
5674165
5674198
5674200
5674232
5674248
5674318
5674320
5674337
5674384
5674392
5674414
5674427
5674439
5674440
5674453
5674495
5674506
5674512
5674521
5674533
5674557
5674594
5674663
5674680
5674707
5674756
5674772
5674783
5674799
5674836
5674845
5674874
5674902
5674923
5674930
5674941
5674959
5674964
5675007
5675028
5675035
5675044
5675056
5675120
5675143
5675179
5675242
5675255
5675278
5675293
5675312
5675321
5675333
5675349
5675357
5675385
5675394
5675402
5675423
5675430
5675441
5675459
5675464
5675496
5675508
5675553
5675562
5675586
5675595
5675600
5675613
5675625
5675648
5675669
5675676
5675681
5675703
5675722
5675767
5675809
5675817
5675824
5675863
5675904
5675916
5675947
5675950
5675982
5676003
5676011
5676090
5676106
5676112
5676133
5676157
5676244
5676283
5676339
5676340
5676353
5676362
5676404
5676416
5676431
5676447
5676465
5676473
5676498
5676523
5676530
5676541
5676559
5676596
5676601
5676634
5676642
5676655
5676660
5676678
5676687
5676693
5676717
5676724
5676738
5676746
5676800
5676813
5676825
5676832
5676848
5676876
5676881
5676905
5676918
5676937
5676951
5676979
5676992
5677008
5677039
5677040
5677062
5677109
5677124
5677146
5677152
5677163
5677180
5677191
5677202
5677223
5677288
5677336
5677389
5677442
5677455
5677460
5677487
5677493
5677510
5677535
5677544
5677561
5677583
5677599
5677604
5677631
5677647
5677650
5677682
5677698
5677706
5677721
5677749
5677757
5677770
5677794
5677805
5677818
5677820
5677837
5677851
5677884
5677892
5677900
5677913
5677925
5677932
5677948
5677954
5678009
5678017
5678024
5678038
5678046
5678063
5678075
5678108
5678114
5678127
5678139
5678162
5678186
5678211
5678222
5678258
5678267
5678274
5678290
5678302
5678323
5678330
5678377
5678388
5678405
5678451
5678466
5678479
5678516
5678529
5678531
5678550
5678565
5678573
5678582
5678610
5678644
5678713
5678732
5678748
5678781
5678797
5678801
5678819
5678860
5678906
5678921
5678933
5678949
5678957
5678968
5678985
5678994
5679037
5679043
5679051
5679066
5679079
5679084
5679107
5679110
5679128
5679144
5679183
5679212
5679233
5679249
5679257
5679285
5679294
5679334
5679355
5679360
5679378
5679387
5679409
5679417
5679424
5679438
5679463
5679475
5679500
5679513
5679525
5679581
5679597
5679614
5679627
5679639
5679640
5679662
5679671
5679704
5679750
5679765
5679773
5679798
5679823
5679830
5679841
5679888
5679896
5679903
5679911
5679936
5679974
5680006
5680021
5680033
5680049
5680057
5680068
5680070
5680094
5680111
5680122
5680167
5680190
5680208
5680239
5680253
5680262
5680271
5680286
5680307
5680335
5680356
5680361
5680372
5680383
5680425
5680454
5680469
5680476
5680481
5680497
5680501
5680519
5680534
5680542
5680560
5680587
5680615
5680623
5680718
5680720
5680737
5680743
5680779
5680816
5680829
5680873
5680909
5680917
5680924
5680946
5680952
5680991
5681005
5681043
5681051
5681066
5681084
5681107
5681110
5681144
5681156
5681183
5681199
5681206
5681268
5681285
5681294
5681319
5681326
5681334
5681409
5681417
5681424
5681438
5681452
5681475
5681500
5681532
5681554
5681569
5681576
5681597
5681640
5681653
5681662
5681671
5681686
5681704
5681716
5681747
5681750
5681765
5681773
5681815
5681830
5681841
5681859
5681864
5681877
5681903
5681911
5681922
5681945
5681958
5681974
5681990
5682007
5682028
5682035
5682061
5682099
5682105
5682118
5682166
5682179
5682201
5682219
5682242
5682260
5682278
5682287
5682293
5682306
5682312
5682321
5682333
5682349
5682370
5682394
5682402
5682415
5682423
5682441
5682477
5682508
5682540
5682562
5682586
5682613
5682625
5682632
5682681
5682697
5682703
5682711
5682722
5682736
5682767
5682774
5682790
5682809
5682817
5682824
5682838
5682846
5682852
5682863
5682880
5682931
5682947
5682965
5682973
5682998
5683002
5683023
5683041
5683064
5683100
5683125
5683132
5683148
5683169
5683181
5683197
5683204
5683216
5683247
5683250
5683273
5683282
5683298
5683338
5683346
5683380
5683428
5683435
5683444
5683472
5683503
5683511
5683522
5683536
5683589
5683605
5683620
5683643
5683666
5683727
5683739
5683740
5683753
5683771
5683786
5683795
5683833
5683870
5683901
5683942
5683955
5683978
5684011
5684045
5684058
5684074
5684090
5684112
5684133
5684149
5684157
5684185
5684235
5684244
5684256
5684261
5684283
5684299
5684308
5684327
5684339
5684340
5684362
5684371
5684386
5684404
5684416
5684429
5684450
5684465
5684473
5684502
5684515
5684523
5684530
5684564
5684577
5684588
5684601
5684619
5684626
5684634
5684642
5684655
5684678
5684709
5684717
5684724
5684746
5684775
5684780
5684813
5684848
5684854
5684876
5684881
5684918
5684920
5684937
5684992
5685024
5685038
5685046
5685052
5685091
5685127
5685153
5685171
5685195
5685211
5685222
5685245
5685258
5685289
5685302
5685323
5685330
5685341
5685359
5685364
5685388
5685443
5685466
5685504
5685529
5685531
5685547
5685582
5685598
5685610
5685628
5685656
5685683
5685699
5685700
5685725
5685732
5685776
5685819
5685834
5685842
5685860
5685878
5685893
5685912
5685921
5685933
5685957
5685985
5685994
5686013
5686025
5686032
5686048
5686054
5686069
5686097
5686102
5686123
5686130
5686141
5686159
5686177
5686188
5686196
5686209
5686217
5686224
5686238
5686246
5686263
5686275
5686304
5686329
5686350
5686398
5686433
5686457
5686468
5686505
5686537
5686543
5686551
5686603
5686636
5686658
5686667
5686674
5686689
5686701
5686726
5686778
5686787
5686844
5686908
5686914
5686939
5686953
5686962
5686986
5687029
5687031
5687047
5687050
5687065
5687119
5687126
5687134
5687155
5687178
5687220
5687237
5687243
5687251
5687279
5687284
5687292
5687313
5687325
5687332
5687354
5687397
5687403
5687445
5687489
5687509
5687524
5687546
5687580
5687621
5687633
5687657
5687670
5687685
5687715
5687730
5687759
5687777
5687814
5687827
5687853
5687862
5687871
5687886
5687895
5687907
5687928
5687956
5687983
5688055
5688078
5688087
5688093
5688129
5688147
5688173
5688200
5688213
5688225
5688248
5688269
5688281
5688318
5688343
5688366
5688408
5688414
5688440
5688453
5688462
5688495
5688506
5688512
5688533
5688549
5688568
5688570
5688624
5688638
5688663
5688680
5688691
5688710
5688744
5688803
5688836
5688845
5688858
5688890
5688915
5688959
5688964
5689008
5689014
5689053
5689062
5689124
5689146
5689163
5689215
5689264
5689322
5689345
5689401
5689419
5689426
5689442
5689460
5689493
5689507
5689528
5689556
5689561
5689583
5689599
5689604
5689629
5689665
5689673
5689682
5689706
5689721
5689733
5689749
5689768
5689785
5689805
5689820
5689837
5689879
5689884
5689892
5689900
5689913
5689932
5689969
5689981
5690002
5690041
5690059
5690064
5690088
5690100
5690113
5690125
5690132
5690154
5690169
5690197
5690216
5690247
5690309
5690324
5690338
5690346
5690352
5690380
5690391
5690410
5690435
5690461
5690472
5690503
5690511
5690522
5690545
5690567
5690590
5690605
5690618
5690620
5690643
5690666
5690679
5690684
5690692
5690714
5690727
5690739
5690740
5690753
5690762
5690806
5690812
5690833
5690857
5690885
5690894
5690901
5690926
5690934
5690955
5690960
5690987
5691008
5691014
5691027
5691039
5691040
5691062
5691071
5691086
5691138
5691241
5691259
5691264
5691322
5691358
5691367
5691401
5691434
5691442
5691460
5691478
5691507
5691510
5691528
5691544
5691556
5691599
5691604
5691616
5691629
5691631
5691650
5691682
5691698
5691706
5691733
5691770
5691785
5691794
5691820
5691843
5691851
5691884
5691913
5691948
5691954
5691969
5691976
5691981
5692009
5692017
5692024
5692038
5692046
5692052
5692063
5692075
5692091
5692108
5692114
5692139
5692153
5692195
5692222
5692245
5692267
5692274
5692302
5692323
5692330
5692359
5692377
5692420
5692466
5692492
5692504
5692516
5692529
5692547
5692598
5692607
5692610
5692628
5692635
5692644
5692656
5692661
5692672
5692683
5692700
5692732
5692748
5692769
5692776
5692781
5692797
5692826
5692834
5692860
5692878
5692887
5692893
5692906
5692921
5692957
5692968
5693005
5693037
5693051
5693092
5693107
5693110
5693128
5693135
5693144
5693172
5693183
5693199
5693206
5693221
5693249
5693257
5693268
5693270
5693294
5693342
5693387
5693393
5693446
5693452
5693463
5693475
5693491
5693532
5693548
5693569
5693576
5693581
5693597
5693614
5693640
5693671
5693686
5693695
5693704
5693731
5693750
5693765
5693773
5693782
5693815
5693830
5693841
5693864
5693903
5693911
5693922
5693945
5693967
5693989
5694000
5694054
5694069
5694076
5694081
5694097
5694102
5694115
5694130
5694177
5694188
5694209
5694217
5694224
5694238
5694246
5694291
5694316
5694331
5694350
5694382
5694398
5694412
5694421
5694449
5694470
5694505
5694518
5694537
5694566
5694622
5694636
5694667
5694674
5694690
5694719
5694726
5694734
5694760
5694778
5694793
5694807
5694856
5694861
5694872
5694908
5694927
5694962
5695034
5695042
5695055
5695060
5695087
5695093
5695116
5695131
5695147
5695150
5695165
5695173
5695198
5695248
5695254
5695276
5695281
5695318
5695343
5695366
5695379
5695384
5695392
5695439
5695453
5695462
5695533
5695557
5695570
5695609
5695638
5695675
5695680
5695707
5695710
5695728
5695735
5695744
5695756
5695761
5695783
5695811
5695822
5695836
5695858
5695867
5695874
5695941
5695959
5695964
5695988
5695996
5696007
5696010
5696028
5696044
5696056
5696061
5696072
5696120
5696137
5696151
5696184
5696201
5696219
5696255
5696260
5696287
5696293
5696306
5696312
5696321
5696333
5696349
5696357
5696370
5696385
5696423
5696430
5696441
5696477
5696488
5696527
5696539
5696540
5696553
5696562
5696571
5696595
5696600
5696632
5696676
5696711
5696736
5696758
5696767
5696789
5696824
5696838
5696846
5696863
5696875
5696891
5696929
5696931
5696947
5696965
5696982
5697068
5697085
5697158
5697174
5697190
5697214
5697240
5697262
5697295
5697310
5697328
5697335
5697361
5697383
5697399
5697400
5697432
5697476
5697481
5697497
5697501
5697526
5697534
5697542
5697560
5697587
5697593
5697602
5697615
5697677
5697696
5697718
5697737
5697743
5697779
5697784
5697792
5697816
5697829
5697831
5697850
5697865
5697882
5697917
5697980
5697991
5698003
5698011
5698036
5698067
5698089
5698106
5698112
5698121
5698149
5698157
5698170
5698194
5698256
5698261
5698283
5698308
5698327
5698339
5698353
5698386
5698404
5698416
5698429
5698450
5698498
5698515
5698523
5698541
5698588
5698601
5698634
5698655
5698687
5698693
5698724
5698738
5698746
5698775
5698791
5698800
5698832
5698848
5698854
5698876
5698918
5698920
5698984
5698992
5699016
5699029
5699031
5699050
5699065
5699073
5699082
5699101
5699119
5699126
5699142
5699160
5699193
5699218
5699220
5699237
5699243
5699266
5699279
5699300
5699313
5699332
5699354
5699376
5699422
5699445
5699517
5699546
5699552
5699563
5699575
5699580
5699606
5699621
5699633
5699670
5699685
5699715
5699777
5699788
5699808
5699827
5699840
5699853
5699862
5699871
5699907
5699910
5699961
5699983
5699999
