5600102
5601343
5601988
5602004
5602458
5603655
5603951
5604154
5605288
5605879
5607539
5608463
5609492
5610137
5610441
5610595
5611207
5612253
5612344
5613566
5615489
5616030
5618027
5618733
5619728
5621279
5621397
5622318
5624891
5625036
5626139
5627181
5627197
5632523
5633840
5634245
5635304
5636060
5638118
5638846
5639410
5641009
5642976
5646591
5647013
5648197
5648346
5650305
5650506
5650533
5651061
5652206
5652653
5652798
5653108
5653405
5654411
5656027
5656629
5656721
5656757
5657170
5658578
5659013
5659551
5660267
5663539
5666084
5667495
5667915
5668907
5668910
5669045
5670142
5675824
5677040
5677535
5678565
5679233
5680122
5680497
5684011
5684149
5687489
5687886
5693640
5694566
5695198
5697310
5697718
5698106
5698450
