3800123
3800787
3801026
3801254
3801486
3801707
3801710
3801772
3801923
3801959
3802029
3802119
3802243
3802284
3802381
3802422
3802591
3802702
3802723
3802796
3803011
3803235
3803244
3803272
3803299
3803498
3803559
3803869
3804132
3804894
3805053
3805721
3805785
3805794
3806085
3806189
3806295
3806399
3806542
3806720
3806898
3807035
3807118
3807464
3807863
3807965
3808747
3808896
3808922
3809017
3809063
3809315
3809451
3809656
3809921
3810234
3810242
3810477
3810767
3810965
3811003
3811045
3811244
3811272
3811473
3811498
3811541
3811918
3811979
3812122
3812208
3812295
3812361
3812372
3812448
3812497
3812555
3812743
3812829
3812873
3812952
3813518
3813520
3813701
3813719
3813726
3813908
3814417
3814686
3814958
3815142
3815237
3815292
3815411
3815517
3815563
3815657
3815759
3815972
3816472
3816536
3816739
3816762
3817330
3817388
3817405
3817492
3817531
3817628
3817656
3817683
3817699
3817748
3817912
3817949
3818062
3818071
3818277
3818303
3818345
3818367
3818426
3818535
3818629
3818650
3818892
3818900
3819042
3819055
3819104
3819182
3819297
3819384
3819624
3819964
3820342
3820747
3820922
3820967
3820989
3821073
3821082
3821155
3821300
3821325
3821403
3821538
3821612
3821694
3821723
3821741
3821839
3822889
3822915
3823259
3823288
3824143
3824385
3824745
3825106
3825386
3825678
3826114
3826245
3827041
3827216
3827298
3827324
3827407
3827483
3827684
3827812
3827849
3828013
3828188
3828331
3828449
3828485
3828611
3828835
3829057
3829174
3829227
3829432
3829519
3829526
3829587
3829816
3829882
3830027
3830053
3831006
3831307
3831356
3831534
3831555
3831560
3831615
3831720
3831882
3832133
3832395
3832738
3833142
3833621
3833715
3833814
3833871
3833895
3834171
3834203
3834222
3834267
3834341
3835263
3835674
3835872
3836042
3836131
3836182
3836557
3836585
3836652
3836988
3837037
3837043
3837135
3837513
3837686
3838035
3838056
3838192
3838242
3838508
3838745
3838817
3839545
3839714
3839739
3839771
3839885
3840089
3840327
3840362
3840429
3840655
3840869
3841479
3841531
3841732
3841887
3842124
3842296
3842303
3842879
3843318
3843343
3843638
3843890
3844167
3844239
3844344
3844469
3844664
3844917
3845084
3845092
3845135
3845206
3845326
3845967
3846218
3846279
3846332
3846474
3846670
3846723
3846788
3846907
3846961
3847304
3847953
3848113
3848231
3848265
3848428
3848511
3849368
3849394
3849402
3850728
3850744
3850923
3850930
3850996
3851118
3851179
3851192
3851201
3851226
3852294
3852513
3852662
3852782
3852989
3853162
3853274
3853949
3854031
3854050
3854332
3854411
3854621
3854723
3855077
3855176
3855250
3855391
3855444
3855499
3855511
3855522
3855637
3855771
3855786
3855849
3856138
3856152
3856455
3856478
3856535
3856556
3856879
3857416
3857541
3857588
3857626
3857763
3857800
3857966
3858033
3858103
3858271
3858328
3858534
3858555
3858587
3858829
3859123
3859291
3859449
3859470
3859537
3859742
3859856
3859899
3860024
3860046
3860323
3860550
3861097
3861159
3861238
3861365
3861667
3861927
3862113
3862428
3862503
3862708
3862714
3862806
3862955
3863007
3863151
3863179
3863293
3863349
3863368
3863459
3863496
3863540
3863790
3864008
3864027
3864053
3864062
3864152
3864311
3864749
3864900
3865057
3865718
3865946
3866172
3866199
3866206
3866294
3866334
3866438
3866695
3866704
3867078
3867213
3867276
3867384
3867533
3867675
3867728
3867783
3868142
3868237
3868580
3868668
3868764
3868827
3868853
3869045
3869185
3869992
3870073
3870313
3870458
3870538
3871064
3871216
3871247
3871346
3871536
3871714
3871740
3871821
3872196
3872584
3872690
3872719
3872726
3872742
3873136
3873295
3873641
3873991
3874276
3874691
3874735
3874761
3874836
3874964
3875061
3875553
3875571
3875904
3875982
3876036
3876228
3876473
3876498
3876601
3876655
3876738
3876832
3877014
3877175
3877223
3877390
3877426
3877442
3877673
3877820
3877866
3877892
3877913
3878195
3878341
3878492
3878748
3878968
3879018
3879107
3879206
3879270
3879387
3879446
3879653
3879662
3879716
3880214
3880286
3880372
3880497
3881079
3881378
3881686
3881765
3882007
3882179
3882278
3882430
3882477
3882514
3882527
3882553
3883041
3883096
3883919
3883934
3883942
3883978
3884244
3884283
3884515
3884559
3884634
3884678
3884687
3884800
3884937
3885114
3885418
3885628
3885635
3885819
3885957
3886263
3886275
3886365
3886398
3886433
3886520
3886592
3886719
3886726
3886742
3886760
3886778
3886872
3886883
3887029
3887178
3887266
3887369
3887509
3887649
3887853
3888248
3888305
3888756
3888890
3889180
3889223
3889230
3889426
3889460
3889572
3889583
3889629
3889682
3889932
3889969
3890511
3890620
3890740
3890849
3890857
3890885
3890919
3890993
3891062
3891426
3891510
3891528
3891544
3891616
3891647
3891837
3891892
3892140
3892451
3892516
3892531
3892683
3893334
3893525
3893936
3893958
3894164
3894457
3894470
3894518
3894566
3894793
3894971
3895225
3895305
3895366
3895744
3895822
3895858
3896242
3896571
3896703
3896745
3896774
3897271
3897448
3897743
3897850
3897909
3898362
3898502
3898564
3898687
3899193
3899369
3899524
3899546
3899552
3899715
3899808
3899814
3899839
3899956
3899972
