3800000
3800013
3800025
3800032
3800048
3800054
3800069
3800076
3800081
3800097
3800102
3800115
3800123
3800130
3800141
3800159
3800177
3800188
3800196
3800209
3800217
3800224
3800238
3800246
3800252
3800263
3800275
3800280
3800291
3800304
3800316
3800329
3800347
3800350
3800365
3800373
3800382
3800398
3800406
3800412
3800421
3800433
3800449
3800457
3800468
3800470
3800485
3800494
3800505
3800520
3800537
3800543
3800551
3800566
3800584
3800592
3800603
3800611
3800622
3800636
3800645
3800658
3800667
3800674
3800690
3800701
3800719
3800726
3800734
3800755
3800760
3800778
3800787
3800793
3800807
3800810
3800828
3800835
3800844
3800856
3800861
3800883
3800899
3800908
3800914
3800927
3800939
3800940
3800953
3800962
3800971
3800986
3800995
3801001
3801019
3801026
3801034
3801042
3801055
3801060
3801078
3801087
3801093
3801104
3801116
3801129
3801131
3801147
3801150
3801165
3801173
3801182
3801198
3801200
3801213
3801225
3801232
3801248
3801254
3801269
3801276
3801281
3801297
3801305
3801318
3801320
3801337
3801343
3801351
3801384
3801392
3801408
3801414
3801427
3801439
3801440
3801453
3801462
3801486
3801495
3801506
3801512
3801533
3801549
3801557
3801568
3801570
3801585
3801594
3801609
3801617
3801624
3801638
3801646
3801652
3801663
3801675
3801691
3801707
3801710
3801728
3801744
3801756
3801761
3801772
3801783
3801799
3801803
3801811
3801822
3801836
3801845
3801858
3801867
3801874
3801889
3801890
3801902
3801923
3801930
3801941
3801959
3801964
3801977
3801988
3801996
3802004
3802016
3802029
3802047
3802050
3802065
3802073
3802082
3802098
3802101
3802119
3802126
3802134
3802142
3802178
3802193
3802205
3802218
3802237
3802243
3802251
3802266
3802279
3802284
3802292
3802300
3802313
3802325
3802332
3802348
3802354
3802369
3802376
3802381
3802397
3802403
3802411
3802422
3802436
3802445
3802458
3802467
3802474
3802489
3802509
3802517
3802524
3802538
3802546
3802552
3802563
3802575
3802580
3802591
3802606
3802612
3802633
3802649
3802657
3802668
3802670
3802694
3802702
3802715
3802723
3802741
3802759
3802764
3802777
3802788
3802796
3802808
3802814
3802827
3802839
3802840
3802853
3802862
3802871
3802886
3802895
3802907
3802910
3802928
3802935
3802944
3802956
3802961
3802972
3802983
3802999
3803003
3803011
3803022
3803036
3803045
3803058
3803067
3803074
3803089
3803090
3803106
3803121
3803133
3803157
3803168
3803170
3803185
3803194
3803207
3803210
3803228
3803235
3803244
3803256
3803261
3803272
3803283
3803299
3803308
3803314
3803327
3803339
3803340
3803353
3803362
3803371
3803386
3803395
3803404
3803416
3803429
3803447
3803450
3803465
3803473
3803482
3803498
3803502
3803515
3803523
3803530
3803559
3803564
3803577
3803588
3803596
3803601
3803619
3803626
3803634
3803642
3803655
3803660
3803678
3803687
3803693
3803709
3803724
3803738
3803746
3803763
3803775
3803780
3803800
3803813
3803825
3803832
3803848
3803854
3803869
3803876
3803881
3803897
3803905
3803918
3803920
3803937
3803943
3803951
3803966
3803979
3803984
3803992
3804002
3804015
3804023
3804030
3804041
3804059
3804064
3804077
3804088
3804096
3804100
3804113
3804125
3804132
3804148
3804154
3804169
3804176
3804181
3804204
3804216
3804229
3804231
3804247
3804250
3804265
3804273
3804282
3804298
3804309
3804317
3804324
3804338
3804346
3804352
3804363
3804375
3804380
3804391
3804407
3804410
3804428
3804435
3804444
3804456
3804461
3804472
3804483
3804499
3804503
3804511
3804522
3804536
3804545
3804567
3804574
3804589
3804590
3804605
3804618
3804620
3804637
3804643
3804651
3804666
3804679
3804684
3804692
3804708
3804714
3804727
3804739
3804753
3804762
3804771
3804795
3804806
3804812
3804821
3804849
3804868
3804870
3804894
3804901
3804919
3804926
3804934
3804942
3804960
3804987
3804993
3805008
3805014
3805027
3805039
3805040
3805053
3805062
3805071
3805086
3805095
3805109
3805117
3805124
3805138
3805146
3805152
3805163
3805191
3805202
3805223
3805230
3805241
3805259
3805264
3805277
3805288
3805296
3805303
3805311
3805322
3805336
3805345
3805358
3805367
3805374
3805389
3805390
3805401
3805419
3805426
3805434
3805442
3805455
3805460
3805478
3805487
3805493
3805507
3805510
3805528
3805535
3805544
3805556
3805561
3805572
3805599
3805604
3805616
3805631
3805647
3805650
3805665
3805673
3805682
3805698
3805706
3805712
3805721
3805733
3805749
3805757
3805768
3805770
3805785
3805794
3805805
3805818
3805837
3805866
3805879
3805884
3805892
3805900
3805913
3805925
3805932
3805948
3805954
3805969
3805976
3805981
3805997
3806006
3806012
3806021
3806033
3806049
3806057
3806068
3806070
3806085
3806094
3806103
3806111
3806122
3806136
3806145
3806158
3806167
3806174
3806189
3806190
3806208
3806214
3806227
3806239
3806240
3806253
3806262
3806271
3806286
3806295
3806310
3806335
3806356
3806372
3806383
3806399
3806400
3806413
3806425
3806432
3806448
3806454
3806469
3806476
3806481
3806497
3806501
3806519
3806526
3806534
3806542
3806555
3806560
3806578
3806587
3806593
3806602
3806630
3806659
3806664
3806677
3806688
3806696
3806705
3806718
3806720
3806743
3806751
3806766
3806779
3806784
3806792
3806804
3806816
3806829
3806831
3806847
3806850
3806865
3806873
3806882
3806898
3806909
3806917
3806938
3806946
3806952
3806963
3806975
3806980
3806991
3807007
3807010
3807028
3807035
3807044
3807056
3807061
3807072
3807083
3807099
3807105
3807118
3807137
3807143
3807166
3807179
3807184
3807192
3807201
3807219
3807226
3807234
3807242
3807255
3807260
3807278
3807287
3807293
3807306
3807312
3807321
3807333
3807349
3807368
3807385
3807394
3807402
3807415
3807430
3807441
3807464
3807477
3807488
3807496
3807514
3807527
3807539
3807540
3807553
3807562
3807571
3807586
3807595
3807600
3807613
3807625
3807632
3807648
3807654
3807669
3807676
3807681
3807697
3807703
3807711
3807722
3807736
3807745
3807758
3807774
3807789
3807790
3807809
3807817
3807824
3807838
3807846
3807852
3807863
3807880
3807891
3807904
3807916
3807929
3807931
3807947
3807950
3807965
3807973
3807982
3807998
3808005
3808018
3808020
3808037
3808043
3808051
3808066
3808079
3808084
3808092
3808107
3808110
3808128
3808135
3808156
3808161
3808183
3808206
3808212
3808233
3808257
3808268
3808270
3808285
3808294
3808301
3808319
3808326
3808334
3808342
3808355
3808360
3808378
3808387
3808393
3808409
3808417
3808424
3808438
3808446
3808452
3808463
3808475
3808480
3808500
3808513
3808525
3808532
3808548
3808554
3808569
3808576
3808581
3808597
3808614
3808627
3808639
3808640
3808653
3808662
3808671
3808686
3808695
3808716
3808729
3808731
3808747
3808750
3808765
3808782
3808798
3808802
3808815
3808830
3808841
3808859
3808864
3808888
3808896
3808903
3808911
3808922
3808936
3808945
3808958
3808967
3808974
3808989
3808990
3809009
3809017
3809024
3809038
3809046
3809052
3809063
3809075
3809080
3809091
3809108
3809114
3809127
3809139
3809140
3809153
3809162
3809171
3809195
3809203
3809211
3809222
3809236
3809245
3809258
3809274
3809289
3809290
3809302
3809315
3809330
3809341
3809359
3809364
3809377
3809388
3809396
3809405
3809418
3809420
3809437
3809451
3809466
3809479
3809492
3809504
3809516
3809529
3809531
3809547
3809550
3809565
3809573
3809598
3809607
3809610
3809635
3809644
3809656
3809661
3809672
3809683
3809699
3809713
3809725
3809732
3809748
3809754
3809769
3809776
3809781
3809801
3809819
3809826
3809842
3809878
3809887
3809893
3809906
3809912
3809921
3809933
3809949
3809957
3809968
3809970
3809985
3809994
3810007
3810010
3810028
3810035
3810044
3810061
3810072
3810083
3810105
3810118
3810120
3810137
3810143
3810151
3810166
3810179
3810184
3810201
3810219
3810226
3810234
3810242
3810255
3810260
3810278
3810287
3810293
3810306
3810312
3810321
3810349
3810368
3810370
3810385
3810394
3810415
3810423
3810430
3810441
3810459
3810477
3810488
3810496
3810508
3810514
3810527
3810539
3810540
3810553
3810562
3810571
3810586
3810595
3810613
3810632
3810648
3810654
3810669
3810676
3810681
3810697
3810703
3810711
3810722
3810736
3810745
3810758
3810767
3810774
3810789
3810790
3810809
3810817
3810824
3810838
3810846
3810852
3810863
3810875
3810880
3810891
3810904
3810916
3810929
3810931
3810947
3810950
3810965
3810973
3810982
3810998
3811003
3811011
3811022
3811036
3811045
3811058
3811067
3811074
3811089
3811090
3811121
3811133
3811149
3811157
3811168
3811170
3811185
3811194
3811207
3811210
3811228
3811235
3811244
3811256
3811272
3811283
3811299
3811308
3811314
3811327
3811339
3811340
3811353
3811371
3811386
3811395
3811404
3811416
3811429
3811431
3811447
3811450
3811465
3811473
3811498
3811502
3811515
3811523
3811530
3811541
3811559
3811564
3811577
3811588
3811596
3811601
3811619
3811626
3811634
3811642
3811655
3811660
3811678
3811687
3811693
3811709
3811717
3811724
3811738
3811746
3811752
3811763
3811775
3811780
3811791
3811800
3811813
3811825
3811832
3811848
3811854
3811869
3811876
3811881
3811897
3811905
3811918
3811920
3811937
3811951
3811966
3811979
3811984
3811992
3812012
3812021
3812033
3812057
3812068
3812070
3812094
3812103
3812111
3812122
3812136
3812145
3812158
3812174
3812189
3812190
3812208
3812214
3812227
3812239
3812240
3812253
3812262
3812286
3812295
3812307
3812310
3812328
3812335
3812344
3812356
3812361
3812372
3812383
3812399
3812413
3812425
3812432
3812448
3812454
3812476
3812481
3812497
3812501
3812519
3812526
3812534
3812542
3812555
3812560
3812578
3812587
3812593
3812602
3812615
3812630
3812641
3812659
3812664
3812688
3812718
3812720
3812737
3812743
3812751
3812766
3812779
3812784
3812792
3812804
3812816
3812829
3812831
3812847
3812850
3812865
3812873
3812882
3812898
3812909
3812924
3812938
3812946
3812952
3812963
3812975
3812980
3812991
3813000
3813013
3813025
3813032
3813048
3813054
3813069
3813076
3813081
3813097
3813115
3813123
3813130
3813141
3813159
3813164
3813196
3813209
3813217
3813224
3813238
3813252
3813263
3813275
3813280
3813291
3813304
3813316
3813329
3813331
3813347
3813350
3813365
3813373
3813382
3813398
3813406
3813421
3813433
3813449
3813457
3813470
3813485
3813494
3813518
3813520
3813537
3813543
3813551
3813566
3813579
3813584
3813592
3813603
3813611
3813622
3813636
3813645
3813658
3813667
3813689
3813690
3813701
3813719
3813726
3813734
3813742
3813755
3813760
3813778
3813787
3813793
3813807
3813810
3813828
3813835
3813844
3813856
3813872
3813883
3813899
3813908
3813914
3813927
3813939
3813940
3813953
3813971
3813986
3813995
3814018
3814020
3814037
3814043
3814051
3814066
3814079
3814084
3814092
3814107
3814110
3814128
3814135
3814144
3814156
3814161
3814183
3814206
3814212
3814221
3814249
3814257
3814268
3814270
3814285
3814294
3814301
3814319
3814326
3814334
3814342
3814355
3814360
3814378
3814409
3814417
3814424
3814438
3814446
3814452
3814463
3814475
3814480
3814491
3814500
3814513
3814525
3814532
3814569
3814576
3814597
3814608
3814614
3814627
3814639
3814653
3814662
3814671
3814686
3814695
3814704
3814716
3814729
3814731
3814747
3814750
3814765
3814773
3814782
3814802
3814815
3814823
3814830
3814841
3814864
3814877
3814888
3814896
3814903
3814911
3814922
3814936
3814945
3814958
3814974
3814989
3814990
3815004
3815016
3815031
3815047
3815050
3815073
3815082
3815101
3815119
3815126
3815134
3815142
3815155
3815160
3815178
3815187
3815193
3815205
3815218
3815220
3815237
3815243
3815251
3815266
3815279
3815284
3815292
3815300
3815313
3815325
3815332
3815348
3815354
3815376
3815381
3815397
3815403
3815411
3815422
3815436
3815445
3815458
3815467
3815474
3815490
3815509
3815517
3815524
3815538
3815546
3815552
3815563
3815575
3815580
3815591
3815606
3815612
3815621
3815633
3815649
3815657
3815668
3815685
3815694
3815702
3815730
3815741
3815759
3815764
3815777
3815788
3815796
3815808
3815814
3815827
3815839
3815840
3815853
3815862
3815871
3815886
3815910
3815928
3815935
3815944
3815956
3815961
3815972
3815983
3815999
3816002
3816015
3816023
3816041
3816059
3816064
3816077
3816088
3816096
3816100
3816113
3816125
3816148
3816154
3816169
3816176
3816181
3816197
3816204
3816216
3816229
3816231
3816247
3816250
3816265
3816273
3816282
3816298
3816309
3816317
3816324
3816346
3816352
3816363
3816375
3816380
3816391
3816407
3816410
3816428
3816435
3816444
3816456
3816461
3816472
3816483
3816499
3816503
3816511
3816522
3816536
3816545
3816558
3816567
3816574
3816589
3816590
3816605
3816618
3816620
3816637
3816643
3816651
3816666
3816679
3816684
3816692
3816708
3816714
3816727
3816739
3816740
3816753
3816762
3816786
3816795
3816806
3816812
3816821
3816833
3816849
3816857
3816868
3816870
3816885
3816894
3816901
3816926
3816934
3816942
3816960
3816978
3816987
3816993
3817009
3817017
3817024
3817038
3817046
3817052
3817063
3817075
3817080
3817091
3817108
3817114
3817127
3817139
3817140
3817153
3817162
3817171
3817186
3817203
3817211
3817222
3817236
3817245
3817258
3817267
3817274
3817289
3817290
3817302
3817315
3817323
3817330
3817341
3817359
3817364
3817377
3817388
3817396
3817405
3817418
3817420
3817437
3817443
3817451
3817466
3817479
3817484
3817492
3817504
3817516
3817529
3817531
3817547
3817550
3817573
3817582
3817598
3817607
3817610
3817628
3817635
3817644
3817656
3817661
3817672
3817683
3817699
3817700
3817713
3817725
3817748
3817754
3817769
3817776
3817781
3817797
3817801
3817819
3817826
3817834
3817842
3817855
3817860
3817878
3817887
3817893
3817906
3817912
3817921
3817933
3817949
3817957
3817970
3817985
3817994
3818027
3818039
3818040
3818053
3818062
3818071
3818086
3818109
3818117
3818124
3818138
3818146
3818152
3818163
3818175
3818180
3818191
3818215
3818223
3818230
3818241
3818259
3818264
3818277
3818288
3818296
3818303
3818322
3818336
3818345
3818358
3818367
3818374
3818389
3818390
3818401
3818419
3818426
3818434
3818442
3818455
3818460
3818478
3818487
3818493
3818507
3818510
3818528
3818535
3818544
3818556
3818561
3818572
3818583
3818599
3818616
3818629
3818631
3818647
3818650
3818665
3818673
3818682
3818698
3818706
3818712
3818721
3818733
3818757
3818768
3818770
3818785
3818794
3818805
3818818
3818820
3818837
3818843
3818851
3818866
3818879
3818884
3818892
3818900
3818913
3818925
3818932
3818948
3818954
3818969
3818976
3818981
3818997
3819001
3819019
3819026
3819034
3819042
3819055
3819060
3819078
3819087
3819104
3819116
3819129
3819147
3819150
3819165
3819173
3819182
3819198
3819200
3819225
3819232
3819248
3819254
3819269
3819276
3819281
3819297
3819305
3819318
3819337
3819343
3819351
3819379
3819384
3819392
3819408
3819414
3819427
3819440
3819453
3819462
3819471
3819486
3819495
3819512
3819521
3819533
3819549
3819557
3819568
3819570
3819594
3819609
3819617
3819624
3819638
3819646
3819652
3819663
3819675
3819680
3819691
3819707
3819710
3819728
3819735
3819756
3819761
3819772
3819783
3819799
3819803
3819811
3819822
3819858
3819867
3819874
3819890
3819902
3819915
3819923
3819930
3819941
3819959
3819964
3819977
3819996
3820020
3820037
3820043
3820051
3820066
3820079
3820084
3820092
3820107
3820110
3820128
3820135
3820144
3820156
3820161
3820172
3820183
3820199
3820212
3820221
3820233
3820249
3820257
3820268
3820270
3820285
3820294
3820301
3820319
3820326
3820334
3820342
3820355
3820360
3820387
3820393
3820409
3820417
3820424
3820438
3820446
3820452
3820463
3820475
3820480
3820491
3820500
3820513
3820525
3820532
3820548
3820554
3820569
3820576
3820581
3820597
3820608
3820614
3820627
3820640
3820653
3820662
3820671
3820686
3820704
3820716
3820729
3820731
3820747
3820750
3820765
3820773
3820802
3820815
3820823
3820830
3820841
3820859
3820864
3820877
3820888
3820896
3820903
3820911
3820922
3820936
3820945
3820958
3820967
3820974
3820989
3821004
3821016
3821029
3821031
3821047
3821050
3821065
3821073
3821082
3821098
3821101
3821119
3821126
3821134
3821142
3821155
3821178
3821187
3821193
3821205
3821218
3821237
3821243
3821251
3821266
3821279
3821284
3821292
3821300
3821313
3821325
3821332
3821348
3821354
3821369
3821376
3821381
3821397
3821403
3821422
3821436
3821458
3821467
3821474
3821489
3821490
3821509
3821517
3821524
3821538
3821546
3821552
3821563
3821575
3821580
3821591
3821606
3821612
3821621
3821649
3821657
3821668
3821670
3821685
3821694
3821702
3821715
3821723
3821730
3821741
3821759
3821764
3821777
3821788
3821808
3821814
3821827
3821839
3821840
3821853
3821862
3821871
3821886
3821895
3821907
3821910
3821928
3821935
3821944
3821956
3821961
3821972
3821983
3821999
3822019
3822026
3822034
3822042
3822055
3822060
3822078
3822087
3822093
3822104
3822116
3822129
3822131
3822147
3822150
3822165
3822173
3822182
3822198
3822200
3822213
3822225
3822232
3822254
3822269
3822276
3822281
3822297
3822305
3822318
3822320
3822337
3822343
3822351
3822384
3822392
3822408
3822414
3822427
3822439
3822440
3822453
3822462
3822471
3822486
3822495
3822506
3822512
3822521
3822533
3822549
3822557
3822568
3822570
3822585
3822594
3822609
3822617
3822624
3822638
3822652
3822663
3822675
3822680
3822691
3822710
3822728
3822735
3822756
3822761
3822772
3822783
3822799
3822803
3822811
3822822
3822836
3822845
3822858
3822867
3822874
3822889
3822890
3822902
3822915
3822923
3822941
3822959
3822964
3822988
3822996
3823008
3823014
3823027
3823039
3823040
3823053
3823062
3823071
3823086
3823095
3823109
3823117
3823138
3823146
3823163
3823175
3823180
3823191
3823202
3823223
3823230
3823241
3823259
3823264
3823288
3823296
3823303
3823311
3823322
3823336
3823345
3823358
3823367
3823374
3823389
3823390
3823401
3823419
3823426
3823434
3823442
3823455
3823460
3823478
3823487
3823507
3823510
3823528
3823535
3823544
3823556
3823561
3823572
3823583
3823599
3823604
3823616
3823629
3823631
3823650
3823665
3823673
3823682
3823698
3823706
3823712
3823721
3823733
3823749
3823757
3823768
3823770
3823785
3823794
3823805
3823818
3823820
3823837
3823843
3823851
3823866
3823879
3823884
3823892
3823900
3823913
3823925
3823932
3823954
3823969
3823976
3823981
3823997
3824007
3824010
3824028
3824035
3824044
3824061
3824072
3824083
3824099
3824105
3824118
3824120
3824137
3824143
3824151
3824179
3824192
3824201
3824219
3824226
3824234
3824242
3824260
3824278
3824287
3824293
3824306
3824312
3824321
3824333
3824349
3824357
3824368
3824370
3824385
3824394
3824402
3824415
3824423
3824430
3824441
3824459
3824464
3824477
3824488
3824496
3824508
3824514
3824527
3824540
3824553
3824562
3824571
3824600
3824625
3824632
3824648
3824654
3824669
3824676
3824681
3824697
3824703
3824711
3824722
3824736
3824745
3824758
3824767
3824774
3824789
3824790
3824809
3824817
3824846
3824852
3824863
3824875
3824880
3824891
3824904
3824916
3824929
3824931
3824950
3824965
3824973
3824982
3824998
3825003
3825011
3825022
3825036
3825045
3825058
3825067
3825074
3825089
3825090
3825106
3825112
3825133
3825149
3825157
3825168
3825170
3825185
3825194
3825207
3825210
3825228
3825235
3825244
3825256
3825261
3825272
3825283
3825299
3825308
3825327
3825339
3825340
3825353
3825371
3825386
3825395
3825404
3825416
3825429
3825431
3825447
3825450
3825465
3825473
3825482
3825498
3825502
3825515
3825523
3825530
3825541
3825559
3825564
3825577
3825588
3825596
3825619
3825626
3825634
3825642
3825655
3825660
3825678
3825687
3825693
3825709
3825717
3825738
3825746
3825752
3825763
3825775
3825780
3825791
3825800
3825813
3825825
3825832
3825848
3825876
3825881
3825897
3825905
3825918
3825920
3825937
3825943
3825951
3825966
3825979
3825984
3826009
3826017
3826024
3826038
3826046
3826052
3826063
3826075
3826080
3826091
3826108
3826114
3826127
3826139
3826140
3826153
3826162
3826186
3826195
3826203
3826211
3826222
3826236
3826245
3826258
3826267
3826274
3826289
3826290
3826302
3826315
3826323
3826330
3826359
3826364
3826377
3826388
3826396
3826405
3826418
3826437
3826443
3826451
3826466
3826479
3826484
3826492
3826504
3826516
3826529
3826547
3826550
3826565
3826573
3826582
3826598
3826607
3826628
3826635
3826656
3826661
3826672
3826683
3826699
3826700
3826713
3826725
3826754
3826769
3826776
3826781
3826797
3826801
3826819
3826826
3826834
3826842
3826855
3826860
3826878
3826887
3826906
3826912
3826921
3826933
3826949
3826957
3826968
3826970
3826994
3827002
3827015
3827023
3827030
3827041
3827059
3827064
3827077
3827088
3827096
3827100
3827113
3827125
3827148
3827154
3827169
3827176
3827181
3827197
3827204
3827216
3827229
3827231
3827247
3827250
3827265
3827273
3827282
3827298
3827317
3827324
3827338
3827352
3827363
3827375
3827380
3827391
3827407
3827428
3827444
3827456
3827461
3827472
3827483
3827499
3827503
3827511
3827522
3827536
3827567
3827574
3827589
3827590
3827605
3827618
3827620
3827637
3827643
3827651
3827666
3827679
3827684
3827692
3827708
3827714
3827727
3827739
3827740
3827753
3827762
3827771
3827786
3827795
3827806
3827812
3827833
3827849
3827857
3827868
3827870
3827885
3827894
3827901
3827919
3827926
3827942
3827955
3827960
3827978
3827993
3828000
3828013
3828025
3828032
3828048
3828054
3828069
3828076
3828081
3828097
3828115
3828123
3828130
3828141
3828159
3828164
3828177
3828188
3828196
3828209
3828217
3828224
3828246
3828252
3828263
3828275
3828280
3828291
3828304
3828316
3828329
3828331
3828347
3828350
3828365
3828398
3828406
3828421
3828433
3828449
3828457
3828468
3828470
3828485
3828494
3828505
3828518
3828520
3828537
3828543
3828551
3828566
3828579
3828584
3828592
3828603
3828611
3828622
3828636
3828645
3828667
3828674
3828689
3828690
3828701
3828719
3828726
3828734
3828742
3828755
3828760
3828787
3828793
3828828
3828835
3828844
3828856
3828861
3828872
3828883
3828899
3828908
3828914
3828927
3828939
3828940
3828953
3828962
3828971
3828986
3828995
3829006
3829012
3829021
3829033
3829049
3829057
3829068
3829085
3829094
3829103
3829111
3829122
3829136
3829145
3829158
3829167
3829174
3829189
3829190
3829208
3829214
3829227
3829240
3829253
3829262
3829271
3829286
3829295
3829307
3829310
3829328
3829335
3829356
3829361
3829372
3829383
3829399
3829400
3829413
3829425
3829432
3829448
3829454
3829469
3829476
3829481
3829497
3829501
3829519
3829526
3829534
3829542
3829555
3829560
3829578
3829587
3829593
3829602
3829615
3829623
3829630
3829641
3829659
3829664
3829677
3829696
3829705
3829718
3829720
3829737
3829743
3829751
3829766
3829779
3829784
3829792
3829804
3829816
3829829
3829831
3829847
3829850
3829865
3829873
3829882
3829898
3829909
3829917
3829924
3829938
3829952
3829963
3829975
3829980
3829991
3830008
3830014
3830027
3830039
3830040
3830053
3830062
3830071
3830086
3830109
3830117
3830138
3830146
3830152
3830163
3830175
3830180
3830191
3830202
3830215
3830223
3830230
3830241
3830259
3830264
3830277
3830288
3830296
3830303
3830322
3830336
3830345
3830367
3830374
3830389
3830390
3830401
3830419
3830426
3830434
3830442
3830455
3830460
3830478
3830487
3830493
3830507
3830510
3830528
3830535
3830544
3830556
3830561
3830572
3830583
3830599
3830604
3830616
3830629
3830631
3830650
3830665
3830673
3830682
3830698
3830706
3830712
3830721
3830733
3830749
3830757
3830768
3830785
3830794
3830805
3830818
3830820
3830837
3830843
3830851
3830866
3830879
3830884
3830892
3830900
3830925
3830932
3830948
3830954
3830969
3830976
3830997
3831006
3831012
3831021
3831033
3831057
3831068
3831070
3831085
3831094
3831103
3831111
3831122
3831136
3831145
3831167
3831174
3831189
3831208
3831214
3831227
3831239
3831240
3831253
3831262
3831271
3831286
3831295
3831307
3831310
3831335
3831344
3831356
3831361
3831372
3831399
3831400
3831413
3831425
3831432
3831448
3831454
3831469
3831476
3831481
3831497
3831501
3831519
3831534
3831542
3831555
3831560
3831578
3831587
3831593
3831602
3831615
3831630
3831641
3831659
3831664
3831677
3831688
3831696
3831705
3831718
3831720
3831737
3831743
3831751
3831766
3831779
3831784
3831792
3831804
3831816
3831829
3831831
3831847
3831850
3831865
3831873
3831882
3831898
3831909
3831917
3831924
3831938
3831946
3831952
3831963
3831975
3831991
3832003
3832011
3832022
3832036
3832045
3832058
3832067
3832074
3832089
3832090
3832106
3832112
3832121
3832133
3832149
3832157
3832170
3832185
3832194
3832210
3832228
3832235
3832244
3832261
3832283
3832299
3832308
3832314
3832327
3832339
3832340
3832353
3832362
3832386
3832395
3832416
3832429
3832431
3832450
3832465
3832473
3832482
3832498
3832502
3832515
3832523
3832530
3832541
3832559
3832564
3832577
3832588
3832596
3832601
3832619
3832626
3832634
3832642
3832655
3832660
3832678
3832687
3832693
3832709
3832717
3832724
3832738
3832746
3832752
3832763
3832775
3832780
3832791
3832800
3832813
3832825
3832832
3832848
3832854
3832869
3832876
3832881
3832897
3832905
3832920
3832937
3832943
3832951
3832979
3832984
3832992
3833004
3833016
3833029
3833047
3833050
3833065
3833073
3833082
3833098
3833101
3833119
3833126
3833134
3833142
3833155
3833178
3833187
3833193
3833205
3833218
3833220
3833237
3833243
3833251
3833266
3833279
3833284
3833292
3833300
3833313
3833325
3833348
3833354
3833369
3833376
3833381
3833397
3833403
3833411
3833422
3833436
3833445
3833458
3833467
3833474
3833489
3833490
3833509
3833517
3833538
3833546
3833552
3833563
3833575
3833580
3833591
3833606
3833612
3833621
3833633
3833668
3833670
3833685
3833694
3833702
3833715
3833723
3833730
3833741
3833759
3833777
3833796
3833808
3833814
3833827
3833839
3833840
3833853
3833862
3833871
3833886
3833895
3833907
3833910
3833928
3833935
3833944
3833956
3833961
3833972
3833983
3833999
3834009
3834017
3834024
3834038
3834046
3834052
3834063
3834075
3834080
3834091
3834108
3834114
3834127
3834139
3834140
3834153
3834162
3834171
3834186
3834195
3834203
3834211
3834222
3834236
3834245
3834258
3834267
3834289
3834290
3834302
3834315
3834330
3834341
3834364
3834377
3834388
3834396
3834405
3834418
3834437
3834451
3834466
3834479
3834484
3834492
3834504
3834516
3834531
3834547
3834550
3834573
3834582
3834598
3834607
3834610
3834635
3834644
3834656
3834661
3834672
3834683
3834699
3834700
3834713
3834725
3834732
3834748
3834754
3834769
3834776
3834781
3834797
3834801
3834819
3834826
3834834
3834842
3834855
3834860
3834878
3834887
3834893
3834906
3834912
3834921
3834933
3834949
3834970
3834985
3835000
3835013
3835025
3835032
3835048
3835054
3835076
3835081
3835097
3835102
3835115
3835130
3835164
3835177
3835188
3835209
3835217
3835224
3835238
3835246
3835252
3835263
3835275
3835280
3835291
3835304
3835316
3835329
3835331
3835347
3835350
3835365
3835373
3835382
3835398
3835406
3835412
3835421
3835433
3835449
3835457
3835468
3835470
3835485
3835494
3835505
3835518
3835520
3835537
3835543
3835551
3835566
3835579
3835584
3835592
3835603
3835611
3835622
3835636
3835645
3835658
3835667
3835674
3835690
3835701
3835719
3835726
3835734
3835742
3835755
3835760
3835778
3835787
3835793
3835810
3835828
3835835
3835844
3835861
3835872
3835883
3835908
3835914
3835927
3835939
3835940
3835953
3835962
3835971
3835986
3835995
3836001
3836019
3836026
3836042
3836055
3836078
3836087
3836093
3836104
3836116
3836129
3836131
3836147
3836150
3836165
3836173
3836182
3836198
3836200
3836213
3836225
3836248
3836269
3836276
3836297
3836305
3836318
3836320
3836337
3836343
3836351
3836384
3836392
3836408
3836414
3836427
3836439
3836440
3836453
3836471
3836486
3836495
3836506
3836512
3836521
3836533
3836549
3836557
3836568
3836570
3836585
3836594
3836609
3836617
3836638
3836646
3836652
3836663
3836675
3836680
3836691
3836707
3836710
3836728
3836735
3836744
3836756
3836761
3836772
3836799
3836803
3836811
3836822
3836836
3836845
3836858
3836874
3836889
3836890
3836902
3836915
3836923
3836930
3836941
3836959
3836964
3836977
3836988
3836996
3837005
3837018
3837020
3837037
3837043
3837051
3837066
3837079
3837084
3837092
3837107
3837110
3837128
3837135
3837144
3837156
3837161
3837172
3837183
3837199
3837206
3837212
3837221
3837233
3837257
3837268
3837270
3837285
3837294
3837301
3837319
3837326
3837342
3837355
3837360
3837378
3837387
3837393
3837409
3837417
3837424
3837438
3837452
3837463
3837475
3837480
3837491
3837500
3837513
3837525
3837532
3837548
3837554
3837569
3837576
3837581
3837597
3837608
3837614
3837627
3837639
3837640
3837662
3837671
3837686
3837695
3837704
3837716
3837729
3837731
3837747
3837750
3837765
3837773
3837782
3837798
3837802
3837815
3837830
3837841
3837859
3837864
3837877
3837888
3837896
3837903
3837922
3837936
3837945
3837958
3837967
3837989
3837990
3838010
3838028
3838035
3838044
3838056
3838061
3838072
3838083
3838099
3838118
3838137
3838143
3838151
3838179
3838192
3838201
3838219
3838226
3838234
3838242
3838255
3838260
3838278
3838287
3838293
3838306
3838321
3838333
3838357
3838368
3838385
3838394
3838402
3838415
3838423
3838430
3838441
3838459
3838464
3838477
3838488
3838496
3838508
3838514
3838527
3838539
3838540
3838553
3838571
3838586
3838595
3838600
3838613
3838625
3838632
3838648
3838654
3838669
3838676
3838681
3838697
3838703
3838711
3838722
3838736
3838745
3838767
3838774
3838789
3838790
3838809
3838817
3838824
3838838
3838846
3838863
3838875
3838880
3838891
3838904
3838929
3838931
3838947
3838950
3838965
3838973
3838982
3838998
3839002
3839015
3839023
3839030
3839041
3839059
3839077
3839088
3839096
3839100
3839113
3839125
3839148
3839154
3839169
3839197
3839204
3839229
3839231
3839247
3839250
3839273
3839282
3839298
3839309
3839317
3839324
3839338
3839346
3839352
3839363
3839375
3839380
3839391
3839407
3839410
3839428
3839435
3839444
3839456
3839461
3839472
3839483
3839499
3839503
3839511
3839536
3839545
3839558
3839567
3839574
3839589
3839590
3839605
3839618
3839620
3839637
3839643
3839651
3839666
3839679
3839684
3839692
3839714
3839727
3839739
3839740
3839753
3839762
3839771
3839786
3839795
3839812
3839821
3839833
3839849
3839857
3839868
3839885
3839894
3839901
3839926
3839934
3839955
3839960
3839978
3839987
3839993
3840003
3840011
3840022
3840036
3840045
3840058
3840067
3840074
3840089
3840090
3840106
3840112
3840149
3840157
3840170
3840185
3840194
3840210
3840228
3840235
3840244
3840261
3840272
3840283
3840299
3840314
3840327
3840339
3840340
3840353
3840362
3840386
3840395
3840404
3840416
3840429
3840431
3840447
3840450
3840465
3840473
3840498
3840502
3840515
3840523
3840530
3840541
3840559
3840577
3840588
3840596
3840619
3840626
3840634
3840642
3840655
3840660
3840678
3840687
3840693
3840709
3840717
3840724
3840738
3840746
3840752
3840775
3840780
3840791
3840813
3840825
3840832
3840848
3840869
3840876
3840881
3840897
3840905
3840918
3840920
3840937
3840951
3840966
3840979
3840984
3840992
3841009
3841017
3841024
3841038
3841046
3841052
3841063
3841075
3841080
3841091
3841108
3841114
3841127
3841139
3841140
3841153
3841162
3841171
3841186
3841195
3841203
3841211
3841222
3841236
3841245
3841258
3841267
3841274
3841289
3841290
3841302
3841315
3841323
3841330
3841341
3841359
3841364
3841377
3841388
3841396
3841405
3841418
3841420
3841437
3841443
3841451
3841466
3841479
3841484
3841492
3841504
3841516
3841529
3841531
3841547
3841550
3841565
3841573
3841582
3841598
3841607
3841610
3841628
3841635
3841644
3841656
3841661
3841672
3841683
3841699
3841700
3841713
3841725
3841732
3841748
3841754
3841769
3841776
3841781
3841797
3841801
3841826
3841834
3841842
3841855
3841860
3841878
3841887
3841893
3841906
3841912
3841921
3841933
3841949
3841957
3841968
3841985
3841994
3842008
3842014
3842027
3842040
3842053
3842062
3842071
3842095
3842109
3842117
3842124
3842146
3842152
3842163
3842175
3842180
3842191
3842202
3842215
3842223
3842230
3842259
3842264
3842277
3842288
3842296
3842303
3842311
3842322
3842336
3842345
3842367
3842389
3842390
3842401
3842419
3842434
3842442
3842455
3842460
3842478
3842487
3842493
3842507
3842528
3842535
3842544
3842556
3842572
3842583
3842599
3842604
3842616
3842631
3842650
3842665
3842673
3842682
3842706
3842712
3842721
3842733
3842749
3842757
3842768
3842770
3842785
3842794
3842805
3842818
3842820
3842837
3842843
3842851
3842866
3842879
3842884
3842892
3842900
3842925
3842932
3842948
3842969
3842976
3842981
3843001
3843019
3843026
3843034
3843042
3843055
3843060
3843078
3843087
3843093
3843104
3843116
3843129
3843131
3843147
3843150
3843173
3843182
3843198
3843200
3843213
3843225
3843248
3843269
3843276
3843281
3843297
3843305
3843318
3843320
3843343
3843351
3843366
3843379
3843384
3843392
3843408
3843414
3843427
3843439
3843440
3843453
3843462
3843471
3843486
3843506
3843521
3843533
3843549
3843568
3843570
3843585
3843594
3843617
3843624
3843638
3843646
3843652
3843675
3843680
3843691
3843707
3843710
3843735
3843744
3843756
3843783
3843799
3843803
3843811
3843822
3843836
3843845
3843858
3843867
3843874
3843889
3843890
3843902
3843915
3843923
3843941
3843959
3843964
3843977
3843988
3843996
3844006
3844012
3844021
3844049
3844057
3844068
3844070
3844085
3844094
3844103
3844111
3844122
3844136
3844145
3844158
3844167
3844189
3844190
3844208
3844214
3844239
3844240
3844253
3844262
3844271
3844295
3844307
3844310
3844328
3844335
3844344
3844356
3844372
3844383
3844399
3844400
3844413
3844425
3844432
3844448
3844454
3844469
3844476
3844481
3844497
3844501
3844519
3844526
3844534
3844542
3844555
3844560
3844578
3844587
3844593
3844602
3844615
3844623
3844630
3844641
3844659
3844664
3844677
3844696
3844705
3844718
3844737
3844743
3844751
3844766
3844784
3844792
3844804
3844816
3844829
3844831
3844847
3844850
3844865
3844873
3844882
3844917
3844924
3844938
3844946
3844952
3844963
3844975
3844980
3844991
3845018
3845020
3845037
3845043
3845051
3845066
3845079
3845084
3845092
3845107
3845110
3845135
3845144
3845156
3845161
3845172
3845183
3845199
3845206
3845212
3845221
3845233
3845249
3845257
3845268
3845270
3845285
3845294
3845301
3845319
3845326
3845334
3845342
3845355
3845360
3845378
3845387
3845393
3845409
3845417
3845424
3845438
3845452
3845463
3845475
3845480
3845491
3845500
3845513
3845525
3845554
3845569
3845576
3845581
3845597
3845608
3845627
3845639
3845640
3845653
3845662
3845671
3845686
3845695
3845704
3845716
3845729
3845747
3845750
3845765
3845773
3845782
3845798
3845802
3845815
3845830
3845841
3845859
3845864
3845877
3845888
3845896
3845903
3845911
3845922
3845936
3845945
3845958
3845967
3845974
3845989
3845990
3846004
3846029
3846031
3846050
3846065
3846073
3846082
3846098
3846101
3846119
3846126
3846134
3846142
3846155
3846160
3846178
3846187
3846193
3846205
3846218
3846220
3846237
3846243
3846251
3846266
3846279
3846284
3846292
3846300
3846313
3846325
3846332
3846348
3846354
3846369
3846376
3846381
3846397
3846403
3846411
3846422
3846436
3846445
3846458
3846467
3846474
3846489
3846490
3846509
3846517
3846524
3846546
3846552
3846563
3846575
3846580
3846591
3846606
3846612
3846621
3846633
3846649
3846657
3846668
3846670
3846685
3846702
3846715
3846723
3846730
3846741
3846759
3846764
3846777
3846788
3846796
3846814
3846827
3846839
3846840
3846862
3846871
3846886
3846895
3846907
3846910
3846928
3846935
3846944
3846961
3846972
3846983
3847000
3847013
3847025
3847032
3847048
3847054
3847069
3847076
3847081
3847097
3847102
3847115
3847123
3847130
3847141
3847159
3847164
3847177
3847196
3847209
3847217
3847224
3847238
3847246
3847252
3847263
3847275
3847280
3847304
3847316
3847329
3847331
3847347
3847350
3847365
3847373
3847382
3847398
3847406
3847412
3847421
3847433
3847457
3847468
3847470
3847494
3847518
3847520
3847543
3847551
3847566
3847579
3847584
3847592
3847611
3847622
3847636
3847645
3847658
3847667
3847674
3847690
3847701
3847726
3847734
3847742
3847755
3847760
3847778
3847787
3847807
3847835
3847844
3847856
3847861
3847872
3847883
3847899
3847908
3847914
3847927
3847939
3847940
3847953
3847962
3847971
3847986
3847995
3848015
3848023
3848030
3848041
3848059
3848064
3848077
3848096
3848100
3848113
3848125
3848132
3848148
3848169
3848176
3848197
3848204
3848216
3848229
3848231
3848247
3848250
3848265
3848273
3848282
3848298
3848309
3848317
3848324
3848338
3848346
3848352
3848363
3848375
3848380
3848391
3848407
3848410
3848428
3848435
3848444
3848456
3848461
3848472
3848483
3848499
3848511
3848545
3848558
3848567
3848574
3848589
3848590
3848605
3848618
3848620
3848637
3848643
3848651
3848679
3848684
3848692
3848708
3848714
3848727
3848739
3848740
3848753
3848762
3848771
3848786
3848795
3848806
3848821
3848833
3848849
3848857
3848868
3848870
3848894
3848901
3848919
3848926
3848934
3848942
3848955
3848960
3848978
3848987
3849007
3849010
3849028
3849035
3849044
3849056
3849072
3849083
3849099
3849105
3849118
3849120
3849137
3849143
3849151
3849166
3849179
3849184
3849192
3849201
3849219
3849226
3849234
3849255
3849260
3849278
3849287
3849293
3849312
3849333
3849357
3849368
3849370
3849394
3849402
3849415
3849423
3849430
3849441
3849464
3849477
3849488
3849496
3849508
3849514
3849527
3849539
3849540
3849553
3849562
3849571
3849586
3849600
3849613
3849625
3849632
3849648
3849654
3849669
3849676
3849681
3849697
3849703
3849722
3849736
3849745
3849758
3849774
3849790
3849809
3849817
3849824
3849838
3849846
3849852
3849863
3849875
3849880
3849891
3849904
3849916
3849929
3849931
3849947
3849950
3849965
3849973
3849982
3849998
3850001
3850019
3850026
3850034
3850042
3850055
3850078
3850087
3850104
3850116
3850129
3850131
3850147
3850150
3850165
3850182
3850200
3850213
3850225
3850232
3850248
3850254
3850269
3850276
3850281
3850297
3850305
3850318
3850320
3850337
3850343
3850351
3850366
3850379
3850384
3850392
3850408
3850414
3850427
3850439
3850440
3850453
3850471
3850486
3850495
3850506
3850512
3850521
3850533
3850549
3850557
3850568
3850585
3850594
3850609
3850617
3850624
3850646
3850652
3850663
3850675
3850680
3850691
3850707
3850710
3850728
3850744
3850756
3850761
3850772
3850783
3850799
3850803
3850811
3850822
3850845
3850858
3850867
3850890
3850902
3850915
3850923
3850930
3850941
3850959
3850964
3850977
3850988
3850996
3851007
3851010
3851035
3851044
3851056
3851061
3851072
3851099
3851105
3851118
3851120
3851143
3851151
3851179
3851184
3851192
3851201
3851219
3851226
3851234
3851242
3851255
3851260
3851278
3851287
3851293
3851306
3851312
3851321
3851333
3851349
3851357
3851368
3851370
3851385
3851394
3851402
3851415
3851430
3851441
3851459
3851464
3851477
3851488
3851508
3851527
3851539
3851540
3851553
3851562
3851571
3851595
3851613
3851625
3851648
3851654
3851669
3851676
3851681
3851697
3851703
3851711
3851722
3851736
3851745
3851758
3851767
3851774
3851789
3851790
3851809
3851817
3851824
3851838
3851846
3851852
3851875
3851880
3851891
3851904
3851916
3851929
3851931
3851947
3851950
3851965
3851973
3851982
3851998
3852005
3852018
3852020
3852037
3852051
3852066
3852079
3852084
3852092
3852107
3852110
3852128
3852135
3852144
3852161
3852172
3852183
3852199
3852206
3852212
3852221
3852233
3852249
3852257
3852268
3852270
3852294
3852301
3852319
3852326
3852334
3852342
3852355
3852360
3852378
3852387
3852393
3852409
3852417
3852424
3852438
3852446
3852452
3852475
3852480
3852491
3852500
3852513
3852525
3852532
3852548
3852554
3852569
3852576
3852581
3852597
3852608
3852614
3852627
3852639
3852640
3852653
3852662
3852671
3852686
3852704
3852716
3852729
3852731
3852750
3852765
3852773
3852782
3852798
3852802
3852815
3852823
3852830
3852841
3852864
3852877
3852888
3852896
3852903
3852911
3852922
3852936
3852945
3852958
3852967
3852974
3852989
3852990
3853009
3853017
3853024
3853038
3853052
3853063
3853075
3853080
3853091
3853108
3853114
3853127
3853139
3853140
3853153
3853162
3853171
3853186
3853195
3853203
3853222
3853236
3853245
3853267
3853274
3853289
3853290
3853302
3853315
3853323
3853330
3853341
3853359
3853364
3853377
3853388
3853396
3853405
3853418
3853420
3853443
3853451
3853466
3853479
3853484
3853504
3853516
3853529
3853531
3853550
3853565
3853573
3853598
3853607
3853610
3853628
3853635
3853644
3853656
3853661
3853672
3853683
3853699
3853700
3853725
3853732
3853748
3853754
3853769
3853776
3853781
3853797
3853801
3853819
3853826
3853834
3853855
3853860
3853878
3853887
3853893
3853906
3853912
3853921
3853933
3853949
3853957
3853970
3853985
3854004
3854016
3854029
3854031
3854047
3854050
3854065
3854073
3854098
3854119
3854142
3854155
3854160
3854187
3854193
3854205
3854218
3854220
3854237
3854243
3854251
3854266
3854279
3854284
3854292
3854300
3854313
3854325
3854332
3854348
3854354
3854369
3854381
3854397
3854403
3854411
3854422
3854436
3854458
3854467
3854474
3854489
3854490
3854509
3854517
3854524
3854538
3854546
3854552
3854563
3854575
3854580
3854591
3854606
3854612
3854621
3854649
3854657
3854694
3854702
3854715
3854723
3854730
3854741
3854759
3854764
3854777
3854788
3854796
3854808
3854814
3854827
3854839
3854840
3854853
3854862
3854871
3854886
3854907
3854910
3854928
3854935
3854944
3854961
3854972
3854983
3854999
3855002
3855015
3855023
3855030
3855041
3855059
3855064
3855077
3855088
3855096
3855100
3855113
3855125
3855132
3855148
3855154
3855169
3855176
3855181
3855197
3855204
3855216
3855229
3855231
3855247
3855250
3855265
3855273
3855282
3855298
3855309
3855317
3855324
3855346
3855352
3855363
3855380
3855391
3855407
3855410
3855428
3855435
3855444
3855456
3855472
3855483
3855499
3855503
3855511
3855522
3855536
3855545
3855558
3855567
3855574
3855589
3855605
3855618
3855620
3855637
3855643
3855666
3855679
3855684
3855692
3855708
3855714
3855727
3855739
3855740
3855753
3855762
3855771
3855786
3855795
3855806
3855812
3855821
3855833
3855849
3855857
3855868
3855870
3855885
3855894
3855901
3855919
3855926
3855934
3855942
3855955
3855978
3855987
3855993
3856008
3856014
3856027
3856039
3856040
3856053
3856062
3856071
3856086
3856095
3856109
3856117
3856124
3856138
3856146
3856152
3856163
3856175
3856180
3856202
3856215
3856223
3856230
3856241
3856259
3856264
3856277
3856288
3856296
3856303
3856311
3856322
3856336
3856345
3856358
3856367
3856374
3856389
3856390
3856401
3856419
3856426
3856434
3856442
3856455
3856460
3856478
3856487
3856507
3856510
3856528
3856535
3856544
3856556
3856583
3856599
3856604
3856616
3856629
3856631
3856647
3856650
3856665
3856698
3856706
3856712
3856721
3856749
3856757
3856768
3856770
3856785
3856794
3856805
3856818
3856820
3856837
3856843
3856851
3856866
3856879
3856884
3856892
3856900
3856925
3856932
3856948
3856969
3856976
3856981
3857003
3857011
3857022
3857036
3857045
3857058
3857067
3857074
3857089
3857090
3857106
3857112
3857133
3857149
3857157
3857170
3857185
3857194
3857207
3857210
3857228
3857235
3857244
3857256
3857261
3857272
3857283
3857308
3857314
3857340
3857353
3857362
3857371
3857386
3857395
3857404
3857416
3857431
3857447
3857450
3857465
3857473
3857482
3857498
3857502
3857515
3857523
3857530
3857541
3857559
3857564
3857577
3857588
3857596
3857601
3857619
3857626
3857634
3857642
3857655
3857678
3857687
3857693
3857709
3857717
3857724
3857738
3857746
3857752
3857763
3857780
3857800
3857813
3857825
3857832
3857848
3857854
3857869
3857876
3857881
3857897
3857905
3857918
3857920
3857937
3857951
3857966
3857979
3857984
3857992
3858006
3858012
3858021
3858033
3858049
3858057
3858068
3858070
3858085
3858094
3858103
3858111
3858122
3858145
3858167
3858174
3858189
3858190
3858214
3858227
3858239
3858240
3858253
3858271
3858286
3858295
3858307
3858310
3858328
3858344
3858356
3858361
3858372
3858399
3858400
3858425
3858432
3858448
3858454
3858469
3858476
3858481
3858497
3858501
3858519
3858526
3858534
3858542
3858555
3858560
3858578
3858587
3858593
3858602
3858615
3858623
3858630
3858641
3858659
3858664
3858677
3858688
3858696
3858705
3858718
3858720
3858737
3858743
3858751
3858766
3858784
3858792
3858804
3858816
3858829
3858831
3858847
3858850
3858909
3858917
3858924
3858938
3858946
3858952
3858975
3858980
3858991
3859000
3859013
3859025
3859032
3859048
3859054
3859069
3859097
3859115
3859123
3859130
3859141
3859159
3859164
3859177
3859188
3859196
3859209
3859217
3859224
3859238
3859246
3859252
3859263
3859275
3859280
3859291
3859304
3859316
3859331
3859347
3859365
3859373
3859382
3859398
3859406
3859421
3859433
3859449
3859468
3859470
3859485
3859494
3859505
3859518
3859520
3859537
3859543
3859551
3859566
3859579
3859584
3859592
3859603
3859611
3859622
3859636
3859645
3859667
3859674
3859689
3859690
3859701
3859719
3859726
3859734
3859742
3859755
3859760
3859778
3859787
3859793
3859807
3859810
3859828
3859835
3859844
3859856
3859872
3859883
3859899
3859908
3859914
3859927
3859939
3859953
3859962
3859971
3859986
3859995
3860017
3860024
3860038
3860046
3860052
3860063
3860075
3860080
3860091
3860108
3860114
3860127
3860139
3860140
3860153
3860162
3860171
3860186
3860195
3860203
3860211
3860222
3860236
3860245
3860258
3860267
3860274
3860289
3860302
3860315
3860323
3860330
3860341
3860364
3860377
3860388
3860420
3860437
3860443
3860451
3860466
3860479
3860484
3860492
3860504
3860516
3860529
3860531
3860550
3860565
3860573
3860582
3860598
3860607
3860610
3860628
3860635
3860644
3860656
3860661
3860672
3860683
3860699
3860700
3860713
3860725
3860732
3860748
3860754
3860769
3860776
3860801
3860819
3860826
3860834
3860842
3860855
3860860
3860887
3860893
3860906
3860912
3860921
3860933
3860949
3860957
3860968
3860970
3860985
3860994
3861000
3861013
3861025
3861048
3861054
3861069
3861076
3861081
3861097
3861102
3861115
3861130
3861141
3861159
3861164
3861188
3861209
3861217
3861224
3861238
3861246
3861252
3861263
3861275
3861280
3861291
3861304
3861316
3861329
3861331
3861347
3861350
3861365
3861373
3861382
3861398
3861406
3861412
3861421
3861433
3861449
3861468
3861470
3861485
3861494
3861505
3861518
3861520
3861537
3861551
3861566
3861579
3861584
3861592
3861603
3861611
3861622
3861636
3861645
3861658
3861667
3861674
3861689
3861690
3861701
3861719
3861734
3861742
3861755
3861760
3861778
3861787
3861793
3861807
3861810
3861828
3861835
3861844
3861856
3861872
3861883
3861899
3861908
3861914
3861927
3861939
3861940
3861953
3861962
3861971
3861986
3861995
3862015
3862023
3862041
3862059
3862064
3862077
3862096
3862100
3862113
3862125
3862132
3862148
3862154
3862169
3862176
3862181
3862197
3862204
3862216
3862229
3862250
3862265
3862273
3862282
3862298
3862309
3862317
3862324
3862338
3862346
3862352
3862363
3862375
3862380
3862391
3862407
3862410
3862428
3862435
3862444
3862456
3862461
3862472
3862499
3862503
3862511
3862522
3862536
3862545
3862558
3862567
3862574
3862589
3862590
3862605
3862618
3862620
3862643
3862651
3862666
3862679
3862684
3862692
3862708
3862714
3862727
3862739
3862740
3862753
3862762
3862771
3862786
3862795
3862806
3862812
3862821
3862833
3862849
3862857
3862868
3862870
3862885
3862894
3862901
3862919
3862926
3862934
3862942
3862955
3862960
3862978
3862987
3862993
3863007
3863010
3863028
3863035
3863044
3863056
3863072
3863083
3863099
3863105
3863118
3863120
3863137
3863151
3863166
3863179
3863184
3863192
3863219
3863226
3863234
3863255
3863260
3863278
3863287
3863293
3863306
3863312
3863333
3863349
3863357
3863368
3863370
3863385
3863394
3863402
3863415
3863423
3863430
3863441
3863459
3863464
3863477
3863488
3863496
3863508
3863527
3863539
3863540
3863553
3863562
3863595
3863600
3863625
3863632
3863648
3863654
3863669
3863676
3863681
3863697
3863703
3863711
3863722
3863736
3863745
3863758
3863774
3863789
3863790
3863809
3863817
3863824
3863838
3863846
3863852
3863863
3863875
3863880
3863891
3863904
3863916
3863929
3863931
3863947
3863950
3863965
3863973
3863998
3864008
3864014
3864027
3864039
3864040
3864053
3864062
3864071
3864086
3864095
3864109
3864117
3864124
3864138
3864146
3864152
3864163
3864175
3864180
3864191
3864202
3864215
3864223
3864230
3864241
3864259
3864264
3864277
3864288
3864296
3864303
3864311
3864322
3864336
3864345
3864358
3864374
3864389
3864401
3864419
3864426
3864434
3864442
3864455
3864460
3864478
3864487
3864493
3864507
3864510
3864528
3864535
3864544
3864556
3864561
3864572
3864583
3864599
3864604
3864616
3864629
3864631
3864647
3864650
3864673
3864682
3864698
3864706
3864712
3864721
3864733
3864749
3864757
3864770
3864785
3864794
3864805
3864818
3864820
3864837
3864843
3864851
3864866
3864884
3864892
3864900
3864913
3864925
3864932
3864948
3864969
3864976
3864981
3865006
3865012
3865021
3865033
3865049
3865057
3865068
3865070
3865085
3865094
3865103
3865111
3865122
3865136
3865145
3865158
3865167
3865174
3865189
3865190
3865208
3865214
3865227
3865239
3865240
3865253
3865262
3865286
3865295
3865307
3865310
3865328
3865335
3865344
3865356
3865361
3865372
3865383
3865399
3865400
3865413
3865425
3865432
3865448
3865454
3865469
3865476
3865497
3865519
3865526
3865534
3865542
3865555
3865560
3865578
3865587
3865593
3865602
3865615
3865623
3865630
3865641
3865664
3865677
3865688
3865696
3865705
3865718
3865720
3865737
3865743
3865751
3865766
3865779
3865784
3865804
3865816
3865829
3865847
3865850
3865865
3865873
3865882
3865898
3865909
3865917
3865924
3865938
3865946
3865952
3865963
3865975
3865980
3865991
3866005
3866018
3866020
3866037
3866043
3866051
3866066
3866092
3866107
3866110
3866128
3866135
3866144
3866172
3866183
3866199
3866206
3866212
3866221
3866233
3866249
3866257
3866268
3866270
3866285
3866294
3866301
3866319
3866326
3866334
3866342
3866355
3866360
3866378
3866387
3866417
3866424
3866438
3866446
3866452
3866463
3866475
3866480
3866491
3866500
3866513
3866525
3866532
3866548
3866554
3866569
3866581
3866597
3866608
3866614
3866627
3866639
3866653
3866662
3866671
3866686
3866695
3866704
3866716
3866731
3866747
3866750
3866765
3866773
3866782
3866798
3866802
3866815
3866823
3866830
3866841
3866859
3866864
3866877
3866888
3866903
3866911
3866922
3866936
3866945
3866967
3866974
3866989
3867001
3867019
3867026
3867042
3867060
3867078
3867087
3867093
3867104
3867116
3867129
3867131
3867147
3867150
3867165
3867173
3867182
3867198
3867200
3867213
3867225
3867232
3867248
3867254
3867269
3867276
3867281
3867297
3867305
3867318
3867320
3867337
3867343
3867351
3867366
3867379
3867384
3867408
3867414
3867427
3867439
3867440
3867453
3867462
3867471
3867486
3867495
3867506
3867512
3867521
3867533
3867549
3867557
3867568
3867570
3867585
3867594
3867609
3867617
3867624
3867638
3867646
3867652
3867663
3867675
3867680
3867691
3867707
3867710
3867728
3867735
3867744
3867761
3867783
3867803
3867811
3867822
3867836
3867845
3867858
3867867
3867874
3867889
3867890
3867902
3867915
3867923
3867930
3867941
3867964
3867977
3867988
3867996
3868004
3868016
3868029
3868031
3868047
3868050
3868065
3868073
3868082
3868101
3868119
3868126
3868134
3868142
3868155
3868160
3868178
3868193
3868205
3868218
3868220
3868237
3868243
3868266
3868279
3868284
3868292
3868313
3868332
3868348
3868354
3868369
3868376
3868397
3868403
3868411
3868422
3868436
3868458
3868467
3868474
3868489
3868490
3868509
3868517
3868524
3868538
3868546
3868552
3868563
3868575
3868580
3868606
3868612
3868621
3868633
3868649
3868657
3868668
3868670
3868685
3868694
3868702
3868730
3868741
3868759
3868764
3868777
3868788
3868796
3868808
3868814
3868827
3868839
3868840
3868853
3868862
3868871
3868886
3868895
3868907
3868910
3868935
3868944
3868956
3868961
3868972
3868983
3868999
3869003
3869011
3869022
3869036
3869045
3869058
3869067
3869089
3869090
3869106
3869133
3869149
3869157
3869168
3869170
3869185
3869194
3869207
3869210
3869228
3869235
3869256
3869261
3869283
3869299
3869308
3869314
3869327
3869339
3869353
3869362
3869371
3869386
3869395
3869404
3869416
3869429
3869431
3869447
3869450
3869465
3869473
3869482
3869498
3869502
3869515
3869523
3869530
3869541
3869559
3869564
3869577
3869588
3869596
3869601
3869619
3869626
3869634
3869642
3869655
3869660
3869678
3869687
3869693
3869709
3869717
3869724
3869738
3869746
3869752
3869763
3869775
3869791
3869800
3869813
3869825
3869832
3869848
3869854
3869869
3869876
3869881
3869918
3869920
3869937
3869943
3869951
3869966
3869979
3869984
3869992
3870004
3870016
3870029
3870031
3870047
3870050
3870065
3870073
3870082
3870098
3870101
3870119
3870126
3870142
3870155
3870160
3870178
3870187
3870193
3870205
3870218
3870220
3870237
3870243
3870251
3870266
3870279
3870284
3870292
3870300
3870313
3870325
3870332
3870348
3870354
3870369
3870376
3870397
3870403
3870411
3870422
3870436
3870445
3870458
3870467
3870474
3870490
3870509
3870538
3870546
3870552
3870563
3870575
3870580
3870591
3870606
3870612
3870621
3870633
3870649
3870657
3870668
3870670
3870685
3870694
3870715
3870723
3870730
3870741
3870759
3870764
3870777
3870788
3870796
3870808
3870814
3870827
3870839
3870840
3870862
3870871
3870886
3870895
3870907
3870910
3870935
3870944
3870956
3870961
3870972
3870999
3871002
3871015
3871023
3871030
3871041
3871064
3871077
3871088
3871096
3871100
3871113
3871125
3871132
3871148
3871154
3871176
3871181
3871197
3871204
3871216
3871229
3871231
3871247
3871250
3871265
3871273
3871298
3871317
3871324
3871338
3871346
3871352
3871363
3871375
3871380
3871391
3871407
3871428
3871435
3871444
3871456
3871461
3871472
3871483
3871499
3871511
3871522
3871536
3871545
3871558
3871567
3871574
3871589
3871590
3871605
3871618
3871637
3871643
3871651
3871666
3871679
3871684
3871692
3871708
3871714
3871727
3871739
3871740
3871753
3871762
3871771
3871786
3871795
3871806
3871812
3871821
3871833
3871849
3871857
3871868
3871870
3871885
3871894
3871901
3871926
3871934
3871942
3871955
3871960
3871978
3871987
3871993
3872000
3872013
3872025
3872032
3872048
3872054
3872069
3872081
3872097
3872102
3872115
3872123
3872130
3872141
3872159
3872164
3872177
3872188
3872196
3872209
3872217
3872224
3872246
3872252
3872263
3872275
3872291
3872304
3872316
3872329
3872331
3872347
3872350
3872365
3872373
3872382
3872398
3872412
3872421
3872433
3872457
3872468
3872470
3872494
3872505
3872518
3872520
3872537
3872543
3872551
3872566
3872579
3872584
3872592
3872603
3872611
3872636
3872645
3872658
3872667
3872674
3872690
3872701
3872719
3872726
3872734
3872742
3872760
3872778
3872787
3872793
3872807
3872810
3872828
3872835
3872844
3872856
3872861
3872872
3872883
3872899
3872908
3872914
3872927
3872939
3872940
3872953
3872962
3872971
3872986
3872995
3873006
3873012
3873021
3873033
3873049
3873057
3873068
3873070
3873085
3873094
3873103
3873111
3873122
3873136
3873145
3873158
3873167
3873174
3873189
3873190
3873208
3873214
3873227
3873239
3873240
3873253
3873262
3873271
3873286
3873295
3873307
3873310
3873335
3873344
3873356
3873361
3873372
3873383
3873399
3873400
3873413
3873425
3873432
3873454
3873469
3873476
3873481
3873497
3873501
3873519
3873526
3873534
3873542
3873555
3873560
3873578
3873587
3873593
3873602
3873615
3873623
3873630
3873641
3873659
3873664
3873677
3873696
3873705
3873718
3873737
3873743
3873751
3873766
3873779
3873784
3873792
3873804
3873816
3873829
3873831
3873847
3873850
3873865
3873882
3873898
3873909
3873917
3873924
3873938
3873946
3873952
3873980
3873991
3874001
3874019
3874026
3874034
3874042
3874055
3874060
3874078
3874087
3874093
3874104
3874116
3874129
3874131
3874147
3874150
3874165
3874173
3874182
3874198
3874200
3874213
3874225
3874232
3874248
3874254
3874269
3874276
3874305
3874318
3874337
3874343
3874351
3874366
3874379
3874384
3874408
3874414
3874439
3874453
3874462
3874471
3874486
3874495
3874506
3874512
3874521
3874533
3874549
3874557
3874568
3874570
3874585
3874594
3874609
3874617
3874624
3874638
3874646
3874652
3874663
3874675
3874680
3874691
3874707
3874710
3874728
3874735
3874744
3874756
3874761
3874772
3874783
3874799
3874803
3874811
3874822
3874836
3874845
3874858
3874867
3874874
3874889
3874890
3874902
3874915
3874923
3874930
3874941
3874959
3874964
3874977
3874996
3875007
3875028
3875035
3875044
3875056
3875061
3875072
3875083
3875099
3875105
3875120
3875137
3875143
3875151
3875166
3875184
3875192
3875201
3875219
3875226
3875234
3875242
3875255
3875260
3875278
3875293
3875306
3875312
3875321
3875333
3875349
3875357
3875368
3875370
3875385
3875394
3875402
3875415
3875430
3875441
3875459
3875464
3875477
3875496
3875508
3875514
3875539
3875540
3875553
3875562
3875571
3875586
3875595
3875600
3875613
3875625
3875632
3875648
3875654
3875669
3875681
3875703
3875711
3875722
3875736
3875745
3875758
3875767
3875774
3875809
3875817
3875824
3875838
3875846
3875852
3875863
3875880
3875891
3875904
3875916
3875931
3875947
3875950
3875965
3875973
3875982
3875998
3876003
3876011
3876022
3876036
3876067
3876074
3876089
3876090
3876106
3876133
3876149
3876157
3876168
3876170
3876185
3876194
3876207
3876210
3876228
3876235
3876244
3876256
3876261
3876272
3876283
3876299
3876308
3876327
3876339
3876353
3876362
3876371
3876386
3876404
3876416
3876429
3876431
3876447
3876450
3876465
3876473
3876498
3876502
3876515
3876523
3876530
3876541
3876559
3876564
3876577
3876588
3876596
3876601
3876619
3876626
3876634
3876642
3876655
3876660
3876678
3876687
3876693
3876717
3876724
3876738
3876752
3876763
3876775
3876780
3876791
3876800
3876813
3876825
3876832
3876848
3876854
3876876
3876881
3876897
3876905
3876918
3876920
3876937
3876943
3876951
3876966
3876979
3876984
3876992
3877008
3877014
3877027
3877039
3877040
3877053
3877062
3877071
3877086
3877095
3877109
3877117
3877124
3877138
3877146
3877152
3877163
3877175
3877180
3877191
3877202
3877215
3877223
3877230
3877241
3877264
3877277
3877288
3877296
3877303
3877311
3877322
3877336
3877345
3877358
3877367
3877374
3877389
3877390
3877401
3877419
3877426
3877434
3877442
3877455
3877460
3877478
3877487
3877493
3877507
3877510
3877528
3877535
3877544
3877561
3877572
3877583
3877604
3877616
3877629
3877631
3877647
3877650
3877665
3877673
3877682
3877698
3877706
3877712
3877721
3877733
3877757
3877768
3877770
3877785
3877794
3877805
3877818
3877820
3877837
3877843
3877851
3877866
3877879
3877884
3877892
3877900
3877913
3877932
3877948
3877954
3877969
3877976
3877997
3878009
3878017
3878024
3878038
3878046
3878052
3878063
3878075
3878080
3878091
3878108
3878114
3878127
3878139
3878140
3878153
3878162
3878171
3878186
3878195
3878203
3878211
3878236
3878245
3878258
3878267
3878274
3878289
3878290
3878302
3878315
3878323
3878330
3878341
3878359
3878364
3878377
3878388
3878396
3878405
3878418
3878420
3878437
3878443
3878451
3878466
3878484
3878492
3878504
3878516
3878529
3878531
3878547
3878550
3878573
3878582
3878598
3878610
3878628
3878635
3878644
3878656
3878672
3878683
3878700
3878713
3878725
3878732
3878748
3878754
3878769
3878776
3878781
3878797
3878819
3878826
3878834
3878842
3878855
3878860
3878887
3878893
3878906
3878912
3878921
3878933
3878949
3878957
3878968
3878970
3878985
3878994
3879005
3879018
3879020
3879037
3879043
3879051
3879066
3879079
3879107
3879110
3879128
3879135
3879144
3879156
3879161
3879172
3879183
3879199
3879206
3879212
3879233
3879249
3879257
3879268
3879270
3879285
3879294
3879301
3879319
3879326
3879334
3879342
3879355
3879378
3879387
3879393
3879409
3879417
3879424
3879438
3879446
3879452
3879463
3879475
3879480
3879491
3879500
3879513
3879532
3879554
3879576
3879581
3879597
3879608
3879614
3879627
3879639
3879640
3879653
3879662
3879686
3879695
3879704
3879716
3879729
3879731
3879747
3879750
3879765
3879782
3879798
3879823
3879830
3879841
3879859
3879877
3879888
3879896
3879903
3879911
3879922
3879936
3879945
3879958
3879967
3879974
3879990
3880006
3880012
3880021
3880033
3880057
3880068
3880070
3880085
3880094
3880103
3880111
3880122
3880136
3880145
3880158
3880167
3880174
3880189
3880190
3880208
3880214
3880227
3880239
3880240
3880271
3880286
3880295
3880310
3880328
3880335
3880344
3880356
3880361
3880372
3880383
3880399
3880400
3880413
3880425
3880432
3880448
3880454
3880469
3880476
3880481
3880497
3880519
3880526
3880534
3880542
3880555
3880560
3880578
3880587
3880593
3880602
3880615
3880623
3880630
3880641
3880659
3880664
3880677
3880688
3880696
3880705
3880718
3880720
3880737
3880743
3880751
3880766
3880779
3880784
3880792
3880804
3880816
3880829
3880831
3880847
3880850
3880865
3880873
3880898
3880909
3880917
3880924
3880938
3880946
3880952
3880963
3880975
3880980
3880991
3881005
3881018
3881020
3881037
3881043
3881051
3881066
3881079
3881084
3881092
3881107
3881128
3881135
3881144
3881172
3881183
3881199
3881206
3881212
3881221
3881249
3881257
3881268
3881270
3881285
3881294
3881301
3881326
3881334
3881342
3881355
3881360
3881378
3881387
3881393
3881409
3881417
3881424
3881438
3881446
3881452
3881463
3881480
3881491
3881500
3881513
3881525
3881532
3881548
3881554
3881569
3881576
3881581
3881597
3881608
3881614
3881627
3881639
3881640
3881653
3881662
3881671
3881686
3881695
3881704
3881716
3881729
3881731
3881747
3881750
3881765
3881773
3881782
3881798
3881802
3881815
3881823
3881830
3881841
3881859
3881864
3881877
3881896
3881903
3881911
3881922
3881936
3881958
3881967
3881989
3881990
3882007
3882010
3882028
3882035
3882061
3882083
3882105
3882118
3882120
3882143
3882151
3882166
3882179
3882184
3882192
3882201
3882219
3882226
3882234
3882242
3882255
3882260
3882278
3882287
3882293
3882312
3882333
3882349
3882357
3882368
3882370
3882385
3882394
3882402
3882423
3882430
3882441
3882464
3882477
3882488
3882496
3882508
3882514
3882527
3882539
3882540
3882553
3882562
3882571
3882595
3882600
3882613
3882625
3882632
3882648
3882654
3882676
3882697
3882703
3882711
3882722
3882736
3882745
3882767
3882774
3882789
3882790
3882817
3882824
3882838
3882846
3882852
3882863
3882875
3882880
3882891
3882904
3882916
3882929
3882931
3882947
3882950
3882965
3882973
3882982
3882998
3883002
3883015
3883023
3883030
3883041
3883059
3883064
3883077
3883088
3883096
3883100
3883113
3883125
3883132
3883148
3883154
3883169
3883176
3883181
3883197
3883229
3883231
3883247
3883250
3883273
3883282
3883298
3883309
3883317
3883324
3883338
3883346
3883352
3883363
3883375
3883380
3883391
3883407
3883410
3883428
3883435
3883444
3883456
3883461
3883472
3883483
3883499
3883503
3883511
3883522
3883536
3883545
3883558
3883567
3883574
3883589
3883590
3883605
3883618
3883620
3883637
3883643
3883651
3883666
3883679
3883684
3883692
3883714
3883727
3883739
3883740
3883753
3883762
3883771
3883786
3883795
3883812
3883821
3883833
3883849
3883857
3883868
3883870
3883894
3883901
3883919
3883926
3883934
3883942
3883955
3883960
3883978
3883987
3883993
3884003
3884011
3884022
3884036
3884045
3884067
3884074
3884089
3884090
3884106
3884112
3884121
3884133
3884149
3884157
3884170
3884185
3884194
3884207
3884210
3884228
3884235
3884244
3884256
3884283
3884308
3884314
3884327
3884339
3884340
3884353
3884362
3884371
3884395
3884416
3884429
3884431
3884447
3884450
3884465
3884473
3884482
3884498
3884502
3884515
3884530
3884541
3884559
3884564
3884577
3884588
3884619
3884626
3884634
3884642
3884655
3884660
3884678
3884687
3884693
3884709
3884717
3884724
3884738
3884746
3884752
3884763
3884780
3884791
3884800
3884813
3884825
3884832
3884848
3884854
3884869
3884876
3884881
3884897
3884905
3884918
3884920
3884937
3884943
3884951
3884966
3884979
3884984
3884992
3885009
3885017
3885024
3885046
3885052
3885063
3885080
3885108
3885114
3885127
3885139
3885140
3885153
3885162
3885171
3885186
3885195
3885203
3885211
3885222
3885245
3885258
3885267
3885274
3885289
3885290
3885302
3885315
3885323
3885330
3885341
3885359
3885377
3885388
3885396
3885405
3885418
3885420
3885443
3885451
3885466
3885479
3885484
3885504
3885516
3885529
3885531
3885547
3885565
3885573
3885582
3885598
3885607
3885610
3885628
3885635
3885644
3885656
3885661
3885672
3885683
3885700
3885713
3885725
3885732
3885748
3885754
3885769
3885776
3885781
3885797
3885801
3885819
3885826
3885834
3885842
3885855
3885860
3885878
3885887
3885893
3885906
3885921
3885933
3885949
3885957
3885968
3885970
3885985
3885994
3886000
3886013
3886025
3886032
3886048
3886054
3886069
3886076
3886081
3886097
3886102
3886115
3886123
3886130
3886141
3886164
3886177
3886188
3886196
3886209
3886217
3886224
3886238
3886246
3886252
3886263
3886275
3886280
3886291
3886304
3886329
3886331
3886347
3886350
3886365
3886373
3886382
3886398
3886421
3886433
3886449
3886457
3886468
3886470
3886485
3886494
3886505
3886518
3886520
3886537
3886543
3886551
3886566
3886579
3886592
3886603
3886611
3886636
3886645
3886667
3886674
3886689
3886690
3886719
3886726
3886734
3886742
3886755
3886760
3886778
3886787
3886793
3886807
3886810
3886828
3886835
3886844
3886861
3886872
3886883
3886899
3886908
3886914
3886927
3886939
3886940
3886953
3886962
3886971
3886986
3886995
3887004
3887016
3887029
3887031
3887047
3887065
3887073
3887082
3887098
3887101
3887119
3887126
3887134
3887142
3887160
3887178
3887193
3887205
3887220
3887237
3887243
3887251
3887266
3887279
3887284
3887292
3887300
3887325
3887332
3887348
3887354
3887369
3887381
3887403
3887411
3887422
3887436
3887445
3887458
3887467
3887474
3887489
3887490
3887509
3887517
3887524
3887538
3887546
3887552
3887563
3887575
3887580
3887591
3887606
3887612
3887633
3887649
3887657
3887668
3887670
3887685
3887694
3887702
3887715
3887723
3887730
3887741
3887759
3887764
3887777
3887788
3887796
3887808
3887814
3887827
3887839
3887840
3887853
3887862
3887871
3887895
3887907
3887910
3887935
3887944
3887956
3887961
3887999
3888001
3888019
3888026
3888034
3888042
3888055
3888060
3888078
3888087
3888093
3888104
3888116
3888129
3888131
3888147
3888165
3888173
3888182
3888198
3888200
3888213
3888225
3888232
3888248
3888254
3888269
3888276
3888281
3888297
3888305
3888318
3888343
3888351
3888379
3888384
3888392
3888408
3888414
3888427
3888439
3888440
3888453
3888462
3888471
3888486
3888495
3888512
3888521
3888533
3888549
3888557
3888570
3888585
3888594
3888609
3888617
3888624
3888638
3888646
3888652
3888663
3888691
3888707
3888710
3888728
3888735
3888744
3888756
3888761
3888772
3888783
3888799
3888803
3888811
3888822
3888845
3888867
3888874
3888889
3888890
3888902
3888915
3888923
3888930
3888941
3888959
3888964
3888977
3888988
3888996
3889008
3889014
3889027
3889039
3889053
3889062
3889071
3889086
3889095
3889109
3889117
3889124
3889138
3889152
3889163
3889175
3889180
3889191
3889202
3889215
3889223
3889230
3889241
3889259
3889264
3889277
3889288
3889296
3889303
3889311
3889322
3889336
3889345
3889358
3889367
3889389
3889390
3889401
3889419
3889426
3889434
3889442
3889460
3889478
3889487
3889493
3889507
3889510
3889528
3889535
3889544
3889556
3889572
3889583
3889599
3889604
3889616
3889629
3889631
3889647
3889650
3889665
3889673
3889682
3889706
3889712
3889733
3889749
3889757
3889768
3889794
3889818
3889837
3889843
3889851
3889866
3889879
3889884
3889892
3889900
3889913
3889925
3889932
3889948
3889954
3889969
3889976
3889981
3889997
3890002
3890023
3890030
3890064
3890077
3890096
3890100
3890113
3890125
3890132
3890148
3890154
3890169
3890176
3890181
3890197
3890204
3890216
3890231
3890247
3890250
3890282
3890298
3890309
3890317
3890324
3890338
3890346
3890363
3890375
3890380
3890407
3890410
3890428
3890456
3890461
3890472
3890483
3890503
3890511
3890522
3890536
3890545
3890558
3890567
3890574
3890589
3890590
3890605
3890618
3890620
3890637
3890643
3890666
3890679
3890684
3890692
3890708
3890727
3890739
3890740
3890762
3890786
3890795
3890806
3890812
3890821
3890833
3890849
3890857
3890868
3890870
3890885
3890894
3890901
3890919
3890926
3890934
3890942
3890960
3890978
3890987
3890993
3891008
3891014
3891027
3891039
3891053
3891062
3891086
3891095
3891109
3891117
3891124
3891138
3891146
3891152
3891163
3891175
3891180
3891191
3891202
3891215
3891223
3891230
3891241
3891259
3891264
3891277
3891288
3891296
3891303
3891311
3891322
3891345
3891358
3891367
3891374
3891389
3891390
3891401
3891419
3891426
3891434
3891442
3891455
3891460
3891478
3891487
3891493
3891507
3891510
3891528
3891535
3891544
3891556
3891561
3891572
3891583
3891599
3891616
3891629
3891631
3891647
3891650
3891665
3891673
3891682
3891698
3891706
3891712
3891721
3891733
3891749
3891757
3891768
3891770
3891785
3891794
3891805
3891818
3891820
3891837
3891843
3891851
3891866
3891879
3891884
3891892
3891900
3891925
3891932
3891954
3891969
3891976
3891981
3891997
3892009
3892017
3892024
3892038
3892052
3892063
3892080
3892091
3892108
3892114
3892127
3892139
3892140
3892162
3892171
3892186
3892195
3892203
3892211
3892222
3892236
3892245
3892258
3892267
3892274
3892289
3892290
3892302
3892315
3892323
3892330
3892341
3892359
3892364
3892377
3892388
3892396
3892405
3892418
3892420
3892437
3892443
3892451
3892466
3892479
3892484
3892492
3892504
3892516
3892529
3892531
3892547
3892550
3892565
3892573
3892598
3892610
3892628
3892635
3892644
3892656
3892661
3892672
3892683
3892700
3892713
3892725
3892732
3892748
3892754
3892769
3892776
3892781
3892797
3892801
3892819
3892826
3892834
3892842
3892860
3892878
3892887
3892893
3892912
3892921
3892949
3892957
3892968
3892970
3892985
3892994
3893005
3893018
3893020
3893037
3893043
3893066
3893079
3893084
3893092
3893107
3893110
3893128
3893135
3893144
3893156
3893183
3893199
3893206
3893212
3893221
3893233
3893249
3893257
3893270
3893285
3893301
3893319
3893326
3893334
3893342
3893355
3893360
3893378
3893387
3893409
3893417
3893424
3893438
3893446
3893452
3893475
3893480
3893500
3893513
3893525
3893532
3893548
3893554
3893576
3893581
3893608
3893614
3893627
3893639
3893640
3893653
3893662
3893671
3893686
3893695
3893716
3893729
3893731
3893747
3893750
3893765
3893773
3893782
3893798
3893802
3893815
3893823
3893830
3893841
3893859
3893864
3893877
3893888
3893896
3893903
3893911
3893922
3893936
3893945
3893958
3893967
3893974
3893989
3893990
3894000
3894013
3894025
3894032
3894048
3894054
3894069
3894076
3894081
3894097
3894102
3894115
3894123
3894130
3894141
3894159
3894164
3894177
3894188
3894196
3894209
3894217
3894224
3894238
3894246
3894252
3894263
3894275
3894280
3894291
3894304
3894316
3894329
3894331
3894350
3894365
3894373
3894382
3894398
3894406
3894412
3894421
3894433
3894449
3894457
3894468
3894470
3894485
3894494
3894518
3894520
3894537
3894543
3894551
3894566
3894592
3894603
3894611
3894622
3894636
3894645
3894658
3894674
3894689
3894690
3894701
3894719
3894726
3894734
3894742
3894755
3894760
3894778
3894787
3894793
3894807
3894810
3894828
3894844
3894861
3894872
3894883
3894899
3894908
3894914
3894927
3894939
3894940
3894953
3894962
3894971
3894986
3894995
3895001
3895019
3895026
3895034
3895042
3895055
3895060
3895078
3895087
3895093
3895104
3895116
3895129
3895131
3895147
3895165
3895182
3895198
3895200
3895213
3895225
3895232
3895248
3895254
3895269
3895276
3895281
3895297
3895305
3895318
3895320
3895337
3895343
3895351
3895366
3895392
3895408
3895414
3895439
3895440
3895453
3895462
3895471
3895495
3895506
3895512
3895521
3895533
3895549
3895557
3895570
3895585
3895594
3895609
3895617
3895624
3895638
3895646
3895652
3895663
3895675
3895680
3895691
3895707
3895710
3895728
3895735
3895744
3895756
3895761
3895772
3895783
3895799
3895803
3895822
3895845
3895858
3895867
3895874
3895889
3895890
3895902
3895915
3895923
3895930
3895941
3895959
3895964
3895977
3895996
3896007
3896010
3896028
3896035
3896044
3896056
3896061
3896072
3896083
3896099
3896105
3896118
3896137
3896143
3896151
3896166
3896184
3896192
3896201
3896219
3896226
3896234
3896242
3896255
3896260
3896278
3896287
3896293
3896306
3896312
3896321
3896333
3896349
3896357
3896368
3896370
3896385
3896394
3896402
3896423
3896430
3896441
3896459
3896464
3896488
3896496
3896508
3896514
3896527
3896539
3896540
3896562
3896571
3896586
3896595
3896600
3896613
3896625
3896632
3896648
3896654
3896669
3896676
3896681
3896703
3896711
3896722
3896736
3896745
3896758
3896767
3896774
3896789
3896809
3896817
3896824
3896838
3896846
3896852
3896863
3896875
3896880
3896891
3896931
3896947
3896950
3896965
3896973
3896982
3896998
3897006
3897012
3897021
3897049
3897057
3897068
3897070
3897085
3897094
3897103
3897111
3897122
3897136
3897145
3897158
3897167
3897174
3897189
3897190
3897208
3897227
3897239
3897240
3897262
3897271
3897286
3897295
3897307
3897310
3897335
3897344
3897356
3897361
3897372
3897383
3897399
3897400
3897413
3897425
3897432
3897448
3897454
3897469
3897481
3897497
3897501
3897519
3897526
3897555
3897560
3897578
3897587
3897593
3897602
3897615
3897623
3897630
3897659
3897664
3897677
3897688
3897696
3897705
3897718
3897720
3897737
3897743
3897751
3897766
3897779
3897784
3897792
3897804
3897816
3897829
3897831
3897847
3897850
3897865
3897873
3897882
3897898
3897909
3897917
3897924
3897938
3897946
3897952
3897963
3897975
3897980
3897991
3898003
3898011
3898036
3898058
3898067
3898074
3898089
3898090
3898106
3898112
3898121
3898133
3898149
3898157
3898168
3898170
3898185
3898210
3898235
3898244
3898261
3898272
3898283
3898299
3898308
3898314
3898327
3898339
3898340
3898353
3898362
3898386
3898395
3898404
3898416
3898429
3898431
3898447
3898450
3898465
3898473
3898482
3898498
3898502
3898515
3898523
3898530
3898541
3898559
3898564
3898577
3898588
3898601
3898619
3898626
3898634
3898642
3898655
3898660
3898678
3898687
3898693
3898717
3898724
3898738
3898746
3898752
3898763
3898775
3898791
3898800
3898813
3898825
3898832
3898848
3898854
3898869
3898876
3898881
3898897
3898905
3898918
3898920
3898937
3898943
3898951
3898966
3898984
3899004
3899016
3899029
3899031
3899047
3899065
3899073
3899082
3899098
3899101
3899119
3899126
3899134
3899142
3899155
3899160
3899178
3899187
3899193
3899205
3899218
3899220
3899237
3899243
3899251
3899266
3899279
3899284
3899292
3899313
3899325
3899332
3899348
3899354
3899369
3899376
3899397
3899403
3899411
3899422
3899445
3899458
3899467
3899474
3899489
3899490
3899509
3899517
3899524
3899538
3899546
3899552
3899563
3899575
3899580
3899591
3899606
3899612
3899621
3899633
3899649
3899657
3899668
3899670
3899685
3899694
3899702
3899715
3899723
3899730
3899741
3899759
3899764
3899777
3899788
3899796
3899808
3899814
3899827
3899839
3899840
3899853
3899862
3899871
3899886
3899895
3899907
3899910
3899928
3899935
3899944
3899956
3899961
3899972
3899983
3899999
