4400220
4400243
4400266
4400284
4401265
4401708
4402449
4402551
4403189
4403882
4403952
4404104
4404165
4404297
4404646
4404691
4404836
4404930
4405982
4406168
4406523
4406832
4407117
4407544
4407556
4408211
4408661
4408912
4409326
4409532
4409750
4410109
4410202
4410629
4411057
4411240
4411262
4411372
4411882
4412431
4412447
4412588
4412642
4412854
4413119
4413657
4413694
4413759
4413808
4414038
4414819
4414906
4414985
4415159
4415238
4415291
4415520
4415667
4416173
4416343
4416351
4416761
4417491
4418028
4420484
4421275
4421485
4422002
4422692
4423143
4423477
4423947
4424604
4424851
4425240
4425413
4425448
4425924
4426729
4427343
4428243
4428670
4429541
4430056
4430736
4432831
4432850
4432963
4433603
4434172
4434815
4434990
4435853
4435886
4436346
4436714
4436955
4437080
4437396
4437842
4438124
4438264
4438426
4439182
4441128
4441409
4441500
4441614
4441896
4443511
4443574
4443795
4444133
4444559
4446263
4447047
4447853
4447983
4449389
4449673
4451843
4451954
4452479
4453233
4453671
4453750
4453877
4454810
4455104
4455198
4456357
4456586
4457587
4458588
4458943
4459788
4460270
4461369
4461552
4461840
4462646
4464916
