   4 4408211
   3 4400243
   3 4400266
   3 4400284
   3 4401265
   3 4402449
   3 4402551
   3 4404165
   3 4404297
   3 4404691
   3 4404836
   3 4406523
   3 4410109
   3 4411882
   3 4412447
   3 4412642
   3 4413119
   3 4414819
   3 4415238
   3 4415291
   3 4415520
   3 4416173
   3 4417491
   3 4418028
   3 4421275
   3 4441614
   3 4466211
   3 4490320
   2 4403882
   2 4404646
   2 4405982
   2 4406168
   2 4407556
   2 4408912
   2 4409326
   2 4409750
   2 4410202
   2 4411057
   2 4411240
   2 4413808
   2 4414038
   2 4416343
   2 4420484
   2 4421485
   2 4422002
   2 4422692
   2 4423477
   2 4423947
   2 4424604
   2 4424851
   2 4425413
   2 4425448
   2 4426729
   2 4427343
   2 4428670
   2 4429541
   2 4430056
   2 4432831
   2 4432963
   2 4433603
   2 4434815
   2 4434990
   2 4435853
   2 4435886
   2 4436346
   2 4436714
   2 4436955
   2 4437080
   2 4437396
   2 4437842
   2 4438124
   2 4438264
   2 4439182
   2 4441128
   2 4441409
   2 4441500
   2 4441896
   2 4443511
   2 4443574
   2 4443795
   2 4444133
   2 4447047
   2 4447853
   2 4447983
   2 4449389
   2 4449673
   2 4451843
   2 4451954
   2 4452479
   2 4453233
   2 4453877
   2 4454810
   2 4455104
   2 4455198
   2 4456357
   2 4456586
   2 4457587
   2 4458588
   2 4459788
   2 4460270
   2 4461369
   2 4461552
   2 4461840
   2 4462646
   2 4466038
   2 4467901
   2 4499164
