4416439
4417877
4418508
4419926
4426716
4428961
4429210
4429256
4430402
4430625
4431709
4434525
4434750
4435474
4435759
4437573
4438673
4439799
4440829
4441212
4442306
4442789
4443919
4449117
4449733
4449913
4450088
4451913
4452437
4452516
4453438
4455486
4455803
4456838
4458709
4462379
4465327
4465362
4465498
4465791
4465869
4465876
4466038
4466211
4466582
4467064
4467282
4467901
4467919
4467987
4468584
4468674
4468844
4469448
4469501
4470433
4470579
4471001
4471078
4471646
4471663
4471941
4472119
4472251
4472895
4473121
4474148
4474363
4474771
4474868
4475095
4475124
4475426
4475948
4476413
4476829
4476882
4477118
4477415
4477423
4477722
4477982
4478387
4478671
4478731
4478877
4479492
4480089
4480386
4480775
4481748
4481968
4482561
4482682
4482770
4484167
4485249
4485639
4485695
4486814
4486840
4486895
4486907
4487793
4487856
4488352
4488407
4488821
4488960
4489260
4490254
4490320
4490453
4490557
4490811
4490874
4491028
4491242
4491349
4491430
4491681
4491736
4491880
4492092
4492334
4492387
4492859
4492896
4493912
4494489
4494808
4494928
4495154
4496040
4496460
4496616
4497502
4497530
4497626
4498307
4498555
4498664
4499164
4499209
4499291
4499551
4499658
4499927
