4400004
4400031
4400050
4400073
4400101
4400126
4400187
4400205
4400218
4400220
4400243
4400266
4400284
4400292
4400313
4400325
4400332
4400348
4400369
4400403
4400411
4400445
4400467
4400517
4400538
4400546
4400552
4400563
4400606
4400649
4400670
4400694
4400715
4400730
4400796
4400840
4400862
4400871
4400886
4400895
4400910
4400961
4400983
4401015
4401030
4401059
4401077
4401096
4401154
4401169
4401231
4401265
4401324
4401338
4401363
4401407
4401444
4401456
4401461
4401483
4401511
4401522
4401590
4401605
4401637
4401651
4401692
4401708
4401714
4401739
4401771
4401806
4401821
4401833
4401849
4401857
4401894
4402013
4402025
4402048
4402069
4402076
4402097
4402141
4402224
4402238
4402246
4402263
4402280
4402304
4402316
4402329
4402331
4402398
4402412
4402421
4402449
4402457
4402468
4402505
4402551
4402566
4402579
4402584
4402592
4402603
4402636
4402667
4402755
4402807
4402810
4402828
4402844
4402883
4402908
4402940
4402953
4402971
4403094
4403111
4403145
4403174
4403189
4403214
4403227
4403253
4403307
4403328
4403356
4403361
4403372
4403413
4403432
4403448
4403454
4403469
4403497
4403501
4403519
4403542
4403602
4403630
4403659
4403677
4403688
4403696
4403705
4403737
4403743
4403751
4403792
4403829
4403847
4403850
4403873
4403882
4403898
4403909
4403924
4403952
4403980
4403991
4404104
4404116
4404165
4404173
4404198
4404200
4404213
4404232
4404276
4404297
4404305
4404318
4404320
4404343
4404379
4404408
4404486
4404506
4404521
4404533
4404549
4404568
4404570
4404585
4404594
4404646
4404652
4404675
4404691
4404710
4404744
4404772
4404783
4404803
4404811
4404836
4404845
4404890
4404915
4404930
4404941
4404977
4405028
4405061
4405099
4405105
4405118
4405120
4405179
4405192
4405242
4405278
4405287
4405394
4405423
4405441
4405477
4405488
4405496
4405514
4405527
4405540
4405553
4405586
4405595
4405654
4405681
4405697
4405703
4405711
4405722
4405767
4405774
4405824
4405838
4405846
4405891
4405904
4405947
4405950
4405982
4405998
4406003
4406036
4406045
4406058
4406067
4406089
4406090
4406106
4406149
4406157
4406168
4406170
4406185
4406194
4406207
4406228
4406283
4406299
4406314
4406339
4406340
4406353
4406362
4406386
4406416
4406473
4406482
4406498
4406523
4406541
4406596
4406619
4406634
4406642
4406709
4406724
4406746
4406752
4406813
4406832
4406848
4406869
4406881
4406943
4406992
4407008
4407014
4407027
4407039
4407040
4407053
4407086
4407109
4407117
4407124
4407138
4407146
4407163
4407180
4407215
4407259
4407288
4407296
4407303
4407345
4407358
4407401
4407478
4407510
4407528
4407535
4407544
4407556
4407616
4407629
4407631
4407665
4407682
4407698
4407733
4407749
4407757
4407770
4407785
4407794
4407818
4407843
4407866
4407879
4407892
4407954
4408009
4408017
4408046
4408091
4408127
4408139
4408140
4408203
4408211
4408222
4408245
4408289
4408323
4408341
4408377
4408388
4408418
4408437
4408443
4408504
4408531
4408547
4408582
4408610
4408635
4408644
4408656
4408661
4408700
4408748
4408776
4408797
4408801
4408826
4408834
4408842
4408855
4408893
4408906
4408912
4408968
4408970
4409037
4409043
4409084
4409144
4409172
4409199
4409212
4409257
4409270
4409285
4409301
4409319
4409326
4409334
4409360
4409417
4409513
4409532
4409554
4409581
4409608
4409639
4409662
4409686
4409729
4409731
4409750
4409773
4409782
4409823
4409936
4409974
4409989
4410008
4410039
4410053
4410062
4410109
4410124
4410180
4410202
4410223
4410241
4410259
4410277
4410288
4410322
4410367
4410374
4410389
4410390
4410419
4410434
4410460
4410507
4410510
4410544
4410561
4410599
4410604
4410616
4410629
4410631
4410647
4410665
4410757
4410768
4410794
4410805
4410820
4410843
4410879
4410884
4410925
4410932
4410969
4411033
4411057
4411068
4411094
4411167
4411190
4411208
4411240
4411262
4411307
4411310
4411372
4411448
4411469
4411476
4411497
4411519
4411555
4411587
4411615
4411659
4411677
4411696
4411766
4411831
4411847
4411850
4411865
4411873
4411882
4411938
4411946
4411952
4411991
4412022
4412036
4412045
4412067
4412090
4412112
4412133
4412185
4412210
4412228
4412235
4412353
4412404
4412429
4412431
4412447
4412473
4412498
4412502
4412523
4412541
4412559
4412564
4412588
4412596
4412626
4412642
4412655
4412660
4412693
4412709
4412738
4412746
4412791
4412800
4412825
4412832
4412854
4412869
4412937
4412979
4412984
4413004
4413031
4413047
4413082
4413119
4413134
4413178
4413279
4413284
4413332
4413376
4413381
4413397
4413422
4413436
4413467
4413490
4413517
4413524
4413538
4413563
4413575
4413580
4413606
4413612
4413621
4413657
4413668
4413694
4413702
4413730
4413759
4413777
4413796
4413808
4413862
4413910
4413928
4413944
4413956
4413999
4414017
4414038
4414046
4414052
4414075
4414080
4414091
4414140
4414153
4414162
4414186
4414211
4414222
4414236
4414267
4414274
4414290
4414302
4414315
4414330
4414341
4414364
4414377
4414396
4414405
4414420
4414437
4414479
4414484
4414504
4414547
4414573
4414598
4414607
4414610
4414628
4414635
4414661
4414700
4414713
4414776
4414781
4414797
4414801
4414819
4414834
4414842
4414878
4414906
4414985
4414994
4415000
4415032
4415097
4415102
4415115
4415141
4415159
4415177
4415188
4415196
4415209
4415238
4415246
4415275
4415280
4415291
4415329
4415350
4415373
4415382
4415406
4415449
4415457
4415470
4415494
4415505
4415520
4415579
4415592
4415622
4415645
4415667
4415689
4415690
4415701
4415726
4415742
4415760
4415778
4415810
4415828
4415856
4415899
4415914
4415939
4415940
4415953
4415971
4415995
4416078
4416116
4416150
4416165
4416173
4416182
4416213
4416281
4416297
4416343
4416351
4416379
4416439
4416486
4416495
4416506
4416533
4416557
4416568
4416594
4416624
4416707
4416735
4416761
4416799
4416803
4416811
4416822
4416845
4416902
4416923
4416959
4416977
4416988
4417005
4417020
4417043
4417092
4417110
4417183
4417199
4417206
4417212
4417249
4417270
4417355
4417360
4417378
4417409
4417446
4417463
4417491
4417513
4417525
4417554
4417581
4417639
4417640
4417662
4417686
4417704
4417729
4417731
4417773
4417798
4417815
4417823
4417877
4417903
4418007
4418028
4418035
4418056
4418061
4418083
4418118
4418137
4418166
4418184
4418242
4418255
4418287
4418312
4418321
4418368
4418370
4418394
4418464
4418477
4418508
4418527
4418539
4418571
4418586
4418648
4418676
4418697
4418711
4418758
4418767
4418790
4418817
4418824
4418947
4418965
4418973
4419059
4419100
4419113
4419125
4419132
4419154
4419197
4419204
4419250
4419309
4419324
4419380
4419407
4419410
4419428
4419444
4419461
4419472
4419558
4419567
4419574
4419590
4419618
4419666
4419679
4419684
4419692
4419714
4419727
4419753
4419771
4419812
4419833
4419919
4419926
4419934
4419942
4419955
4419993
4420009
4420080
4420108
4420127
4420139
4420153
4420162
4420171
4420195
4420222
4420245
4420274
4420289
4420330
4420377
4420420
4420443
4420451
4420484
4420492
4420516
4420529
4420531
4420573
4420582
4420628
4420656
4420683
4420699
4420725
4420781
4420797
4420801
4420834
4420860
4420878
4420887
4420893
4420906
4420933
4421081
4421115
4421209
4421217
4421238
4421275
4421291
4421329
4421331
4421347
4421365
4421421
4421457
4421470
4421485
4421518
4421579
4421584
4421645
4421701
4421719
4421734
4421742
4421755
4421760
4421778
4421828
4421908
4421927
4421995
4422002
4422023
4422030
4422041
4422064
4422113
4422148
4422154
4422181
4422216
4422247
4422250
4422265
4422273
4422309
4422346
4422352
4422375
4422380
4422407
4422410
4422435
4422472
4422483
4422499
4422503
4422511
4422558
4422567
4422605
4422620
4422637
4422666
4422684
4422692
4422708
4422739
4422762
4422821
4422849
4422868
4422894
4422960
4422987
4423010
4423044
4423061
4423072
4423083
4423099
4423120
4423137
4423143
4423151
4423184
4423201
4423234
4423255
4423293
4423312
4423349
4423368
4423385
4423394
4423402
4423415
4423423
4423441
4423459
4423477
4423496
4423514
4423527
4423540
4423595
4423669
4423676
4423711
4423722
4423745
4423789
4423846
4423929
4423931
4423947
4423950
4423973
4424040
4424117
4424124
4424191
4424215
4424223
4424241
4424264
4424277
4424288
4424296
4424303
4424322
4424336
4424358
4424390
4424401
4424419
4424426
4424434
4424478
4424487
4424510
4424535
4424544
4424561
4424583
4424604
4424631
4424733
4424749
4424757
4424785
4424794
4424805
4424818
4424837
4424851
4424879
4424892
4424925
4424981
4424997
4425006
4425012
4425021
4425033
4425085
4425094
4425103
4425158
4425174
4425189
4425190
4425227
4425240
4425253
4425286
4425295
4425344
4425356
4425372
4425400
4425413
4425448
4425454
4425469
4425476
4425519
4425593
4425602
4425630
4425641
4425677
4425696
4425718
4425737
4425779
4425784
4425804
4425829
4425847
4425850
4425882
4425924
4425938
4425975
4426018
4426066
4426079
4426128
4426135
4426156
4426206
4426233
4426285
4426319
4426326
4426334
4426438
4426475
4426480
4426500
4426525
4426569
4426581
4426597
4426608
4426627
4426639
4426662
4426671
4426695
4426716
4426729
4426747
4426765
4426773
4426782
4426798
4426802
4426815
4426922
4426945
4426958
4426990
4427019
4427026
4427034
4427055
4427060
4427116
4427131
4427182
4427200
4427232
4427269
4427320
4427343
4427351
4427366
4427379
4427384
4427414
4427439
4427440
4427533
4427568
4427624
4427680
4427691
4427710
4427728
4427735
4427744
4427756
4427783
4427799
4427803
4427890
4427902
4427941
4427959
4427988
4427996
4428016
4428082
4428160
4428193
4428205
4428237
4428243
4428251
4428279
4428284
4428300
4428313
4428332
4428348
4428354
4428369
4428397
4428411
4428445
4428458
4428474
4428489
4428490
4428517
4428552
4428580
4428606
4428612
4428621
4428649
4428670
4428685
4428715
4428730
4428741
4428764
4428777
4428788
4428808
4428853
4428961
4428983
4428999
4429003
4429011
4429090
4429121
4429149
4429168
4429185
4429194
4429207
4429210
4429235
4429256
4429283
4429308
4429314
4429327
4429339
4429340
4429395
4429404
4429498
4429502
4429530
4429541
4429559
4429596
4429709
4429724
4429738
4429746
4429752
4429775
4429791
4429869
4429881
4429918
4429937
4429979
4429992
4430007
4430044
4430056
4430099
4430118
4430120
4430137
4430151
4430179
4430184
4430201
4430242
4430287
4430293
4430306
4430321
4430368
4430370
4430402
4430415
4430423
4430430
4430441
4430477
4430496
4430514
4430527
4430539
4430553
4430562
4430571
4430595
4430600
4430613
4430625
4430669
4430676
4430703
4430736
4430745
4430790
4430817
4430838
4430852
4430891
4430916
4430950
4430973
4430982
4431058
4431067
4431168
4431210
4431261
4431314
4431362
4431371
4431386
4431429
4431447
4431450
4431465
4431473
4431498
4431515
4431530
4431541
4431564
4431619
4431634
4431642
4431655
4431687
4431709
4431724
4431780
4431800
4431825
4431854
4431881
4431897
4431920
4432012
4432021
4432033
4432057
4432085
4432103
4432122
4432145
4432158
4432167
4432174
4432190
4432239
4432271
4432286
4432310
4432328
4432335
4432356
4432361
4432399
4432400
4432448
4432593
4432602
4432630
4432659
4432664
4432696
4432718
4432737
4432743
4432779
4432792
4432804
4432831
4432850
4432865
4432882
4432898
4432909
4432946
4432952
4432963
4432975
4432980
4432991
4433013
4433048
4433097
4433102
4433115
4433196
4433209
4433217
4433316
4433329
4433350
4433398
4433421
4433433
4433449
4433457
4433468
4433494
4433505
4433518
4433603
4433622
4433636
4433645
4433658
4433667
4433726
4433742
4433778
4433793
4433807
4433810
4433835
4433856
4433883
4433908
4433940
4433962
4433971
4433995
4434018
4434020
4434110
4434128
4434135
4434172
4434206
4434212
4434233
4434270
4434319
4434334
4434393
4434409
4434417
4434438
4434452
4434463
4434480
4434500
4434513
4434525
4434554
4434576
4434597
4434640
4434662
4434671
4434695
4434704
4434716
4434731
4434747
4434750
4434765
4434773
4434798
4434815
4434830
4434896
4434936
4434945
4434967
4434974
4434990
4435031
4435101
4435119
4435134
4435155
4435220
4435237
4435251
4435266
4435284
4435300
4435313
4435348
4435354
4435403
4435436
4435474
4435489
4435517
4435546
4435563
4435575
4435591
4435612
4435633
4435657
4435670
4435730
4435741
4435759
4435788
4435796
4435808
4435814
4435827
4435853
4435886
4435928
4435983
4436015
4436059
4436064
4436088
4436125
4436148
4436204
4436247
4436250
4436265
4436346
4436352
4436363
4436410
4436435
4436444
4436483
4436503
4436522
4436536
4436618
4436637
4436643
4436684
4436714
4436739
4436753
4436762
4436795
4436849
4436868
4436870
4436885
4436926
4436942
4436955
4437024
4437052
4437063
4437080
4437091
4437139
4437140
4437171
4437186
4437195
4437203
4437245
4437315
4437377
4437388
4437396
4437405
4437418
4437437
4437466
4437479
4437516
4437547
4437550
4437573
4437656
4437661
4437713
4437725
4437732
4437769
4437781
4437797
4437842
4437893
4437912
4437957
4437970
4437994
4438014
4438027
4438062
4438086
4438117
4438124
4438138
4438202
4438215
4438241
4438264
4438277
4438296
4438303
4438336
4438390
4438419
4438426
4438434
4438478
4438493
4438510
4438528
4438535
4438544
4438556
4438572
4438631
4438647
4438665
4438673
4438733
4438770
4438785
4438818
4438837
4438851
4438866
4438884
4438900
4438932
4438948
4438954
4438969
4438981
4438997
4439019
4439026
4439034
4439078
4439104
4439116
4439147
4439182
4439225
4439232
4439248
4439281
4439343
4439351
4439408
4439414
4439453
4439471
4439495
4439506
4439521
4439549
4439568
4439585
4439594
4439609
4439624
4439638
4439728
4439756
4439783
4439799
4439803
4439836
4439858
4439867
4439889
4439915
4440057
4440068
4440103
4440122
4440227
4440240
4440253
4440271
4440372
4440399
4440448
4440519
4440526
4440542
4440560
4440578
4440587
4440602
4440623
4440664
4440688
4440696
4440705
4440766
4440784
4440792
4440804
4440829
4440882
4440924
4440938
4440946
4440952
4441018
4441020
4441037
4441079
4441084
4441110
4441128
4441156
4441206
4441212
4441233
4441249
4441257
4441268
4441270
4441285
4441301
4441319
4441326
4441334
4441387
4441409
4441446
4441452
4441463
4441475
4441480
4441491
4441500
4441513
4441532
4441548
4441576
4441597
4441608
4441614
4441662
4441671
4441686
4441704
4441716
4441773
4441798
4441802
4441823
4441859
4441896
4441903
4441958
4441974
4441989
4441990
4442028
4442056
4442061
4442083
4442151
4442179
4442192
4442226
4442255
4442287
4442293
4442306
4442333
4442349
4442368
4442370
4442385
4442402
4442415
4442423
4442430
4442488
4442496
4442527
4442539
4442586
4442595
4442654
4442669
4442681
4442711
4442722
4442745
4442789
4442817
4442824
4442838
4442875
4442880
4442931
4442947
4442965
4442982
4443030
4443041
4443064
4443088
4443125
4443132
4443148
4443169
4443216
4443231
4443273
4443309
4443375
4443407
4443410
4443444
4443472
4443511
4443536
4443558
4443574
4443589
4443605
4443618
4443708
4443727
4443739
4443771
4443795
4443806
4443821
4443849
4443870
4443885
4443894
4443919
4443955
4444022
4444067
4444074
4444090
4444133
4444168
4444170
4444210
4444235
4444283
4444299
4444314
4444339
4444353
4444371
4444386
4444395
4444431
4444465
4444502
4444530
4444559
4444619
4444660
4444678
4444687
4444693
4444717
4444724
4444738
4444825
4444848
4444869
4444876
4444905
4444918
4444920
4444937
4444943
4445046
4445052
4445063
4445108
4445140
4445153
4445162
4445211
4445222
4445236
4445274
4445290
4445323
4445330
4445359
4445396
4445405
4445443
4445466
4445504
4445547
4445628
4445644
4445656
4445661
4445732
4445754
4445797
4445801
4445819
4445860
4445887
4445906
4445921
4445994
4446025
4446048
4446069
4446081
4446102
4446115
4446130
4446188
4446196
4446209
4446238
4446246
4446263
4446291
4446304
4446316
4446365
4446373
4446433
4446457
4446468
4446485
4446518
4446537
4446551
4446603
4446622
4446636
4446658
4446667
4446690
4446701
4446719
4446726
4446742
4446787
4446807
4446810
4446828
4446861
4446872
4446899
4446914
4446940
4446962
4447047
4447073
4447119
4447134
4447243
4447251
4447266
4447300
4447348
4447381
4447403
4447411
4447436
4447490
4447517
4447552
4447563
4447606
4447621
4447657
4447702
4447788
4447808
4447814
4447840
4447853
4447862
4447871
4447928
4447956
4447983
4447999
4448019
4448026
4448060
4448078
4448087
4448129
4448131
4448150
4448173
4448213
4448225
4448318
4448320
4448337
4448343
4448351
4448379
4448384
4448392
4448414
4448440
4448453
4448471
4448549
4448617
4448624
4448638
4448652
4448663
4448675
4448680
4448710
4448744
4448756
4448799
4448803
4448811
4448836
4448874
4448889
4448902
4448941
4448964
4449039
4449040
4449053
4449062
4449095
4449117
4449202
4449230
4449288
4449311
4449336
4449345
4449374
4449389
4449426
4449455
4449561
4449616
4449647
4449665
4449673
4449682
4449706
4449712
4449721
4449733
4449805
4449851
4449913
4449997
4450015
4450030
4450041
4450088
4450096
4450100
4450148
4450154
4450204
4450250
4450273
4450298
4450317
4450324
4450346
4450375
4450391
4450407
4450456
4450483
4450499
4450522
4450545
4450574
4450589
4450590
4450605
4450618
4450620
4450637
4450692
4450714
4450821
4450833
4450849
4450870
4450885
4450934
4450955
4451027
4451053
4451071
4451117
4451138
4451152
4451180
4451230
4451264
4451277
4451288
4451296
4451303
4451322
4451401
4451434
4451460
4451478
4451493
4451528
4451535
4451556
4451561
4451572
4451629
4451631
4451650
4451665
4451733
4451757
4451768
4451785
4451805
4451837
4451843
4451884
4451892
4451913
4451932
4451954
4451969
4451976
4451981
4451997
4452024
4452052
4452063
4452080
4452114
4452186
4452267
4452274
4452290
4452315
4452330
4452341
4452388
4452405
4452418
4452437
4452443
4452466
4452479
4452484
4452516
4452529
4452610
4452628
4452644
4452656
4452661
4452699
4452725
4452748
4452769
4452781
4452801
4452826
4452878
4452957
4452970
4453018
4453020
4453051
4453066
4453092
4453107
4453135
4453156
4453161
4453172
4453212
4453233
4453257
4453285
4453294
4453301
4453424
4453438
4453446
4453452
4453475
4453513
4453548
4453569
4453597
4453639
4453640
4453653
4453671
4453686
4453716
4453729
4453747
4453750
4453823
4453877
4453903
4453922
4453945
4453974
4454000
4454013
4454032
4454097
4454123
4454130
4454164
4454217
4454224
4454238
4454275
4454291
4454316
4454329
4454412
4454433
4454457
4454468
4454494
4454520
4454537
4454543
4454566
4454636
4454645
4454658
4454667
4454690
4454726
4454734
4454760
4454810
4454828
4454835
4454844
4454872
4454883
4454908
4454914
4454927
4454971
4455001
4455019
4455034
4455055
4455104
4455116
4455147
4455182
4455198
4455200
4455213
4455305
4455337
4455351
4455408
4455439
4455453
4455462
4455471
4455486
4455521
4455570
4455609
4455617
4455663
4455675
4455691
4455707
4455728
4455756
4455783
4455799
4455803
4455822
4455836
4455889
4455890
4455915
4455996
4456007
4456028
4456056
4456105
4456179
4456184
4456312
4456333
4456357
4456368
4456370
4456402
4456423
4456430
4456459
4456527
4456553
4456562
4456586
4456669
4456676
4456703
4456736
4456745
4456774
4456789
4456824
4456838
4456846
4456852
4456880
4456891
4456904
4456929
4456947
4456965
4456973
4456998
4457006
4457049
4457057
4457068
4457070
4457094
4457103
4457111
4457136
4457174
4457189
4457190
4457214
4457227
4457239
4457240
4457310
4457413
4457425
4457432
4457448
4457454
4457476
4457481
4457519
4457534
4457555
4457578
4457587
4457593
4457602
4457630
4457696
4457743
4457766
4457792
4457804
4457831
4457865
4457873
4457909
4457938
4457946
4457980
4458003
4458036
4458058
4458067
4458074
4458090
4458121
4458133
4458168
4458210
4458256
4458308
4458339
4458340
4458386
4458395
4458404
4458416
4458431
4458447
4458450
4458523
4458559
4458564
4458588
4458601
4458642
4458678
4458687
4458709
4458724
4458752
4458775
4458780
4458791
4458854
4458943
4458992
4459031
4459126
4459155
4459178
4459187
4459220
4459251
4459266
4459279
4459284
4459300
4459325
4459354
4459369
4459397
4459445
4459467
4459489
4459509
4459538
4459552
4459575
4459580
4459591
4459606
4459633
4459649
4459668
4459670
4459723
4459741
4459764
4459788
4459796
4459839
4459840
4459862
4459895
4459910
4459935
4459956
4459972
4459983
4460005
4460079
4460084
4460144
4460161
4460249
4460257
4460268
4460270
4460294
4460355
4460378
4460393
4460452
4460491
4460532
4460569
4460608
4460639
4460653
4460686
4460798
4460802
4460823
4460841
4460859
4460896
4460911
4460945
4460967
4461016
4461082
4461098
4461101
4461126
4461134
4461155
4461178
4461193
4461218
4461266
4461325
4461354
4461369
4461397
4461411
4461422
4461436
4461445
4461458
4461552
4461580
4461606
4461621
4461649
4461715
4461730
4461788
4461796
4461808
4461840
4461853
4461862
4461871
4461910
4461928
4461983
4461999
4462026
4462055
4462060
4462087
4462093
4462104
4462116
4462129
4462131
4462147
4462150
4462198
4462213
4462232
4462248
4462254
4462305
4462343
4462379
4462408
4462440
4462453
4462471
4462512
4462533
4462549
4462570
4462594
4462609
4462624
4462646
4462675
4462680
4462707
4462710
4462761
4462772
4462799
4462836
4462874
4462890
4462902
4462915
4462977
4462996
4463040
4463086
4463124
4463138
4463146
4463152
4463163
4463180
4463202
4463223
4463277
4463288
4463303
4463374
4463426
4463442
4463493
4463528
4463535
4463572
4463629
4463647
4463673
4463698
4463706
4463785
4463818
4463820
4463866
4463879
4463948
4463954
4463997
4464035
4464044
4464083
4464099
4464118
4464151
4464166
4464234
4464242
4464255
4464287
4464293
4464357
4464423
4464464
4464477
4464496
4464514
4464553
4464571
4464600
4464648
4464676
4464697
4464736
4464774
4464817
4464846
4464852
4464863
4464916
4464929
4464950
4464998
4465003
4465074
4465090
4465121
4465133
4465168
4465170
4465194
4465210
4465235
4465272
4465314
4465327
4465353
4465362
4465395
4465431
4465498
4465515
4465530
4465577
4465619
4465626
4465655
4465687
4465709
4465746
4465752
4465791
4465800
4465848
4465869
4465876
4465881
4465979
4466009
4466038
4466046
4466052
4466063
4466075
4466080
4466114
4466139
4466162
4466186
4466203
4466211
4466222
4466315
4466341
4466396
4466405
4466420
4466437
4466443
4466516
4466550
4466565
4466573
4466582
4466607
4466610
4466628
4466635
4466661
4466699
4466713
4466725
4466754
4466781
4466801
4466860
4466887
4466893
4466949
4466957
4466985
4467015
4467023
4467041
4467064
4467077
4467088
4467100
4467148
4467176
4467250
4467265
4467282
4467298
4467317
4467324
4467346
4467444
4467456
4467499
4467618
4467643
4467708
4467739
4467786
4467795
4467806
4467812
4467821
4467849
4467901
4467919
4467987
4468013
4468048
4468054
4468081
4468177
4468196
4468209
4468217
4468224
4468238
4468304
4468329
4468331
4468347
4468412
4468421
4468433
4468457
4468468
4468470
4468520
4468543
4468584
4468645
4468674
4468690
4468701
4468734
4468807
4468810
4468828
4468844
4468861
4468872
4468899
4468908
4468927
4468939
4469006
4469012
4469021
4469033
4469085
4469094
4469111
4469122
4469158
4469167
4469174
4469208
4469214
4469240
4469253
4469286
4469361
4469400
4469413
4469425
4469432
4469448
4469481
4469501
4469519
4469542
4469555
4469659
4469718
4469720
4469766
4469779
4469784
4469792
4469804
4469816
4469847
4469873
4469882
4469898
4469917
4469946
4469963
4469980
4470013
4470032
4470054
4470097
4470115
4470141
4470209
4470291
4470329
4470350
4470365
4470406
4470421
4470433
4470485
4470494
4470537
4470543
4470566
4470579
4470584
4470603
4470636
4470645
4470674
4470690
4470719
4470793
4470807
4470828
4470861
4470883
4470953
4471001
4471019
4471034
4471060
4471078
4471104
4471131
4471182
4471200
4471213
4471269
4471276
4471305
4471318
4471320
4471337
4471366
4471392
4471439
4471440
4471453
4471549
4471568
4471585
4471646
4471663
4471691
4471710
4471735
4471761
4471783
4471799
4471811
4471822
4471845
4471867
4471874
4471889
4471915
4471923
4471941
4472016
4472047
4472082
4472101
4472119
4472142
4472193
4472220
4472237
4472251
4472266
4472284
4472325
4472332
4472354
4472369
4472397
4472403
4472411
4472436
4472445
4472467
4472474
4472490
4472538
4472546
4472575
4472621
4472649
4472668
4472670
4472715
4472730
4472764
4472777
4472788
4472808
4472839
4472840
4472871
4472895
4473022
4473067
4473074
4473089
4473090
4473121
4473157
4473168
4473170
4473210
4473261
4473283
4473299
4473327
4473339
4473353
4473404
4473416
4473473
4473515
4473541
4473588
4473596
4473619
4473626
4473634
4473655
4473687
4473717
4473738
4473752
4473780
4473832
4473848
4473869
4473876
4473881
4473905
4473918
4473937
4473966
4473992
4474002
4474064
4474096
4474148
4474169
4474231
4474250
4474273
4474298
4474309
4474324
4474338
4474363
4474380
4474499
4474503
4474567
4474574
4474590
4474620
4474637
4474666
4474727
4474739
4474753
4474771
4474786
4474795
4474806
4474812
4474821
4474849
4474868
4474926
4474934
4474942
4474978
4474987
4474993
4475095
4475117
4475124
4475138
4475152
4475191
4475202
4475223
4475230
4475259
4475277
4475303
4475322
4475358
4475367
4475374
4475419
4475426
4475434
4475442
4475478
4475507
4475510
4475599
4475604
4475631
4475647
4475650
4475706
4475757
4475770
4475794
4475818
4475837
4475843
4475900
4475932
4475948
4475954
4475976
4475981
4475997
4476012
4476057
4476068
4476111
4476122
4476136
4476174
4476214
4476307
4476383
4476399
4476413
4476425
4476454
4476469
4476476
4476481
4476497
4476526
4476534
4476555
4476578
4476602
4476641
4476688
4476718
4476792
4476804
4476816
4476829
4476831
4476882
4476952
4476975
4476991
4477083
4477118
4477143
4477166
4477179
4477184
4477192
4477242
4477278
4477293
4477306
4477321
4477394
4477402
4477415
4477423
4477477
4477514
4477562
4477648
4477676
4477697
4477722
4477758
4477767
4477789
4477790
4477809
4477817
4477838
4477846
4477863
4477904
4477916
4477947
4477973
4477982
4478020
4478037
4478043
4478051
4478079
4478084
4478128
4478144
4478161
4478199
4478206
4478221
4478233
4478270
4478294
4478301
4478319
4478387
4478409
4478446
4478491
4478500
4478576
4478581
4478597
4478608
4478662
4478671
4478686
4478704
4478716
4478729
4478731
4478747
4478750
4478765
4478782
4478841
4478859
4478864
4478877
4478936
4478945
4478958
4479017
4479091
4479108
4479127
4479139
4479162
4479171
4479211
4479236
4479245
4479267
4479274
4479302
4479315
4479341
4479396
4479420
4479443
4479479
4479492
4479516
4479550
4479573
4479732
4479776
4479781
4479801
4479819
4479842
4479887
4479957
4479968
4479970
4479994
4480011
4480022
4480058
4480067
4480089
4480090
4480106
4480121
4480133
4480149
4480185
4480194
4480210
4480235
4480272
4480308
4480339
4480362
4480386
4480416
4480450
4480465
4480482
4480530
4480541
4480577
4480588
4480601
4480626
4480655
4480660
4480687
4480693
4480709
4480775
4480813
4480832
4480854
4480869
4480876
4480905
4480918
4480937
4480979
4480984
4481009
4481017
4481038
4481046
4481052
4481063
4481114
4481153
4481171
4481211
4481258
4481290
4481315
4481359
4481364
4481388
4481396
4481420
4481443
4481451
4481466
4481504
4481529
4481550
4481565
4481610
4481628
4481635
4481644
4481661
4481683
4481699
4481700
4481732
4481748
4481776
4481781
4481801
4481826
4481842
4481893
4481921
4481949
4481968
4481970
4481985
4482008
4482027
4482062
4482071
4482095
4482202
4482277
4482322
4482345
4482358
4482367
4482389
4482390
4482401
4482419
4482493
4482510
4482561
4482583
4482647
4482673
4482682
4482706
4482749
4482757
4482770
4482818
4482820
4482843
4482851
4482884
4482900
4482925
4482948
4482997
4483001
4483034
4483055
4483060
4483213
4483254
4483297
4483318
4483337
4483351
4483408
4483440
4483471
4483486
4483506
4483512
4483521
4483557
4483585
4483609
4483617
4483646
4483744
4483761
4483783
4483799
4483836
4483890
4483930
4483941
4483959
4483964
4484006
4484021
4484033
4484057
4484070
4484085
4484122
4484145
4484158
4484167
4484174
4484208
4484214
4484227
4484262
4484328
4484344
4484361
4484372
4484383
4484399
4484454
4484476
4484534
4484555
4484602
4484623
4484659
4484696
4484705
4484737
4484743
4484766
4484779
4484792
4484804
4484829
4484865
4484882
4484909
4484946
4484952
4484963
4484980
4485005
4485018
4485020
4485037
4485043
4485051
4485079
4485092
4485110
4485144
4485161
4485172
4485212
4485249
4485268
4485285
4485301
4485334
4485355
4485393
4485417
4485424
4485463
4485475
4485491
4485525
4485532
4485548
4485581
4485608
4485627
4485639
4485653
4485671
4485695
4485731
4485750
4485765
4485773
4485798
4485815
4485896
4485958
4485967
4485989
4485990
4486050
4486065
4486073
4486119
4486155
4486160
4486193
4486205
4486237
4486251
4486284
4486325
4486332
4486376
4486422
4486436
4486445
4486467
4486517
4486563
4486580
4486612
4486633
4486670
4486764
4486788
4486814
4486840
4486871
4486895
4486907
4486910
4486935
4486956
4486983
4486999
4487000
4487048
4487130
4487224
4487252
4487263
4487275
4487304
4487329
4487331
4487347
4487350
4487373
4487382
4487412
4487449
4487457
4487470
4487505
4487537
4487551
4487611
4487622
4487658
4487667
4487674
4487689
4487719
4487726
4487787
4487793
4487807
4487810
4487835
4487856
4487861
4487927
4487940
4487953
4488002
4488100
4488113
4488125
4488169
4488216
4488229
4488231
4488250
4488265
4488298
4488338
4488352
4488363
4488391
4488407
4488410
4488428
4488435
4488472
4488511
4488522
4488545
4488567
4488574
4488590
4488605
4488637
4488651
4488684
4488708
4488739
4488740
4488753
4488771
4488786
4488812
4488821
4488833
4488849
4488857
4488894
4488926
4488960
4489010
4489028
4489056
4489061
4489166
4489179
4489260
4489278
4489293
4489312
4489368
4489385
4489394
4489402
4489423
4489430
4489441
4489562
4489586
4489632
4489648
4489654
4489676
4489736
4489745
4489758
4489767
4489774
4489790
4489817
4489852
4489875
4489929
4489947
4489965
4489998
4490026
4490034
4490042
4490087
4490131
4490150
4490173
4490232
4490248
4490254
4490297
4490320
4490408
4490427
4490453
4490512
4490533
4490557
4490585
4490609
4490624
4490646
4490680
4490691
4490735
4490772
4490783
4490811
4490858
4490874
4490889
4490890
4490902
4490915
4490964
4491007
4491010
4491028
4491044
4491061
4491118
4491120
4491137
4491166
4491179
4491184
4491201
4491219
4491234
4491242
4491306
4491312
4491333
4491349
4491357
4491368
4491370
4491385
4491402
4491415
4491423
4491430
4491488
4491496
4491553
4491571
4491586
4491600
4491625
4491632
4491648
4491669
4491676
4491681
4491722
4491736
4491745
4491758
4491790
4491809
4491824
4491846
4491875
4491880
4491904
4491931
4491950
4491973
4492018
4492020
4492043
4492066
4492079
4492084
4492092
4492107
4492144
4492156
4492161
4492199
4492206
4492212
4492221
4492257
4492268
4492301
4492334
4492342
4492387
4492393
4492409
4492417
4492446
4492463
4492500
4492525
4492554
4492569
4492576
4492581
4492597
4492608
4492614
4492662
4492686
4492729
4492750
4492773
4492830
4492841
4492859
4492864
4492888
4492896
4492936
4492967
4493009
4493017
4493052
4493114
4493127
4493153
4493162
4493245
4493267
4493290
4493302
4493315
4493323
4493330
4493341
4493364
4493377
4493396
4493437
4493443
4493466
4493492
4493504
4493516
4493531
4493547
4493550
4493573
4493582
4493598
4493607
4493610
4493628
4493635
4493713
4493732
4493748
4493769
4493834
4493860
4493887
4493893
4493906
4493912
4493933
4493957
4493968
4494031
4494050
4494119
4494142
4494160
4494187
4494205
4494237
4494251
4494332
4494348
4494354
4494381
4494411
4494436
4494445
4494458
4494489
4494490
4494509
4494524
4494612
4494621
4494685
4494702
4494741
4494759
4494808
4494839
4494871
4494928
4494944
4495015
4495030
4495077
4495088
4495100
4495132
4495154
4495273
4495309
4495338
4495346
4495375
4495380
4495407
4495456
4495461
4495472
4495483
4495499
4495503
4495536
4495558
4495567
4495620
4495714
4495727
4495740
4495786
4495806
4495833
4495849
4495857
4495870
4495885
4495894
4495955
4495978
4496008
4496027
4496039
4496040
4496062
4496071
4496086
4496180
4496202
4496230
4496241
4496288
4496296
4496311
4496322
4496336
4496374
4496389
4496390
4496419
4496434
4496460
4496478
4496487
4496561
4496616
4496629
4496647
4496650
4496665
4496673
4496706
4496757
4496794
4496805
4496818
4496837
4496843
4496851
4496969
4496976
4496997
4497074
4497112
4497121
4497133
4497168
4497185
4497194
4497207
4497235
4497327
4497353
4497362
4497395
4497404
4497431
4497447
4497450
4497482
4497502
4497530
4497541
4497588
4497596
4497626
4497687
4497752
4497763
4497791
4497832
4497848
4497937
4497943
4497984
4498021
4498068
4498070
4498085
4498103
4498122
4498189
4498190
4498208
4498239
4498240
4498253
4498271
4498295
4498307
4498328
4498372
4498399
4498481
4498501
4498519
4498526
4498542
4498555
4498615
4498630
4498664
4498705
4498718
4498720
4498779
4498831
4498938
4498963
4498991
4499000
4499069
4499081
4499097
4499102
4499115
4499123
4499141
4499159
4499164
4499177
4499196
4499209
4499224
4499246
4499252
4499263
4499275
4499291
4499373
4499398
4499412
4499449
4499485
4499537
4499551
4499566
4499579
4499603
4499611
4499622
4499636
4499645
4499658
4499667
4499674
4499689
4499726
4499787
4499807
4499810
4499856
4499861
4499883
4499927
4499953
