5605146
5605631
5606526
5607357
5607402
5608156
5609075
5610056
5610415
5610789
5611339
5611353
5611465
5613054
5613275
5613494
5614393
5615082
5615411
5615961
5617672
5617912
5618124
5618296
5619147
5619568
5619691
5619923
5620005
5620135
5620360
5620731
5620823
5621657
5622034
5622735
5622930
5622996
5623062
5624184
5626222
5626236
5626418
5626672
5626933
5626968
5627088
5627176
5627545
5627955
5628188
5628658
5629286
5629641
5630296
5630665
5631454
5632465
5633279
5633292
5633657
5633814
5637233
5637319
5637548
5637888
5638044
5638496
5639059
5642434
5642487
5642616
5642981
5643200
5643988
5644328
5644344
5644865
5645144
5645452
5645686
5645695
5646292
5647592
5648100
5648273
5649312
5649562
5652037
5653732
5653842
5654445
5654474
5655309
5655739
5655753
5656367
5656389
5656616
5658227
5658425
5659280
5659412
5660024
5660330
5661622
5662605
5662618
5663184
5663982
5665085
5665174
5665361
5665924
5666107
5666172
5666446
5666513
5666532
5667034
5667042
5667305
5667351
5667408
5667506
5667675
5672914
5674042
5675287
5675539
5676067
5677426
5677434
5677712
5678153
5679135
5680413
5680705
5682120
5683407
5684106
5685203
5685550
5686690
5686760
5686810
5686856
5687563
5687796
5688427
5689117
5689223
5689866
5690589
5690771
5690942
5691712
5691721
5693525
5693639
5693747
5693859
5694755
5696459
5696464
5697356
5697519
5697909
5699004
5699839
