   2 5605146
   2 5605631
   2 5606526
   2 5607357
   2 5607402
   2 5608156
   2 5609075
   2 5610056
   2 5610415
   2 5610789
   2 5611339
   2 5611353
   2 5611465
   2 5613054
   2 5613275
   2 5613494
   2 5614393
   2 5615082
   2 5615411
   2 5615961
   2 5617672
   2 5617912
   2 5618124
   2 5619147
   2 5619568
   2 5619923
   2 5620005
   2 5620135
   2 5620360
   2 5620731
   2 5620823
   2 5621657
   2 5622034
   2 5622735
   2 5622930
   2 5623062
   2 5624184
   2 5626222
   2 5626236
   2 5626418
   2 5626672
   2 5626933
   2 5626968
   2 5627088
   2 5627176
   2 5627955
   2 5628188
   2 5629286
   2 5629641
   2 5630296
   2 5630665
   2 5631454
   2 5632465
   2 5633279
   2 5633292
   2 5633657
   2 5633814
   2 5637233
   2 5637319
   2 5637548
   2 5637888
   2 5638044
   2 5638496
   2 5639059
   2 5642434
   2 5642487
