5600048
5600097
5600115
5600123
5600159
5600217
5600224
5600246
5600263
5600280
5600304
5600331
5600350
5600398
5600412
5600421
5600457
5600485
5600494
5600505
5600543
5600566
5600584
5600674
5600701
5600760
5600793
5600810
5600835
5600914
5600927
5600940
5600962
5600986
5600995
5601001
5601019
5601034
5601131
5601147
5601165
5601173
5601213
5601232
5601276
5601281
5601318
5601366
5601384
5601408
5601414
5601427
5601471
5601557
5601570
5601585
5601594
5601638
5601663
5601680
5601691
5601710
5601735
5601756
5601783
5601799
5601858
5601874
5601890
5601915
5601930
5601941
5601964
5601996
5602031
5602047
5602098
5602101
5602126
5602155
5602193
5602205
5602218
5602279
5602300
5602348
5602354
5602369
5602376
5602403
5602411
5602422
5602445
5602474
5602490
5602509
5602517
5602552
5602580
5602591
5602621
5602633
5602668
5602685
5602715
5602730
5602788
5602808
5602840
5602853
5602862
5602886
5602910
5602944
5602961
5603003
5603036
5603045
5603074
5603089
5603170
5603207
5603244
5603314
5603340
5603353
5603386
5603473
5603541
5603564
5603601
5603619
5603626
5603660
5603678
5603687
5603709
5603763
5603780
5603800
5603813
5603825
5603848
5603869
5603876
5603881
5603943
5604023
5604041
5604064
5604077
5604113
5604125
5604132
5604148
5604181
5604216
5604229
5604247
5604265
5604282
5604298
5604317
5604352
5604407
5604428
5604435
5604444
5604483
5604503
5604536
5604545
5604590
5604618
5604620
5604643
5604739
5604762
5604771
5604806
5604812
5604894
5604901
5604926
5604942
5604955
5604960
5604993
5605014
5605027
5605062
5605071
5605095
5605146
5605163
5605202
5605223
5605230
5605277
5605296
5605303
5605322
5605336
5605358
5605389
5605390
5605401
5605419
5605442
5605487
5605507
5605528
5605535
5605544
5605572
5605616
5605629
5605631
5605647
5605682
5605706
5605721
5605749
5605757
5605768
5605770
5605851
5605884
5605913
5605932
5605997
5606033
5606070
5606085
5606122
5606227
5606239
5606253
5606271
5606295
5606344
5606383
5606432
5606448
5606469
5606476
5606501
5606526
5606534
5606555
5606578
5606664
5606677
5606705
5606737
5606751
5606766
5606831
5606847
5606850
5606865
5606898
5606938
5606946
5606991
5607007
5607010
5607083
5607120
5607151
5607166
5607184
5607226
5607278
5607287
5607321
5607357
5607370
5607394
5607402
5607423
5607430
5607441
5607477
5607514
5607527
5607562
5607571
5607586
5607654
5607697
5607711
5607789
5607790
5607824
5607838
5607846
5607852
5607875
5607916
5607929
5607982
5608005
5608018
5608037
5608066
5608092
5608107
5608156
5608221
5608249
5608270
5608285
5608301
5608319
5608334
5608355
5608360
5608409
5608438
5608452
5608480
5608500
5608513
5608548
5608554
5608569
5608576
5608581
5608597
5608640
5608671
5608704
5608731
5608773
5608798
5608802
5608815
5608823
5608864
5608903
5608967
5608989
5608990
5609024
5609038
5609052
5609063
5609075
5609080
5609108
5609127
5609139
5609140
5609162
5609171
5609203
5609258
5609302
5609330
5609364
5609388
5609420
5609479
5609484
5609516
5609529
5609582
5609610
5609644
5609656
5609699
5609769
5609776
5609797
5609819
5609842
5609855
5609878
5609893
5609912
5609921
5609949
5609985
5609994
5610007
5610010
5610028
5610044
5610056
5610061
5610072
5610099
5610105
5610118
5610120
5610151
5610184
5610192
5610242
5610255
5610278
5610287
5610306
5610312
5610321
5610333
5610349
5610415
5610423
5610430
5610496
5610508
5610527
5610540
5610553
5610586
5610648
5610654
5610669
5610767
5610789
5610838
5610846
5610852
5610863
5610904
5610916
5610947
5610950
5611011
5611022
5611036
5611058
5611149
5611170
5611210
5611228
5611244
5611308
5611339
5611340
5611353
5611371
5611386
5611465
5611473
5611498
5611515
5611588
5611596
5611619
5611626
5611678
5611687
5611763
5611800
5611825
5611869
5611905
5611943
5611966
5611979
5611992
5612021
5612049
5612068
5612070
5612094
5612103
5612158
5612190
5612208
5612240
5612271
5612286
5612295
5612307
5612335
5612361
5612399
5612400
5612454
5612481
5612501
5612519
5612526
5612534
5612542
5612555
5612602
5612630
5612677
5612696
5612705
5612737
5612743
5612751
5612766
5612816
5612850
5612865
5612882
5612898
5612952
5612975
5612991
5613000
5613054
5613130
5613141
5613196
5613217
5613238
5613252
5613263
5613275
5613316
5613329
5613350
5613365
5613433
5613470
5613494
5613518
5613520
5613579
5613622
5613636
5613658
5613690
5613701
5613726
5613734
5613742
5613755
5613760
5613778
5613793
5613810
5613883
5613927
5613953
5613962
5613995
5614005
5614018
5614066
5614079
5614092
5614107
5614135
5614172
5614183
5614199
5614221
5614233
5614285
5614342
5614355
5614360
5614393
5614409
5614480
5614532
5614597
5614608
5614627
5614662
5614686
5614716
5614798
5614888
5614896
5614911
5614922
5614967
5615047
5615050
5615082
5615134
5615155
5615178
5615243
5615251
5615300
5615313
5615332
5615369
5615376
5615381
5615397
5615411
5615422
5615436
5615458
5615474
5615490
5615517
5615524
5615552
5615575
5615591
5615612
5615633
5615657
5615668
5615694
5615741
5615759
5615788
5615839
5615840
5615862
5615907
5615956
5615961
5615983
5616002
5616088
5616125
5616132
5616154
5616216
5616229
5616273
5616309
5616317
5616338
5616428
5616444
5616456
5616461
5616483
5616511
5616522
5616536
5616545
5616558
5616567
5616590
5616605
5616620
5616643
5616666
5616753
5616786
5616795
5616821
5616849
5616857
5616919
5616926
5616934
5616993
5617038
5617075
5617091
5617108
5617114
5617153
5617186
5617211
5617222
5617258
5617274
5617289
5617290
5617315
5617323
5617359
5617364
5617437
5617466
5617484
5617516
5617547
5617550
5617582
5617598
5617628
5617661
5617672
5617725
5617732
5617754
5617797
5617801
5617826
5617842
5617860
5617878
5617906
5617912
5617957
5617970
5618008
5618071
5618086
5618109
5618124
5618241
5618259
5618264
5618277
5618296
5618303
5618311
5618336
5618389
5618419
5618442
5618455
5618487
5618493
5618535
5618544
5618556
5618561
5618599
5618629
5618631
5618647
5618650
5618673
5618712
5618757
5618794
5618805
5618851
5618866
5618900
5618925
5618948
5618976
5618997
5619001
5619026
5619078
5619087
5619116
5619131
5619147
5619150
5619198
5619200
5619232
5619248
5619276
5619320
5619337
5619351
5619408
5619427
5619439
5619471
5619512
5619557
5619568
5619585
5619691
5619735
5619761
5619772
5619811
5619836
5619845
5619858
5619874
5619923
5619941
5619964
5619977
5620005
5620020
5620037
5620079
5620084
5620092
5620110
5620128
5620135
5620172
5620212
5620221
5620233
5620249
5620257
5620326
5620334
5620355
5620360
5620409
5620438
5620500
5620513
5620525
5620548
5620597
5620614
5620653
5620662
5620671
5620686
5620695
5620716
5620731
5620773
5620815
5620823
5620830
5620859
5620877
5620888
5620896
5620903
5620911
5620922
5620945
5620967
5620974
5620990
5621016
5621047
5621050
5621082
5621098
5621119
5621134
5621142
5621178
5621205
5621220
5621243
5621266
5621332
5621348
5621354
5621369
5621381
5621403
5621411
5621422
5621445
5621458
5621467
5621474
5621563
5621657
5621668
5621670
5621685
5621694
5621730
5621759
5621777
5621814
5621827
5621862
5621871
5621886
5621935
5621961
5621972
5622026
5622034
5622060
5622087
5622104
5622116
5622131
5622147
5622150
5622165
5622173
5622182
5622213
5622248
5622269
5622281
5622297
5622305
5622379
5622384
5622408
5622414
5622427
5622439
5622440
5622453
5622533
5622568
5622609
5622624
5622646
5622652
5622663
5622707
5622710
5622735
5622783
5622811
5622822
5622874
5622889
5622915
5622923
5622930
5622959
5622988
5622996
5623008
5623027
5623039
5623062
5623071
5623086
5623109
5623117
5623124
5623146
5623191
5623215
5623223
5623230
5623259
5623264
5623277
5623296
5623322
5623336
5623345
5623367
5623374
5623389
5623434
5623455
5623460
5623478
5623493
5623507
5623510
5623528
5623535
5623572
5623583
5623629
5623631
5623650
5623665
5623673
5623682
5623698
5623721
5623733
5623770
5623785
5623818
5623851
5623866
5623900
5623913
5623932
5623948
5623981
5624072
5624083
5624099
5624151
5624166
5624179
5624184
5624201
5624242
5624255
5624260
5624278
5624306
5624357
5624385
5624394
5624415
5624423
5624477
5624488
5624496
5624514
5624540
5624553
5624562
5624595
5624600
5624613
5624625
5624632
5624648
5624654
5624697
5624711
5624767
5624789
5624790
5624824
5624838
5624846
5624916
5624973
5624998
5625011
5625045
5625058
5625089
5625149
5625185
5625228
5625235
5625244
5625256
5625261
5625272
5625308
5625327
5625395
5625416
5625429
5625447
5625482
5625498
5625530
5625541
5625564
5625577
5625626
5625642
5625687
5625693
5625717
5625746
5625775
5625780
5625800
5625869
5625881
5625905
5625918
5625920
5625943
5625966
5625979
5626009
5626075
5626114
5626140
5626153
5626186
5626222
5626236
5626245
5626274
5626289
5626315
5626323
5626418
5626420
5626437
5626443
5626479
5626504
5626529
5626531
5626547
5626550
5626582
5626610
5626672
5626700
5626776
5626781
5626797
5626826
5626842
5626878
5626887
5626912
5626933
5626957
5626968
5626985
5627015
5627023
5627041
5627064
5627088
5627096
5627100
5627154
5627169
5627176
5627204
5627231
5627247
5627250
5627265
5627298
5627352
5627363
5627391
5627410
5627428
5627435
5627444
5627456
5627472
5627499
5627503
5627545
5627574
5627605
5627618
5627643
5627666
5627679
5627692
5627727
5627739
5627762
5627786
5627812
5627821
5627833
5627849
5627857
5627894
5627901
5627934
5627955
5627987
5627993
5628000
5628032
5628076
5628081
5628102
5628115
5628123
5628141
5628159
5628188
5628224
5628238
5628252
5628263
5628275
5628316
5628329
5628331
5628365
5628373
5628398
5628406
5628421
5628449
5628457
5628468
5628518
5628520
5628551
5628592
5628603
5628622
5628658
5628667
5628701
5628742
5628755
5628793
5628828
5628835
5628856
5628908
5628914
5628939
5628940
5628953
5628962
5628971
5628995
5629012
5629033
5629068
5629085
5629145
5629158
5629190
5629214
5629239
5629286
5629310
5629356
5629400
5629454
5629481
5629497
5629519
5629534
5629542
5629578
5629587
5629602
5629641
5629677
5629705
5629743
5629784
5629816
5629847
5629882
5629898
5629909
5629946
5629963
5630008
5630095
5630109
5630138
5630152
5630175
5630191
5630202
5630223
5630230
5630241
5630259
5630296
5630303
5630336
5630367
5630389
5630390
5630455
5630460
5630487
5630493
5630507
5630535
5630561
5630572
5630583
5630604
5630647
5630650
5630665
5630682
5630698
5630706
5630712
5630733
5630770
5630805
5630837
5630866
5630884
5630892
5630932
5631006
5631012
5631033
5631049
5631057
5631070
5631103
5631111
5631122
5631145
5631158
5631189
5631190
5631208
5631214
5631239
5631240
5631271
5631286
5631335
5631400
5631413
5631425
5631454
5631497
5631501
5631519
5631542
5631578
5631587
5631623
5631630
5631664
5631696
5631705
5631737
5631751
5631784
5631804
5631831
5631847
5631865
5631873
5631882
5631917
5631963
5632011
5632036
5632058
5632106
5632121
5632133
5632149
5632168
5632170
5632194
5632210
5632228
5632235
5632244
5632283
5632299
5632339
5632431
5632447
5632465
5632515
5632541
5632577
5632588
5632634
5632752
5632775
5632780
5632800
5632832
5632854
5632869
5632876
5632881
5632897
5632920
5632937
5632943
5632951
5633047
5633065
5633119
5633126
5633155
5633193
5633218
5633243
5633279
5633292
5633325
5633332
5633354
5633376
5633411
5633445
5633458
5633489
5633517
5633524
5633563
5633606
5633612
5633657
5633723
5633741
5633788
5633796
5633808
5633814
5633839
5633871
5633886
5633944
5634009
5634017
5634038
5634063
5634075
5634080
5634140
5634153
5634186
5634195
5634203
5634211
5634258
5634267
5634274
5634290
5634302
5634323
5634377
5634396
5634418
5634420
5634443
5634451
5634466
5634516
5634529
5634550
5634598
5634607
5634610
5634628
5634635
5634672
5634683
5634713
5634725
5634748
5634754
5634776
5634781
5634801
5634826
5634887
5634906
5634921
5634957
5634970
5634985
5635000
5635013
5635032
5635069
5635081
5635097
5635115
5635123
5635164
5635188
5635209
5635246
5635263
5635291
5635316
5635329
5635365
5635406
5635421
5635433
5635457
5635468
5635485
5635494
5635505
5635543
5635551
5635566
5635579
5635584
5635603
5635658
5635674
5635689
5635690
5635734
5635760
5635778
5635807
5635810
5635835
5635844
5635861
5635883
5635908
5635995
5636042
5636093
5636131
5636147
5636165
5636182
5636200
5636213
5636232
5636254
5636276
5636337
5636379
5636384
5636392
5636414
5636427
5636471
5636495
5636506
5636521
5636549
5636557
5636570
5636609
5636652
5636680
5636691
5636707
5636728
5636744
5636845
5636858
5636867
5636889
5637005
5637043
5637079
5637144
5637156
5637161
5637206
5637212
5637233
5637257
5637270
5637319
5637326
5637334
5637355
5637378
5637387
5637409
5637438
5637446
5637463
5637513
5637548
5637569
5637581
5637614
5637639
5637640
5637653
5637704
5637750
5637798
5637815
5637859
5637888
5637911
5637922
5637936
5637945
5637974
5637989
5638010
5638035
5638044
5638056
5638083
5638099
5638166
5638184
5638219
5638234
5638312
5638321
5638349
5638423
5638430
5638488
5638496
5638514
5638527
5638562
5638586
5638600
5638669
5638676
5638722
5638745
5638758
5638774
5638809
5638863
5638880
5638973
5638982
5638998
5639002
5639023
5639059
5639077
5639096
5639113
5639125
5639148
5639181
5639204
5639229
5639250
5639499
5639503
5639511
5639522
5639536
5639545
5639558
5639567
5639589
5639590
5639643
5639666
5639679
5639692
5639708
5639740
5639753
5639806
5639821
5639833
5639857
5639894
5639934
5639960
5639978
5639993
5640022
5640074
5640089
5640121
5640170
5640194
5640210
5640228
5640256
5640272
5640314
5640327
5640447
5640465
5640473
5640515
5640530
5640564
5640577
5640588
5640596
5640642
5640687
5640717
5640724
5640738
5640752
5640780
5640813
5640832
5640848
5640881
5640905
5640918
5640951
5640979
5640984
5640992
5641038
5641075
5641108
5641153
5641245
5641258
5641267
5641290
5641315
5641323
5641330
5641364
5641443
5641492
5641504
5641516
5641529
5641550
5641582
5641607
5641661
5641713
5641725
5641754
5641801
5641819
5641826
5641834
5641842
5641860
5641933
5641985
5642027
5642095
5642109
5642117
5642124
5642152
5642180
5642202
5642230
5642241
5642322
5642367
5642389
5642419
5642434
5642455
5642487
5642493
5642507
5642556
5642572
5642616
5642650
5642665
5642706
5642712
5642733
5642749
5642768
5642770
5642785
5642843
5642892
5642900
5642981
5643001
5643042
5643116
5643129
5643165
5643182
5643198
5643200
5643225
5643254
5643297
5643305
5643320
5643343
5643351
5643379
5643408
5643414
5643440
5643453
5643462
5643495
5643506
5643512
5643549
5643568
5643570
5643691
5643710
5643735
5643744
5643822
5643874
5643902
5643915
5643923
5643930
5643959
5643977
5643988
5644006
5644057
5644068
5644070
5644103
5644111
5644158
5644189
5644190
5644214
5644239
5644271
5644295
5644328
5644335
5644344
5644469
5644476
5644481
5644497
5644542
5644555
5644578
5644587
5644593
5644615
5644623
5644630
5644659
5644720
5644743
5644779
5644865
5644882
5644898
5644917
5644924
5644946
5644975
5645051
5645092
5645107
5645110
5645135
5645144
5645156
5645161
5645172
5645257
5645270
5645301
5645409
5645417
5645438
5645452
5645475
5645480
5645491
5645500
5645513
5645548
5645569
5645597
5645608
5645627
5645653
5645686
5645695
5645729
5645731
5645747
5645773
5645798
5645802
5645815
5645823
5645903
5645922
5645936
5645974
5645989
5646050
5646073
5646098
5646119
5646155
5646160
5646193
5646220
5646237
5646284
5646292
5646313
5646325
5646332
5646348
5646354
5646381
5646397
5646403
5646422
5646445
5646458
5646467
5646474
5646490
5646509
5646517
5646524
5646546
5646552
5646563
5646580
5646670
5646694
5646702
5646715
5646741
5646759
5646764
5646788
5646814
5646839
5646853
5646886
5646935
5646961
5647025
5647097
5647102
5647130
5647164
5647177
5647246
5647252
5647275
5647304
5647329
5647347
5647373
5647382
5647412
5647449
5647457
5647470
5647543
5647566
5647584
5647592
5647636
5647645
5647674
5647726
5647755
5647760
5647793
5647807
5647908
5647927
5647953
5648002
5648023
5648059
5648064
5648088
5648100
5648113
5648154
5648250
5648273
5648298
5648324
5648363
5648435
5648472
5648511
5648536
5648590
5648679
5648727
5648740
5648762
5648771
5648806
5648821
5648868
5648901
5648919
5648934
5648978
5648987
5649007
5649105
5649120
5649143
5649151
5649166
5649179
5649184
5649226
5649306
5649312
5649368
5649370
5649385
5649394
5649441
5649464
5649477
5649488
5649514
5649527
5649539
5649540
5649553
5649562
5649571
5649595
5649600
5649676
5649697
5649703
5649711
5649745
5649767
5649774
5649809
5649838
5649846
5649863
5649875
5649880
5649891
5649916
5649931
5649950
5649965
5649998
5650026
5650055
5650093
5650116
5650129
5650200
5650232
5650248
5650254
5650269
5650318
5650337
5650351
5650384
5650392
5650408
5650462
5650486
5650495
5650512
5650521
5650570
5650585
5650638
5650652
5650675
5650710
5650744
5650799
5650803
5650822
5650836
5650845
5650902
5650923
5650941
5650964
5650996
5651007
5651044
5651118
5651166
5651179
5651234
5651242
5651293
5651306
5651357
5651370
5651415
5651441
5651477
5651508
5651571
5651595
5651697
5651703
5651711
5651758
5651767
5651789
5651790
5651824
5651846
5651880
5651965
5651982
5651998
5652020
5652037
5652066
5652079
5652084
5652092
5652110
5652128
5652161
5652199
5652257
5652268
5652285
5652294
5652326
5652334
5652342
5652360
5652387
5652393
5652409
5652424
5652438
5652446
5652491
5652513
5652532
5652548
5652569
5652581
5652614
5652627
5652639
5652686
5652716
5652729
5652747
5652750
5652773
5652815
5652896
5652936
5652974
5652990
5653009
5653046
5653052
5653114
5653171
5653203
5653211
5653258
5653290
5653302
5653315
5653330
5653364
5653396
5653420
5653443
5653479
5653492
5653516
5653529
5653531
5653565
5653607
5653610
5653661
5653672
5653683
5653713
5653732
5653769
5653776
5653797
5653801
5653842
5653887
5653921
5653949
5653968
5654004
5654031
5654050
5654065
5654082
5654142
5654155
5654178
5654193
5654243
5654251
5654279
5654292
5654313
5654332
5654376
5654381
5654422
5654436
5654445
5654458
5654474
5654509
5654538
5654552
5654563
5654575
5654694
5654715
5654723
5654730
5654741
5654759
5654788
5654808
5654840
5654853
5654886
5654928
5654956
5654972
5655002
5655023
5655059
5655077
5655096
5655113
5655125
5655154
5655181
5655197
5655250
5655265
5655298
5655309
5655324
5655338
5655352
5655375
5655380
5655391
5655536
5655545
5655558
5655637
5655651
5655684
5655727
5655739
5655753
5655786
5655833
5655849
5655868
5655894
5655901
5655919
5655960
5655978
5656014
5656053
5656138
5656163
5656175
5656180
5656202
5656223
5656241
5656296
5656311
5656322
5656358
5656367
5656374
5656389
5656390
5656401
5656442
5656455
5656460
5656478
5656493
5656528
5656604
5656616
5656650
5656712
5656733
5656837
5656843
5656892
5656948
5656969
5656976
5657003
5657022
5657089
5657112
5657133
5657168
5657185
5657244
5657299
5657308
5657314
5657327
5657340
5657362
5657395
5657416
5657431
5657465
5657473
5657482
5657502
5657523
5657541
5657655
5657687
5657693
5657709
5657717
5657763
5657800
5657848
5657869
5657918
5657937
5657951
5657992
5658057
5658068
5658070
5658094
5658122
5658136
5658174
5658208
5658227
5658253
5658295
5658307
5658310
5658328
5658372
5658399
5658425
5658454
5658481
5658519
5658534
5658560
5658602
5658623
5658641
5658664
5658677
5658688
5658696
5658720
5658737
5658766
5658779
5658792
5658847
5658850
5658865
5658873
5658882
5658898
5658917
5658924
5658952
5658963
5658975
5658991
5659025
5659048
5659069
5659076
5659081
5659115
5659123
5659141
5659164
5659196
5659217
5659238
5659252
5659275
5659280
5659304
5659316
5659329
5659382
5659406
5659412
5659421
5659485
5659505
5659518
5659543
5659579
5659611
5659658
5659689
5659701
5659726
5659742
5659755
5659787
5659793
5659835
5659844
5659856
5659861
5659899
5659939
5659962
5659971
5659995
5660017
5660024
5660038
5660075
5660080
5660091
5660108
5660114
5660140
5660171
5660186
5660203
5660222
5660245
5660258
5660290
5660302
5660330
5660341
5660377
5660388
5660396
5660405
5660418
5660437
5660443
5660466
5660479
5660492
5660504
5660529
5660531
5660550
5660573
5660610
5660661
5660683
5660732
5660855
5660887
5660957
5661054
5661076
5661188
5661238
5661246
5661280
5661291
5661329
5661350
5661382
5661398
5661412
5661421
5661457
5661468
5661485
5661505
5661520
5661543
5661551
5661592
5661622
5661689
5661690
5661701
5661719
5661755
5661778
5661807
5661835
5661962
5661986
5662030
5662059
5662064
5662077
5662088
5662132
5662154
5662181
5662197
5662229
5662231
5662247
5662250
5662265
5662273
5662298
5662352
5662363
5662375
5662407
5662410
5662435
5662444
5662461
5662472
5662499
5662522
5662605
5662618
5662637
5662643
5662679
5662684
5662708
5662727
5662753
5662762
5662771
5662812
5662821
5662849
5662870
5662885
5662894
5662901
5662955
5662987
5662993
5663007
5663056
5663143
5663184
5663226
5663255
5663349
5663357
5663370
5663394
5663415
5663430
5663464
5663553
5663562
5663571
5663654
5663676
5663703
5663736
5663767
5663774
5663789
5663790
5663809
5663817
5663838
5663863
5663880
5663904
5663929
5663947
5663950
5663965
5663982
5664014
5664027
5664053
5664062
5664071
5664117
5664152
5664163
5664175
5664191
5664259
5664277
5664296
5664311
5664345
5664367
5664374
5664389
5664419
5664426
5664434
5664442
5664478
5664528
5664535
5664544
5664561
5664583
5664631
5664650
5664673
5664712
5664721
5664770
5664785
5664794
5664843
5664851
5664866
5664879
5664884
5664913
5664948
5664969
5665012
5665068
5665085
5665103
5665136
5665158
5665167
5665174
5665190
5665208
5665214
5665262
5665286
5665295
5665307
5665310
5665335
5665356
5665361
5665383
5665432
5665448
5665481
5665519
5665526
5665534
5665578
5665593
5665602
5665615
5665623
5665630
5665696
5665705
5665737
5665751
5665779
5665792
5665804
5665847
5665865
5665873
5665898
5665909
5665924
5666051
5666107
5666128
5666172
5666183
5666199
5666268
5666294
5666301
5666326
5666334
5666342
5666355
5666360
5666387
5666446
5666452
5666475
5666513
5666525
5666532
5666569
5666576
5666608
5666614
5666639
5666653
5666731
5666765
5666773
5666802
5666830
5666864
5666903
5666945
5667001
5667034
5667042
5667078
5667087
5667104
5667116
5667131
5667150
5667213
5667248
5667281
5667297
5667305
5667337
5667351
5667379
5667384
5667408
5667471
5667506
5667521
5667549
5667568
5667570
5667585
5667624
5667646
5667652
5667675
5667691
5667710
5667735
5667772
5667783
5667799
5667874
5667902
5667941
5667977
5668004
5668047
5668050
5668065
5668126
5668187
5668218
5668251
5668279
5668292
5668313
5668369
5668381
5668422
5668458
5668546
5668552
5668563
5668591
5668612
5668621
5668633
5668649
5668685
5668777
5668788
5668808
5668839
5668853
5668862
5668871
5668944
5669067
5669194
5669235
5669272
5669283
5669299
5669327
5669339
5669340
5669353
5669404
5669416
5669447
5669465
5669473
5669482
5669502
5669523
5669530
5669541
5669564
5669601
5669626
5669642
5669687
5669738
5669746
5669752
5669854
5669918
5669920
5669951
5670004
5670029
5670031
5670050
5670160
5670205
5670218
5670251
5670279
5670284
5670300
5670348
5670376
5670381
5670411
5670436
5670445
5670467
5670489
5670517
5670552
5670591
5670606
5670657
5670668
5670702
5670759
5670764
5670777
5670808
5670814
5670871
5670886
5670944
5670956
5671088
5671096
5671113
5671132
5671148
5671169
5671181
5671229
5671309
5671317
5671324
5671380
5671391
5671407
5671428
5671444
5671456
5671499
5671511
5671522
5671545
5671558
5671589
5671605
5671620
5671643
5671666
5671692
5671727
5671795
5671812
5671821
5671894
5671901
5671942
5671960
5671987
5672048
5672054
5672069
5672081
5672102
5672115
5672159
5672238
5672275
5672329
5672350
5672365
5672373
5672406
5672433
5672449
5672457
5672468
5672520
5672543
5672611
5672622
5672636
5672658
5672674
5672689
5672742
5672755
5672760
5672787
5672793
5672807
5672810
5672861
5672872
5672883
5672899
5672908
5672914
5672971
5672986
5673049
5673057
5673085
5673103
5673111
5673136
5673145
5673190
5673214
5673239
5673240
5673253
5673262
5673271
5673286
5673295
5673307
5673328
5673335
5673361
5673425
5673448
5673454
5673469
5673476
5673481
5673497
5673560
5673578
5673623
5673641
5673677
5673688
5673705
5673784
5673792
5673804
5673847
5673873
5673952
5673980
5674001
5674042
5674060
5674150
5674173
5674182
5674213
5674225
5674276
5674281
5674297
5674305
5674343
5674351
5674366
5674408
5674486
5674549
5674570
5674585
5674609
5674617
5674638
5674652
5674675
5674691
5674710
5674728
5674735
5674744
5674761
5674803
5674811
5674822
5674858
5674867
5674889
5674915
5674977
5674988
5675010
5675061
5675072
5675083
5675099
5675105
5675137
5675151
5675166
5675184
5675192
5675201
5675219
5675226
5675234
5675260
5675287
5675306
5675368
5675370
5675415
5675488
5675514
5675527
5675539
5675540
5675571
5675632
5675697
5675711
5675736
5675745
5675758
5675789
5675790
5675838
5675846
5675852
5675875
5675880
5675891
5675931
5675965
5675973
5675998
5676022
5676036
5676045
5676058
5676067
5676074
5676089
5676149
5676168
5676170
5676185
5676194
5676207
5676235
5676256
5676261
5676272
5676299
5676308
5676314
5676327
5676371
5676386
5676395
5676450
5676482
5676502
5676577
5676588
5676626
5676709
5676752
5676763
5676780
5676791
5676854
5676869
5676943
5676966
5676984
5677014
5677027
5677053
5677071
5677086
5677095
5677117
5677138
5677175
5677215
5677230
5677259
5677264
5677296
5677303
5677311
5677322
5677358
5677374
5677419
5677426
5677434
5677478
5677507
5677556
5677572
5677616
5677629
5677673
5677712
5677733
5677768
5677785
5677843
5677879
5677969
5677976
5677981
5677997
5678052
5678091
5678140
5678153
5678171
5678203
5678236
5678245
5678289
5678315
5678341
5678359
5678396
5678418
5678420
5678437
5678484
5678492
5678504
5678547
5678598
5678628
5678635
5678661
5678672
5678683
5678699
5678700
5678725
5678754
5678769
5678776
5678826
5678834
5678842
5678855
5678878
5678887
5678893
5678912
5679005
5679018
5679092
5679135
5679156
5679172
5679199
5679206
5679221
5679268
5679270
5679301
5679319
5679326
5679342
5679393
5679446
5679452
5679480
5679532
5679548
5679554
5679576
5679608
5679653
5679686
5679695
5679716
5679729
5679731
5679802
5679815
5679864
5679877
5679945
5679958
5679967
5679990
5680012
5680085
5680103
5680145
5680158
5680174
5680189
5680227
5680295
5680310
5680344
5680399
5680400
5680413
5680448
5680526
5680555
5680593
5680602
5680630
5680659
5680664
5680677
5680696
5680705
5680751
5680766
5680792
5680804
5680831
5680847
5680882
5680898
5680938
5680963
5681018
5681020
5681037
5681079
5681092
5681128
5681135
5681161
5681172
5681212
5681249
5681257
5681270
5681301
5681342
5681355
5681360
5681378
5681387
5681393
5681463
5681480
5681491
5681513
5681525
5681548
5681581
5681608
5681614
5681639
5681695
5681729
5681731
5681782
5681798
5681802
5681823
5681936
5681967
5681989
5682044
5682056
5682072
5682120
5682143
5682151
5682184
5682192
5682226
5682255
5682357
5682368
5682385
5682430
5682459
5682464
5682514
5682527
5682539
5682600
5682648
5682654
5682669
5682676
5682745
5682758
5682789
5682875
5682904
5682950
5682982
5683015
5683030
5683059
5683077
5683088
5683096
5683113
5683154
5683229
5683231
5683265
5683317
5683324
5683352
5683363
5683375
5683391
5683407
5683410
5683456
5683461
5683483
5683499
5683567
5683574
5683590
5683637
5683651
5683684
5683692
5683762
5683806
5683812
5683849
5683857
5683868
5683894
5683926
5683934
5683960
5683993
5684022
5684036
5684067
5684089
5684106
5684121
5684168
5684194
5684207
5684210
5684228
5684272
5684353
5684395
5684447
5684541
5684559
5684596
5684738
5684752
5684763
5684791
5684825
5684832
5684869
5684897
5684905
5684943
5684966
5684979
5685009
5685017
5685063
5685075
5685080
5685114
5685139
5685140
5685186
5685203
5685236
5685267
5685274
5685377
5685405
5685418
5685420
5685437
5685451
5685479
5685484
5685492
5685516
5685550
5685565
5685573
5685607
5685635
5685644
5685672
5685713
5685748
5685754
5685781
5685797
5685801
5685826
5685887
5685906
5685949
5685968
5685970
5686000
5686076
5686081
5686164
5686252
5686280
5686291
5686316
5686331
5686347
5686365
5686373
5686406
5686412
5686421
5686449
5686470
5686485
5686494
5686518
5686566
5686584
5686592
5686611
5686622
5686645
5686690
5686719
5686755
5686760
5686793
5686807
5686810
5686828
5686835
5686856
5686861
5686872
5686883
5686899
5686927
5686940
5686971
5686995
5687004
5687016
5687073
5687082
5687101
5687142
5687160
5687193
5687266
5687300
5687348
5687369
5687381
5687411
5687422
5687436
5687458
5687467
5687474
5687517
5687538
5687552
5687563
5687591
5687606
5687612
5687649
5687668
5687694
5687702
5687723
5687741
5687788
5687796
5687808
5687839
5687840
5687935
5687961
5687972
5687999
5688001
5688026
5688042
5688060
5688104
5688116
5688131
5688165
5688182
5688198
5688254
5688276
5688297
5688305
5688351
5688379
5688384
5688392
5688427
5688439
5688471
5688486
5688521
5688557
5688585
5688609
5688617
5688646
5688652
5688675
5688728
5688735
5688756
5688761
5688772
5688783
5688799
5688811
5688822
5688867
5688889
5688923
5688930
5688941
5688977
5688988
5688996
5689027
5689039
5689071
5689086
5689095
5689109
5689117
5689152
5689175
5689180
5689191
5689202
5689223
5689241
5689259
5689277
5689288
5689311
5689336
5689358
5689367
5689389
5689390
5689487
5689510
5689535
5689572
5689616
5689631
5689647
5689650
5689698
5689712
5689757
5689818
5689843
5689866
5689925
5689948
5689976
5689997
5690023
5690030
5690077
5690096
5690176
5690181
5690204
5690229
5690231
5690250
5690265
5690282
5690407
5690444
5690456
5690483
5690499
5690536
5690558
5690589
5690637
5690651
5690771
5690786
5690795
5690821
5690868
5690870
5690919
5690942
5691095
5691109
5691117
5691124
5691146
5691152
5691163
5691175
5691180
5691191
5691215
5691223
5691230
5691277
5691288
5691296
5691303
5691311
5691336
5691345
5691374
5691389
5691390
5691419
5691426
5691455
5691493
5691535
5691561
5691583
5691673
5691712
5691721
5691749
5691757
5691768
5691866
5691879
5691900
5691925
5691932
5691997
5692080
5692127
5692140
5692171
5692186
5692203
5692211
5692236
5692289
5692341
5692364
5692388
5692437
5692451
5692479
5692484
5692531
5692565
5692582
5692699
5692713
5692725
5692754
5692801
5692819
5692842
5692855
5692985
5692994
5693018
5693020
5693043
5693066
5693079
5693212
5693233
5693301
5693319
5693326
5693334
5693360
5693409
5693417
5693424
5693438
5693480
5693500
5693525
5693554
5693608
5693627
5693639
5693653
5693716
5693729
5693747
5693802
5693823
5693859
5693877
5693888
5693896
5693936
5693958
5693974
5693990
5694013
5694025
5694032
5694048
5694123
5694159
5694196
5694263
5694275
5694304
5694329
5694365
5694373
5694406
5694433
5694457
5694468
5694485
5694494
5694520
5694543
5694579
5694584
5694592
5694603
5694611
5694645
5694658
5694689
5694701
5694742
5694755
5694810
5694835
5694914
5694939
5694940
5694953
5694971
5694986
5694995
5695001
5695078
5695104
5695129
5695200
5695225
5695232
5695269
5695297
5695337
5695351
5695408
5695471
5695486
5695495
5695506
5695521
5695549
5695585
5695594
5695617
5695624
5695646
5695652
5695691
5695772
5695799
5695803
5695845
5695889
5695890
5695915
5695923
5695930
5695977
5696035
5696083
5696099
5696105
5696118
5696166
5696179
5696192
5696226
5696234
5696242
5696278
5696394
5696402
5696415
5696459
5696464
5696508
5696514
5696586
5696648
5696654
5696681
5696703
5696722
5696745
5696774
5696790
5696817
5696880
5696904
5696950
5696973
5697012
5697021
5697049
5697057
5697070
5697094
5697136
5697145
5697167
5697189
5697208
5697227
5697239
5697253
5697271
5697307
5697344
5697356
5697372
5697413
5697454
5697469
5697519
5697555
5697578
5697623
5697641
5697659
5697664
5697688
5697705
5697720
5697751
5697766
5697804
5697847
5697873
5697898
5697909
5697924
5697938
5697952
5697963
5697975
5698022
5698074
5698168
5698185
5698207
5698210
5698228
5698235
5698244
5698272
5698340
5698362
5698371
5698395
5698431
5698447
5698473
5698502
5698559
5698564
5698577
5698596
5698619
5698642
5698678
5698709
5698717
5698763
5698780
5698813
5698869
5698881
5698897
5698905
5698937
5698943
5698951
5698966
5698979
5699004
5699047
5699098
5699134
5699178
5699187
5699205
5699251
5699292
5699325
5699348
5699369
5699381
5699397
5699403
5699411
5699436
5699458
5699474
5699489
5699490
5699524
5699538
5699612
5699649
5699668
5699694
5699723
5699730
5699741
5699759
5699764
5699796
5699814
5699839
5699895
5699928
5699944
5699956
5699972
