3501835
3502868
3502894
3504014
3504976
3506608
3507495
3507735
3507874
3509791
3511423
3511852
3512548
3513834
3514445
3515148
3515231
3515435
3517157
3517717
3519406
3519689
3521753
3524087
3524281
3525056
3526473
3527976
3531257
3532441
3534395
3536291
3538087
3539879
3540586
3540789
3542295
3543246
3543412
3544206
3544491
3545376
3545606
3545827
3546015
3546857
3546942
3547127
3547203
3547573
3547826
3548712
3550097
3550861
3551001
3552047
3552218
3552445
3552961
3553564
3553854
3554154
3554926
3555277
3555478
3555650
3555913
3556307
3556641
3556792
3557044
3557083
3558387
3558475
3559108
3559236
3559921
3560045
3560149
3560170
3560541
3560854
3561451
3561921
3562345
3562851
3563297
3563462
3563874
3564641
3565084
3565156
3565270
3566348
3566524
3566668
3566715
3567457
3567883
3568204
3568812
3568870
3569357
3571086
3572529
3572906
3573864
3574939
3575439
3576349
3576613
3576676
3577190
3577816
3578207
3578431
3578693
3579098
3579509
3579685
3581702
3582165
3582343
3582549
3582959
3583086
3583561
3583706
3584496
3584553
3584711
3584838
3585876
3586108
3586139
3586418
3586699
3587435
3587605
3587692
3587753
3588674
3588861
3588899
3589085
3590336
3590544
3591214
3591497
3592045
3592314
3592693
3592825
3593591
3594075
3594236
3594985
3595755
3595844
3596182
3596617
3596675
3597092
3597128
3598260
3598370
3598464
3598496
3598539
3599375
3599545
3599620
3599637
3599993
