3900020
3900037
3900043
3900079
3900092
3900107
3900110
3900128
3900135
3900144
3900183
3900221
3900249
3900268
3900285
3900334
3900355
3900360
3900393
3900409
3900446
3900463
3900475
3900480
3900554
3900581
3900597
3900671
3900704
3900729
3900731
3900747
3900750
3900782
3900802
3900823
3900841
3900859
3900864
3900888
3900903
3900911
3900922
3900936
3900945
3900958
3900967
3900989
3901016
3901031
3901065
3901082
3901119
3901134
3901155
3901178
3901193
3901205
3901220
3901237
3901251
3901266
3901284
3901300
3901313
3901325
3901332
3901348
3901376
3901403
3901411
3901422
3901445
3901474
3901490
3901509
3901524
3901538
3901580
3901606
3901612
3901685
3901702
3901723
3901764
3901777
3901788
3901796
3901839
3901871
3901910
3901944
3901956
3901972
3902019
3902034
3902042
3902055
3902078
3902087
3902093
3902104
3902116
3902165
3902173
3902198
3902200
3902213
3902225
3902232
3902254
3902269
3902276
3902281
3902297
3902320
3902337
3902384
3902392
3902414
3902427
3902440
3902462
3902486
3902495
3902512
3902533
3902549
3902557
3902568
3902570
3902585
3902617
3902646
3902663
3902675
3902680
3902707
3902728
3902744
3902761
3902772
3902783
3902803
3902811
3902836
3902845
3902874
3902889
3902902
3902915
3902923
3902941
3902964
3902988
3903014
3903040
3903053
3903071
3903086
3903109
3903117
3903146
3903152
3903163
3903202
3903215
3903230
3903241
3903259
3903264
3903277
3903296
3903303
3903311
3903336
3903345
3903367
3903374
3903389
3903390
3903426
3903434
3903442
3903460
3903478
3903487
3903510
3903528
3903535
3903583
3903599
3903616
3903631
3903650
3903698
3903721
3903733
3903749
3903757
3903768
3903770
3903805
3903879
3903884
3903892
3903900
3903925
3903932
3903954
3903976
3903997
3904010
3904035
3904056
3904099
3904118
3904120
3904137
3904184
3904201
3904226
3904234
3904293
3904321
3904333
3904357
3904368
3904370
3904402
3904423
3904430
3904441
3904459
3904508
3904514
3904539
3904540
3904571
3904586
3904595
3904613
3904625
3904648
3904681
3904736
3904745
3904758
3904774
3904789
3904790
3904809
3904817
3904824
3904863
3904875
3904891
3904904
3904916
3904931
3904950
3904965
3904973
3904998
3905003
3905022
3905036
3905045
3905089
3905090
3905106
3905121
3905157
3905244
3905256
3905261
3905272
3905314
3905327
3905339
3905395
3905404
3905429
3905431
3905450
3905465
3905482
3905502
3905530
3905559
3905577
3905588
3905596
3905601
3905626
3905642
3905687
3905693
3905709
3905738
3905752
3905763
3905775
3905780
3905791
3905832
3905854
3905876
3905881
3905905
3905918
3905920
3905937
3905951
3905966
3905979
3905992
3906017
3906024
3906038
3906063
3906114
3906139
3906153
3906186
3906222
3906236
3906274
3906289
3906290
3906323
3906341
3906377
3906388
3906405
3906418
3906451
3906466
3906516
3906531
3906547
3906565
3906573
3906598
3906607
3906610
3906672
3906699
3906725
3906754
3906826
3906855
3906860
3906878
3906887
3906893
3906906
3906912
3906921
3906933
3906970
3906985
3906994
3907002
3907030
3907077
3907088
3907096
3907100
3907148
3907169
3907176
3907181
3907197
3907216
3907231
3907247
3907250
3907265
3907282
3907317
3907338
3907346
3907352
3907363
3907375
3907380
3907444
3907461
3907503
3907545
3907574
3907590
3907618
3907651
3907692
3907727
3907739
3907753
3907795
3907806
3907812
3907821
3907833
3907857
3907868
3907870
3907885
3907901
3907934
3908000
3908013
3908025
3908032
3908048
3908069
3908102
3908115
3908177
3908188
3908217
3908238
3908246
3908252
3908280
3908291
3908304
3908316
3908347
3908382
3908406
3908421
3908457
3908468
3908470
3908520
3908537
3908543
3908566
3908579
3908603
3908636
3908645
3908674
3908690
3908701
3908726
3908778
3908787
3908793
3908810
3908828
3908835
3908856
3908861
3908872
3908883
3908899
3908914
3908971
3908986
3909006
3909012
3909033
3909057
3909085
3909103
3909122
3909136
3909158
3909167
3909189
3909190
3909208
3909239
3909253
3909262
3909271
3909286
3909307
3909328
3909335
3909344
3909361
3909372
3909383
3909399
3909400
3909425
3909432
3909448
3909469
3909476
3909534
3909623
3909630
3909641
3909659
3909688
3909696
3909718
3909720
3909743
3909766
3909779
3909792
3909816
3909865
3909909
3909917
3909924
3909963
3909975
3909991
3910015
3910023
3910059
3910064
3910077
3910113
3910125
3910132
3910148
3910176
3910197
3910216
3910229
3910231
3910247
3910250
3910265
3910273
3910324
3910338
3910363
3910391
3910407
3910410
3910428
3910435
3910461
3910472
3910511
3910536
3910545
3910574
3910589
3910605
3910618
3910643
3910708
3910714
3910727
3910753
3910771
3910786
3910795
3910821
3910868
3910901
3910919
3910926
3910934
3910942
3910978
3910987
3910993
3911008
3911027
3911062
3911071
3911086
3911109
3911124
3911175
3911191
3911202
3911259
3911277
3911288
3911296
3911303
3911311
3911322
3911336
3911390
3911401
3911419
3911434
3911442
3911455
3911478
3911510
3911544
3911556
3911572
3911583
3911599
3911616
3911650
3911665
3911706
3911721
3911757
3911785
3911805
3911818
3911866
3911879
3911884
3911892
3911900
3911913
3911925
3911948
3911954
3911976
3911981
3911997
3912017
3912024
3912038
3912046
3912052
3912063
3912075
3912114
3912139
3912140
3912186
3912195
3912222
3912236
3912245
3912289
3912290
3912302
3912315
3912323
3912364
3912377
3912396
3912405
3912443
3912484
3912516
3912550
3912565
3912607
3912610
3912635
3912644
3912661
3912699
3912700
3912713
3912725
3912754
3912776
3912842
3912860
3912878
3912893
3912906
3912949
3912957
3912994
3913005
3913018
3913020
3913051
3913084
3913092
3913110
3913135
3913156
3913161
3913172
3913183
3913233
3913257
3913285
3913334
3913342
3913378
3913409
3913438
3913452
3913475
3913480
3913491
3913513
3913548
3913576
3913581
3913608
3913627
3913639
3913686
3913695
3913704
3913731
3913747
3913750
3913782
3913798
3913802
3913815
3913841
3913896
3913903
3913936
3913945
3913958
3913967
3913974
3913990
3914000
3914025
3914048
3914054
3914069
3914081
3914115
3914123
3914130
3914159
3914164
3914177
3914188
3914209
3914224
3914246
3914280
3914304
3914329
3914350
3914398
3914412
3914449
3914457
3914518
3914537
3914543
3914551
3914566
3914584
3914622
3914658
3914667
3914689
3914690
3914719
3914734
3914742
3914778
3914787
3914810
3914835
3914844
3914861
3914883
3914908
3914914
3914940
3914953
3914962
3915001
3915042
3915060
3915087
3915093
3915104
3915116
3915129
3915131
3915150
3915173
3915182
3915198
3915200
3915213
3915225
3915254
3915269
3915297
3915305
3915337
3915366
3915379
3915392
3915408
3915414
3915427
3915439
3915440
3915453
3915486
3915512
3915533
3915557
3915570
3915594
3915624
3915638
3915652
3915663
3915680
3915707
3915744
3915756
3915761
3915772
3915783
3915799
3915803
3915822
3915858
3915890
3915923
3915977
3916007
3916028
3916061
3916105
3916120
3916137
3916166
3916192
3916226
3916234
3916278
3916293
3916306
3916321
3916349
3916357
3916368
3916394
3916402
3916415
3916423
3916430
3916441
3916464
3916477
3916488
3916508
3916539
3916553
3916562
3916586
3916595
3916613
3916648
3916697
3916722
3916767
3916789
3916790
3916817
3916846
3916852
3916880
3916904
3916931
3916973
3917006
3917012
3917021
3917033
3917068
3917070
3917085
3917094
3917103
3917122
3917136
3917167
3917190
3917214
3917227
3917239
3917286
3917295
3917310
3917344
3917356
3917383
3917400
3917413
3917448
3917476
3917497
3917501
3917519
3917526
3917587
3917602
3917623
3917641
3917664
3917705
3917804
3917816
3917829
3917831
3917850
3917865
3917873
3917909
3917924
3917946
3917975
3918011
3918022
3918045
3918058
3918067
3918074
3918089
3918106
3918121
3918133
3918149
3918168
3918194
3918228
3918244
3918256
3918283
3918308
3918314
3918327
3918362
3918386
3918404
3918416
3918429
3918431
3918450
3918482
3918498
3918502
3918523
3918530
3918541
3918564
3918619
3918634
3918642
3918687
3918709
3918717
3918724
3918752
3918763
3918780
3918813
3918825
3918832
3918854
3918897
3918905
3918920
3918937
3918966
3919065
3919098
3919101
3919119
3919126
3919134
3919155
3919187
3919205
3919218
3919220
3919237
3919243
3919251
3919292
3919300
3919313
3919348
3919354
3919376
3919403
3919422
3919458
3919467
3919489
3919490
3919509
3919538
3919563
3919591
3919612
3919633
3919649
3919668
3919670
3919685
3919694
3919715
3919723
3919741
3919764
3919788
3919796
3919808
3919840
3919853
3919862
3919871
3919886
3919910
3919935
3919961
3919983
3920000
3920013
3920025
3920048
3920076
3920081
3920097
3920102
3920115
3920159
3920164
3920177
3920196
3920217
3920238
3920246
3920263
3920280
3920304
3920329
3920347
3920365
3920373
3920398
3920406
3920412
3920421
3920433
3920470
3920494
3920505
3920518
3920520
3920537
3920543
3920551
3920566
3920584
3920592
3920603
3920689
3920690
3920719
3920760
3920778
3920793
3920807
3920835
3920856
3920883
3920899
3920908
3920914
3920927
3920995
3921055
3921060
3921116
3921147
3921165
3921182
3921198
3921213
3921232
3921248
3921269
3921305
3921318
3921320
3921351
3921384
3921392
3921408
3921414
3921440
3921462
3921471
3921486
3921495
3921506
3921533
3921549
3921557
3921568
3921617
3921624
3921675
3921744
3921761
3921783
3921874
3921902
3921923
3921930
3921941
3921959
3921964
3921977
3921988
3921996
3922047
3922050
3922119
3922187
3922193
3922205
3922220
3922325
3922348
3922354
3922397
3922411
3922436
3922445
3922509
3922517
3922524
3922552
3922563
3922580
3922606
3922612
3922657
3922668
3922694
3922702
3922723
3922741
3922777
3922796
3922839
3922840
3922853
3922862
3922895
3922907
3922928
3922961
3922972
3922999
3923003
3923011
3923022
3923045
3923074
3923090
3923106
3923149
3923157
3923185
3923194
3923235
3923261
3923272
3923283
3923314
3923327
3923339
3923340
3923353
3923362
3923386
3923429
3923431
3923447
3923473
3923482
3923515
3923523
3923530
3923559
3923619
3923626
3923634
3923655
3923660
3923678
3923693
3923709
3923717
3923738
3923746
3923775
3923791
3923813
3923825
3923832
3923854
3923869
3923876
3923881
3923943
3923966
3923979
3923992
3924002
3924030
3924064
3924077
3924088
3924100
3924113
3924132
3924148
3924169
3924181
3924229
3924231
3924247
3924250
3924282
3924346
3924380
3924407
3924444
3924461
3924472
3924483
3924511
3924536
3924589
3924590
3924605
3924620
3924643
3924651
3924666
3924684
3924708
3924727
3924739
3924771
3924786
3924795
3924806
3924812
3924821
3924833
3924870
3924885
3924894
3924919
3924926
3924934
3924955
3924960
3924987
3924993
3925008
3925039
3925095
3925109
3925124
3925191
3925202
3925215
3925223
3925230
3925259
3925264
3925277
3925288
3925303
3925311
3925336
3925358
3925367
3925374
3925401
3925426
3925434
3925442
3925460
3925487
3925493
3925544
3925556
3925561
3925583
3925599
3925631
3925650
3925665
3925682
3925698
3925712
3925749
3925768
3925785
3925794
3925818
3925820
3925866
3925884
3925892
3925900
3925925
3925948
3925954
3926006
3926012
3926068
3926070
3926085
3926094
3926103
3926167
3926174
3926190
3926208
3926240
3926262
3926271
3926286
3926295
3926307
3926328
3926356
3926361
3926372
3926425
3926432
3926448
3926454
3926469
3926476
3926481
3926501
3926560
3926578
3926615
3926623
3926630
3926641
3926705
3926718
3926720
3926766
3926779
3926784
3926792
3926816
3926831
3926847
3926924
3926938
3926946
3926952
3926975
3927056
3927061
3927072
3927083
3927099
3927105
3927120
3927137
3927143
3927151
3927166
3927179
3927184
3927192
3927234
3927242
3927278
3927293
3927306
3927312
3927321
3927349
3927370
3927385
3927415
3927423
3927430
3927441
3927488
3927496
3927508
3927539
3927540
3927553
3927562
3927595
3927600
3927613
3927625
3927648
3927669
3927676
3927697
3927703
3927736
3927758
3927774
3927789
3927790
3927809
3927824
3927846
3927863
3927891
3927916
3927929
3927931
3927950
3927998
3928005
3928018
3928037
3928051
3928092
3928110
3928128
3928156
3928161
3928206
3928221
3928233
3928249
3928257
3928301
3928319
3928326
3928360
3928393
3928409
3928438
3928446
3928475
3928480
3928548
3928614
3928640
3928653
3928662
3928671
3928686
3928695
3928729
3928747
3928798
3928815
3928823
3928830
3928841
3928896
3928903
3928911
3928945
3928958
3928967
3928974
3928990
3929024
3929038
3929046
3929063
3929114
3929139
3929195
3929203
3929211
3929222
3929315
3929341
3929359
3929364
3929377
3929388
3929405
3929418
3929443
3929451
3929466
3929479
3929504
3929529
3929531
3929550
3929598
3929607
3929610
3929661
3929683
3929699
3929700
3929725
3929732
3929748
3929769
3929776
3929801
3929826
3929878
3929887
3929906
3929921
3929933
3929957
3929970
3929985
3929994
3930022
3930036
3930067
3930089
3930106
3930133
3930157
3930168
3930194
3930207
3930235
3930244
3930299
3930314
3930339
3930340
3930353
3930362
3930371
3930386
3930395
3930404
3930431
3930447
3930450
3930465
3930473
3930482
3930523
3930564
3930577
3930588
3930634
3930655
3930660
3930678
3930687
3930693
3930717
3930724
3930746
3930752
3930848
3930869
3930881
3930897
3930905
3930920
3930937
3930951
3930966
3930979
3930984
3931017
3931024
3931038
3931063
3931091
3931127
3931162
3931186
3931195
3931211
3931236
3931274
3931302
3931315
3931330
3931341
3931359
3931364
3931377
3931405
3931418
3931420
3931451
3931492
3931504
3931516
3931529
3931531
3931547
3931550
3931565
3931598
3931610
3931628
3931644
3931661
3931683
3931748
3931769
3931776
3931797
3931801
3931819
3931826
3931834
3931842
3931860
3931893
3931906
3931912
3931933
3931949
3931957
3931970
3931985
3931994
3932053
3932062
3932109
3932117
3932138
3932146
3932175
3932180
3932202
3932215
3932223
3932230
3932241
3932259
3932264
3932277
3932336
3932367
3932374
3932389
3932401
3932434
3932442
3932460
3932487
3932493
3932507
3932528
3932556
3932572
3932599
3932629
3932631
3932650
3932665
3932682
3932698
3932706
3932749
3932757
3932770
3932805
3932818
3932884
3932900
3932954
3932969
3933001
3933034
3933042
3933060
3933147
3933165
3933200
3933213
3933248
3933269
3933281
3933318
3933320
3933337
3933343
3933351
3933379
3933408
3933427
3933439
3933453
3933462
3933506
3933549
3933557
3933568
3933594
3933617
3933624
3933646
3933663
3933675
3933691
3933707
3933735
3933756
3933772
3933799
3933803
3933822
3933836
3933845
3933867
3933902
3933977
3934021
3934033
3934057
3934068
3934094
3934136
3934145
3934167
3934227
3934240
3934253
3934335
3934356
3934372
3934383
3934399
3934432
3934469
3934481
3934497
3934519
3934534
3934542
3934555
3934560
3934587
3934593
3934623
3934630
3934659
3934664
3934688
3934705
3934720
3934737
3934743
3934751
3934816
3934829
3934831
3934850
3934865
3934882
3934917
3934924
3934946
3934952
3934963
3934975
3934980
3934991
3935020
3935037
3935066
3935079
3935084
3935092
3935110
3935144
3935156
3935183
3935199
3935221
3935249
3935319
3935334
3935342
3935355
3935378
3935387
3935393
3935409
3935417
3935424
3935438
3935446
3935463
3935491
3935525
3935548
3935554
3935576
3935597
3935653
3935662
3935671
3935716
3935731
3935747
3935750
3935765
3935798
3935802
3935841
3935859
3935864
3935877
3935896
3935911
3935922
3935945
3935958
3935967
3935989
3935990
3936016
3936047
3936082
3936098
3936126
3936134
3936142
3936178
3936187
3936218
3936237
3936243
3936251
3936284
3936313
3936348
3936354
3936369
3936376
3936403
3936422
3936458
3936509
3936546
3936580
3936591
3936612
3936621
3936633
3936649
3936657
3936670
3936759
3936764
3936777
3936796
3936808
3936827
3936839
3936853
3936871
3936886
3936895
3936907
3936910
3936935
3936972
3936983
3937000
3937025
3937032
3937076
3937115
3937141
3937159
3937177
3937188
3937196
3937224
3937252
3937280
3937291
3937329
3937373
3937398
3937470
3937485
3937494
3937518
3937551
3937566
3937592
3937611
3937622
3937636
3937645
3937658
3937667
3937689
3937690
3937719
3937742
3937755
3937760
3937778
3937793
3937810
3937835
3937844
3937856
3937939
3937940
3937971
3938002
3938015
3938064
3938077
3938088
3938113
3938125
3938132
3938148
3938154
3938169
3938176
3938181
3938197
3938216
3938229
3938282
3938298
3938309
3938317
3938324
3938338
3938346
3938363
3938375
3938391
3938407
3938410
3938428
3938435
3938444
3938456
3938472
3938499
3938522
3938545
3938558
3938567
3938590
3938643
3938651
3938684
3938692
3938708
3938739
3938753
3938771
3938812
3938833
3938849
3938894
3938901
3938926
3938934
3938955
3938960
3938987
3938993
3939007
3939035
3939083
3939105
3939118
3939179
3939201
3939219
3939226
3939260
3939287
3939306
3939312
3939321
3939333
3939349
3939357
3939368
3939385
3939423
3939459
3939464
3939477
3939488
3939527
3939539
3939540
3939571
3939613
3939625
3939654
3939676
3939703
3939767
3939789
3939809
3939817
3939824
3939838
3939875
3939880
3939916
3939929
3939950
3939973
3939982
3940008
3940014
3940027
3940039
3940053
3940062
3940071
3940109
3940124
3940138
3940146
3940152
3940163
3940180
3940191
3940215
3940230
3940241
3940259
3940288
3940303
3940358
3940401
3940419
3940426
3940434
3940455
3940487
3940493
3940507
3940510
3940556
3940572
3940583
3940604
3940616
3940629
3940631
3940647
3940650
3940665
3940673
3940698
3940721
3940733
3940805
3940818
3940843
3940851
3940884
3940900
3940913
3940925
3940932
3940981
3940997
3941006
3941012
3941057
3941070
3941103
3941136
3941158
3941167
3941174
3941190
3941214
3941227
3941239
3941262
3941271
3941295
3941310
3941328
3941372
3941413
3941425
3941448
3941454
3941481
3941501
3941519
3941526
3941534
3941542
3941555
3941560
3941578
3941630
3941664
3941688
3941705
3941720
3941779
3941784
3941847
3941865
3941882
3941909
3941924
3941952
3942022
3942045
3942058
3942067
3942074
3942185
3942228
3942261
3942272
3942283
3942299
3942327
3942371
3942429
3942431
3942465
3942482
3942530
3942541
3942564
3942577
3942588
3942596
3942626
3942655
3942660
3942709
3942724
3942738
3942746
3942763
3942775
3942800
3942813
3942825
3942854
3942876
3942897
3942920
3942943
3942984
3943050
3943065
3943082
3943119
3943134
3943142
3943160
3943187
3943193
3943205
3943237
3943243
3943251
3943279
3943284
3943300
3943325
3943332
3943348
3943354
3943369
3943381
3943397
3943411
3943436
3943445
3943489
3943490
3943509
3943517
3943552
3943606
3943612
3943621
3943633
3943670
3943694
3943715
3943723
3943730
3943764
3943788
3943796
3943814
3943827
3943839
3943840
3943853
3943862
3943895
3943907
3943928
3943956
3943972
3944024
3944038
3944046
3944075
3944080
3944114
3944127
3944140
3944162
3944171
3944186
3944195
3944203
3944211
3944245
3944323
3944359
3944377
3944388
3944405
3944420
3944437
3944479
3944492
3944529
3944531
3944547
3944550
3944565
3944610
3944628
3944635
3944644
3944656
3944661
3944672
3944725
3944748
3944754
3944781
3944797
3944819
3944842
3944860
3944878
3944912
3944933
3944985
3945000
3945025
3945048
3945069
3945076
3945081
3945097
3945102
3945123
3945141
3945164
3945177
3945188
3945238
3945252
3945263
3945291
3945331
3945347
3945365
3945398
3945412
3945421
3945449
3945457
3945485
3945494
3945543
3945551
3945579
3945611
3945645
3945689
3945690
3945701
3945726
3945755
3945787
3945828
3945835
3945844
3945861
3945872
3945883
3945908
3945914
3945940
3945962
3945971
3946001
3946019
3946026
3946034
3946042
3946055
3946060
3946078
3946093
3946104
3946116
3946129
3946131
3946147
3946150
3946165
3946173
3946182
3946200
3946225
3946232
3946248
3946269
3946297
3946318
3946337
3946343
3946408
3946414
3946427
3946440
3946453
3946462
3946471
3946495
3946506
3946512
3946533
3946557
3946568
3946570
3946585
3946594
3946617
3946638
3946652
3946691
3946710
3946744
3946756
3946772
3946822
3946836
3946858
3946867
3946874
3946889
3946890
3946915
3946996
3947005
3947018
3947020
3947037
3947051
3947066
3947079
3947084
3947107
3947128
3947135
3947161
3947206
3947268
3947270
3947294
3947319
3947326
3947409
3947424
3947438
3947463
3947491
3947500
3947513
3947554
3947569
3947614
3947627
3947653
3947686
3947747
3947773
3947782
3947815
3947823
3947830
3947859
3947888
3947896
3947922
3947967
3948028
3948044
3948056
3948061
3948118
3948120
3948143
3948151
3948166
3948179
3948201
3948226
3948234
3948260
3948293
3948349
3948357
3948368
3948370
3948385
3948394
3948441
3948464
3948496
3948527
3948539
3948553
3948562
3948571
3948586
3948595
3948613
3948625
3948654
3948669
3948676
3948681
3948711
3948722
3948745
3948767
3948789
3948809
3948817
3948824
3948838
3948846
3948875
3948880
3948904
3948916
3948929
3948931
3948947
3948965
3949002
3949023
3949064
3949088
3949096
3949113
3949148
3949154
3949169
3949176
3949197
3949229
3949265
3949282
3949298
3949324
3949338
3949352
3949363
3949375
3949380
3949428
3949435
3949456
3949461
3949472
3949483
3949511
3949522
3949558
3949590
3949605
3949620
3949637
3949651
3949679
3949692
3949708
3949714
3949753
3949771
3949806
3949812
3949821
3949833
3949849
3949868
3949894
3949901
3949942
3949955
3949978
3950004
3950016
3950031
3950050
3950065
3950098
3950119
3950134
3950160
3950187
3950193
3950205
3950218
3950220
3950243
3950266
3950292
3950332
3950348
3950354
3950397
3950403
3950411
3950422
3950445
3950467
3950489
3950509
3950517
3950552
3950575
3950606
3950612
3950621
3950633
3950649
3950657
3950668
3950685
3950694
3950723
3950730
3950741
3950759
3950808
3950827
3950839
3950840
3950853
3950871
3950886
3950895
3950944
3950961
3950983
3950999
3951023
3951030
3951041
3951064
3951077
3951100
3951132
3951148
3951154
3951169
3951176
3951197
3951216
3951229
3951247
3951250
3951282
3951298
3951324
3951346
3951363
3951375
3951380
3951391
3951407
3951428
3951435
3951444
3951483
3951522
3951536
3951558
3951567
3951589
3951590
3951605
3951618
3951620
3951637
3951666
3951692
3951708
3951714
3951727
3951739
3951771
3951786
3951795
3951806
3951812
3951849
3951926
3951978
3951987
3951993
3952000
3952013
3952025
3952048
3952076
3952123
3952141
3952164
3952217
3952238
3952263
3952280
3952304
3952316
3952329
3952406
3952449
3952468
3952470
3952537
3952566
3952584
3952611
3952645
3952667
3952689
3952690
3952755
3952760
3952778
3952793
3952810
3952828
3952835
3952844
3952856
3952872
3952899
3952914
3952971
3952986
3952995
3953006
3953012
3953033
3953057
3953068
3953085
3953103
3953145
3953158
3953190
3953208
3953240
3953262
3953286
3953307
3953344
3953425
3953448
3953454
3953481
3953497
3953501
3953519
3953526
3953534
3953542
3953560
3953578
3953602
3953641
3953696
3953705
3953718
3953720
3953737
3953743
3953751
3953829
3953909
3953917
3953924
3953952
3953975
3953991
3954026
3954034
3954060
3954093
3954116
3954129
3954198
3954297
3954305
3954318
3954320
3954351
3954379
3954384
3954392
3954408
3954471
3954512
3954533
3954585
3954594
3954617
3954646
3954663
3954675
3954691
3954710
3954728
3954744
3954756
3954761
3954772
3954799
3954822
3954836
3954867
3954874
3954889
3954902
3954923
3954930
3954941
3954964
3954977
3954996
3955044
3955056
3955061
3955072
3955099
3955105
3955137
3955143
3955166
3955278
3955293
3955312
3955321
3955357
3955370
3955394
3955415
3955423
3955441
3955459
3955464
3955477
3955514
3955527
3955540
3955586
3955595
3955654
3955676
3955681
3955722
3955745
3955758
3955767
3955790
3955817
3955838
3955846
3955863
3955875
3955880
3955891
3955904
3955973
3955998
3956003
3956011
3956058
3956090
3956112
3956149
3956157
3956170
3956194
3956210
3956228
3956244
3956261
3956272
3956283
3956299
3956327
3956395
3956404
3956431
3956482
3956498
3956502
3956515
3956523
3956530
3956541
3956564
3956601
3956619
3956626
3956642
3956660
3956687
3956693
3956709
3956717
3956738
3956752
3956763
3956775
3956825
3956848
3956854
3956869
3956876
3956881
3956905
3956918
3956937
3956943
3956984
3956992
3957027
3957040
3957071
3957117
3957124
3957146
3957163
3957175
3957202
3957215
3957259
3957277
3957296
3957311
3957336
3957345
3957367
3957390
3957401
3957442
3957460
3957487
3957535
3957556
3957604
3957650
3957673
3957698
3957706
3957712
3957749
3957770
3957785
3957794
3957805
3957818
3957820
3957837
3957843
3957900
3957925
3957932
3957948
3957969
3957981
3957997
3958063
3958091
3958114
3958127
3958140
3958153
3958171
3958186
3958195
3958211
3958258
3958267
3958274
3958289
3958359
3958388
3958396
3958405
3958437
3958443
3958451
3958492
3958504
3958516
3958547
3958550
3958573
3958582
3958598
3958628
3958635
3958644
3958661
3958683
3958754
3958819
3958834
3958855
3958860
3958878
3958921
3958968
3958970
3958994
3959051
3959092
3959110
3959128
3959161
3959172
3959206
3959212
3959221
3959249
3959257
3959268
3959294
3959334
3959342
3959355
3959360
3959387
3959409
3959424
3959446
3959452
3959513
3959525
3959532
3959576
3959597
3959614
3959627
3959662
3959671
3959686
3959716
3959731
3959747
3959750
3959798
3959815
3959823
3959841
3959859
3959903
3959911
3959936
3959945
3959958
3959967
3959974
3960006
3960049
3960068
3960070
3960167
3960189
3960190
3960214
3960227
3960271
3960295
3960328
3960335
3960399
3960400
3960413
3960448
3960454
3960469
3960497
3960519
3960526
3960534
3960542
3960578
3960587
3960593
3960615
3960664
3960688
3960696
3960705
3960720
3960737
3960743
3960766
3960779
3960784
3960792
3960804
3960816
3960831
3960850
3960865
3960898
3960909
3960924
3960963
3960975
3961018
3961020
3961079
3961107
3961110
3961128
3961183
3961199
3961206
3961212
3961233
3961257
3961285
3961294
3961301
3961319
3961326
3961342
3961378
3961387
3961409
3961438
3961452
3961491
3961525
3961532
3961554
3961569
3961581
3961597
3961614
3961627
3961640
3961653
3961662
3961686
3961695
3961704
3961782
3961798
3961815
3961823
3961841
3961859
3961888
3961896
3961922
3961936
3961945
3961967
3961989
3962028
3962044
3962083
3962099
3962120
3962151
3962179
3962184
3962192
3962226
3962255
3962260
3962287
3962306
3962321
3962333
3962349
3962368
3962385
3962394
3962402
3962415
3962441
3962459
3962464
3962488
3962496
3962514
3962562
3962571
3962586
3962632
3962648
3962703
3962722
3962736
3962767
3962774
3962790
3962809
3962817
3962824
3962838
3962852
3962863
3962875
3962904
3962931
3962947
3962973
3962982
3963002
3963030
3963088
3963100
3963113
3963132
3963169
3963176
3963181
3963204
3963216
3963229
3963231
3963265
3963282
3963298
3963309
3963324
3963363
3963461
3963472
3963503
3963511
3963522
3963536
3963567
3963618
3963620
3963651
3963666
3963684
3963708
3963739
3963753
3963771
3963795
3963806
3963812
3963833
3963849
3963857
3963894
3963901
3963955
3963960
3963993
3964045
3964067
3964090
3964112
3964121
3964149
3964157
3964168
3964185
3964194
3964207
3964244
3964256
3964261
3964314
3964339
3964362
3964371
3964404
3964429
3964431
3964447
3964482
3964498
3964523
3964530
3964541
3964559
3964577
3964596
3964601
3964642
3964693
3964709
3964717
3964738
3964746
3964752
3964791
3964832
3964869
3964905
3964918
3964937
3964966
3964979
3964984
3965009
3965024
3965038
3965091
3965114
3965127
3965140
3965162
3965171
3965186
3965211
3965236
3965245
3965274
3965289
3965290
3965302
3965323
3965377
3965388
3965396
3965405
3965437
3965443
3965479
3965484
3965504
3965516
3965529
3965547
3965550
3965565
3965573
3965582
3965628
3965635
3965644
3965656
3965672
3965699
3965700
3965725
3965748
3965754
3965781
3965797
3965801
3965819
3965826
3965834
3965842
3965855
3965906
3965912
3965921
3965949
3965970
3965994
3966013
3966032
3966048
3966069
3966076
3966081
3966097
3966123
3966141
3966164
3966196
3966224
3966252
3966263
3966280
3966304
3966316
3966347
3966350
3966373
3966382
3966457
3966468
3966470
3966505
3966518
3966537
3966551
3966566
3966579
3966584
3966592
3966603
3966645
3966658
3966667
3966689
3966726
3966734
3966755
3966760
3966778
3966787
3966844
3966861
3966883
3966908
3966914
3966939
3966986
3966995
3967004
3967029
3967047
3967050
3967073
3967098
3967126
3967134
3967160
3967178
3967187
3967193
3967205
3967220
3967243
3967292
3967300
3967325
3967348
3967354
3967369
3967397
3967403
3967411
3967422
3967445
3967458
3967474
3967490
3967509
3967546
3967575
3967580
3967591
3967633
3967649
3967657
3967668
3967715
3967741
3967759
3967777
3967808
3967814
3967839
3967840
3967853
3967871
3967928
3967935
3967944
3967983
3967999
3968001
3968026
3968042
3968060
3968093
3968104
3968129
3968131
3968147
3968150
3968165
3968173
3968198
3968200
3968213
3968225
3968232
3968248
3968254
3968281
3968305
3968320
3968343
3968366
3968379
3968392
3968408
3968427
3968439
3968453
3968462
3968495
3968506
3968512
3968521
3968533
3968549
3968570
3968585
3968609
3968638
3968646
3968663
3968675
3968680
3968691
3968710
3968728
3968735
3968744
3968756
3968761
3968772
3968799
3968811
3968822
3968836
3968867
3968915
3968923
3968964
3968977
3968988
3968996
3969008
3969027
3969053
3969062
3969086
3969117
3969191
3969241
3969259
3969288
3969322
3969336
3969358
3969367
3969374
3969390
3969401
3969434
3969442
3969460
3969493
3969507
3969535
3969556
3969616
3969629
3969631
3969647
3969665
3969682
3969698
3969706
3969712
3969733
3969757
3969768
3969785
3969794
3969805
3969818
3969820
3969837
3969843
3969866
3969879
3969900
3969932
3969948
3969954
3969969
3969981
3969997
3970019
3970042
3970060
3970078
3970093
3970150
3970173
3970182
3970200
3970213
3970225
3970276
3970281
3970297
3970305
3970318
3970320
3970351
3970392
3970427
3970439
3970440
3970453
3970471
3970495
3970506
3970512
3970521
3970533
3970568
3970570
3970585
3970594
3970617
3970624
3970646
3970675
3970680
3970707
3970710
3970728
3970735
3970756
3970783
3970822
3970836
3970867
3970874
3970890
3970902
3970941
3970988
3971028
3971044
3971083
3971105
3971118
3971120
3971143
3971151
3971166
3971179
3971184
3971192
3971219
3971226
3971234
3971242
3971255
3971278
3971321
3971423
3971430
3971441
3971459
3971464
3971477
3971488
3971496
3971514
3971553
3971625
3971648
3971654
3971676
3971703
3971711
3971745
3971758
3971767
3971790
3971824
3971838
3971846
3971852
3971880
3971929
3971950
3971965
3971973
3971982
3972018
3972043
3972051
3972066
3972128
3972144
3972156
3972183
3972199
3972206
3972221
3972233
3972249
3972270
3972285
3972319
3972326
3972355
3972378
3972387
3972393
3972409
3972438
3972446
3972463
3972480
3972491
3972500
3972513
3972532
3972548
3972569
3972576
3972597
3972627
3972640
3972662
3972695
3972716
3972729
3972750
3972765
3972798
3972802
3972815
3972823
3972841
3972859
3972877
3972903
3972922
3972945
3972958
3972974
3972989
3972990
3973009
3973017
3973038
3973091
3973108
3973114
3973127
3973153
3973162
3973195
3973211
3973236
3973245
3973258
3973267
3973289
3973290
3973302
3973323
3973330
3973341
3973359
3973388
3973418
3973437
3973443
3973451
3973484
3973547
3973582
3973607
3973628
3973635
3973644
3973656
3973661
3973700
3973725
3973732
3973748
3973754
3973834
3973855
3973893
3973906
3973933
3973957
3973970
3974004
3974029
3974047
3974134
3974142
3974155
3974160
3974178
3974205
3974218
3974220
3974243
3974251
3974266
3974284
3974292
3974300
3974325
3974354
3974381
3974403
3974411
3974458
3974467
3974489
3974509
3974524
3974538
3974552
3974563
3974575
3974612
3974633
3974649
3974657
3974702
3974723
3974730
3974741
3974759
3974777
3974814
3974853
3974862
3974871
3974895
3974907
3974910
3974928
3974944
3974956
3974972
3975002
3975015
3975023
3975030
3975059
3975077
3975096
3975100
3975125
3975132
3975148
3975154
3975176
3975197
3975216
3975229
3975250
3975265
3975282
3975309
3975317
3975346
3975352
3975363
3975380
3975407
3975428
3975435
3975456
3975472
3975499
3975503
3975545
3975567
3975590
3975637
3975679
3975684
3975727
3975739
3975762
3975771
3975786
3975795
3975821
3975833
3975849
3975857
3975885
3975934
3975955
3975960
3975978
3975993
3976014
3976027
3976039
3976040
3976053
3976086
3976095
3976117
3976124
3976138
3976180
3976223
3976230
3976241
3976259
3976264
3976277
3976288
3976296
3976303
3976311
3976322
3976336
3976345
3976389
3976426
3976434
3976442
3976493
3976510
3976544
3976556
3976561
3976629
3976631
3976650
3976665
3976749
3976757
3976768
3976770
3976794
3976820
3976843
3976866
3976879
3976892
3976932
3976948
3976954
3976981
3977011
3977045
3977058
3977074
3977090
3977106
3977157
3977170
3977185
3977207
3977210
3977228
3977256
3977272
3977283
3977299
3977314
3977339
3977353
3977371
3977395
3977404
3977416
3977431
3977447
3977450
3977498
3977502
3977523
3977530
3977541
3977559
3977564
3977596
3977601
3977619
3977634
3977642
3977655
3977660
3977678
3977693
3977717
3977738
3977752
3977791
3977813
3977825
3977832
3977854
3977869
3977905
3977920
3977937
3977943
3977979
3977984
3978012
3978094
3978158
3978174
3978189
3978239
3978240
3978286
3978295
3978328
3978335
3978344
3978356
3978361
3978383
3978413
3978432
3978448
3978454
3978481
3978501
3978519
3978534
3978542
3978555
3978560
3978630
3978659
3978705
3978718
3978751
3978784
3978792
3978804
3978816
3978831
3978865
3978873
3978882
3978909
3978917
3978924
3978938
3978975
3979000
3979013
3979025
3979032
3979048
3979081
3979097
3979102
3979115
3979141
3979164
3979188
3979246
3979252
3979304
3979316
3979365
3979398
3979470
3979537
3979579
3979584
3979603
3979636
3979689
3979690
3979719
3979734
3979755
3979778
3979807
3979810
3979835
3979856
3979872
3979899
3979908
3979927
3979940
3979986
3980009
3980038
3980046
3980052
3980063
3980075
3980080
3980127
3980139
3980140
3980153
3980162
3980186
3980203
3980211
3980222
3980236
3980245
3980267
3980289
3980290
3980323
3980359
3980388
3980437
3980443
3980451
3980479
3980484
3980492
3980529
3980565
3980573
3980582
3980598
3980607
3980635
3980644
3980661
3980683
3980699
3980700
3980713
3980725
3980732
3980754
3980769
3980776
3980834
3980860
3980887
3980893
3980906
3980949
3980970
3980994
3981000
3981013
3981025
3981032
3981081
3981097
3981130
3981159
3981164
3981188
3981224
3981263
3981304
3981316
3981331
3981347
3981350
3981365
3981382
3981398
3981406
3981412
3981433
3981449
3981457
3981485
3981494
3981505
3981520
3981543
3981551
3981566
3981579
3981584
3981592
3981603
3981611
3981636
3981645
3981667
3981674
3981689
3981690
3981726
3981787
3981828
3981835
3981872
3981883
3981908
3981914
3981927
3981940
3981971
3981986
3981995
3982023
3982096
3982100
3982154
3982169
3982181
3982204
3982250
3982265
3982273
3982309
3982317
3982324
3982338
3982352
3982363
3982375
3982407
3982410
3982428
3982456
3982461
3982483
3982522
3982536
3982545
3982558
3982567
3982574
3982618
3982643
3982651
3982679
3982684
3982714
3982739
3982740
3982753
3982762
3982786
3982795
3982812
3982821
3982849
3982857
3982870
3982885
3982901
3982926
3982934
3982942
3982960
3983010
3983044
3983105
3983120
3983151
3983166
3983192
3983226
3983234
3983242
3983260
3983278
3983287
3983306
3983368
3983370
3983394
3983402
3983423
3983430
3983459
3983464
3983477
3983496
3983539
3983553
3983562
3983586
3983595
3983613
3983654
3983676
3983681
3983697
3983703
3983722
3983758
3983767
3983774
3983789
3983817
3983824
3983838
3983852
3983863
3983875
3983904
3983916
3983929
3983950
3983973
3983998
3984027
3984039
3984040
3984062
3984071
3984086
3984109
3984124
3984163
3984175
3984230
3984259
3984264
3984277
3984296
3984311
3984345
3984358
3984389
3984401
3984419
3984434
3984455
3984478
3984487
3984493
3984507
3984510
3984535
3984544
3984556
3984572
3984599
3984616
3984629
3984631
3984665
3984673
3984706
3984712
3984721
3984733
3984757
3984770
3984794
3984818
3984820
3984843
3984866
3984879
3984884
3984892
3984913
3984932
3984948
3984954
3984976
3984981
3985006
3985057
3985070
3985085
3985094
3985103
3985122
3985136
3985145
3985167
3985174
3985189
3985208
3985214
3985227
3985239
3985262
3985286
3985399
3985448
3985469
3985497
3985501
3985519
3985534
3985578
3985593
3985602
3985630
3985641
3985705
3985720
3985743
3985751
3985766
3985784
3985829
3985847
3985882
3985938
3985946
3986005
3986020
3986037
3986043
3986051
3986079
3986084
3986107
3986128
3986161
3986172
3986233
3986257
3986268
3986270
3986285
3986301
3986334
3986355
3986393
3986409
3986424
3986438
3986446
3986452
3986463
3986475
3986491
3986513
3986548
3986581
3986614
3986704
3986750
3986782
3986802
3986823
3986830
3986864
3986877
3986896
3986911
3986936
3986945
3986974
3986989
3986990
3987034
3987055
3987060
3987087
3987104
3987150
3987165
3987254
3987276
3987281
3987305
3987320
3987343
3987351
3987392
3987440
3987453
3987471
3987506
3987512
3987533
3987557
3987568
3987585
3987617
3987638
3987646
3987652
3987663
3987675
3987680
3987707
3987728
3987735
3987744
3987761
3987772
3987799
3987822
3987836
3987845
3987858
3987923
3987941
3987959
3987996
3988004
3988016
3988029
3988031
3988065
3988082
3988098
3988101
3988119
3988126
3988134
3988142
3988160
3988178
3988187
3988193
3988205
3988220
3988243
3988266
3988279
3988300
3988376
3988381
3988397
3988474
3988509
3988517
3988524
3988538
3988546
3988552
3988563
3988575
3988580
3988606
3988612
3988621
3988633
3988685
3988694
3988723
3988730
3988759
3988764
3988777
3988796
3988827
3988839
3988853
3988871
3988895
3988907
3988910
3988956
3988999
3989011
3989022
3989067
3989106
3989112
3989133
3989149
3989157
3989185
3989194
3989228
3989244
3989261
3989308
3989314
3989327
3989339
3989362
3989386
3989404
3989429
3989447
3989482
3989498
3989515
3989523
3989541
3989559
3989564
3989577
3989588
3989601
3989642
3989687
3989693
3989717
3989738
3989746
3989763
3989791
3989813
3989825
3989848
3989854
3989905
3989937
3989943
3989951
3989966
3989992
3990010
3990028
3990035
3990056
3990105
3990118
3990137
3990143
3990151
3990166
3990201
3990219
3990226
3990234
3990278
3990293
3990306
3990321
3990357
3990368
3990370
3990385
3990394
3990441
3990464
3990477
3990488
3990496
3990508
3990514
3990553
3990562
3990595
3990613
3990625
3990676
3990697
3990703
3990711
3990722
3990745
3990758
3990767
3990789
3990817
3990824
3990863
3990875
3990916
3990929
3990950
3990965
3990973
3990982
3991045
3991067
3991089
3991106
3991121
3991133
3991194
3991207
3991210
3991235
3991256
3991308
3991340
3991362
3991371
3991386
3991404
3991416
3991429
3991431
3991447
3991450
3991482
3991498
3991502
3991530
3991541
3991559
3991564
3991596
3991601
3991619
3991626
3991642
3991660
3991678
3991709
3991738
3991746
3991752
3991763
3991775
3991791
3991800
3991825
3991848
3991881
3991897
3991920
3991937
3991979
3991984
3991992
3992057
3992068
3992122
3992136
3992158
3992167
3992189
3992253
3992262
3992271
3992286
3992307
3992335
3992344
3992372
3992383
3992425
3992448
3992454
3992469
3992476
3992497
3992501
3992519
3992542
3992555
3992560
3992587
3992593
3992630
3992641
3992677
3992737
3992743
3992779
3992816
3992829
3992831
3992850
3992865
3992898
3992909
3992917
3992938
3992975
3992991
3993013
3993025
3993032
3993054
3993102
3993141
3993159
3993164
3993177
3993188
3993224
3993238
3993252
3993275
3993280
3993291
3993304
3993347
3993382
3993406
3993412
3993421
3993457
3993468
3993520
3993579
3993584
3993603
3993622
3993645
3993658
3993690
3993719
3993734
3993755
3993778
3993807
3993844
3993883
3993899
3993940
3993962
3993986
3993995
3994043
3994051
3994079
3994084
3994092
3994107
3994110
3994161
3994172
3994199
3994206
3994212
3994233
3994249
3994268
3994270
3994285
3994294
3994301
3994319
3994334
3994387
3994393
3994409
3994424
3994438
3994446
3994452
3994475
3994480
3994500
3994554
3994569
3994581
3994627
3994653
3994662
3994704
3994729
3994747
3994750
3994782
3994798
3994802
3994823
3994841
3994859
3994903
3994911
3994936
3994967
3994974
3994989
3995016
3995029
3995031
3995065
3995073
3995101
3995126
3995155
3995187
3995193
3995218
3995220
3995251
3995279
3995300
3995313
3995325
3995332
3995354
3995381
3995397
3995411
3995422
3995436
3995445
3995467
3995489
3995538
3995552
3995580
3995621
3995633
3995668
3995670
3995694
3995702
3995723
3995730
3995759
3995764
3995788
3995808
3995827
3995839
3995840
3995853
3995871
3995910
3995944
3995956
3995972
3995999
3996002
3996015
3996023
3996030
3996041
3996077
3996088
3996096
3996125
3996132
3996148
3996154
3996169
3996176
3996197
3996231
3996247
3996250
3996265
3996273
3996317
3996324
3996338
3996346
3996352
3996375
3996380
3996483
3996499
3996536
3996545
3996558
3996590
3996605
3996637
3996643
3996651
3996679
3996684
3996692
3996727
3996739
3996740
3996795
3996821
3996833
3996849
3996894
3996901
3996919
3996926
3996934
3996942
3996955
3996978
3996987
3996993
3997017
3997052
3997063
3997114
3997140
3997186
3997203
3997211
3997236
3997258
3997274
3997290
3997359
3997364
3997484
3997492
3997516
3997547
3997573
3997582
3997644
3997656
3997661
3997672
3997699
3997700
3997713
3997725
3997732
3997748
3997769
3997776
3997781
3997797
3997826
3997842
3997855
3997860
3997893
3997906
3997912
3997957
3997970
3998008
3998027
3998040
3998086
3998109
3998117
3998124
3998138
3998163
3998191
3998223
3998230
3998264
3998277
3998288
3998303
3998311
3998367
3998374
3998419
3998426
3998434
3998442
3998455
3998478
3998487
3998493
3998507
3998535
3998544
3998556
3998561
3998572
3998583
3998604
3998631
3998665
3998673
3998706
3998712
3998749
3998785
3998794
3998805
3998818
3998820
3998837
3998843
3998879
3998884
3998892
3998900
3998913
3998925
3998932
3998948
3998954
3998976
3999026
3999034
3999055
3999060
3999078
3999093
3999104
3999129
3999131
3999147
3999165
3999173
3999182
3999198
3999225
3999269
3999297
3999305
3999320
3999343
3999392
3999408
3999414
3999439
3999440
3999462
3999486
3999495
3999512
3999521
3999568
3999585
3999594
3999609
3999646
3999652
3999663
3999675
3999680
3999707
3999744
3999803
3999811
3999822
3999889
3999890
3999902
3999923
3999930
3999941
3999977
3999988
3999996
