3900475
3900480
3900864
3901193
3901376
3901702
3901871
3902034
3902104
3902213
3902276
3902281
3902384
3902414
3902675
3902772
3902811
3903163
3903336
3903616
3903698
3903768
3903997
3904010
3904099
3904184
3904226
3904508
3904809
3904824
3904863
3904875
3904998
3905327
3905395
3905559
3905588
3905596
3905780
3905832
3905854
3905905
3905920
3905951
3906290
3907380
3907857
3907868
3907934
3908217
3908914
3909057
3909122
3909253
3909448
3909779
3909975
3910216
3910472
3910605
3910727
3910934
3911086
3911124
3911419
3911981
3912236
3912302
3912842
3913051
3913156
3913491
3913704
3914000
3914054
3914081
3914164
3914224
3914280
3914329
3914350
3914398
3914457
3915001
3915042
3915182
3915254
3915486
3915533
3915756
3915761
3916028
3916105
3916192
3916321
3916402
3916415
3916441
3916852
3916880
3917006
3917227
3917295
3917310
3917476
3917497
3917526
3917623
3917865
3917924
3917975
3918149
3918386
3918404
3918642
3918724
3918813
3918905
3918920
3919251
3919422
3919715
3919886
3919961
3920365
3920373
3920520
3920760
3921116
3921165
3921213
3921269
3921305
3921318
3921320
3921783
3921964
3922047
3922509
3922606
3922694
3922895
3923074
3923106
3923530
3923626
3923660
3923693
3924002
3924030
3924771
3924870
3924955
3925124
3925374
3926271
3926295
3926454
3926718
3926792
3926975
3927613
3927703
3927789
3928301
3928409
3929114
3929139
3929211
3929377
3929388
3929466
3929607
3929661
3929732
3930089
3930235
3930244
3930299
3930431
3930588
3930687
3930881
3930966
3931274
3931405
3931661
3931893
3931970
3932062
3932109
3932215
3932241
3932336
3932507
3932650
3932682
3932805
3932900
3933147
3933248
3933351
3933624
3933756
3933977
3934383
3934481
3934720
3934751
3934952
3934980
3935334
3935438
3935525
3935597
3935864
3935922
3936546
3936580
3936777
3936827
3936853
3937000
3937551
3938132
3938346
3938391
3938472
3938684
3938692
3938771
3938833
3938987
3939083
3939306
3939333
3939789
3939982
3940027
3940109
3940241
3940259
3940401
3940631
3940665
3940673
3940733
3940913
3940932
3941481
3942185
3942429
3942530
3942626
3943119
3943142
3943445
3943796
3943907
3944046
3944075
3944080
3944140
3944203
3944245
3944479
3944529
3944781
3944860
3944985
3945069
3945097
3945347
3945421
3945494
3945872
3945908
3946462
3946471
3946512
3946585
3946756
3946890
3946996
3947294
3947967
3948143
3948234
3948613
3948669
3948929
3949023
3949113
3949197
3949428
3949435
3949456
3949955
3950031
3950065
3950218
3950243
3950397
3950403
3950445
3950517
3950606
3950741
3950759
3950895
3950961
3951030
3951041
3951229
3951375
3951435
3951558
3951666
3951771
3951786
3952025
3952304
3953033
3953991
3954116
3954710
3954728
3954772
3954822
3954902
3955056
3955514
3955681
3956327
3956502
3956530
3956709
3956854
3957117
3957202
3957460
3957706
3957712
3957794
3957948
3958127
3958267
3958516
3958819
3959268
3959334
3959750
3959841
3959903
3959958
3959974
3960454
3960497
3960688
3960743
3960804
3960909
3961020
3961206
3961342
3961409
3961597
3961798
3962184
3962260
3962306
3962349
3962774
3962875
3963231
3963265
3963298
3963363
3963708
3963812
3963993
3964185
3964207
3964601
3964752
3965388
3965484
3965748
3966076
3966123
3966224
3966280
3966457
3966658
3966861
3966908
3966939
3967098
3967160
3967348
3967397
3967509
3967546
3967871
3968060
3968254
3968305
3968427
3968521
3968549
3968570
3968680
3968744
3968811
3968964
3969259
3969367
3969390
3969535
3969665
3969805
3969818
3969997
3970060
3970173
3970276
3970281
3970521
3970570
3970728
3970890
3971105
3971118
3971459
3971477
3971514
3971965
3972199
3972387
3972480
3972695
3972903
3973108
3973127
3973289
3973330
3973484
3973661
3974134
3974142
3974160
3974354
3974509
3974814
3974853
3975030
3975148
3975216
3975229
3975346
3975885
3975960
3976039
3976426
3976770
3976866
3976892
3977447
3977450
3977791
3977937
3977984
3978356
3978383
3978751
3978865
3978924
3979025
3979032
3979188
3979304
3979584
3979636
3979690
3979810
3979899
3980222
3980289
3980492
3980529
3980582
3980700
3980776
3980834
3981164
3981224
3981263
3981331
3981398
3981406
3981494
3981579
3981611
3981667
3981689
3981872
3981914
3981927
3982324
3982375
3982618
3982885
3983105
3983423
3983595
3983703
3983758
3983863
3983904
3983916
3984631
3984866
3985239
3985705
3985946
3986043
3986079
3986233
3986270
3986355
3986491
3986548
3986750
3986896
3986936
3987351
3987533
3987557
3987568
3987638
3987728
3987822
3988065
3988160
3988474
3988517
3988552
3988563
3988685
3988764
3988910
3989011
3989244
3989498
3990010
3990137
3990441
3990625
3990745
3990950
3991207
3991498
3992136
3992189
3992271
3992286
3992425
3992737
3992829
3992831
3993141
3993412
3993421
3993645
3993658
3993807
3994206
3994627
3994750
3994936
3995065
3995251
3995411
3995621
3996077
3996096
3996176
3996247
3996346
3996590
3996684
3996739
3996821
3996926
3997140
3997274
3997860
3997957
3998027
3998264
3998507
3998665
3998673
3998706
3998900
3998913
3998976
3999225
3999297
3999320
3999495
3999646
3999663
3999707
3999988
