3902902
3903879
3904540
3905089
3905693
3908252
3910015
3911884
3912443
3913747
3914543
3914622
3915213
3916226
3916553
3917033
3917705
3919741
3920329
3921182
3921744
3924708
3926816
3929418
3930752
3931957
3934021
3934623
3935491
3936187
3936354
3936886
3937115
3937636
3937742
3938643
3940647
3941952
3942465
3942482
3943489
3943853
3943862
3944114
3944162
3945291
3946915
3947161
3949088
3949169
3951708
3952238
3952995
3953526
3953602
3953737
3953829
3954392
3957146
3957175
3957981
3958171
3958683
3961079
3962179
3962255
3962464
3962496
3964482
3964717
3964937
3965547
3965644
3967575
3968728
3969631
3971654
3973267
3975499
3975795
3977523
3981995
3982536
3983402
3984311
3984770
3985122
3985399
3985593
3985630
3986877
3987060
3987150
3988723
3988999
3989966
3990321
3990863
3991386
3991601
3993291
3994199
3995325
3996483
3996901
3999822
