2500395
2502040
2503337
2503675
2505051
2506657
2507412
2512251
2512279
2512284
2512517
2513416
2514589
2515374
2516526
2517600
2517697
2519776
2520148
2520176
2521976
2522504
2524421
2525254
2526105
2526179
2526201
2533311
2535559
2537456
2538883
2542107
2542765
2543024
2547951
2548664
2549280
2550222
2551263
2552231
2552821
2553402
2553441
2554721
2554879
2555555
2555641
2556463
2556782
2556911
2561473
2563275
2565218
2565467
2565591
2568460
2569351
2570757
2571766
2573764
2574195
2574776
2575645
2577110
2578120
2579643
2579708
2579795
2580685
2580702
2581849
2583975
2585459
2586244
2588323
2588769
2590122
2590295
2591270
2593461
2593955
2598276
2598890
