2500003
2500011
2500022
2500036
2500045
2500058
2500067
2500074
2500089
2500090
2500106
2500112
2500121
2500133
2500149
2500157
2500168
2500170
2500194
2500210
2500228
2500235
2500244
2500256
2500261
2500272
2500283
2500299
2500308
2500327
2500340
2500353
2500362
2500371
2500386
2500395
2500404
2500416
2500429
2500431
2500447
2500450
2500465
2500473
2500482
2500498
2500502
2500515
2500523
2500530
2500559
2500564
2500577
2500588
2500596
2500601
2500619
2500626
2500634
2500642
2500655
2500660
2500678
2500687
2500693
2500709
2500717
2500724
2500738
2500746
2500752
2500763
2500780
2500791
2500800
2500813
2500825
2500832
2500848
2500854
2500869
2500876
2500881
2500897
2500905
2500918
2500920
2500943
2500951
2500966
2500979
2500984
2500992
2501009
2501017
2501024
2501038
2501046
2501052
2501063
2501080
2501091
2501114
2501139
2501140
2501153
2501162
2501171
2501186
2501195
2501203
2501211
2501222
2501245
2501258
2501267
2501274
2501289
2501290
2501302
2501315
2501323
2501330
2501341
2501359
2501377
2501388
2501396
2501405
2501418
2501420
2501451
2501466
2501479
2501484
2501492
2501504
2501516
2501529
2501531
2501547
2501565
2501573
2501582
2501598
2501607
2501610
2501628
2501635
2501644
2501656
2501661
2501672
2501683
2501700
2501713
2501725
2501732
2501754
2501769
2501776
2501781
2501797
2501819
2501834
2501842
2501855
2501860
2501878
2501887
2501893
2501906
2501912
2501921
2501933
2501949
2501968
2501985
2501994
2502008
2502014
2502027
2502039
2502040
2502053
2502062
2502071
2502086
2502095
2502109
2502124
2502138
2502146
2502152
2502163
2502175
2502180
2502202
2502215
2502223
2502230
2502241
2502259
2502264
2502277
2502288
2502296
2502303
2502311
2502322
2502336
2502345
2502358
2502367
2502374
2502389
2502390
2502401
2502419
2502426
2502434
2502442
2502455
2502460
2502478
2502487
2502493
2502507
2502510
2502528
2502535
2502544
2502556
2502561
2502572
2502583
2502599
2502604
2502616
2502629
2502631
2502647
2502650
2502673
2502682
2502698
2502706
2502712
2502721
2502733
2502749
2502768
2502770
2502794
2502805
2502818
2502820
2502837
2502843
2502851
2502866
2502879
2502884
2502892
2502900
2502913
2502925
2502932
2502948
2502969
2502976
2502981
2502997
2503001
2503019
2503026
2503034
2503042
2503055
2503060
2503078
2503087
2503093
2503104
2503116
2503129
2503131
2503147
2503150
2503165
2503173
2503198
2503200
2503213
2503225
2503232
2503248
2503254
2503269
2503276
2503281
2503297
2503305
2503318
2503320
2503337
2503343
2503351
2503379
2503384
2503392
2503408
2503414
2503427
2503439
2503440
2503453
2503462
2503471
2503486
2503495
2503506
2503512
2503521
2503533
2503549
2503557
2503568
2503570
2503585
2503594
2503609
2503617
2503624
2503638
2503646
2503652
2503663
2503675
2503680
2503691
2503707
2503710
2503728
2503735
2503744
2503756
2503761
2503772
2503783
2503799
2503803
2503811
2503822
2503836
2503845
2503867
2503874
2503889
2503890
2503902
2503915
2503923
2503941
2503959
2503964
2503977
2503988
2503996
2504012
2504021
2504033
2504049
2504057
2504068
2504085
2504094
2504103
2504111
2504122
2504136
2504145
2504158
2504190
2504208
2504214
2504227
2504239
2504253
2504262
2504271
2504286
2504295
2504310
2504335
2504361
2504372
2504399
2504400
2504425
2504432
2504448
2504454
2504469
2504476
2504481
2504497
2504501
2504519
2504526
2504534
2504542
2504555
2504560
2504578
2504587
2504593
2504602
2504615
2504623
2504630
2504641
2504659
2504664
2504677
2504688
2504696
2504705
2504718
2504720
2504737
2504743
2504751
2504766
2504779
2504784
2504804
2504816
2504829
2504831
2504850
2504865
2504873
2504882
2504898
2504909
2504924
2504938
2504946
2504952
2504963
2504975
2504980
2504991
2505005
2505018
2505020
2505037
2505043
2505051
2505066
2505079
2505084
2505092
2505107
2505110
2505128
2505135
2505144
2505156
2505161
2505172
2505183
2505199
2505206
2505212
2505221
2505233
2505249
2505257
2505268
2505270
2505285
2505294
2505301
2505319
2505334
2505342
2505355
2505360
2505387
2505393
2505409
2505417
2505424
2505438
2505446
2505452
2505463
2505475
2505480
2505491
2505500
2505513
2505525
2505532
2505548
2505554
2505569
2505576
2505581
2505597
2505608
2505614
2505627
2505639
2505640
2505653
2505662
2505671
2505686
2505695
2505704
2505716
2505729
2505731
2505750
2505765
2505782
2505798
2505802
2505823
2505830
2505841
2505859
2505864
2505877
2505888
2505896
2505903
2505911
2505922
2505936
2505945
2505958
2505967
2505974
2505990
2506004
2506029
2506031
2506047
2506050
2506065
2506073
2506082
2506098
2506101
2506119
2506126
2506134
2506142
2506155
2506160
2506178
2506187
2506193
2506218
2506237
2506243
2506251
2506266
2506279
2506284
2506292
2506300
2506313
2506325
2506348
2506354
2506369
2506376
2506381
2506397
2506411
2506422
2506436
2506445
2506458
2506467
2506474
2506489
2506490
2506509
2506517
2506524
2506538
2506546
2506552
2506575
2506580
2506591
2506606
2506612
2506621
2506633
2506649
2506657
2506668
2506670
2506685
2506694
2506702
2506715
2506723
2506730
2506741
2506759
2506764
2506777
2506788
2506796
2506808
2506814
2506827
2506839
2506840
2506853
2506862
2506871
2506886
2506895
2506907
2506910
2506935
2506944
2506956
2506961
2506972
2506983
2506999
2507013
2507025
2507032
2507048
2507054
2507069
2507076
2507081
2507097
2507102
2507115
2507130
2507141
2507159
2507164
2507177
2507188
2507196
2507209
2507217
2507224
2507238
2507246
2507252
2507263
2507275
2507280
2507291
2507304
2507316
2507329
2507331
2507347
2507350
2507365
2507373
2507382
2507398
2507406
2507412
2507421
2507449
2507457
2507468
2507470
2507485
2507505
2507518
2507520
2507537
2507543
2507551
2507566
2507579
2507584
2507592
2507603
2507611
2507622
2507636
2507645
2507658
2507667
2507674
2507719
2507726
2507734
2507755
2507760
2507778
2507787
2507793
2507807
2507810
2507828
2507835
2507844
2507856
2507861
2507872
2507883
2507899
2507914
2507927
2507940
2507953
2507962
2507971
2507986
2507995
2508002
2508023
2508041
2508059
2508064
2508088
2508096
2508100
2508113
2508125
2508132
2508148
2508154
2508169
2508176
2508181
2508204
2508216
2508229
2508231
2508247
2508250
2508265
2508273
2508282
2508298
2508309
2508317
2508324
2508338
2508352
2508363
2508375
2508380
2508391
2508407
2508428
2508435
2508444
2508461
2508472
2508483
2508499
2508503
2508511
2508522
2508536
2508545
2508558
2508567
2508574
2508590
2508605
2508618
2508620
2508637
2508651
2508666
2508679
2508684
2508692
2508708
2508714
2508727
2508739
2508740
2508753
2508762
2508786
2508795
2508806
2508812
2508821
2508833
2508849
2508857
2508868
2508870
2508885
2508894
2508901
2508919
2508926
2508934
2508942
2508955
2508960
2508987
2508993
2509007
2509010
2509028
2509035
2509044
2509056
2509061
2509072
2509083
2509099
2509105
2509120
2509137
2509143
2509151
2509166
2509179
2509184
2509192
2509201
2509219
2509226
2509234
2509255
2509260
2509287
2509293
2509306
2509321
2509333
2509349
2509357
2509368
2509370
2509385
2509394
2509402
2509415
2509423
2509430
2509441
2509459
2509464
2509477
2509488
2509496
2509508
2509514
2509527
2509539
2509540
2509562
2509571
2509586
2509595
2509600
2509613
2509625
2509632
2509648
2509654
2509669
2509676
2509681
2509697
2509703
2509711
2509722
2509736
2509745
2509758
2509767
2509774
2509789
2509790
2509809
2509817
2509824
2509846
2509852
2509863
2509875
2509904
2509916
2509929
2509931
2509947
2509950
2509965
2509973
2509982
2510013
2510025
2510032
2510048
2510054
2510069
2510076
2510097
2510102
2510115
2510123
2510130
2510141
2510159
2510164
2510188
2510196
2510217
2510238
2510246
2510252
2510263
2510275
2510280
2510291
2510304
2510316
2510329
2510331
2510347
2510350
2510365
2510373
2510382
2510398
2510406
2510412
2510421
2510433
2510449
2510468
2510470
2510485
2510494
2510505
2510518
2510520
2510537
2510543
2510551
2510566
2510579
2510592
2510603
2510611
2510622
2510636
2510658
2510667
2510674
2510689
2510690
2510701
2510719
2510726
2510734
2510742
2510755
2510760
2510778
2510787
2510793
2510807
2510810
2510828
2510844
2510856
2510861
2510872
2510883
2510899
2510908
2510914
2510927
2510939
2510940
2510953
2510962
2510971
2510986
2510995
2511001
2511019
2511026
2511034
2511042
2511055
2511060
2511078
2511087
2511093
2511104
2511116
2511129
2511131
2511147
2511150
2511165
2511173
2511182
2511198
2511200
2511213
2511225
2511232
2511248
2511254
2511269
2511276
2511281
2511297
2511305
2511318
2511337
2511343
2511351
2511366
2511379
2511384
2511392
2511408
2511427
2511440
2511453
2511462
2511471
2511506
2511512
2511521
2511533
2511557
2511568
2511585
2511594
2511609
2511617
2511624
2511638
2511646
2511652
2511663
2511675
2511680
2511691
2511707
2511710
2511728
2511735
2511744
2511756
2511761
2511772
2511783
2511799
2511803
2511811
2511822
2511836
2511845
2511858
2511867
2511874
2511889
2511890
2511902
2511915
2511923
2511930
2511941
2511959
2511964
2511977
2511988
2511996
2512004
2512016
2512029
2512031
2512047
2512050
2512065
2512073
2512082
2512098
2512101
2512119
2512126
2512134
2512142
2512155
2512160
2512178
2512187
2512193
2512205
2512218
2512220
2512237
2512243
2512251
2512266
2512279
2512284
2512292
2512300
2512313
2512325
2512332
2512348
2512354
2512369
2512376
2512381
2512397
2512403
2512411
2512422
2512436
2512445
2512474
2512489
2512509
2512517
2512524
2512546
2512552
2512563
2512575
2512580
2512591
2512606
2512612
2512621
2512633
2512649
2512657
2512668
2512670
2512685
2512694
2512702
2512715
2512723
2512730
2512741
2512759
2512764
2512777
2512788
2512796
2512814
2512827
2512839
2512840
2512853
2512862
2512871
2512886
2512895
2512907
2512910
2512928
2512935
2512944
2512961
2512972
2512983
2512999
2513003
2513011
2513022
2513036
2513045
2513067
2513074
2513089
2513090
2513106
2513112
2513121
2513133
2513149
2513157
2513168
2513185
2513194
2513207
2513210
2513228
2513235
2513244
2513256
2513261
2513272
2513283
2513299
2513308
2513314
2513327
2513339
2513340
2513353
2513362
2513371
2513386
2513404
2513416
2513431
2513447
2513450
2513465
2513473
2513498
2513502
2513515
2513523
2513541
2513559
2513564
2513577
2513596
2513601
2513619
2513626
2513634
2513642
2513660
2513678
2513687
2513693
2513709
2513717
2513724
2513738
2513746
2513763
2513775
2513780
2513800
2513813
2513825
2513832
2513848
2513854
2513869
2513876
2513881
2513897
2513905
2513918
2513920
2513937
2513943
2513951
2513979
2513984
2513992
2514002
2514015
2514023
2514030
2514041
2514059
2514064
2514077
2514088
2514096
2514113
2514125
2514132
2514154
2514169
2514176
2514181
2514197
2514204
2514216
2514229
2514231
2514247
2514250
2514265
2514273
2514282
2514309
2514317
2514324
2514338
2514346
2514352
2514363
2514375
2514380
2514391
2514407
2514410
2514428
2514435
2514444
2514456
2514461
2514472
2514483
2514499
2514503
2514511
2514522
2514536
2514545
2514558
2514567
2514574
2514589
2514590
2514605
2514618
2514620
2514637
2514643
2514651
2514666
2514679
2514684
2514692
2514708
2514714
2514727
2514739
2514740
2514753
2514762
2514771
2514786
2514806
2514812
2514821
2514833
2514849
2514857
2514868
2514870
2514885
2514894
2514901
2514926
2514934
2514942
2514955
2514960
2514978
2514987
2514993
2515014
2515027
2515039
2515040
2515053
2515062
2515071
2515086
2515095
2515124
2515138
2515146
2515152
2515163
2515175
2515180
2515191
2515202
2515215
2515223
2515230
2515241
2515259
2515264
2515277
2515288
2515296
2515303
2515311
2515322
2515336
2515345
2515358
2515367
2515374
2515389
2515419
2515426
2515442
2515455
2515460
2515487
2515493
2515507
2515510
2515528
2515535
2515544
2515556
2515561
2515572
2515599
2515604
2515616
2515629
2515631
2515647
2515650
2515673
2515682
2515698
2515706
2515712
2515721
2515733
2515749
2515757
2515768
2515770
2515785
2515794
2515805
2515818
2515820
2515837
2515843
2515851
2515866
2515879
2515884
2515892
2515900
2515913
2515925
2515948
2515954
2515969
2515976
2515981
2515997
2516006
2516012
2516021
2516033
2516049
2516057
2516068
2516070
2516094
2516103
2516111
2516122
2516136
2516145
2516167
2516174
2516189
2516190
2516214
2516227
2516239
2516240
2516253
2516262
2516271
2516286
2516295
2516307
2516310
2516328
2516344
2516356
2516361
2516372
2516383
2516400
2516413
2516425
2516432
2516448
2516454
2516469
2516476
2516481
2516501
2516519
2516526
2516542
2516560
2516578
2516587
2516602
2516615
2516623
2516630
2516641
2516659
2516664
2516677
2516688
2516696
2516705
2516720
2516737
2516743
2516751
2516766
2516779
2516804
2516816
2516829
2516831
2516847
2516850
2516865
2516873
2516882
2516898
2516909
2516917
2516924
2516938
2516946
2516952
2516963
2516975
2516980
2516991
2517007
2517010
2517028
2517035
2517044
2517056
2517061
2517072
2517083
2517099
2517105
2517118
2517120
2517143
2517151
2517166
2517179
2517184
2517192
2517201
2517219
2517226
2517234
2517242
2517255
2517260
2517278
2517287
2517293
2517306
2517312
2517321
2517333
2517349
2517368
2517370
2517385
2517394
2517402
2517415
2517423
2517430
2517441
2517459
2517464
2517477
2517488
2517496
2517508
2517514
2517527
2517539
2517540
2517553
2517562
2517571
2517586
2517600
2517613
2517625
2517632
2517648
2517654
2517669
2517676
2517681
2517697
2517703
2517711
2517722
2517736
2517745
2517758
2517767
2517774
2517789
2517790
2517817
2517824
2517838
2517846
2517852
2517863
2517875
2517880
2517891
2517904
2517929
2517931
2517947
2517950
2517965
2517973
2517982
2517998
2518005
2518018
2518020
2518043
2518051
2518066
2518079
2518092
2518107
2518110
2518128
2518135
2518144
2518156
2518161
2518172
2518183
2518233
2518257
2518268
2518270
2518285
2518294
2518319
2518326
2518334
2518342
2518355
2518360
2518378
2518387
2518393
2518409
2518417
2518424
2518438
2518446
2518452
2518463
2518475
2518480
2518491
2518500
2518513
2518525
2518548
2518554
2518569
2518576
2518581
2518597
2518608
2518614
2518627
2518639
2518640
2518653
2518662
2518671
2518686
2518695
2518704
2518716
2518731
2518750
2518765
2518773
2518782
2518798
2518815
2518823
2518830
2518841
2518859
2518864
2518877
2518888
2518896
2518903
2518911
2518922
2518936
2518945
2518958
2518967
2518974
2518989
2518990
2519009
2519017
2519024
2519046
2519052
2519075
2519080
2519091
2519108
2519114
2519127
2519139
2519140
2519153
2519162
2519171
2519186
2519203
2519211
2519222
2519236
2519245
2519258
2519267
2519274
2519289
2519290
2519302
2519315
2519323
2519330
2519341
2519359
2519364
2519377
2519388
2519396
2519405
2519418
2519420
2519437
2519443
2519451
2519466
2519479
2519484
2519492
2519504
2519516
2519529
2519531
2519550
2519565
2519573
2519582
2519598
2519607
2519610
2519628
2519635
2519644
2519656
2519661
2519672
2519683
2519699
2519700
2519713
2519725
2519732
2519754
2519769
2519776
2519781
2519797
2519801
2519819
2519826
2519834
2519842
2519855
2519860
2519878
2519887
2519893
2519906
2519912
2519933
2519949
2519957
2519968
2519970
2519994
2520002
2520015
2520023
2520030
2520041
2520059
2520064
2520077
2520088
2520096
2520100
2520132
2520148
2520169
2520176
2520181
2520197
2520204
2520216
2520229
2520231
2520247
2520250
2520265
2520273
2520282
2520298
2520309
2520317
2520324
2520338
2520346
2520352
2520363
2520375
2520380
2520391
2520407
2520428
2520435
2520444
2520456
2520461
2520472
2520483
2520499
2520503
2520511
2520545
2520558
2520567
2520574
2520589
2520590
2520618
2520620
2520637
2520643
2520651
2520684
2520692
2520708
2520714
2520727
2520762
2520771
2520786
2520795
2520806
2520812
2520821
2520833
2520849
2520857
2520868
2520870
2520885
2520894
2520901
2520919
2520934
2520942
2520955
2520960
2520978
2520993
2521008
2521014
2521027
2521040
2521053
2521062
2521086
2521095
2521109
2521117
2521124
2521138
2521146
2521152
2521163
2521175
2521180
2521191
2521202
2521215
2521223
2521230
2521264
2521277
2521288
2521296
2521303
2521311
2521322
2521345
2521358
2521367
2521374
2521389
2521390
2521401
2521419
2521434
2521455
2521460
2521478
2521487
2521493
2521507
2521510
2521528
2521535
2521544
2521556
2521561
2521572
2521583
2521604
2521616
2521631
2521647
2521665
2521673
2521682
2521698
2521706
2521721
2521733
2521749
2521757
2521768
2521770
2521785
2521794
2521805
2521818
2521820
2521837
2521843
2521851
2521866
2521879
2521884
2521892
2521900
2521913
2521925
2521932
2521948
2521954
2521969
2521976
2521981
2521997
2522009
2522017
2522024
2522038
2522046
2522052
2522063
2522075
2522091
2522108
2522114
2522127
2522139
2522140
2522153
2522162
2522171
2522186
2522195
2522211
2522222
2522236
2522245
2522258
2522267
2522274
2522289
2522290
2522302
2522315
2522323
2522330
2522341
2522364
2522396
2522418
2522420
2522437
2522443
2522451
2522466
2522484
2522492
2522504
2522516
2522529
2522531
2522547
2522565
2522573
2522582
2522598
2522607
2522610
2522628
2522635
2522656
2522661
2522672
2522683
2522699
2522700
2522713
2522732
2522748
2522754
2522769
2522776
2522781
2522797
2522801
2522819
2522826
2522834
2522842
2522855
2522860
2522878
2522887
2522893
2522906
2522912
2522921
2522933
2522949
2522957
2522968
2522970
2522985
2522994
2523005
2523018
2523020
2523037
2523043
2523051
2523066
2523079
2523084
2523107
2523110
2523128
2523144
2523156
2523161
2523172
2523183
2523199
2523206
2523212
2523221
2523233
2523249
2523257
2523268
2523270
2523294
2523301
2523319
2523326
2523334
2523342
2523355
2523387
2523393
2523409
2523417
2523424
2523438
2523446
2523452
2523463
2523475
2523480
2523491
2523500
2523513
2523525
2523532
2523548
2523554
2523576
2523597
2523608
2523614
2523627
2523639
2523640
2523653
2523662
2523671
2523686
2523695
2523704
2523716
2523729
2523731
2523747
2523750
2523765
2523773
2523782
2523798
2523815
2523823
2523830
2523841
2523859
2523864
2523877
2523888
2523896
2523903
2523911
2523922
2523936
2523945
2523958
2523967
2523974
2523989
2523990
2524000
2524013
2524025
2524032
2524048
2524054
2524069
2524081
2524097
2524102
2524115
2524130
2524141
2524164
2524177
2524188
2524196
2524217
2524224
2524238
2524246
2524252
2524263
2524275
2524280
2524291
2524304
2524329
2524331
2524347
2524350
2524365
2524373
2524382
2524398
2524406
2524421
2524433
2524449
2524468
2524470
2524485
2524494
2524505
2524518
2524520
2524537
2524543
2524551
2524566
2524579
2524584
2524592
2524603
2524611
2524636
2524658
2524667
2524674
2524689
2524690
2524701
2524719
2524726
2524734
2524742
2524755
2524760
2524778
2524787
2524793
2524807
2524810
2524828
2524835
2524844
2524861
2524872
2524883
2524899
2524908
2524914
2524927
2524939
2524940
2524953
2524971
2524986
2524995
2525001
2525019
2525026
2525034
2525042
2525055
2525060
2525087
2525093
2525104
2525116
2525131
2525147
2525150
2525165
2525182
2525198
2525200
2525213
2525225
2525232
2525254
2525269
2525276
2525281
2525297
2525305
2525318
2525320
2525337
2525343
2525351
2525366
2525379
2525384
2525392
2525408
2525414
2525427
2525439
2525440
2525453
2525462
2525471
2525495
2525506
2525512
2525521
2525533
2525549
2525557
2525568
2525570
2525585
2525594
2525617
2525624
2525638
2525646
2525652
2525663
2525675
2525680
2525707
2525710
2525728
2525735
2525744
2525756
2525761
2525772
2525783
2525799
2525803
2525811
2525822
2525836
2525845
2525858
2525867
2525874
2525889
2525890
2525902
2525915
2525923
2525930
2525941
2525959
2525964
2525977
2525988
2525996
2526007
2526010
2526028
2526035
2526044
2526056
2526061
2526072
2526083
2526099
2526105
2526118
2526120
2526137
2526143
2526151
2526166
2526179
2526184
2526192
2526201
2526219
2526226
2526234
2526242
2526255
2526278
2526293
2526306
2526321
2526333
2526349
2526357
2526368
2526370
2526385
2526394
2526402
2526415
2526423
2526430
2526441
2526464
2526477
2526488
2526496
2526508
2526514
2526527
2526539
2526540
2526553
2526562
2526571
2526586
2526595
2526600
2526613
2526625
2526632
2526648
2526654
2526669
2526676
2526681
2526697
2526703
2526711
2526722
2526736
2526745
2526758
2526767
2526774
2526789
2526790
2526809
2526817
2526824
2526838
2526846
2526852
2526863
2526875
2526880
2526891
2526904
2526916
2526929
2526931
2526947
2526950
2526965
2526973
2526982
2526998
2527006
2527012
2527021
2527033
2527049
2527057
2527068
2527070
2527085
2527094
2527103
2527111
2527122
2527136
2527145
2527167
2527174
2527189
2527190
2527208
2527214
2527227
2527239
2527240
2527253
2527262
2527271
2527286
2527295
2527307
2527310
2527328
2527335
2527344
2527356
2527361
2527372
2527383
2527399
2527400
2527413
2527425
2527432
2527448
2527454
2527469
2527481
2527497
2527501
2527519
2527526
2527534
2527555
2527560
2527578
2527587
2527593
2527602
2527615
2527623
2527630
2527641
2527659
2527664
2527677
2527688
2527696
2527705
2527718
2527720
2527743
2527751
2527779
2527784
2527792
2527804
2527816
2527829
2527831
2527850
2527865
2527873
2527882
2527898
2527909
2527924
2527938
2527946
2527952
2527975
2527980
2528003
2528011
2528022
2528036
2528045
2528058
2528067
2528074
2528089
2528090
2528106
2528112
2528121
2528133
2528149
2528157
2528168
2528170
2528194
2528210
2528228
2528235
2528244
2528256
2528272
2528283
2528299
2528308
2528314
2528327
2528339
2528340
2528353
2528362
2528371
2528386
2528395
2528404
2528416
2528429
2528431
2528447
2528450
2528465
2528473
2528482
2528502
2528515
2528523
2528530
2528541
2528559
2528564
2528577
2528588
2528596
2528601
2528619
2528626
2528634
2528642
2528655
2528678
2528687
2528693
2528709
2528717
2528724
2528738
2528746
2528752
2528763
2528775
2528780
2528791
2528800
2528813
2528825
2528832
2528848
2528854
2528869
2528876
2528881
2528897
2528905
2528918
2528937
2528943
2528951
2528966
2528979
2528984
2528992
2529004
2529016
2529029
2529031
2529047
2529065
2529073
2529082
2529098
2529101
2529119
2529126
2529134
2529142
2529155
2529160
2529178
2529187
2529193
2529205
2529218
2529220
2529237
2529243
2529251
2529266
2529279
2529284
2529292
2529300
2529313
2529325
2529332
2529348
2529354
2529369
2529376
2529381
2529397
2529403
2529411
2529422
2529436
2529445
2529458
2529467
2529474
2529490
2529509
2529517
2529538
2529546
2529552
2529563
2529575
2529606
2529612
2529621
2529633
2529649
2529657
2529668
2529670
2529702
2529715
2529723
2529730
2529741
2529759
2529764
2529788
2529796
2529808
2529827
2529840
2529853
2529862
2529871
2529886
2529895
2529907
2529910
2529928
2529935
2529944
2529956
2529961
2529972
2529983
2529999
2530005
2530018
2530020
2530037
2530043
2530051
2530066
2530079
2530084
2530092
2530107
2530110
2530128
2530135
2530144
2530156
2530161
2530172
2530183
2530199
2530206
2530212
2530221
2530233
2530249
2530257
2530268
2530270
2530294
2530301
2530319
2530334
2530355
2530360
2530378
2530387
2530393
2530409
2530417
2530446
2530463
2530475
2530480
2530491
2530500
2530513
2530525
2530532
2530554
2530569
2530576
2530581
2530597
2530614
2530627
2530639
2530640
2530653
2530662
2530671
2530686
2530695
2530704
2530716
2530729
2530731
2530747
2530750
2530765
2530773
2530782
2530798
2530802
2530815
2530823
2530830
2530841
2530859
2530864
2530877
2530888
2530896
2530903
2530911
2530922
2530936
2530945
2530958
2530967
2530974
2530989
2530990
2531004
2531029
2531031
2531047
2531050
2531065
2531073
2531082
2531101
2531126
2531160
2531178
2531187
2531193
2531205
2531218
2531220
2531237
2531243
2531251
2531266
2531279
2531284
2531292
2531300
2531313
2531325
2531332
2531348
2531354
2531376
2531381
2531403
2531411
2531422
2531436
2531445
2531458
2531467
2531474
2531489
2531509
2531517
2531524
2531538
2531546
2531552
2531563
2531575
2531580
2531591
2531606
2531612
2531621
2531633
2531649
2531657
2531668
2531670
2531694
2531715
2531723
2531730
2531741
2531764
2531777
2531788
2531796
2531808
2531814
2531827
2531839
2531840
2531853
2531862
2531871
2531895
2531907
2531910
2531928
2531935
2531944
2531956
2531961
2531972
2531983
2531999
2532001
2532019
2532026
2532034
2532042
2532055
2532060
2532078
2532087
2532093
2532104
2532116
2532129
2532131
2532147
2532150
2532165
2532173
2532182
2532198
2532200
2532232
2532248
2532254
2532269
2532276
2532281
2532297
2532305
2532318
2532320
2532337
2532343
2532351
2532366
2532384
2532408
2532414
2532427
2532439
2532440
2532453
2532462
2532471
2532486
2532495
2532506
2532512
2532521
2532533
2532549
2532557
2532570
2532585
2532594
2532609
2532617
2532638
2532652
2532675
2532680
2532691
2532707
2532710
2532728
2532735
2532744
2532756
2532761
2532772
2532783
2532799
2532803
2532811
2532822
2532836
2532845
2532858
2532867
2532874
2532889
2532902
2532915
2532923
2532959
2532964
2532988
2532996
2533008
2533027
2533039
2533040
2533053
2533062
2533071
2533086
2533095
2533109
2533117
2533124
2533138
2533146
2533152
2533163
2533175
2533180
2533191
2533202
2533215
2533230
2533264
2533277
2533288
2533296
2533303
2533311
2533336
2533345
2533358
2533367
2533374
2533389
2533390
2533419
2533426
2533434
2533442
2533455
2533460
2533478
2533487
2533493
2533507
2533510
2533528
2533535
2533544
2533556
2533561
2533572
2533583
2533599
2533604
2533616
2533629
2533631
2533647
2533650
2533665
2533673
2533682
2533698
2533706
2533712
2533721
2533733
2533757
2533768
2533770
2533785
2533794
2533805
2533818
2533820
2533837
2533843
2533851
2533866
2533879
2533884
2533892
2533913
2533925
2533948
2533969
2533997
2534007
2534010
2534028
2534035
2534044
2534061
2534072
2534083
2534099
2534105
2534118
2534120
2534137
2534143
2534151
2534166
2534179
2534184
2534192
2534201
2534219
2534226
2534234
2534242
2534255
2534260
2534278
2534287
2534306
2534312
2534321
2534333
2534357
2534368
2534370
2534385
2534394
2534402
2534415
2534423
2534430
2534441
2534459
2534477
2534488
2534496
2534514
2534527
2534539
2534540
2534553
2534562
2534571
2534595
2534600
2534613
2534625
2534632
2534648
2534654
2534669
2534676
2534681
2534697
2534711
2534722
2534736
2534745
2534758
2534767
2534774
2534789
2534790
2534809
2534817
2534824
2534838
2534852
2534863
2534875
2534880
2534891
2534904
2534916
2534929
2534931
2534950
2534965
2534973
2534982
2534998
2535011
2535022
2535036
2535045
2535058
2535067
2535074
2535106
2535112
2535121
2535133
2535149
2535157
2535168
2535170
2535185
2535194
2535207
2535210
2535228
2535244
2535256
2535261
2535272
2535283
2535299
2535308
2535314
2535327
2535339
2535340
2535353
2535362
2535371
2535395
2535404
2535416
2535429
2535431
2535447
2535465
2535473
2535482
2535498
2535502
2535515
2535523
2535530
2535541
2535559
2535577
2535588
2535596
2535601
2535619
2535626
2535642
2535655
2535660
2535678
2535687
2535693
2535709
2535717
2535724
2535746
2535752
2535763
2535775
2535780
2535791
2535825
2535832
2535854
2535869
2535881
2535897
2535905
2535918
2535920
2535937
2535943
2535951
2535966
2535979
2535984
2535992
2536009
2536017
2536024
2536038
2536046
2536052
2536063
2536075
2536080
2536091
2536108
2536114
2536127
2536139
2536140
2536153
2536162
2536171
2536186
2536195
2536203
2536211
2536222
2536245
2536258
2536267
2536274
2536289
2536290
2536302
2536315
2536323
2536330
2536341
2536359
2536364
2536377
2536396
2536405
2536418
2536420
2536437
2536443
2536451
2536466
2536479
2536484
2536492
2536504
2536516
2536529
2536531
2536550
2536565
2536573
2536582
2536598
2536628
2536635
2536644
2536656
2536661
2536672
2536683
2536699
2536700
2536713
2536725
2536732
2536748
2536754
2536769
2536776
2536781
2536797
2536801
2536819
2536826
2536834
2536842
2536855
2536878
2536887
2536893
2536912
2536921
2536933
2536949
2536968
2536970
2536985
2537015
2537023
2537030
2537041
2537059
2537064
2537077
2537088
2537096
2537100
2537113
2537132
2537148
2537169
2537176
2537181
2537197
2537204
2537216
2537229
2537247
2537250
2537265
2537273
2537282
2537298
2537309
2537324
2537338
2537346
2537352
2537363
2537375
2537380
2537391
2537407
2537410
2537428
2537435
2537444
2537456
2537461
2537472
2537483
2537503
2537511
2537522
2537536
2537545
2537558
2537567
2537574
2537589
2537590
2537605
2537618
2537620
2537637
2537643
2537651
2537666
2537679
2537684
2537692
2537708
2537714
2537727
2537740
2537753
2537762
2537771
2537786
2537795
2537806
2537812
2537821
2537833
2537849
2537857
2537868
2537870
2537885
2537894
2537901
2537919
2537926
2537934
2537942
2537955
2537960
2537978
2537987
2537993
2538000
2538013
2538025
2538032
2538048
2538054
2538069
2538076
2538081
2538097
2538102
2538115
2538130
2538141
2538159
2538164
2538177
2538188
2538196
2538209
2538217
2538224
2538238
2538246
2538252
2538263
2538275
2538280
2538291
2538304
2538316
2538347
2538350
2538365
2538373
2538382
2538398
2538406
2538412
2538421
2538433
2538449
2538457
2538468
2538470
2538485
2538494
2538520
2538537
2538543
2538551
2538566
2538579
2538584
2538592
2538603
2538611
2538622
2538636
2538645
2538667
2538674
2538689
2538690
2538701
2538719
2538734
2538742
2538755
2538760
2538778
2538787
2538793
2538807
2538810
2538828
2538835
2538844
2538856
2538861
2538872
2538883
2538899
2538908
2538914
2538927
2538939
2538953
2538962
2538971
2538986
2538995
2539006
2539012
2539021
2539033
2539049
2539068
2539070
2539085
2539103
2539111
2539122
2539136
2539145
2539167
2539174
2539189
2539190
2539214
2539227
2539239
2539240
2539253
2539271
2539295
2539310
2539328
2539344
2539356
2539361
2539372
2539383
2539399
2539400
2539413
2539425
2539432
2539448
2539454
2539469
2539476
2539481
2539497
2539501
2539519
2539526
2539534
2539542
2539555
2539560
2539578
2539587
2539593
2539602
2539615
2539623
2539641
2539659
2539664
2539677
2539688
2539696
2539705
2539718
2539737
2539743
2539751
2539766
2539784
2539792
2539804
2539816
2539829
2539847
2539850
2539865
2539873
2539882
2539898
2539909
2539924
2539938
2539946
2539952
2539963
2539975
2539980
2539991
2540001
2540019
2540026
2540034
2540042
2540055
2540060
2540078
2540087
2540104
2540116
2540129
2540131
2540147
2540150
2540165
2540173
2540182
2540198
2540200
2540213
2540225
2540232
2540248
2540254
2540269
2540276
2540281
2540297
2540305
2540318
2540320
2540337
2540343
2540351
2540366
2540379
2540384
2540408
2540414
2540427
2540439
2540440
2540453
2540462
2540471
2540486
2540495
2540506
2540512
2540521
2540533
2540549
2540557
2540568
2540570
2540585
2540594
2540609
2540617
2540624
2540638
2540646
2540652
2540675
2540680
2540691
2540707
2540710
2540728
2540756
2540761
2540772
2540783
2540803
2540811
2540836
2540845
2540858
2540867
2540874
2540889
2540890
2540902
2540915
2540923
2540930
2540941
2540959
2540964
2540977
2540988
2540996
2541007
2541010
2541028
2541035
2541044
2541061
2541083
2541099
2541105
2541118
2541120
2541137
2541143
2541151
2541166
2541179
2541184
2541192
2541201
2541219
2541226
2541234
2541242
2541255
2541278
2541287
2541306
2541312
2541321
2541333
2541349
2541357
2541368
2541370
2541385
2541394
2541402
2541415
2541423
2541430
2541441
2541459
2541464
2541477
2541488
2541496
2541508
2541514
2541527
2541540
2541562
2541571
2541586
2541595
2541625
2541632
2541654
2541697
2541703
2541711
2541722
2541736
2541745
2541758
2541774
2541790
2541817
2541824
2541838
2541846
2541852
2541875
2541891
2541904
2541916
2541929
2541931
2541947
2541950
2541965
2541973
2541982
2542005
2542018
2542037
2542043
2542066
2542079
2542084
2542092
2542107
2542110
2542128
2542135
2542144
2542156
2542161
2542172
2542183
2542199
2542206
2542212
2542221
2542233
2542249
2542257
2542268
2542270
2542285
2542294
2542301
2542319
2542326
2542334
2542342
2542355
2542360
2542378
2542417
2542424
2542438
2542446
2542452
2542463
2542475
2542480
2542491
2542500
2542513
2542525
2542532
2542548
2542554
2542569
2542576
2542581
2542597
2542608
2542614
2542627
2542639
2542640
2542653
2542662
2542671
2542686
2542695
2542704
2542716
2542729
2542731
2542747
2542750
2542765
2542773
2542782
2542798
2542802
2542815
2542830
2542841
2542864
2542877
2542888
2542896
2542903
2542922
2542936
2542945
2542958
2542967
2542974
2542989
2542990
2543009
2543017
2543024
2543038
2543046
2543052
2543063
2543075
2543080
2543091
2543108
2543127
2543139
2543140
2543153
2543162
2543171
2543186
2543195
2543203
2543211
2543222
2543236
2543245
2543258
2543267
2543274
2543289
2543290
2543302
2543330
2543341
2543359
2543364
2543388
2543396
2543405
2543418
2543420
2543437
2543443
2543451
2543466
2543479
2543484
2543492
2543504
2543516
2543529
2543531
2543547
2543550
2543573
2543582
2543598
2543607
2543628
2543635
2543644
2543656
2543672
2543683
2543699
2543700
2543713
2543725
2543732
2543748
2543754
2543769
2543781
2543797
2543801
2543819
2543826
2543842
2543855
2543860
2543878
2543887
2543893
2543906
2543912
2543933
2543949
2543957
2543968
2543970
2543985
2543994
2544004
2544016
2544029
2544031
2544047
2544050
2544073
2544082
2544098
2544101
2544119
2544126
2544134
2544142
2544155
2544160
2544178
2544187
2544193
2544205
2544218
2544220
2544237
2544243
2544251
2544266
2544279
2544284
2544300
2544313
2544332
2544348
2544354
2544376
2544381
2544397
2544403
2544411
2544422
2544436
2544458
2544467
2544474
2544489
2544490
2544509
2544517
2544524
2544538
2544546
2544552
2544563
2544575
2544580
2544591
2544606
2544612
2544621
2544633
2544649
2544657
2544668
2544670
2544685
2544694
2544702
2544715
2544723
2544730
2544741
2544759
2544764
2544777
2544788
2544796
2544808
2544814
2544827
2544839
2544840
2544853
2544862
2544871
2544886
2544895
2544907
2544910
2544928
2544935
2544944
2544956
2544961
2544999
2545002
2545015
2545023
2545030
2545059
2545064
2545088
2545096
2545100
2545113
2545125
2545132
2545148
2545154
2545169
2545176
2545181
2545197
2545204
2545216
2545231
2545247
2545250
2545265
2545273
2545282
2545298
2545309
2545317
2545324
2545338
2545346
2545352
2545363
2545375
2545380
2545391
2545407
2545410
2545428
2545435
2545444
2545456
2545472
2545499
2545503
2545511
2545522
2545536
2545558
2545567
2545574
2545589
2545590
2545605
2545618
2545620
2545637
2545643
2545651
2545679
2545684
2545692
2545708
2545714
2545727
2545739
2545740
2545753
2545771
2545786
2545795
2545806
2545812
2545821
2545833
2545849
2545857
2545868
2545870
2545894
2545901
2545919
2545926
2545934
2545942
2545955
2545960
2545978
2545987
2545993
2546008
2546014
2546027
2546039
2546040
2546053
2546062
2546071
2546086
2546095
2546109
2546117
2546124
2546138
2546146
2546152
2546163
2546175
2546180
2546191
2546202
2546215
2546223
2546230
2546241
2546259
2546264
2546277
2546288
2546296
2546303
2546311
2546322
2546336
2546345
2546358
2546367
2546390
2546419
2546426
2546434
2546442
2546455
2546460
2546478
2546487
2546493
2546510
2546528
2546535
2546544
2546556
2546561
2546572
2546583
2546604
2546631
2546647
2546650
2546673
2546682
2546698
2546706
2546712
2546733
2546749
2546768
2546770
2546785
2546794
2546805
2546818
2546820
2546837
2546843
2546866
2546879
2546884
2546892
2546900
2546913
2546925
2546932
2546948
2546954
2546969
2546976
2546981
2546997
2547003
2547011
2547022
2547036
2547045
2547058
2547067
2547074
2547089
2547090
2547106
2547112
2547121
2547133
2547149
2547157
2547168
2547170
2547185
2547194
2547207
2547210
2547228
2547235
2547244
2547256
2547261
2547272
2547283
2547299
2547308
2547314
2547340
2547353
2547362
2547371
2547386
2547404
2547416
2547429
2547431
2547447
2547450
2547465
2547473
2547482
2547502
2547515
2547530
2547541
2547559
2547564
2547577
2547588
2547596
2547601
2547626
2547634
2547642
2547655
2547660
2547678
2547687
2547693
2547709
2547717
2547724
2547738
2547746
2547752
2547763
2547775
2547780
2547791
2547800
2547825
2547832
2547848
2547854
2547869
2547876
2547881
2547905
2547918
2547920
2547937
2547943
2547951
2547966
2547979
2547984
2547992
2548006
2548021
2548033
2548049
2548057
2548070
2548085
2548103
2548122
2548136
2548145
2548158
2548167
2548174
2548189
2548190
2548208
2548214
2548227
2548239
2548240
2548253
2548262
2548271
2548286
2548295
2548307
2548310
2548328
2548335
2548344
2548356
2548372
2548383
2548413
2548425
2548432
2548448
2548454
2548469
2548476
2548481
2548497
2548501
2548519
2548526
2548534
2548542
2548555
2548560
2548578
2548587
2548593
2548602
2548615
2548623
2548630
2548641
2548659
2548664
2548677
2548688
2548696
2548705
2548720
2548743
2548751
2548766
2548779
2548784
2548792
2548804
2548816
2548847
2548850
2548865
2548873
2548882
2548909
2548917
2548924
2548938
2548946
2548952
2548963
2548975
2548980
2548991
2549000
2549013
2549032
2549048
2549054
2549076
2549081
2549097
2549102
2549115
2549123
2549130
2549141
2549159
2549164
2549177
2549188
2549196
2549209
2549217
2549246
2549252
2549263
2549275
2549280
2549304
2549329
2549347
2549350
2549365
2549373
2549382
2549398
2549406
2549412
2549421
2549433
2549449
2549457
2549468
2549470
2549485
2549494
2549505
2549518
2549520
2549543
2549551
2549566
2549584
2549592
2549603
2549611
2549622
2549636
2549645
2549658
2549667
2549674
2549689
2549690
2549701
2549719
2549726
2549734
2549742
2549755
2549760
2549778
2549787
2549793
2549807
2549810
2549828
2549835
2549844
2549856
2549861
2549872
2549883
2549908
2549914
2549939
2549940
2549953
2549962
2549971
2549986
2550009
2550017
2550024
2550046
2550052
2550063
2550075
2550080
2550091
2550108
2550114
2550127
2550140
2550153
2550171
2550195
2550203
2550211
2550222
2550236
2550245
2550258
2550267
2550274
2550289
2550290
2550302
2550315
2550323
2550330
2550341
2550359
2550364
2550377
2550388
2550396
2550405
2550420
2550437
2550443
2550451
2550466
2550484
2550492
2550504
2550529
2550547
2550573
2550582
2550598
2550607
2550610
2550628
2550635
2550644
2550661
2550672
2550683
2550699
2550700
2550725
2550732
2550748
2550754
2550769
2550776
2550781
2550797
2550801
2550819
2550826
2550834
2550842
2550855
2550860
2550878
2550887
2550893
2550912
2550921
2550933
2550949
2550957
2550968
2550985
2550994
2551000
2551013
2551025
2551032
2551054
2551069
2551076
2551097
2551102
2551115
2551123
2551130
2551141
2551159
2551164
2551177
2551188
2551196
2551209
2551217
2551224
2551238
2551246
2551252
2551263
2551275
2551280
2551291
2551304
2551316
2551329
2551331
2551347
2551365
2551373
2551382
2551398
2551406
2551412
2551421
2551433
2551449
2551457
2551468
2551470
2551485
2551494
2551505
2551518
2551520
2551537
2551543
2551551
2551566
2551584
2551592
2551603
2551611
2551622
2551636
2551645
2551658
2551667
2551674
2551689
2551690
2551701
2551719
2551726
2551742
2551755
2551760
2551778
2551787
2551807
2551810
2551828
2551835
2551844
2551856
2551861
2551872
2551883
2551899
2551908
2551914
2551927
2551939
2551940
2551953
2551962
2551971
2551986
2552002
2552015
2552023
2552030
2552041
2552059
2552064
2552077
2552088
2552096
2552100
2552113
2552125
2552132
2552148
2552154
2552169
2552176
2552181
2552197
2552204
2552216
2552229
2552231
2552247
2552250
2552265
2552273
2552282
2552298
2552309
2552317
2552324
2552338
2552363
2552375
2552380
2552391
2552407
2552410
2552428
2552456
2552461
2552472
2552499
2552503
2552511
2552522
2552536
2552545
2552558
2552567
2552574
2552589
2552590
2552605
2552618
2552620
2552637
2552643
2552651
2552666
2552679
2552684
2552692
2552708
2552714
2552727
2552739
2552740
2552753
2552762
2552771
2552786
2552795
2552812
2552821
2552857
2552868
2552870
2552885
2552894
2552901
2552919
2552926
2552934
2552942
2552955
2552960
2552978
2552987
2552993
2553007
2553010
2553028
2553035
2553044
2553056
2553061
2553083
2553099
2553105
2553118
2553120
2553137
2553143
2553151
2553166
2553184
2553192
2553201
2553219
2553226
2553234
2553242
2553255
2553260
2553278
2553287
2553293
2553306
2553312
2553321
2553333
2553349
2553357
2553368
2553370
2553394
2553402
2553415
2553423
2553430
2553441
2553459
2553464
2553496
2553508
2553514
2553527
2553539
2553553
2553562
2553571
2553586
2553600
2553613
2553625
2553632
2553648
2553654
2553669
2553676
2553681
2553697
2553711
2553722
2553736
2553745
2553767
2553774
2553789
2553790
2553817
2553824
2553838
2553846
2553863
2553875
2553880
2553891
2553904
2553929
2553931
2553947
2553950
2553965
2553973
2553982
2553998
2554008
2554014
2554027
2554039
2554040
2554053
2554062
2554071
2554086
2554095
2554109
2554117
2554124
2554138
2554146
2554152
2554163
2554175
2554180
2554191
2554202
2554215
2554223
2554241
2554259
2554288
2554296
2554303
2554311
2554322
2554336
2554345
2554358
2554367
2554389
2554390
2554419
2554426
2554434
2554455
2554460
2554478
2554487
2554493
2554507
2554510
2554528
2554535
2554544
2554556
2554561
2554572
2554583
2554599
2554604
2554616
2554631
2554647
2554650
2554665
2554673
2554682
2554698
2554706
2554712
2554721
2554733
2554749
2554757
2554768
2554770
2554785
2554794
2554805
2554818
2554820
2554837
2554843
2554851
2554866
2554879
2554884
2554892
2554900
2554913
2554925
2554932
2554948
2554954
2554969
2554997
2555006
2555012
2555021
2555033
2555049
2555057
2555068
2555070
2555085
2555094
2555111
2555122
2555136
2555145
2555158
2555167
2555189
2555190
2555208
2555214
2555227
2555240
2555253
2555262
2555271
2555295
2555307
2555310
2555328
2555335
2555344
2555356
2555361
2555372
2555383
2555413
2555425
2555432
2555448
2555454
2555469
2555476
2555481
2555497
2555501
2555526
2555534
2555542
2555555
2555560
2555578
2555587
2555593
2555602
2555615
2555623
2555630
2555641
2555659
2555664
2555677
2555688
2555696
2555705
2555720
2555737
2555743
2555751
2555766
2555779
2555784
2555792
2555804
2555816
2555829
2555831
2555850
2555865
2555873
2555882
2555898
2555909
2555917
2555924
2555938
2555946
2555952
2555963
2555975
2555980
2555991
2556005
2556018
2556020
2556037
2556043
2556051
2556066
2556079
2556084
2556092
2556107
2556110
2556128
2556135
2556161
2556172
2556183
2556206
2556212
2556221
2556233
2556249
2556257
2556268
2556270
2556285
2556294
2556301
2556319
2556326
2556334
2556342
2556355
2556360
2556378
2556387
2556393
2556409
2556417
2556424
2556438
2556446
2556452
2556463
2556480
2556500
2556513
2556525
2556532
2556548
2556554
2556569
2556576
2556581
2556597
2556608
2556614
2556627
2556640
2556653
2556662
2556671
2556686
2556695
2556704
2556716
2556729
2556747
2556750
2556765
2556773
2556782
2556798
2556802
2556815
2556823
2556830
2556841
2556859
2556864
2556877
2556888
2556896
2556903
2556911
2556922
2556936
2556945
2556958
2556967
2556974
2556989
2556990
2557001
2557019
2557026
2557034
2557042
2557055
2557060
2557087
2557104
2557116
2557129
2557147
2557150
2557165
2557173
2557182
2557198
2557200
2557213
2557225
2557232
2557248
2557254
2557269
2557276
2557281
2557297
2557305
2557318
2557320
2557337
2557343
2557351
2557366
2557379
2557384
2557392
2557408
2557414
2557439
2557440
2557453
2557462
2557471
2557495
2557506
2557512
2557521
2557533
2557549
2557557
2557568
2557570
2557585
2557594
2557617
2557638
2557646
2557652
2557675
2557680
2557691
2557707
2557710
2557728
2557735
2557744
2557772
2557783
2557799
2557803
2557811
2557822
2557836
2557845
2557858
2557867
2557874
2557889
2557890
2557902
2557923
2557930
2557941
2557959
2557964
2557977
2557988
2557996
2558004
2558016
2558029
2558031
2558047
2558050
2558065
2558073
2558082
2558098
2558101
2558119
2558126
2558142
2558160
2558178
2558187
2558193
2558205
2558218
2558220
2558237
2558243
2558251
2558279
2558284
2558292
2558300
2558325
2558332
2558348
2558354
2558369
2558376
2558381
2558397
2558403
2558411
2558436
2558445
2558458
2558467
2558489
2558490
2558509
2558517
2558524
2558546
2558552
2558563
2558575
2558580
2558591
2558606
2558612
2558621
2558633
2558649
2558657
2558668
2558670
2558685
2558694
2558702
2558715
2558723
2558730
2558741
2558764
2558777
2558788
2558796
2558808
2558814
2558827
2558839
2558840
2558853
2558862
2558871
2558886
2558895
2558907
2558910
2558935
2558944
2558956
2558961
2558972
2558983
2558999
2559003
2559011
2559022
2559036
2559045
2559058
2559067
2559074
2559089
2559090
2559106
2559112
2559121
2559133
2559149
2559157
2559168
2559170
2559185
2559194
2559207
2559210
2559228
2559235
2559244
2559256
2559261
2559272
2559283
2559308
2559327
2559339
2559340
2559353
2559362
2559371
2559386
2559395
2559404
2559429
2559431
2559447
2559450
2559465
2559482
2559498
2559502
2559523
2559530
2559541
2559559
2559564
2559577
2559588
2559601
2559619
2559626
2559634
2559642
2559655
2559660
2559678
2559687
2559693
2559709
2559717
2559724
2559738
2559746
2559752
2559763
2559775
2559780
2559791
2559800
2559813
2559825
2559832
2559848
2559854
2559876
2559897
2559905
2559918
2559920
2559937
2559943
2559951
2559966
2559979
2559984
2559992
2560007
2560028
2560035
2560044
2560056
2560061
2560072
2560083
2560105
2560118
2560120
2560143
2560151
2560166
2560179
2560184
2560192
2560201
2560226
2560234
2560242
2560255
2560260
2560278
2560287
2560293
2560306
2560312
2560321
2560333
2560349
2560357
2560368
2560370
2560385
2560402
2560423
2560441
2560459
2560464
2560477
2560488
2560496
2560508
2560514
2560527
2560539
2560540
2560553
2560562
2560571
2560600
2560613
2560625
2560632
2560648
2560654
2560669
2560676
2560681
2560703
2560711
2560736
2560745
2560758
2560767
2560774
2560790
2560809
2560817
2560824
2560838
2560846
2560852
2560863
2560875
2560891
2560904
2560916
2560929
2560931
2560950
2560965
2560973
2560982
2561003
2561011
2561022
2561036
2561045
2561058
2561067
2561074
2561089
2561090
2561106
2561121
2561133
2561157
2561168
2561170
2561185
2561194
2561210
2561244
2561256
2561261
2561272
2561283
2561299
2561308
2561314
2561327
2561340
2561353
2561362
2561371
2561386
2561395
2561404
2561416
2561429
2561431
2561447
2561450
2561465
2561473
2561498
2561502
2561515
2561523
2561530
2561541
2561559
2561564
2561577
2561588
2561596
2561601
2561619
2561626
2561634
2561642
2561655
2561660
2561678
2561687
2561709
2561724
2561738
2561746
2561752
2561763
2561775
2561791
2561800
2561813
2561825
2561832
2561848
2561869
2561876
2561881
2561897
2561905
2561918
2561920
2561951
2561984
2561992
2562006
2562012
2562021
2562033
2562049
2562057
2562068
2562070
2562085
2562094
2562103
2562111
2562122
2562136
2562145
2562158
2562167
2562174
2562189
2562190
2562214
2562253
2562262
2562271
2562286
2562295
2562307
2562310
2562328
2562335
2562344
2562356
2562361
2562372
2562383
2562399
2562400
2562413
2562425
2562432
2562448
2562454
2562469
2562476
2562481
2562497
2562501
2562519
2562526
2562534
2562555
2562560
2562578
2562587
2562593
2562602
2562615
2562623
2562630
2562641
2562659
2562664
2562677
2562688
2562696
2562705
2562718
2562720
2562737
2562743
2562751
2562766
2562779
2562784
2562792
2562816
2562829
2562831
2562847
2562865
2562873
2562882
2562898
2562909
2562917
2562924
2562938
2562946
2562952
2562963
2562975
2562980
2562991
2563000
2563013
2563025
2563032
2563048
2563054
2563069
2563076
2563081
2563097
2563115
2563123
2563130
2563141
2563159
2563164
2563177
2563188
2563196
2563209
2563217
2563224
2563238
2563246
2563252
2563275
2563280
2563291
2563304
2563316
2563329
2563331
2563347
2563350
2563365
2563373
2563382
2563398
2563406
2563421
2563449
2563457
2563468
2563470
2563485
2563494
2563505
2563518
2563520
2563537
2563543
2563551
2563566
2563579
2563584
2563592
2563603
2563622
2563645
2563658
2563667
2563689
2563690
2563701
2563726
2563734
2563742
2563755
2563760
2563778
2563787
2563807
2563810
2563835
2563844
2563856
2563861
2563872
2563883
2563899
2563908
2563914
2563927
2563939
2563940
2563953
2563962
2563971
2563986
2563995
2564005
2564018
2564020
2564037
2564043
2564051
2564066
2564079
2564084
2564092
2564107
2564110
2564135
2564144
2564156
2564161
2564172
2564183
2564199
2564206
2564212
2564221
2564233
2564257
2564268
2564270
2564285
2564294
2564301
2564319
2564326
2564334
2564342
2564355
2564360
2564378
2564409
2564417
2564424
2564438
2564446
2564452
2564475
2564480
2564491
2564500
2564513
2564525
2564532
2564548
2564554
2564569
2564576
2564597
2564608
2564614
2564627
2564639
2564640
2564653
2564662
2564671
2564686
2564695
2564704
2564716
2564729
2564731
2564747
2564750
2564765
2564773
2564782
2564798
2564802
2564815
2564823
2564830
2564841
2564859
2564864
2564877
2564888
2564896
2564911
2564922
2564936
2564945
2564958
2564967
2564974
2564989
2564990
2565004
2565016
2565029
2565031
2565047
2565050
2565065
2565073
2565082
2565098
2565101
2565119
2565134
2565142
2565155
2565160
2565178
2565187
2565193
2565205
2565218
2565220
2565237
2565243
2565251
2565279
2565284
2565292
2565300
2565313
2565325
2565332
2565354
2565369
2565381
2565397
2565403
2565411
2565422
2565436
2565445
2565458
2565467
2565474
2565489
2565490
2565509
2565524
2565538
2565546
2565552
2565563
2565575
2565580
2565591
2565606
2565621
2565649
2565657
2565668
2565670
2565702
2565715
2565723
2565730
2565741
2565759
2565764
2565788
2565796
2565814
2565827
2565840
2565853
2565862
2565871
2565886
2565895
2565910
2565928
2565935
2565944
2565956
2565961
2565999
2566002
2566015
2566030
2566059
2566064
2566077
2566088
2566096
2566100
2566125
2566132
2566148
2566154
2566169
2566176
2566181
2566197
2566204
2566216
2566229
2566247
2566250
2566265
2566282
2566298
2566309
2566317
2566324
2566338
2566346
2566352
2566375
2566380
2566391
2566407
2566410
2566428
2566435
2566444
2566456
2566461
2566472
2566483
2566499
2566503
2566511
2566522
2566536
2566545
2566558
2566567
2566589
2566590
2566605
2566618
2566620
2566637
2566643
2566651
2566666
2566679
2566684
2566708
2566714
2566727
2566739
2566740
2566753
2566762
2566771
2566786
2566795
2566806
2566821
2566833
2566857
2566868
2566870
2566885
2566894
2566901
2566919
2566926
2566934
2566942
2566955
2566960
2566978
2566987
2566993
2567009
2567017
2567024
2567038
2567052
2567063
2567075
2567080
2567108
2567114
2567127
2567139
2567140
2567153
2567162
2567171
2567186
2567195
2567203
2567222
2567236
2567245
2567258
2567267
2567289
2567290
2567302
2567315
2567323
2567330
2567341
2567359
2567364
2567377
2567388
2567396
2567405
2567418
2567420
2567437
2567443
2567451
2567466
2567479
2567484
2567492
2567504
2567516
2567529
2567531
2567547
2567550
2567565
2567573
2567582
2567598
2567607
2567610
2567628
2567635
2567644
2567656
2567661
2567672
2567683
2567699
2567700
2567713
2567725
2567732
2567748
2567754
2567769
2567776
2567781
2567797
2567801
2567819
2567826
2567834
2567855
2567860
2567878
2567887
2567893
2567906
2567912
2567921
2567933
2567949
2567957
2567968
2567970
2567985
2567994
2568008
2568014
2568027
2568039
2568040
2568053
2568062
2568071
2568086
2568095
2568109
2568117
2568124
2568138
2568146
2568152
2568163
2568175
2568180
2568191
2568202
2568215
2568223
2568241
2568259
2568264
2568277
2568288
2568296
2568303
2568336
2568345
2568358
2568367
2568374
2568389
2568390
2568401
2568419
2568426
2568434
2568442
2568460
2568478
2568487
2568493
2568507
2568510
2568528
2568535
2568544
2568556
2568561
2568572
2568583
2568599
2568604
2568629
2568631
2568647
2568650
2568665
2568682
2568698
2568706
2568721
2568733
2568749
2568757
2568768
2568770
2568785
2568794
2568805
2568818
2568820
2568843
2568851
2568866
2568879
2568892
2568900
2568913
2568932
2568948
2568954
2568969
2568976
2568981
2568997
2569001
2569019
2569026
2569034
2569042
2569055
2569078
2569087
2569093
2569104
2569129
2569147
2569150
2569165
2569182
2569198
2569200
2569213
2569225
2569232
2569248
2569254
2569269
2569276
2569281
2569297
2569305
2569318
2569320
2569337
2569343
2569351
2569366
2569379
2569408
2569414
2569427
2569439
2569453
2569462
2569486
2569506
2569512
2569521
2569533
2569549
2569557
2569568
2569570
2569585
2569594
2569609
2569617
2569624
2569638
2569646
2569652
2569675
2569680
2569691
2569707
2569710
2569728
2569735
2569744
2569756
2569761
2569772
2569783
2569803
2569811
2569822
2569836
2569845
2569858
2569867
2569874
2569889
2569915
2569923
2569930
2569941
2569959
2569964
2569977
2569988
2569996
2570008
2570014
2570027
2570039
2570040
2570053
2570062
2570071
2570086
2570095
2570109
2570117
2570138
2570146
2570152
2570163
2570175
2570180
2570191
2570202
2570215
2570223
2570241
2570259
2570264
2570288
2570296
2570303
2570311
2570322
2570336
2570345
2570358
2570374
2570390
2570401
2570419
2570426
2570434
2570442
2570455
2570460
2570487
2570493
2570507
2570510
2570535
2570556
2570561
2570572
2570583
2570599
2570604
2570616
2570629
2570631
2570647
2570650
2570665
2570673
2570682
2570698
2570706
2570712
2570721
2570733
2570749
2570757
2570768
2570770
2570785
2570794
2570805
2570818
2570837
2570843
2570851
2570866
2570879
2570884
2570892
2570900
2570913
2570925
2570932
2570948
2570954
2570969
2570976
2570981
2570997
2571006
2571012
2571021
2571033
2571049
2571057
2571068
2571070
2571085
2571103
2571111
2571122
2571136
2571145
2571158
2571167
2571174
2571189
2571190
2571208
2571214
2571227
2571239
2571240
2571253
2571262
2571271
2571286
2571295
2571307
2571328
2571335
2571361
2571372
2571383
2571399
2571400
2571413
2571425
2571432
2571448
2571454
2571469
2571476
2571481
2571497
2571501
2571519
2571526
2571555
2571560
2571578
2571587
2571593
2571602
2571615
2571623
2571630
2571641
2571659
2571664
2571677
2571688
2571696
2571705
2571718
2571720
2571737
2571743
2571751
2571766
2571779
2571784
2571792
2571804
2571816
2571829
2571831
2571847
2571865
2571882
2571898
2571909
2571917
2571924
2571938
2571946
2571952
2571975
2571991
2572003
2572011
2572022
2572036
2572045
2572058
2572067
2572074
2572089
2572090
2572106
2572112
2572121
2572133
2572149
2572157
2572168
2572170
2572185
2572194
2572207
2572210
2572228
2572235
2572256
2572261
2572272
2572283
2572299
2572308
2572314
2572339
2572353
2572362
2572371
2572386
2572395
2572404
2572416
2572431
2572447
2572450
2572465
2572473
2572482
2572498
2572502
2572515
2572523
2572530
2572541
2572559
2572564
2572577
2572588
2572596
2572601
2572619
2572626
2572634
2572642
2572655
2572660
2572678
2572687
2572693
2572709
2572717
2572724
2572746
2572752
2572763
2572775
2572780
2572791
2572800
2572813
2572825
2572832
2572848
2572854
2572869
2572876
2572881
2572897
2572918
2572920
2572937
2572943
2572951
2572966
2572979
2572984
2572992
2573004
2573016
2573029
2573031
2573047
2573050
2573065
2573073
2573082
2573098
2573101
2573119
2573126
2573134
2573142
2573155
2573160
2573178
2573187
2573193
2573205
2573218
2573220
2573237
2573243
2573266
2573279
2573284
2573292
2573300
2573325
2573332
2573348
2573354
2573369
2573376
2573381
2573397
2573403
2573411
2573422
2573436
2573445
2573458
2573467
2573474
2573489
2573490
2573517
2573524
2573538
2573546
2573552
2573563
2573575
2573580
2573591
2573606
2573612
2573621
2573633
2573649
2573657
2573668
2573670
2573685
2573694
2573715
2573723
2573730
2573741
2573759
2573764
2573777
2573788
2573796
2573808
2573814
2573827
2573839
2573840
2573853
2573862
2573871
2573886
2573895
2573907
2573910
2573928
2573935
2573944
2573956
2573961
2573972
2573983
2573999
2574017
2574024
2574038
2574046
2574052
2574063
2574075
2574080
2574091
2574108
2574114
2574139
2574140
2574153
2574162
2574171
2574186
2574195
2574203
2574211
2574222
2574236
2574245
2574258
2574267
2574274
2574289
2574290
2574302
2574315
2574323
2574330
2574341
2574359
2574364
2574388
2574396
2574405
2574418
2574420
2574443
2574451
2574466
2574479
2574484
2574504
2574516
2574529
2574531
2574547
2574550
2574565
2574573
2574582
2574598
2574607
2574610
2574628
2574635
2574656
2574661
2574672
2574683
2574699
2574700
2574713
2574725
2574732
2574748
2574754
2574769
2574776
2574781
2574797
2574819
2574826
2574834
2574842
2574855
2574860
2574878
2574893
2574906
2574912
2574921
2574933
2574968
2574985
2574994
2575013
2575025
2575032
2575048
2575054
2575069
2575076
2575081
2575097
2575115
2575123
2575141
2575159
2575164
2575177
2575188
2575196
2575209
2575217
2575224
2575246
2575252
2575263
2575275
2575280
2575291
2575304
2575316
2575329
2575347
2575350
2575365
2575373
2575382
2575398
2575412
2575421
2575433
2575457
2575468
2575494
2575505
2575518
2575520
2575537
2575543
2575551
2575566
2575579
2575584
2575592
2575603
2575611
2575622
2575636
2575645
2575658
2575667
2575674
2575689
2575690
2575701
2575719
2575734
2575742
2575760
2575778
2575787
2575793
2575807
2575810
2575828
2575835
2575844
2575856
2575861
2575872
2575883
2575899
2575908
2575914
2575939
2575940
2575953
2575962
2575971
2575986
2575995
2576001
2576026
2576034
2576042
2576055
2576060
2576078
2576087
2576093
2576104
2576116
2576131
2576150
2576165
2576173
2576182
2576198
2576200
2576213
2576225
2576232
2576248
2576254
2576269
2576276
2576281
2576297
2576318
2576320
2576337
2576343
2576351
2576366
2576379
2576384
2576392
2576408
2576414
2576427
2576439
2576440
2576453
2576462
2576471
2576486
2576495
2576506
2576512
2576521
2576533
2576549
2576557
2576568
2576570
2576585
2576594
2576609
2576617
2576624
2576638
2576646
2576663
2576675
2576691
2576707
2576710
2576728
2576735
2576744
2576756
2576761
2576783
2576799
2576803
2576811
2576822
2576836
2576845
2576867
2576874
2576889
2576890
2576902
2576915
2576923
2576930
2576941
2576959
2576964
2576977
2576988
2576996
2577005
2577020
2577043
2577051
2577066
2577079
2577084
2577092
2577107
2577110
2577128
2577144
2577156
2577161
2577172
2577183
2577199
2577206
2577212
2577221
2577233
2577249
2577257
2577268
2577285
2577294
2577301
2577319
2577326
2577334
2577342
2577355
2577360
2577387
2577393
2577409
2577438
2577446
2577452
2577463
2577475
2577480
2577491
2577513
2577525
2577532
2577548
2577554
2577569
2577576
2577581
2577597
2577608
2577614
2577627
2577639
2577640
2577653
2577662
2577671
2577686
2577695
2577729
2577731
2577765
2577773
2577782
2577798
2577802
2577815
2577823
2577830
2577841
2577864
2577877
2577888
2577903
2577911
2577936
2577945
2577958
2577967
2577974
2577989
2577990
2578007
2578010
2578035
2578044
2578056
2578061
2578072
2578083
2578099
2578105
2578118
2578120
2578137
2578143
2578151
2578166
2578179
2578184
2578192
2578201
2578219
2578226
2578234
2578242
2578255
2578260
2578278
2578287
2578293
2578306
2578312
2578321
2578333
2578349
2578357
2578368
2578370
2578385
2578394
2578402
2578415
2578423
2578430
2578441
2578459
2578464
2578477
2578488
2578496
2578508
2578514
2578527
2578539
2578553
2578562
2578571
2578586
2578595
2578600
2578613
2578625
2578632
2578648
2578654
2578669
2578676
2578681
2578697
2578703
2578711
2578722
2578736
2578745
2578758
2578767
2578774
2578789
2578790
2578809
2578817
2578824
2578838
2578846
2578852
2578863
2578875
2578891
2578904
2578929
2578931
2578947
2578950
2578965
2578973
2578998
2579002
2579015
2579023
2579030
2579041
2579059
2579064
2579077
2579088
2579096
2579100
2579113
2579125
2579132
2579148
2579154
2579169
2579176
2579181
2579197
2579216
2579229
2579231
2579247
2579250
2579265
2579273
2579282
2579298
2579309
2579317
2579324
2579338
2579346
2579352
2579363
2579375
2579380
2579391
2579407
2579410
2579428
2579435
2579444
2579456
2579461
2579472
2579483
2579499
2579503
2579511
2579522
2579536
2579545
2579574
2579589
2579590
2579605
2579618
2579637
2579643
2579651
2579666
2579679
2579684
2579692
2579708
2579714
2579727
2579739
2579740
2579753
2579762
2579786
2579795
2579806
2579812
2579821
2579833
2579849
2579857
2579868
2579870
2579885
2579894
2579901
2579919
2579926
2579934
2579942
2579955
2579960
2579987
2580004
2580016
2580029
2580031
2580047
2580050
2580065
2580073
2580082
2580098
2580101
2580119
2580126
2580134
2580142
2580155
2580160
2580178
2580187
2580205
2580218
2580220
2580237
2580251
2580266
2580279
2580284
2580292
2580300
2580325
2580348
2580354
2580369
2580376
2580381
2580397
2580411
2580422
2580436
2580445
2580458
2580467
2580474
2580489
2580490
2580509
2580524
2580538
2580546
2580552
2580563
2580575
2580580
2580591
2580606
2580612
2580621
2580633
2580649
2580668
2580685
2580694
2580702
2580715
2580723
2580730
2580741
2580759
2580764
2580777
2580788
2580808
2580814
2580827
2580839
2580840
2580853
2580862
2580871
2580886
2580895
2580910
2580928
2580935
2580944
2580956
2580961
2580972
2580983
2580999
2581002
2581015
2581023
2581030
2581059
2581088
2581100
2581113
2581125
2581132
2581154
2581169
2581176
2581181
2581197
2581204
2581229
2581231
2581247
2581250
2581265
2581282
2581298
2581309
2581317
2581338
2581346
2581352
2581363
2581375
2581380
2581391
2581407
2581410
2581428
2581435
2581456
2581461
2581472
2581483
2581499
2581503
2581511
2581522
2581536
2581545
2581558
2581567
2581574
2581589
2581590
2581605
2581618
2581620
2581637
2581643
2581651
2581666
2581679
2581684
2581692
2581708
2581714
2581727
2581739
2581740
2581753
2581762
2581771
2581786
2581795
2581806
2581812
2581821
2581833
2581849
2581868
2581870
2581885
2581894
2581901
2581919
2581926
2581934
2581942
2581955
2581960
2581978
2581987
2581993
2582000
2582013
2582025
2582032
2582048
2582076
2582081
2582097
2582102
2582115
2582123
2582130
2582141
2582159
2582164
2582177
2582188
2582196
2582209
2582217
2582224
2582238
2582246
2582252
2582275
2582280
2582291
2582304
2582316
2582329
2582331
2582347
2582350
2582365
2582373
2582382
2582398
2582406
2582412
2582421
2582449
2582457
2582468
2582485
2582494
2582505
2582518
2582520
2582543
2582551
2582566
2582579
2582584
2582592
2582603
2582611
2582622
2582636
2582658
2582667
2582674
2582689
2582690
2582701
2582719
2582726
2582734
2582742
2582760
2582778
2582787
2582793
2582807
2582810
2582828
2582835
2582844
2582856
2582872
2582883
2582899
2582908
2582914
2582927
2582939
2582940
2582953
2582962
2582971
2582986
2582995
2583006
2583012
2583033
2583057
2583068
2583070
2583085
2583103
2583111
2583122
2583136
2583145
2583158
2583167
2583174
2583189
2583208
2583214
2583227
2583239
2583240
2583253
2583262
2583271
2583286
2583295
2583307
2583310
2583328
2583335
2583344
2583356
2583361
2583372
2583383
2583400
2583413
2583425
2583432
2583448
2583454
2583469
2583476
2583481
2583497
2583501
2583519
2583526
2583534
2583542
2583555
2583560
2583578
2583587
2583593
2583602
2583615
2583623
2583641
2583659
2583664
2583677
2583688
2583696
2583705
2583718
2583720
2583737
2583743
2583751
2583766
2583779
2583784
2583792
2583816
2583829
2583831
2583847
2583865
2583873
2583882
2583898
2583909
2583917
2583924
2583938
2583946
2583963
2583975
2583980
2583991
2584001
2584019
2584034
2584042
2584060
2584078
2584087
2584093
2584104
2584116
2584129
2584131
2584147
2584150
2584165
2584173
2584198
2584200
2584213
2584225
2584232
2584248
2584254
2584269
2584276
2584281
2584297
2584305
2584318
2584320
2584337
2584343
2584351
2584366
2584379
2584384
2584392
2584408
2584414
2584427
2584440
2584453
2584471
2584486
2584495
2584506
2584512
2584533
2584549
2584557
2584568
2584570
2584585
2584594
2584609
2584617
2584624
2584638
2584646
2584652
2584663
2584675
2584680
2584707
2584710
2584728
2584735
2584744
2584756
2584761
2584772
2584783
2584803
2584822
2584836
2584845
2584858
2584867
2584874
2584890
2584902
2584915
2584930
2584959
2584964
2584977
2584996
2585007
2585010
2585028
2585035
2585044
2585056
2585061
2585072
2585083
2585099
2585105
2585120
2585137
2585143
2585151
2585166
2585179
2585184
2585192
2585201
2585219
2585226
2585234
2585242
2585255
2585260
2585278
2585287
2585293
2585306
2585321
2585333
2585349
2585357
2585368
2585370
2585394
2585402
2585415
2585423
2585430
2585441
2585459
2585464
2585477
2585488
2585496
2585508
2585514
2585539
2585553
2585595
2585600
2585613
2585632
2585648
2585654
2585676
2585681
2585697
2585703
2585722
2585736
2585745
2585758
2585767
2585789
2585790
2585809
2585824
2585838
2585846
2585852
2585875
2585880
2585891
2585904
2585916
2585950
2585965
2585973
2585982
2585998
2586003
2586022
2586036
2586045
2586058
2586067
2586074
2586089
2586106
2586112
2586133
2586149
2586157
2586168
2586170
2586185
2586194
2586207
2586210
2586228
2586235
2586244
2586256
2586261
2586272
2586283
2586299
2586308
2586314
2586327
2586339
2586340
2586353
2586362
2586371
2586386
2586395
2586404
2586416
2586429
2586431
2586447
2586450
2586465
2586473
2586482
2586498
2586502
2586515
2586523
2586559
2586564
2586577
2586588
2586601
2586619
2586626
2586642
2586660
2586678
2586687
2586693
2586709
2586717
2586724
2586738
2586746
2586752
2586763
2586775
2586780
2586791
2586813
2586825
2586848
2586854
2586869
2586876
2586881
2586897
2586905
2586918
2586920
2586937
2586943
2586951
2586979
2586992
2587008
2587027
2587040
2587053
2587062
2587071
2587086
2587095
2587109
2587117
2587124
2587138
2587146
2587152
2587175
2587180
2587202
2587223
2587230
2587241
2587259
2587264
2587277
2587296
2587303
2587322
2587336
2587345
2587358
2587374
2587389
2587390
2587401
2587419
2587426
2587434
2587442
2587455
2587460
2587478
2587487
2587493
2587507
2587510
2587528
2587535
2587544
2587556
2587561
2587572
2587583
2587599
2587604
2587616
2587629
2587631
2587647
2587650
2587665
2587673
2587682
2587698
2587706
2587712
2587721
2587733
2587749
2587757
2587768
2587770
2587785
2587794
2587805
2587818
2587820
2587837
2587843
2587866
2587879
2587884
2587892
2587900
2587913
2587932
2587948
2587954
2587969
2587976
2587981
2587997
2588009
2588017
2588024
2588038
2588046
2588052
2588063
2588080
2588091
2588108
2588127
2588139
2588140
2588153
2588171
2588186
2588195
2588203
2588211
2588222
2588236
2588245
2588258
2588267
2588274
2588289
2588315
2588323
2588330
2588341
2588359
2588364
2588377
2588388
2588396
2588418
2588420
2588443
2588451
2588466
2588484
2588492
2588504
2588516
2588529
2588531
2588550
2588565
2588582
2588598
2588607
2588610
2588628
2588635
2588661
2588672
2588683
2588699
2588700
2588713
2588725
2588732
2588748
2588754
2588769
2588776
2588797
2588801
2588819
2588826
2588842
2588855
2588860
2588878
2588887
2588893
2588906
2588912
2588921
2588933
2588949
2588957
2588970
2588985
2588994
2589005
2589018
2589020
2589037
2589043
2589051
2589066
2589084
2589092
2589107
2589110
2589128
2589135
2589156
2589161
2589183
2589199
2589206
2589212
2589221
2589233
2589249
2589268
2589270
2589285
2589294
2589301
2589319
2589326
2589334
2589342
2589355
2589360
2589378
2589387
2589393
2589409
2589417
2589424
2589438
2589446
2589452
2589463
2589475
2589480
2589491
2589500
2589525
2589532
2589548
2589554
2589569
2589576
2589581
2589608
2589614
2589627
2589639
2589640
2589653
2589662
2589671
2589686
2589695
2589704
2589716
2589729
2589731
2589747
2589750
2589765
2589773
2589782
2589798
2589802
2589815
2589823
2589830
2589859
2589864
2589877
2589888
2589896
2589903
2589911
2589922
2589936
2589945
2589958
2589967
2589974
2589989
2589990
2590006
2590012
2590021
2590033
2590057
2590068
2590070
2590085
2590094
2590103
2590111
2590122
2590136
2590145
2590158
2590167
2590174
2590189
2590190
2590208
2590214
2590227
2590239
2590240
2590253
2590262
2590271
2590286
2590295
2590307
2590310
2590328
2590335
2590344
2590356
2590372
2590383
2590400
2590413
2590425
2590432
2590448
2590454
2590469
2590476
2590481
2590497
2590501
2590519
2590526
2590534
2590542
2590555
2590560
2590578
2590587
2590593
2590602
2590615
2590623
2590630
2590641
2590659
2590664
2590677
2590688
2590696
2590705
2590718
2590720
2590737
2590751
2590766
2590784
2590792
2590804
2590816
2590829
2590831
2590847
2590850
2590865
2590873
2590882
2590898
2590909
2590917
2590924
2590938
2590946
2590952
2590975
2590980
2590991
2591005
2591018
2591020
2591037
2591043
2591051
2591066
2591079
2591084
2591092
2591107
2591128
2591135
2591156
2591161
2591172
2591183
2591199
2591206
2591221
2591233
2591249
2591268
2591270
2591285
2591294
2591301
2591326
2591334
2591342
2591355
2591360
2591378
2591387
2591393
2591409
2591417
2591424
2591438
2591446
2591452
2591463
2591475
2591480
2591491
2591513
2591525
2591548
2591554
2591569
2591576
2591581
2591597
2591608
2591627
2591639
2591640
2591653
2591662
2591671
2591686
2591695
2591716
2591729
2591731
2591747
2591750
2591765
2591773
2591798
2591802
2591815
2591830
2591841
2591859
2591864
2591877
2591888
2591903
2591911
2591922
2591936
2591945
2591967
2591974
2591989
2591990
2592010
2592028
2592035
2592056
2592061
2592072
2592083
2592099
2592105
2592137
2592143
2592151
2592166
2592179
2592184
2592226
2592234
2592242
2592255
2592260
2592278
2592287
2592293
2592306
2592312
2592321
2592333
2592349
2592357
2592368
2592370
2592385
2592402
2592415
2592423
2592430
2592441
2592459
2592464
2592488
2592496
2592508
2592514
2592527
2592539
2592540
2592553
2592562
2592571
2592586
2592595
2592600
2592613
2592625
2592632
2592648
2592654
2592669
2592676
2592681
2592697
2592703
2592722
2592758
2592774
2592789
2592790
2592809
2592817
2592824
2592838
2592852
2592863
2592875
2592880
2592891
2592904
2592916
2592929
2592950
2592965
2592973
2592982
2593002
2593015
2593023
2593030
2593041
2593059
2593064
2593088
2593100
2593125
2593132
2593148
2593154
2593181
2593197
2593204
2593216
2593229
2593231
2593247
2593250
2593265
2593273
2593282
2593309
2593317
2593324
2593338
2593346
2593352
2593363
2593375
2593380
2593391
2593407
2593410
2593435
2593444
2593456
2593461
2593472
2593483
2593499
2593503
2593511
2593522
2593536
2593545
2593558
2593567
2593574
2593589
2593590
2593605
2593618
2593620
2593637
2593643
2593651
2593666
2593679
2593684
2593692
2593708
2593714
2593727
2593739
2593740
2593753
2593762
2593771
2593786
2593795
2593806
2593812
2593821
2593833
2593849
2593857
2593868
2593870
2593885
2593901
2593919
2593926
2593934
2593942
2593955
2593960
2593993
2594003
2594011
2594022
2594036
2594045
2594058
2594074
2594089
2594090
2594106
2594112
2594121
2594149
2594157
2594168
2594170
2594185
2594194
2594207
2594210
2594228
2594244
2594256
2594261
2594272
2594283
2594308
2594314
2594339
2594340
2594353
2594362
2594371
2594386
2594395
2594404
2594429
2594431
2594447
2594450
2594465
2594473
2594482
2594498
2594502
2594523
2594530
2594541
2594559
2594564
2594577
2594588
2594596
2594619
2594634
2594642
2594655
2594678
2594693
2594709
2594717
2594724
2594738
2594746
2594752
2594763
2594775
2594780
2594791
2594800
2594813
2594825
2594832
2594848
2594854
2594869
2594876
2594881
2594897
2594905
2594918
2594920
2594937
2594943
2594951
2594979
2594984
2595009
2595017
2595024
2595038
2595046
2595052
2595063
2595075
2595091
2595108
2595114
2595127
2595139
2595153
2595162
2595171
2595186
2595195
2595203
2595211
2595222
2595236
2595245
2595258
2595267
2595274
2595289
2595290
2595302
2595315
2595323
2595330
2595341
2595359
2595364
2595377
2595388
2595396
2595405
2595418
2595420
2595437
2595443
2595451
2595466
2595479
2595484
2595492
2595504
2595516
2595531
2595547
2595550
2595565
2595573
2595582
2595598
2595607
2595610
2595628
2595635
2595644
2595656
2595661
2595672
2595683
2595699
2595700
2595713
2595725
2595732
2595748
2595754
2595769
2595776
2595781
2595797
2595819
2595826
2595834
2595855
2595860
2595878
2595887
2595893
2595906
2595912
2595921
2595949
2595957
2595968
2595970
2595985
2596000
2596013
2596025
2596032
2596048
2596054
2596069
2596076
2596081
2596097
2596102
2596115
2596123
2596130
2596141
2596159
2596164
2596177
2596188
2596196
2596217
2596238
2596246
2596252
2596263
2596275
2596280
2596291
2596304
2596316
2596329
2596331
2596347
2596350
2596365
2596373
2596382
2596398
2596406
2596412
2596421
2596433
2596449
2596457
2596468
2596470
2596485
2596494
2596518
2596520
2596537
2596543
2596551
2596566
2596579
2596584
2596592
2596603
2596611
2596622
2596645
2596658
2596667
2596674
2596690
2596701
2596719
2596726
2596734
2596742
2596755
2596760
2596778
2596787
2596793
2596807
2596810
2596828
2596835
2596844
2596856
2596861
2596872
2596883
2596899
2596908
2596927
2596940
2596953
2596962
2596971
2596995
2597004
2597016
2597029
2597031
2597047
2597050
2597065
2597073
2597082
2597098
2597101
2597119
2597126
2597134
2597142
2597155
2597160
2597178
2597193
2597205
2597218
2597237
2597243
2597251
2597266
2597279
2597284
2597300
2597313
2597325
2597332
2597348
2597354
2597369
2597381
2597397
2597403
2597411
2597422
2597445
2597458
2597467
2597474
2597489
2597490
2597509
2597517
2597524
2597538
2597546
2597552
2597563
2597575
2597580
2597591
2597606
2597612
2597621
2597633
2597657
2597668
2597670
2597685
2597702
2597715
2597723
2597730
2597741
2597759
2597764
2597777
2597788
2597796
2597808
2597814
2597839
2597840
2597853
2597862
2597871
2597886
2597895
2597907
2597910
2597928
2597935
2597944
2597956
2597961
2597972
2597983
2598001
2598019
2598026
2598042
2598060
2598078
2598087
2598093
2598104
2598116
2598129
2598131
2598147
2598150
2598165
2598173
2598182
2598198
2598200
2598213
2598225
2598232
2598248
2598254
2598269
2598276
2598297
2598305
2598318
2598320
2598337
2598343
2598351
2598366
2598379
2598384
2598392
2598408
2598414
2598427
2598439
2598440
2598453
2598462
2598471
2598486
2598495
2598506
2598512
2598521
2598533
2598549
2598557
2598568
2598570
2598594
2598609
2598617
2598624
2598638
2598652
2598663
2598675
2598680
2598691
2598707
2598728
2598744
2598756
2598761
2598772
2598799
2598803
2598811
2598822
2598836
2598845
2598858
2598867
2598874
2598889
2598890
2598902
2598923
2598941
2598959
2598964
2598977
2598988
2598996
2599008
2599014
2599027
2599039
2599040
2599053
2599062
2599071
2599086
2599095
2599109
2599117
2599124
2599138
2599146
2599152
2599163
2599175
2599180
2599191
2599202
2599215
2599223
2599230
2599241
2599259
2599264
2599288
2599296
2599303
2599311
2599322
2599336
2599345
2599358
2599367
2599374
2599389
2599401
2599419
2599426
2599434
2599442
2599455
2599460
2599478
2599487
2599493
2599507
2599510
2599528
2599535
2599544
2599556
2599561
2599572
2599583
2599599
2599604
2599616
2599629
2599647
2599650
2599665
2599673
2599682
2599698
2599706
2599712
2599721
2599733
2599749
2599757
2599768
2599770
2599785
2599794
2599805
2599818
2599820
2599837
2599843
2599851
2599866
2599879
2599900
2599925
2599932
2599948
2599954
2599969
2599976
2599981
2599997
