1010059
1010708
1017784
1018738
1018966
1020962
1021570
1027904
1034534
1046680
1063503
1064074
1064327
1067580
1078085
1103595
1107001
1137788
1164413
1180903
1192067
1195076
1201947
1205298
1205375
1205380
1206932
1207058
1207825
1211186
1212117
1213337
1214519
1214847
1216411
1217537
1217807
1218692
1222571
1224951
1225290
1226406
1227944
1228200
1228959
1231733
1240565
1241658
1246161
1246597
1246974
1248376
1248445
1248796
1249918
1250293
1251404
1254716
1255155
1256282
1262220
1265818
1266980
1269819
1269842
1272735
1275106
1292689
1301104
1301200
1303601
1304391
1304435
1305794
1306980
1307357
1308823
1309635
1310852
1344526
1347069
1434948
1453925
1454430
1489302
1514770
1516695
1536210
1579215
1605603
1613997
1619239
1638268
1639114
1659223
1665366
1672631
1699577
1710770
1718083
1726417
1726990
1756072
1756201
1761928
1774125
1793994
1815510
1853349
1877750
1878809
1907751
1920395
1923351
1928679
1937854
2003643
2003795
2010910
2034682
2073908
2088729
2103194
2117127
2135457
2150902
2152945
2164818
2194689
2201283
2209351
2215094
2217594
2223050
2228368
2228758
2233413
2255393
2267848
2271513
2278803
2308448
2327218
2353252
2379286
2400071
2435535
2444414
2444440
2447954
2456263
2489291
2575940
2581317
2591686
2611802
2619175
2622062
2622230
2623366
2632043
2641073
2644973
2646565
2708719
2719279
2751113
2829334
2838414
2904568
2928827
2933592
2979046
3096750
3122357
3144528
3156590
3177590
3180345
3217613
3228235
3229759
3236672
3237795
3241099
3258422
3259058
3261918
3268138
3295437
3299843
3344077
3345202
3345913
3361226
3364552
3369102
3399103
3410295
3421661
3424938
3425627
3426702
3431965
3440037
3444072
3448899
3451779
3467487
3484974
3500781
3507351
3539879
3595755
3604116
3607180
3631800
3653285
3683486
3709785
3746916
3752691
3753604
3762920
3764732
3773658
3782517
3797962
3805109
3886995
3905678
3939402
3946366
3966622
3973985
3989207
3992310
4001322
4045339
4097226
4104958
4120507
4135028
4143498
4177065
4258569
4259046
4265830
4273747
4291448
4296281
4306928
4307914
4320229
4335058
4351861
4358621
4360293
4387109
4400243
4404165
4412588
4430736
4441128
4466582
4482561
4490453
4490557
4498664
4503577
4507278
4529136
4531021
4547350
4549312
4556303
4573174
4598149
4602923
4637962
4640954
4668297
4680024
4684241
4686393
4708306
4750555
4772367
4831673
4832009
4834828
4862827
4869162
4871292
4907160
4920691
4936452
4951983
4952570
4966858
4980690
4983465
4984435
4998352
5008510
5013904
5048576
5053248
5064871
5119014
5124917
5147739
5155872
5194250
5217866
5253117
5254982
5303178
5320758
5321951
5426470
5457017
5479448
5488349
5495357
5502691
5534980
5546710
5560335
5564210
5564272
5594037
5596216
5611022
5615411
5623062
5655309
5665804
5685203
5698943
5701139
5712251
5713876
5739542
5746419
5746818
5787535
5800538
5809172
5821130
5835205
5883384
5893162
5895204
5912334
5916163
5929731
5965765
5981670
5999324
