1007197
1009615
1010059
1010708
1013128
1013446
1015351
1015439
1016072
1017784
1018738
1018966
1019907
1020962
1021570
1021811
1023353
1023404
1023825
1025647
1027287
1027904
1028301
1028387
1028475
1030717
1030724
1030869
1034534
1036031
1036397
1036871
1037382
1037485
1038812
1040163
1040374
1042067
1043142
1045689
1046533
1046680
1048929
1051375
1053227
1053924
1054060
1057374
1057401
1062394
1062676
1063503
1063708
1064045
1064074
1064327
1064498
1064523
1066494
1067580
1069879
1071061
1075934
1076180
1078085
1078227
1079603
1079689
1081246
1083669
1086823
1090312
1090423
1092307
1092873
1095591
1095910
1096346
1099034
1099570
1100162
1100801
1100921
1101398
1103595
1103722
1105432
1106597
1107001
1107902
1109003
1113994
1116631
1119755
1119856
1121247
1121250
1121338
1122280
1122406
1123623
1123766
1124675
1124858
1125722
1126416
1127478
1127493
1127794
1130448
1131671
1131896
1132007
1132072
1133077
1133352
1136141
1136164
1137759
1137788
1138305
1140278
1140595
1140891
1140947
1141112
1143275
1146309
1149055
1150032
1151624
1152552
1152649
1155230
1158084
1160314
1161274
1164413
1165355
1166657
1168154
1169488
1171040
1171948
1173695
1174592
1175646
1176056
1177085
1179840
1180903
1181944
1181972
1182269
1182521
1183062
1183202
1183288
1183629
1184904
1184947
1185067
1189432
1189664
1190837
1190997
1192067
1192362
1192416
1193935
1194878
1195076
1195645
1196305
1196379
1197704
1197911
1198234
1201947
1205298
1205375
1205380
1206932
1207058
1207825
1211186
1212117
1213337
1214519
1214847
1216411
1217537
1217807
1218692
1222571
1224951
1225290
1226406
1227944
1228200
1228959
1231733
1240565
1241658
1246161
1246597
1246671
1246974
1248376
1248445
1248796
1249918
1250293
1250654
1251404
1254716
1255155
1255218
1256100
1256282
1256317
1258138
1258389
1259440
1262220
1265818
1266980
1269819
1269842
1272735
1275106
1275800
1276797
1279174
1279432
1280493
1280650
1282272
1285177
1285505
1288179
1288774
1289456
1290332
1290853
1292689
1292778
1294129
1294232
1294889
1295736
1296185
1299446
1301104
1301200
1303601
1304391
1304435
1305794
1306980
1307357
1308823
1309635
1310852
1312167
1314802
1314859
1315101
1315668
1316740
1316870
1316901
1318535
1319902
1321031
1322351
1327197
1327684
1329295
1329476
1330583
1330629
1332966
1334547
1335690
1337500
1337990
1338402
1339154
1339435
1340149
1340717
1341127
1342442
1342851
1344526
1345841
1347069
1348511
1349083
1349824
1351982
1354279
1357854
1359188
1359350
1359726
1361844
1364442
1365816
1366446
1366967
1372520
1373602
1375595
1375875
1379156
1381750
1382539
1384299
1387220
1388836
1389631
1390077
1391039
1398429
1399862
1400208
1401569
1402488
1403265
1403795
1407961
1408198
1415852
1416067
1416678
1419896
1420200
1420772
1423547
1426008
1426712
1428882
1429412
1429778
1431835
1432088
1432806
1434948
1435310
1436084
1436532
1436608
1436750
1437585
1440375
1440885
1440960
1442052
1445147
1445462
1446321
1446875
1449354
1449871
1450731
1450802
1451474
1451552
1451649
1452874
1453805
1453925
1454430
1454838
1456994
1458470
1458636
1459174
1462149
1463788
1465069
1466568
1469987
1472335
1472602
1474446
1474877
1475403
1475474
1477359
1478493
1479182
1483074
1484113
1485303
1486975
1489302
1490447
1491323
1493254
1494469
1495037
1495249
1497537
1498169
1502006
1505381
1505961
1506461
1507091
1507364
1507531
1507781
1511734
1513891
1514770
1515085
1515526
1515779
1516695
1517254
1518546
1519564
1519897
1520460
1520837
1521111
1525566
1525584
1526646
1529795
1529942
1534663
1535349
1535697
1536210
1538009
1538565
1538893
1540217
1541783
1544536
1546980
1548334
1549258
1551290
1552086
1553652
1554253
1554587
1556284
1557835
1561669
1561880
1563516
1571326
1575672
1576081
1576433
1577524
1578549
1579215
1583945
1584611
1586278
1588185
1588601
1590355
1590614
1591853
1594349
1594982
1597472
1598579
1598726
1598986
1599033
1600478
1601448
1602937
1605398
1605433
1605603
1608028
1610268
1610446
1611928
1612652
1612858
1613805
1613997
1614201
1615074
1615207
1615752
1616437
1617346
1618069
1618856
1619239
1619501
1620072
1625016
1625983
1626503
1627377
1628478
1628770
1630217
1630468
1631744
1632657
1632668
1633626
1636850
1638268
1638480
1639114
1640808
1642856
1643737
1646170
1647146
1650519
1656449
1656457
1656690
1657266
1658453
1658568
1659223
1660472
1661794
1663958
1664382
1664645
1665150
1665366
1665439
1665570
1670881
1672345
1672631
1675640
1678870
1679904
1682513
1682815
1682864
1683607
1684193
1685567
1686230
1688737
1689365
1690420
1695085
1697034
1697707
1698220
1699577
1703555
1704617
1705044
1706244
1706530
1708052
1708341
1710770
1712133
1713827
1714970
1715224
1715373
1716225
1717958
1718083
1722030
1722154
1722740
1725085
1725239
1726417
1726990
1727756
1728047
1729210
1730774
1732873
1733130
1735591
1735796
1736522
1736894
1737547
1737912
1739512
1739549
1741491
1742514
1743273
1744775
1745484
1748462
1748941
1749095
1749913
1750096
1750338
1751014
1753446
1754115
1754350
1756072
1756201
1756745
1757751
1759292
1761928
1763345
1765482
1765559
1766195
1766970
1767885
1773577
1773791
1774125
1774812
1775866
1777201
1777423
1778183
1778823
1779323
1780106
1781274
1782749
1785958
1786251
1787494
1787899
1787927
1788229
1790646
1791242
1791527
1792378
1792802
1793994
1794702
1794839
1795536
1796604
1797133
1800746
1800832
1804006
1804602
1806702
1808574
1812119
1813951
1814934
1815510
1817184
1818662
1820926
1825495
1826028
1826891
1827158
1830500
1832200
1832254
1832977
1833770
1836038
1836236
1836330
1838940
1839865
1841613
1843153
1844445
1845064
1846478
1846794
1848253
1850186
1850607
1850797
1853349
1854230
1858546
1863025
1866692
1867377
1870426
1871578
1871779
1874290
1877480
1877662
1877750
1878809
1879059
1880354
1880509
1884568
1885998
1887008
1887264
1889270
1889958
1890737
1891597
1892931
1893125
1893590
1894634
1897788
1898453
1899981
1900666
1901478
1901629
1901770
1903037
1903161
1903268
1904760
1905200
1907751
1907816
1908112
1909840
1911334
1911945
1912179
1912998
1914876
1917284
1918034
1919866
1920149
1920395
1921801
1923351
1926218
1926814
1927543
1928435
1928679
1930116
1932387
1935849
1936138
1937854
1941956
1942414
1942845
1942988
1943892
1945738
1946063
1946565
1947375
1948102
1950303
1950434
1951158
1951262
1951372
1951677
1954607
1956269
1956964
1961197
1961282
1963271
1963623
1963630
1964225
1966210
1966693
1969480
1969662
1970797
1972536
1972727
1973234
1973904
1974152
1976823
1976945
1978445
1978723
1981775
1982227
1987550
1987985
1990611
1990636
1991707
1992538
1995086
1996779
1997072
1998888
1999274
2000328
2000448
2001144
2002676
2002863
2003643
2003651
2003795
2003894
2006102
2006177
2006551
2006760
2006940
2007839
2008803
2009698
2010160
2010910
2011955
2012940
2013413
2013677
2015736
2015817
2016709
2019334
2020977
2026146
2027022
2028344
2030211
2031238
2032273
2032503
2034146
2034682
2035111
2035501
2037026
2037182
2037297
2038796
2038839
2038956
2039228
2041389
2042781
2043066
2043355
2045959
2046496
2047012
2047399
2050393
2051436
2051685
2052042
2052165
2054184
2054402
2054632
2056396
2059963
2060419
2062003
2063621
2064388
2065622
2066707
2066996
2069216
2073719
2073908
2075509
2076247
2077479
2079001
2079248
2079351
2080097
2080645
2082187
2086057
2086816
2088729
2090687
2091887
2092230
2092389
2093691
2094784
2096910
2097097
2097224
2097584
2099402
2100032
2101116
2102862
2103194
2104317
2107044
2107508
2108257
2110767
2110774
2111299
2111340
2111450
2112214
2114268
2114319
2115445
2116901
2117127
2122772
2122799
2123884
2124242
2125362
2125848
2127247
2128280
2128908
2129659
2132308
2134531
2135457
2136305
2136803
2136874
2137107
2137326
2138477
2140642
2140655
2142925
2144850
2145018
2145480
2146509
2147130
2150902
2152446
2152475
2152945
2153405
2153732
2153834
2155125
2155806
2156124
2156599
2157404
2157775
2161141
2161658
2163441
2164818
2166092
2167248
2167320
2168972
2170730
2171015
2171558
2171894
2172054
2172520
2173158
2173328
2175430
2175891
2178108
2178484
2178994
2181627
2182242
2182553
2186331
2186412
2186518
2189374
2191215
2192330
2192769
2194689
2195060
2199853
2201133
2201283
2201482
2201918
2203449
2203494
2205193
2206679
2207819
2208647
2209351
2211485
2213083
2215094
2215641
2216569
2217594
2220866
2221602
2222045
2223050
2223251
2223546
2224267
2224933
2227249
2228072
2228368
2228514
2228697
2228758
2229410
2230251
2233413
2234225
2235166
2236775
2237152
2237981
2238274
2240280
2240603
2241822
2241988
2242082
2244265
2244472
2247370
2248285
2250168
2250693
2250825
2252879
2255393
2256999
2257347
2258231
2258857
2260495
2261083
2262782
2263420
2264237
2266008
2266152
2267848
2270021
2271513
2272143
2274619
2274678
2277313
2277325
2277871
2278803
2281650
2283355
2286441
2287286
2289808
2290249
2291575
2291853
2292570
2293629
2294880
2295244
2296656
2296713
2299253
2303127
2304029
2304178
2304862
2308448
2308501
2308688
2310185
2311396
2312071
2312561
2313305
2314425
2315249
2315554
2316649
2321393
2322817
2323176
2324502
2324918
2325245
2325289
2327218
2327777
2329390
2329925
2330375
2330545
2330740
2330955
2335147
2336219
2337792
2338626
2341971
2342536
2342753
2343321
2349918
2350595
2350681
2350758
2352555
2353252
2353316
2354424
2357046
2357699
2359867
2360188
2360246
2363256
2365925
2368066
2369211
2370294
2372129
2373419
2373493
2373900
2374260
2374758
2376038
2377894
2378412
2379286
2380027
2381448
2386915
2387066
2388255
2393829
2396133
2397455
2399500
2399859
2400071
2400288
2400528
2401399
2403764
2405828
2406624
2410731
2411220
2411243
2414669
2415228
2415465
2416921
2417282
2421089
2422310
2426926
2427341
2430238
2432397
2432633
2434064
2435535
2437488
2440445
2440777
2442742
2443372
2444414
2444440
2444822
2445260
2447954
2448887
2450831
2452929
2456263
2457142
2457332
2459109
2459215
2459583
2461336
2461487
2465392
2466846
2469591
2470541
2470775
2471732
2474587
2475043
2477986
2478545
2482301
2483302
2483748
2483949
2484031
2485651
2486647
2487011
2488383
2489291
2489584
2489742
2490258
2492363
2492391
2492483
2494631
2496110
2496936
2498193
2499036
2500482
2500791
2501153
2502879
2504190
2506313
2506759
2508380
2508821
2511198
2513256
2514132
2514483
2514806
2515202
2515460
2515768
2515900
2516476
2517527
2517931
2521535
2522396
2524188
2524449
2525213
2525297
2526676
2528577
2531300
2532034
2532343
2532707
2533138
2534120
2536797
2537216
2539413
2543598
2543957
2544552
2545273
2545522
2547404
2548174
2548413
2549398
2552786
2553028
2555602
2558369
2558633
2559431
2562145
2562356
2563246
2565292
2566753
2566833
2568241
2570071
2570345
2571227
2571816
2572170
2572634
2575123
2575177
2575940
2577463
2580777
2581015
2581317
2582872
2583641
2584351
2585736
2586937
2587062
2588516
2588582
2589066
2589569
2589686
2591135
2591686
2593545
2593574
2593618
2593651
2594207
2596872
2599202
2601296
2601770
2602906
2604636
2606415
2607952
2608185
2611802
2613282
2613522
2616263
2616755
2617606
2618624
2619175
2619442
2620951
2621302
2622062
2622230
2623366
2625270
2625967
2627331
2627914
2629745
2631056
2631600
2632043
2634961
2635987
2638705
2640974
2641073
2641313
2641702
2641827
2642408
2642680
2643215
2644863
2644973
2645011
2646565
2648331
2650027
2650442
2652848
2653668
2655793
2656213
2657671
2657922
2658722
2663253
2668492
2668656
2671291
2672391
2672942
2672987
2673370
2676576
2677366
2678187
2678474
2679261
2679473
2681036
2681447
2683246
2684206
2684500
2687289
2687776
2689408
2689710
2691744
2693327
2695264
2698020
2698896
2699635
2701142
2703818
2706748
2708406
2708719
2708908
2712063
2713782
2717593
2719279
2719840
2722886
2726501
2728417
2730523
2731222
2732152
2732604
2737123
2738216
2740175
2740389
2742133
2743591
2746585
2747936
2751113
2752995
2753214
2753555
2755441
2755973
2757163
2761417
2761945
2762234
2763483
2764763
2765359
2765396
2765516
2766263
2766734
2768116
2768761
2769124
2770756
2771852
2772823
2773842
2774031
2775041
2775231
2775833
2779224
2780139
2780565
2780573
2783745
2786627
2788325
2788591
2788621
2789036
2790083
2790540
2793291
2793579
2794627
2795777
2795839
2798599
2798673
2798997
2799019
2800364
2800957
2801217
2802651
2803201
2804698
2805310
2805578
2809848
2810200
2810486
2811242
2814126
2814332
2815679
2817966
2818641
2822778
2823917
2824131
2825394
2827008
2829334
2831463
2831830
2833375
2835052
2835108
2835957
2837300
2837668
2838281
2838414
2838836
2840950
2841577
2845467
2845715
2846885
2847531
2853022
2853157
2854204
2854435
2857488
2857947
2858438
2859290
2860876
2866082
2867537
2868567
2868926
2868960
2869278
2870567
2873922
2874470
2875093
2877383
2879657
2879895
2881029
2881612
2884118
2887567
2887666
2888940
2893134
2894195
2899567
2904568
2905711
2906523
2906660
2907460
2908162
2909576
2911615
2913126
2915329
2915778
2915856
2916337
2919100
2919169
2919298
2922176
2925239
2927663
2928827
2931170
2932816
2933373
2933592
2935348
2940361
2940602
2941671
2943739
2944832
2945754
2947332
2950536
2950812
2951264
2953815
2955320
2956824
2957033
2957049
2958465
2958854
2959694
2961814
2963175
2964056
2969006
2970636
2971213
2971351
2972178
2974229
2979046
2980353
2980905
2982805
2983379
2985249
2987209
2987793
2988265
2989965
2990281
2991880
2993437
2993484
2993700
2995250
2996014
2998882
3000535
3001190
3002966
3003633
3005329
3005690
3007877
3010911
3012366
3012889
3013401
3014789
3015074
3015112
3016091
3016437
3018701
3019344
3020676
3023076
3023755
3023861
3023927
3025160
3025606
3026926
3028556
3032073
3032458
3032702
3032862
3033897
3034499
3035138
3036006
3036214
3037586
3037809
3038424
3038782
3039377
3040668
3041100
3042123
3042263
3042579
3044594
3045083
3045385
3046058
3046386
3047086
3047733
3051438
3052697
3053154
3053499
3053545
3055211
3055529
3057397
3061698
3061879
3063360
3064177
3065276
3065890
3066789
3067033
3067208
3068588
3068601
3069284
3073297
3073624
3074766
3075156
3075212
3076730
3077636
3078620
3079496
3083635
3085148
3085692
3086733
3089069
3091076
3092125
3094241
3094556
3095307
3095816
3096491
3096639
3096750
3099244
3099655
3100585
3101722
3102156
3103842
3104546
3107106
3108432
3108659
3109263
3110272
3110687
3115005
3116187
3116490
3118317
3118795
3121128
3121206
3121387
3122357
3123753
3124339
3125046
3125912
3126263
3127354
3130806
3130821
3131599
3132140
3135116
3135297
3136703
3137214
3137909
3140108
3141196
3141421
3141674
3143415
3144528
3145328
3146257
3146903
3150681
3151339
3153518
3154513
3154731
3156590
3156885
3157315
3157933
3161379
3162187
3162237
3162840
3164643
3165851
3169153
3172959
3174852
3177590
3180345
3184451
3187301
3187716
3188120
3188681
3190142
3190348
3190489
3191132
3191461
3194845
3197303
3198484
3199183
3199841
3200717
3200897
3200951
3201388
3202837
3203320
3205005
3207224
3207275
3207350
3208030
3209219
3211512
3211735
3212050
3212126
3212178
3214125
3214375
3214483
3215556
3216145
3217105
3217613
3217697
3220558
3220795
3223221
3223877
3224164
3224856
3225150
3226916
3228235
3229759
3234613
3235523
3235724
3236420
3236672
3237154
3237795
3241099
3241118
3243529
3244300
3244612
3246117
3246770
3249316
3249645
3250479
3251537
3251603
3251689
3251844
3258422
3258670
3259058
3260394
3261353
3261918
3261951
3263032
3263164
3263844
3265031
3265621
3265730
3267826
3268138
3270124
3270358
3273325
3273580
3275543
3275689
3277393
3278143
3278333
3279536
3279812
3282246
3282828
3283103
3283560
3284093
3284276
3285514
3286937
3290850
3292415
3292817
3294588
3295437
3295516
3296406
3296742
3297871
3299706
3299843
3300143
3303054
3303810
3304020
3305050
3305187
3306926
3307776
3310341
3312456
3312978
3315190
3315641
3318403
3318759
3319235
3320544
3320925
3322133
3322235
3323668
3327782
3328035
3330490
3331522
3331536
3333792
3335703
3338359
3338628
3340252
3341213
3342243
3344077
3345202
3345913
3346873
3347669
3348342
3349139
3353988
3354917
3356422
3360042
3361226
3361357
3362750
3363683
3363797
3363878
3364552
3364670
3364895
3365176
3369102
3369196
3371319
3373363
3376412
3377509
3378735
3380100
3380363
3383554
3386312
3388642
3388752
3388854
3389381
3389759
3391853
3391928
3392915
3394028
3395429
3396080
3396396
3399103
3399555
3400100
3401390
3401434
3404603
3408738
3408780
3409031
3409251
3410094
3410295
3411212
3411355
3415114
3416611
3417187
3418150
3419892
3420011
3421661
3421754
3422948
3422997
3424938
3425627
3426702
3428197
3429613
3431846
3431965
3432608
3433171
3435857
3436785
3437112
3438094
3439382
3440037
3440301
3443163
3444072
3444260
3444595
3446466
3447204
3447987
3448899
3449766
3451779
3452089
3452678
3454748
3456087
3456173
3457967
3459229
3460325
3460741
3460910
3461041
3461987
3463227
3464060
3464663
3466447
3466577
3466687
3467487
3467757
3468038
3468776
3472088
3474561
3474843
3477638
3480007
3481530
3482012
3482307
3482328
3482519
3483115
3484974
3485284
3486265
3486309
3487108
3489902
3490995
3491959
3493678
3496021
3498859
3499009
3500781
3501013
3501494
3503496
3503711
3504202
3504215
3506716
3507351
3508403
3508862
3509058
3512491
3514243
3515536
3518271
3518623
3518816
3520369
3522449
3523361
3524129
3527138
3531815
3533015
3533041
3538675
3539879
3541498
3541619
3542497
3546740
3547364
3548230
3548616
3549269
3550667
3551624
3555698
3557010
3557852
3558823
3559968
3561359
3563055
3563646
3563783
3565608
3569219
3571487
3571820
3572222
3574025
3574690
3575019
3576459
3577049
3577696
3580614
3582652
3583311
3583599
3583650
3583954
3587461
3593098
3593332
3594529
3595755
3596055
3598312
3598654
3599410
3599643
3600325
3600552
3600580
3601786
3601901
3603094
3603399
3604116
3605007
3605370
3607180
3609830
3609922
3610843
3612813
3615238
3618809
3619407
3622125
3622483
3625623
3626597
3627735
3631800
3633505
3634144
3635126
3636100
3636739
3637108
3637211
3637725
3642632
3643849
3644058
3644724
3648042
3648652
3650204
3650605
3651665
3652672
3653285
3654102
3654667
3655549
3656321
3660051
3661591
3662453
3662915
3663008
3664184
3666091
3666957
3671728
3673106
3673149
3675900
3676542
3676784
3679834
3680937
3683486
3683495
3684623
3685597
3686591
3687246
3691789
3691904
3692221
3692695
3696152
3696712
3698779
3701830
3702260
3703363
3704395
3704502
3706123
3707029
3707612
3708822
3709507
3709631
3709785
3710325
3713103
3716228
3720707
3720874
3723267
3723341
3723842
3724332
3724612
3726925
3728917
3729611
3732934
3735952
3738788
3739655
3740059
3740934
3743815
3744566
3745087
3746625
3746916
3747021
3749029
3749073
3750092
3750731
3751827
3751910
3752557
3752691
3753152
3753604
3754648
3754904
3757934
3758726
3760712
3762450
3762920
3764290
3764732
3768184
3769002
3769955
3773449
3773658
3773835
3774446
3776456
3782160
3782517
3782552
3782621
3782668
3786476
3788043
3789516
3790431
3793915
3794784
3796777
3796839
3797962
3798483
3798574
3800449
3800470
3800520
3802612
3803450
3804380
3804522
3805109
3807184
3807553
3809531
3809565
3811502
3811876
3814110
3814945
3815702
3817713
3819453
3820387
3825045
3826484
3827590
3827727
3831057
3831239
3832431
3835102
3835406
3839231
3842163
3842768
3848176
3848651
3849105
3849260
3853267
3857937
3858174
3859433
3860038
3861658
3862558
3863099
3863260
3867198
3870649
3872350
3874173
3874351
3874845
3875201
3875852
3875863
3877124
3877650
3878364
3878683
3879037
3879888
3880448
3880779
3882402
3886995
3887126
3888281
3889163
3890407
3890978
3891583
3891818
3892195
3892290
3892359
3894224
3894280
3895652
3896260
3898386
3898897
3901694
3901886
3904278
3905011
3905678
3908584
3909831
3910806
3913729
3914645
3916758
3916838
3917335
3917737
3920188
3921585
3921710
3923256
3925175
3930832
3932303
3932544
3934792
3936004
3937734
3939402
3940223
3941111
3941189
3941476
3942502
3944504
3945433
3945856
3946366
3947798
3948540
3949934
3951740
3952726
3952962
3953174
3953335
3954803
3956256
3956371
3957733
3958222
3960239
3960286
3962539
3963096
3966622
3967016
3969180
3972084
3972107
3972686
3973052
3973985
3974187
3974840
3977966
3978829
3979130
3979622
3979971
3983099
3983184
3983219
3983514
3983625
3985850
3985917
3987213
3987337
3989207
3992085
3992310
3993611
3993674
3994463
3995591
3996618
4001322
4001544
4002610
4002672
4003830
4004224
4012654
4014327
4018254
4019014
4023060
4023874
4024021
4025043
4026517
4027520
4028522
4030427
4031931
4032500
4032671
4032750
4034193
4035023
4037854
4038677
4039000
4041723
4044260
4044459
4045339
4046140
4047714
4049481
4052619
4053580
4053764
4053972
4055331
4057043
4059273
4060098
4060279
4060685
4062238
4063295
4063688
4064533
4064617
4066660
4066897
4067311
4067733
4069084
4070732
4071365
4074191
4075718
4076051
4076110
4077213
4077783
4078759
4079194
4079717
4080982
4082344
4084958
4085134
4085205
4087699
4088039
4088288
4088733
4088997
4091129
4091521
4092944
4093395
4093450
4095152
4097226
4097789
4098773
4100613
4100767
4104393
4104958
4107826
4109320
4111097
4113916
4116438
4117427
4117728
4118972
4120124
4120507
4121696
4122011
4122106
4122738
4123313
4123702
4125433
4125551
4126384
4127731
4128105
4128846
4129380
4130606
4130972
4132412
4132872
4133310
4134384
4134427
4135028
4135904
4135998
4136045
4137223
4138330
4141728
4143228
4143353
4143498
4146705
4147600
4152336
4152925
4153471
4155438
4158651
4159370
4161654
4162161
4165643
4166117
4167235
4168335
4168816
4170534
4172595
4173503
4177065
4178408
4178439
4179460
4180391
4181884
4182127
4183729
4184551
4185055
4186120
4187344
4188660
4189591
4190958
4193426
4194595
4195655
4198275
4198304
4201449
4204062
4204455
4209121
4209133
4210996
4211540
4212798
4213009
4213186
4215428
4215637
4215894
4216749
4217371
4217791
4218425
4219622
4220050
4220685
4221250
4221589
4224318
4224337
4228713
4233536
4234210
4235531
4236164
4236304
4238093
4238198
4238225
4239493
4240654
4241897
4242057
4243398
4246346
4246849
4247725
4250787
4251104
4252853
4254015
4256214
4256737
4258569
4259046
4260362
4261912
4262682
4264829
4264924
4264980
4265671
4265830
4266759
4267032
4267329
4268753
4269143
4271191
4271629
4273500
4273747
4277526
4278194
4282453
4282570
4283493
4283785
4286080
4288013
4288433
4289975
4290913
4291448
4291909
4292194
4294139
4294140
4294547
4295962
4296281
4296557
4296609
4296617
4299978
4300854
4301656
4301855
4302215
4303735
4304560
4306332
4306928
4307076
4307097
4307908
4307914
4308317
4310927
4311034
4312332
4315879
4316103
4318581
4319912
4319921
4320132
4320229
4321191
4321879
4322443
4322504
4325557
4326394
4328022
4330438
4331160
4332379
4333062
4333673
4335058
4335869
4339816
4345536
4346124
4347431
4349238
4351861
4353333
4354109
4357728
4358621
4359450
4360293
4362356
4363927
4364135
4364967
4365546
4366096
4366154
4368892
4369165
4370419
4375412
4375485
4376533
4382159
4383718
4385007
4385441
4387109
4388582
4388607
4389360
4390847
4391268
4393077
4394502
4394530
4395080
4395203
4395516
4395699
4397004
4400243
4404165
4405767
4406228
4406596
4409270
4409285
4410367
4410647
4411307
4411519
4411850
4412588
4413436
4415856
4418947
4420195
4420516
4423137
4423929
4424561
4424631
4425006
4425677
4430736
4431314
4434945
4438138
4439248
4439609
4440952
4441128
4442415
4442423
4445274
4452443
4453212
4453640
4454013
4455783
4456774
4456846
4457946
4459839
4459862
4460639
4461397
4462549
4463818
4464553
4464697
4465133
4465881
4466396
4466582
4467077
4469882
4472764
4473918
4474169
4474324
4474567
4476469
4481466
4482561
4484033
4484208
4485018
4489998
4490453
4490557
4491179
4491669
4491790
4492608
4492830
4493713
4494944
4495885
4496241
4498664
4501034
4501707
4502956
4503577
4505367
4505785
4506328
4506400
4506664
4507278
4508270
4509153
4510477
4510904
4511473
4511577
4512295
4512501
4512641
4513412
4514128
4515827
4517656
4521332
4521759
4521961
4522200
4522453
4524143
4524370
4524648
4525168
4525194
4527309
4528350
4528927
4529136
4529286
4530749
4531021
4531286
4532832
4533612
4533668
4534661
4535329
4536248
4538099
4538260
4540559
4540869
4542401
4542925
4543471
4544476
4545576
4547350
4548806
4549312
4549880
4553046
4556259
4556277
4556303
4556455
4556932
4559603
4559760
4559939
4561209
4563192
4563201
4564721
4566020
4566662
4567248
4570313
4571590
4571727
4572275
4572701
4573174
4573310
4578080
4578140
4579417
4581581
4581802
4585245
4585582
4588486
4588663
4590181
4591419
4592195
4594908
4595116
4597705
4598058
4598149
4601458
4601474
4602923
4604595
4604846
4607762
4614734
4616056
4616824
4619436
4621019
4624154
4625712
4627488
4627965
4628903
4629009
4629878
4633213
4633772
4634070
4634103
4634454
4635334
4636073
4637054
4637962
4639697
4640948
4640954
4645013
4646213
4646761
4647500
4647662
4648514
4650524
4651444
4652485
4653779
4656106
4656121
4656465
4657062
4659135
4665776
4667999
4668297
4669818
4671947
4673330
4673405
4674187
4675391
4676223
4678991
4680024
4680420
4680957
4681622
4681645
4683099
4683226
4684241
4684544
4686393
4687232
4688237
4689601
4689660
4690056
4691168
4691465
4691693
4691717
4692012
4692578
4693986
4695670
4696590
4696885
4697203
4697245
4697644
4700879
4703047
4704672
4704970
4705412
4707773
4708306
4712297
4712427
4713095
4713434
4713599
4714441
4716661
4717574
4717618
4718470
4722720
4722779
4722963
4723382
4724888
4724945
4725178
4726558
4726795
4728117
4728528
4731129
4731680
4733588
4734410
4734499
4734522
4734567
4735264
4738945
4740031
4740445
4741204
4741857
4742382
4742433
4742962
4743804
4744392
4744915
4746272
4746825
4747146
4749911
4750271
4750555
4752312
4754228
4754687
4755418
4755420
4757621
4759478
4763079
4764690
4766669
4766703
4767033
4769187
4770170
4772215
4772367
4772434
4772604
4773440
4775417
4776685
4779306
4779654
4783153
4784160
4785324
4786390
4786820
4788664
4790550
4792407
4792499
4794599
4794997
4795865
4795991
4796144
4796640
4798777
4799404
4799709
4800384
4804354
4805309
4805558
4806493
4808804
4809636
4810626
4810992
4811565
4812561
4812629
4818309
4818620
4819010
4820399
4821500
4822459
4826543
4827621
4829303
4829604
4830708
4831673
4832009
4834828
4835570
4836852
4839517
4840443
4840656
4840661
4840994
4842015
4844138
4844954
4846773
4847254
4850083
4853246
4854212
4854989
4855300
4856030
4856100
4857781
4860097
4861646
4862509
4862827
4863036
4864960
4865264
4867166
4868043
4868597
4869162
4870896
4871178
4871292
4871575
4872104
4872131
4873866
4873954
4874166
4875564
4877993
4880086
4881425
4883956
4886594
4886675
4886941
4887079
4888143
4888287
4889181
4891503
4892347
4895676
4895736
4896813
4898628
4899066
4899554
4900033
4902931
4903410
4907160
4907983
4911154
4912263
4913286
4914646
4917014
4917374
4917851
4918994
4919051
4920343
4920691
4922268
4922653
4922841
4926040
4928481
4930912
4931899
4932993
4933852
4936452
4937691
4940309
4940870
4941117
4941303
4942443
4945462
4946118
4946880
4946965
4947766
4948897
4949871
4951047
4951983
4952570
4954056
4955813
4956290
4957265
4958263
4959094
4961111
4963935
4964644
4965304
4966858
4971752
4975580
4978163
4978223
4978460
4978721
4980304
4980690
4983465
4984435
4985768
4986816
4987600
4988747
4988911
4989267
4990482
4990601
4992843
4993803
4993867
4994006
4995144
4998352
4998375
4999931
5000137
5001577
5001678
5005325
5006100
5008374
5008510
5010127
5012250
5013118
5013904
5016608
5019157
5019601
5020374
5020948
5021094
5023490
5023621
5023935
5026506
5029375
5029483
5030369
5031637
5033057
5034822
5037604
5038842
5039334
5040275
5040844
5041408
5042517
5043447
5046208
5046526
5046963
5048270
5048576
5049222
5050482
5051610
5053248
5053594
5054519
5054766
5055409
5057304
5057667
5057828
5058410
5058435
5061430
5064871
5065590
5065739
5067106
5070952
5074775
5077633
5080113
5081138
5082046
5088272
5089853
5093948
5095601
5099882
5104470
5104674
5107271
5108149
5108261
5111092
5111438
5112703
5113391
5113692
5115139
5115364
5116069
5117685
5118959
5119014
5119322
5119487
5119706
5120791
5121171
5121699
5122303
5122455
5123104
5124917
5125084
5127579
5128015
5128812
5130462
5131441
5132092
5132463
5132640
5135380
5136442
5136698
5136768
5137498
5137502
5138094
5139373
5140554
5140903
5141134
5141369
5141397
5142337
5142803
5143086
5146127
5146732
5146970
5147739
5148603
5148742
5149189
5150650
5152244
5153160
5154661
5155667
5155872
5157387
5157747
5160134
5162373
5165931
5170009
5170302
5170598
5172113
5172352
5174599
5174818
5176110
5176798
5177453
5177557
5177568
5177874
5180488
5183622
5183995
5184018
5185649
5186806
5188507
5189440
5190760
5191557
5191609
5193256
5194250
5194536
5195202
5195712
5196705
5198135
5198704
5199834
5200829
5201815
5203727
5209733
5211132
5213189
5214034
5215394
5217401
5217866
5218267
5219005
5220959
5222020
5222532
5233118
5234367
5234535
5237414
5240590
5240643
5241264
5242388
5243614
5244433
5244470
5249422
5249972
5250270
5251376
5251575
5252104
5252707
5253117
5253191
5254632
5254736
5254931
5254982
5258667
5260296
5260712
5261476
5261952
5264531
5265421
5265505
5266225
5266568
5267815
5268278
5270852
5272792
5274662
5278478
5281248
5281318
5283717
5285493
5285892
5286831
5286924
5288043
5289466
5290207
5290431
5290642
5291801
5291887
5292837
5296575
5298324
5301295
5301356
5303178
5303489
5304550
5308306
5308464
5310569
5311098
5311284
5315431
5317363
5317739
5318856
5319766
5320758
5321157
5321340
5321559
5321951
5322070
5322542
5323674
5324051
5324257
5324896
5326833
5326919
5327127
5330787
5332723
5333090
5333619
5335954
5337349
5338156
5343481
5343718
5345496
5345852
5346596
5348529
5351888
5353216
5353461
5354541
5357928
5359969
5361311
5365343
5366099
5366508
5367779
5369458
5369983
5371108
5372770
5373225
5374831
5376723
5377209
5377835
5377908
5378503
5378870
5379965
5379998
5380150
5380867
5382877
5385942
5387752
5388262
5388779
5389252
5389494
5389551
5393931
5395469
5399235
5399283
5399314
5401007
5402018
5408307
5410854
5411091
5412374
5416685
5419441
5420057
5421066
5422007
5425186
5425451
5426470
5431401
5432127
5432504
5434584
5435646
5435902
5439098
5439490
5440826
5443306
5443571
5443600
5444768
5446773
5449473
5450234
5450703
5450736
5451210
5452214
5452659
5453164
5454409
5456250
5457017
5457330
5458259
5461173
5461624
5461822
5462279
5462348
5463687
5464849
5466991
5467880
5469080
5469315
5470554
5472874
5473374
5475244
5476906
5477692
5478196
5478689
5478899
5479448
5479519
5480264
5481766
5481909
5482308
5484289
5485611
5488349
5489265
5492238
5492280
5492674
5494680
5495357
5495676
5498754
5499128
5501895
5502691
5502977
5503507
5503706
5504287
5505149
5505905
5506420
5506732
5511040
5511109
5514636
5514755
5515276
5515811
5517980
5518660
5518687
5521055
5521486
5522376
5523011
5523121
5527681
5531222
5532544
5534980
5535084
5535500
5535686
5536284
5537081
5537551
5538435
5543029
5543862
5544516
5546710
5547326
5549666
5550445
5552048
5552810
5559554
5559597
5560335
5561319
5562722
5564210
5564272
5564450
5564717
5565140
5565466
5570977
5571349
5571415
5571459
5571736
5572005
5572815
5573236
5574050
5574279
5575955
5577848
5578766
5579778
5581406
5582309
5582868
5583880
5584631
5586463
5588715
5589207
5589601
5589717
5592286
5592413
5592425
5592623
5594037
5595411
5595694
5596216
5597479
5600793
5601001
5601874
5602218
5602591
5603045
5603601
5608640
5609139
5610904
5611022
5611992
5612991
5614172
5615411
5616934
5618008
5621205
5621369
5622165
5622609
5623062
5623673
5624553
5626504
5626781
5627352
5627812
5630202
5630561
5632244
5633119
5634610
5637581
5637911
5640447
5640832
5643225
5644743
5646354
5646517
5646694
5649105
5649514
5650996
5651703
5655309
5655380
5659505
5659658
5660302
5660531
5661280
5661689
5661719
5662088
5662363
5664345
5665519
5665804
5666268
5668218
5670808
5671132
5672543
5672760
5673049
5674276
5680664
5681802
5682539
5682676
5682789
5683692
5684791
5684897
5684966
5685203
5687517
5687839
5688557
5688646
5689997
5690483
5691426
5694701
5695652
5696745
5697413
5697924
5698244
5698943
5699956
5701139
5705614
5706004
5706082
5706101
5706999
5708132
5711414
5711867
5712251
5713431
5713763
5713876
5714536
5714849
5716501
5717278
5719364
5719893
5720461
5723294
5724275
5725756
5727094
5728327
5730608
5736024
5737132
5738457
5739542
5739602
5739865
5741496
5742043
5743114
5746419
5746818
5748804
5749069
5749164
5750139
5751000
5751076
5751329
5752727
5757147
5759362
5760711
5760745
5762792
5763421
5764079
5765853
5766265
5768109
5768665
5768913
5769889
5772724
5773633
5774748
5776078
5776379
5777480
5778120
5778226
5778514
5780348
5781113
5781771
5783328
5785846
5786515
5787311
5787535
5789393
5790696
5790779
5792539
5794207
5794791
5799040
5799223
5799389
5799892
5800538
5802742
5803070
5804915
5806272
5809172
5810837
5812133
5812678
5813445
5813871
5814405
5815224
5816182
5818260
5819511
5820075
5821130
5822960
5825335
5826480
5827198
5828325
5828715
5831619
5833742
5835205
5835266
5836511
5836666
5839225
5840593
5841597
5843002
5843169
5844283
5844897
5845635
5846856
5849673
5849969
5851561
5855959
5859243
5860156
5862533
5866878
5867483
5867806
5871471
5872871
5873340
5873601
5876085
5876882
5877166
5877312
5878005
5879607
5879994
5880207
5880210
5881341
5881377
5883384
5886160
5887689
5887844
5889151
5890337
5891441
5891891
5891916
5892417
5892532
5893162
5894155
5895204
5897482
5899421
5901579
5903681
5906446
5908101
5912005
5912334
5914517
5914723
5915273
5916163
5916434
5916757
5918917
5920509
5921059
5922069
5922217
5922316
5923295
5925809
5926090
5927650
5929554
5929731
5930383
5930497
5931199
5934869
5935492
5941339
5943520
5944765
5947834
5947878
5949570
5949609
5949680
5956519
5957595
5964399
5965765
5966220
5971109
5971138
5972302
5973268
5974217
5974350
5975495
5975923
5979187
5979509
5981670
5983124
5986290
5986781
5989070
5989448
5989664
5990053
5990191
5990507
5991850
5992244
5992943
5994801
5995584
5995908
5995927
5996019
5996150
5997859
5998973
5999324
5999346
6002071
6003521
6004335
6006082
6007054
6008181
6008273
6009553
6010238
6012101
6012694
6015706
6018066
6022139
W000019
