5430231
5530588
5569913
5707505
5444665
5456605
5559830
5602944
5479425
5391238
5635883
5470257
5692855
5607007
5692451
5718199
5592476
5545130
5694742
5704975
5577244
5431419
5651965
5655894
5414850
5502440
5710551
5715277
5719140
5382037
5703988
5344318
5650710
5461131
5391592
5672810
5634776
5705294
5606831
5652020
5644189
5501047
5704784
5622959
5673239
5392955
5723183
5498267
5702805
5407800
5345072
5696703
5327315
5712895
5604148
5711297
5495809
5604077
5556854
5372336
3496501
5425797
5439220
5729445
5715180
5338270
5671113
5480039
5676966
5560239
5495767
5384759
5537347
5550575
5717321
5726736
5552350
5374068
5659835
5731187
5465629
5388898
3885855
5702230
5686081
5346791
5359647
5460097
5695337
5706279
5706777
5729796
5711001
5671666
5704344
5660114
5728854
5688617
5701186
5667710
5729325
5712251
5692842
5684447
5347426
5675745
5680555
5674617
5661076
5678912
5682514
5667646
5698943
5659689
5677296
5654178
5660038
5651306
5503117
5658136
5514054
5677086
5652729
5599675
5450965
5665804
5659141
5652491
5665779
5655919
5546761
5663817
5648023
5646670
5658310
5645161
5618561
5603813
5457610
5611022
3900172
5644542
5488349
5605223
5360273
5600566
5624595
5639692
5642900
5639708
5617437
5624496
5607514
5630837
5606122
5504875
5482431
5634186
5625530
5642665
5629542
5612068
5495846
5628331
5621467
5621935
5616154
5606898
5426995
5584086
5625564
5587104
5599624
5623733
5598757
5518149
5590293
5613238
5612751
5595193
5606432
5394673
5595839
5576682
5587248
5586294
5598014
5604536
5590370
5598768
5584390
5589918
5558267
5581412
5576749
5567474
5551317
5583539
5583143
5557981
5565080
5554232
5575618
5566159
5571711
5564272
5563216
5549273
5574160
5565108
5559548
5552246
5555385
5379586
5555293
5543759
5553688
5455657
5546836
5553295
5542920
5542523
5510806
5534012
5538352
5546104
5535974
5520603
5536266
5537611
5541372
5329392
5537518
5525086
5536193
5536354
5487463
5514494
5522907
5534980
5527809
5530228
5530848
5514433
5526469
5526924
5528974
4745201
5491298
5522668
5505089
5519633
5520263
5504333
5514566
5503202
5513877
5505920
5507282
5505058
5501862
5482194
5485252
5421393
5470782
5465698
5470500
5478908
5471552
5472680
5371080
5475854
5478726
5370185
5461078
5363092
5347770
5465191
5469748
5475170
5463058
5469628
5457504
5444572
5458434
5369546
3917938
5468221
5435087
5451395
5459680
5456113
5460835
5455348
5456522
5453468
5440842
5451045
5439381
5446903
5441097
5436402
5435343
5438660
5436950
5425878
5426470
5423059
5421233
5350766
5434102
5426537
5428320
5428200
5425893
5425769
5355153
5429039
5377742
5410869
5422553
5423708
5419061
5413585
5415092
5411484
5410386
5410074
5370473
5327582
4743792
5406401
5403699
5403211
5398575
5355038
5402525
5396409
5390364
5399523
5388012
5359264
5400318
5357668
5394124
5357606
5353786
5396342
5397533
5379514
5393852
5392015
5367938
5388469
5386426
5387588
5387854
5335757
5381722
5375326
5363750
5357193
5338092
5364726
5359230
5361682
5354813
5348274
5337514
5342986
5345711
5326727
5344495
4830740
5325723
5334298
5326620
5334282
3615275
3899621
3590544
3919621
4877461
4486814
4840289
4799022
4749525
4741511
4462379
4709868
4426716
2890948
2775870
2715471
2734898
2645121
4546796
4743122
4660578
4726753
3893270
4641873
4663643
4873733
4674808
4743784
3712787
4653469
4681787
3733863
4646198
4865389
3608504
3901621
4719898
4682410
4661183
4660372
3504976
3721061
3669952
3565156
3676158
2719458
3559108
3624583
3641500
2723003
3558387
2641126
2812378
2590705
2950739
2768414
2592863
2862345
2626134
2707786
2906074
2710428
2631931
2580730
2617073
2653325
2822347
2791943
2967483
2869137
2953221
2643820
2633970
2896710
4807881
4874789
2763536
2697539
2791058
2702173
2746680
2587892
3772057
2580723
2637601
2581317
2616421
4598601
3499359
3669481
3568812
2854231
3485972
2891560
3543412
4899773
4866677
4856088
4900240
4878412
4868958
4874349
4893476
4885579
4869075
4899480
4880215
4879882
4885690
4875502
4888099
4884484
4888767
4866344
4901233
4899922
4883944
4872453
4872225
4877273
4882168
4880892
4892164
4876607
4841263
4871458
4901532
4884451
4884635
4876504
4875022
4878054
4860579
4875308
4829969
4855458
4862300
4855016
4882738
4870233
4851678
4858442
4823558
4833830
4823059
4833782
4816205
4852688
4838308
4821731
4833802
4850441
4851848
4851416
4820240
4834828
4833092
4849693
4830410
4819035
4821144
4819514
4818993
4831053
4826373
4815686
4817584
4817164
4817081
4811038
4808578
4808526
4807876
4805456
4804983
4803171
4801306
4802627
4800822
4800811
4801789
4799210
4799738
4797675
4796438
4796051
4793998
4790531
4791054
4788049
4783635
4782815
4776694
4777421
4780652
4774615
4776237
4774542
4772698
4768905
4768854
4767012
4768775
4765042
4766278
4764995
4759040
4756494
4758318
4756667
4756013
4755801
4755341
4751990
4754473
4752201
4751716
4745973
4742263
4740004
4739878
4739713
4739171
4738639
4737586
4736432
4736425
4734942
4736085
4734868
4733036
4731557
4729996
4731462
4728071
4730217
4724355
4723844
4723263
4722737
4720061
4717346
4717499
4718032
4719615
4714852
4711325
4711524
4714402
4709435
4709309
4708852
4709148
4708306
4701615
4701111
4700900
4699783
4700014
4699533
4698954
4698650
4698419
4698837
4693032
4694463
4694525
4694326
4692122
4690488
4690402
4690099
4689687
4685295
4687889
4684969
4680769
4680024
4679986
4675740
4675919
4673195
4671278
4671184
4670988
4670320
4670150
4668408
4667910
4667047
4666350
4658359
4652810
4656775
4648488
4647704
4646087
4645470
4639722
4640109
4638960
4637263
4636509
4636251
4634909
4630717
4629063
4625604
4618431
4615728
4615761
4618314
4618210
4613922
4610942
4612171
4610919
4610574
4609307
4610096
4603665
4603510
4600079
4602923
4602652
4596496
4594603
4595305
4593206
4593671
4590762
4590231
4590679
4587134
4589259
4585330
4578776
4581221
4575370
4577507
4571637
4569601
4569881
4568354
4568004
4567811
4564673
4559835
4564434
4564086
4557979
4558720
4558227
4549600
4548643
4547485
4545639
4543147
4543078
4540832
4541855
4538255
4537576
4537452
4537268
4535054
4534504
4532738
4534075
4532036
4530215
4530900
4529310
4530027
4527666
4529136
4526195
4522836
4524758
4522959
4522799
4522087
4522213
4521467
4521369
4519959
4516002
4518631
4515983
4515853
4514841
4512476
4511813
4509330
4506310
4504589
4501889
4503634
4501822
4498555
4498307
4497530
4497502
4496460
4496040
4494808
4492859
4492092
4490557
4488407
4487856
4481968
4480775
4480386
4480089
4478671
4478387
4477722
4477423
4477118
4476829
4475095
4474771
4471646
4472251
4473121
4471078
4469448
4467987
4467282
4465876
4465791
4458709
4456838
4455803
4455486
4452516
4453438
4451913
4450088
4449913
4449733
4449117
4443919
4442789
4442306
4441212
4440829
4439799
4438673
4437573
4435759
4434750
4435474
4431709
4430625
4430402
4429256
4429210
4428961
4419926
4416439
4418508
3932616
3930825
3927368
3926882
3925706
3926688
3925152
3923897
3924428
3920032
3923601
3920275
3917696
3911770
3916736
3912529
3916385
3911223
3908760
3908449
3910684
3907023
3905678
3905447
3905619
3904061
3902609
3901218
3900798
3900716
3887142
3900438
3893480
3888959
3891296
3886734
3886013
3883030
3879135
3878887
3877241
3878610
3877180
3876106
3876687
3870332
3873167
3873847
3869687
3868839
3867930
3867001
3859238
3860994
3866285
3857473
3858917
3854702
3853887
3850557
3848849
3851880
3847962
3848605
3842721
3836890
3835719
3831122
3835485
3824357
3825717
3820911
3819874
3824278
3821050
3818673
3819638
3817769
3816590
3815621
3812526
3810745
3809405
3808037
3805296
3804148
3808409
3802065
3801495
3801440
3801414
3801131
3800350
3798407
3797962
3792095
3790881
3793034
3792528
3789628
3786641
3786829
3788387
3786214
3784088
3781200
3780953
3776015
3766652
3768758
3765742
3764732
3763205
3760296
3760152
3783067
3757461
3757030
3755498
3752297
3746255
3753109
3748992
3746192
3748371
3742801
3772975
3739498
3739133
3738580
3735816
3730819
3730492
3728006
3726434
3726053
3725282
3725407
3722066
3723656
3722199
3718547
3716244
3710764
3710160
3705985
3699760
3699350
3699102
3684615
3693957
3683165
3677287
3680272
3676873
3672509
3671799
3670986
3670406
3703812
3666516
3659251
3655471
3648087
3648874
3645565
3641936
3641662
3641257
3635649
3633807
3631170
3622651
3619023
3616392
3612937
3605035
3602807
3600403
3599375
3596675
3593591
3592825
3598464
3591214
3578431
3577190
3566348
3565270
3539879
2929738
2931447
3578207
3465571
3560045
3545376
3003490
2965678
3461684
3564641
2992841
3563874
3555277
3484974
3474288
2993080
3502868
3526473
3560149
3489379
3478016
3534395
3536291
3521753
2978731
3480061
3494132
2876527
3555650
2916019
3519406
2963706
2908038
2973920
3552047
3540586
3538087
2945598
3517717
3472942
3504014
2947563
3490645
2944530
3782517
3697207
3778152
3696976
2928591
3667545
3664973
3606168
3653285
3663768
3519689
3621025
3568204
3682086
3524281
2975712
3545827
3515231
3527976
3511423
3669136
3719841
3734008
3611344
3470140
3688833
3588674
3651631
3566715
3469438
3517157
3487957
3501835
3628047
3467223
2959524
3557083
3709358
3648305
3545606
3506608
2994142
3554154
2962890
3722446
3507874
2953936
3531257
3721349
3720557
3672538
3633828
3611718
2929905
3854300
3767782
3579098
3544491
3783447
3844831
3792884
3760556
3742267
3723330
3726163
3695643
3657262
3479920
3607180
3652396
3507735
3461456
2972119
3609452
2935839
2917513
3473965
2979153
3513834
3646013
3480044
2904799
3793506
3799083
3810010
3801087
3794501
3778768
3507495
3556641
3755979
3588861
3620516
3493943
3479157
3494231
3738552
3604890
3650352
2996146
3671890
3490263
3782759
3777203
3742114
3629090
3757154
3764186
3641841
3525056
3712097
3754056
3756330
3722500
3740762
3759399
3652186
3632400
3737710
3739074
3640070
3699674
3703806
3695483
3683486
3615196
3584553
3633793
2952017
3698361
3650023
3686300
3650692
2925882
3543246
3594985
3583706
3624706
3635082
3598260
3635788
3609360
1907271
3632882
3648034
3602592
3626716
3547826
3477811
3473736
3005584
2992671
2929709
3486620
3524087
3514445
3532441
3482356
3540789
3515148
3502894
3544206
3542295
2941446
3515435
3463454
3465863
3463399
3493984
3474818
3487330
3466966
2998873
2911766
1766754
2100350
2038016
2974059
2907884
2079116
1946017
1897580
2074896
1966228
2109994
2939439
2987457
1699943
1935643
3004139
1931998
1888607
1748744
1741525
2923514
2940425
2980746
2927384
3002746
2935741
2982322
3000163
2956931
2994098
2985051
2944588
2910487
2937933
2962858
2986702
2927440
2970032
2964278
2953747
2929386
2936806
2930234
2933592
3009064
2915603
2962902
2953387
2941989
2933209
2914405
2963322
2883389
2908912
2938175
2949311
2905950
2879422
2887265
2885984
2894186
2878832
2886776
2903400
2902331
2901771
2890851
2897051
2887250
2885194
2879467
2888734
2890086
2881621
2875557
2875521
2879266
2812128
2874883
2872797
2860951
2870181
2872842
2874520
2873877
2868955
2867520
2865896
2843177
2855698
2823286
2859359
2858212
2855303
2860074
2855163
2851533
2840703
2851019
2853465
2846317
2844974
2836468
2841058
2847302
2831005
2831212
2829334
2830850
2816866
2838959
2827358
2830847
1927097
2058742
2840035
2850209
2833684
2826966
2833692
2830831
2831360
2848785
2824379
2821041
2830262
2822217
2815589
2814956
1920395
1904939
2043569
1982476
1944137
1869964
1807584
1686053
2735859
2711311
2767458
2708971
2754320
2658083
2779760
2578790
2743606
2652655
2626489
2769706
2646024
2758140
2600857
2768570
2719279
2656512
2676922
2808300
2770439
2644758
2734286
2705596
2634839
2696253
2623822
2665477
2593786
1940128
2670162
2606929
2591569
2716809
2810822
2807165
2768707
2758504
2661934
2754034
2735686
2630707
2716402
2700548
2689890
2697613
2667631
2629430
2628978
2589990
2567661
2661030
2686317
2632896
2610952
2639398
2810941
2568374
2751113
2746055
2612553
2567769
2805766
2656836
2776117
2761597
2747967
2731573
2707821
2663975
2583383
2706186
2666498
2692160
2655787
2639025
2647987
2107477
2095704
2639872
2054973
2662382
2662760
2632270
2747051
2807799
2728802
2621598
2672197
2667180
2795243
2641073
2698525
2051126
2616347
2614918
2603491
2112696
2619604
2606137
2808796
2791523
2688478
1875350
2807858
2772990
2802870
2809371
2734615
2668635
2065196
2658333
2061111
2807001
2752940
2799129
2691735
2807384
2790625
2796960
2775380
2794686
2592459
2765933
2800341
2700958
2767935
2628169
2711390
2725175
2603144
2754276
2777067
2783226
2782472
2774300
2097373
2739745
2772859
2767741
2687171
2091396
2736862
2764854
2742848
2578349
2617580
2604622
2569977
2010910
2628894
2601706
2572447
2591686
2669936
2773222
2754638
2768150
2761627
2729364
2714196
2721200
2702060
2693800
2645465
2639807
2788422
2792980
2598902
2786576
1855497
2763885
2779097
2765732
2748056
2745115
2747773
2705339
2737081
2031263
2731038
2738503
2691200
2730979
2683081
2710125
2711721
2709555
2677783
2662196
2689803
2707942
2689019
2666642
2665321
2670994
2681746
2666121
2657128
2661273
2645133
2644973
2655760
2644137
2030826
2608045
2578423
2635503
2581536
2631415
2640378
2626907
2616689
2581812
2085117
2630874
2623680
2575940
2637626
2634126
2628714
2586626
2572371
2622062
2601202
2566618
2065032
2090261
2112400
1995390
1844862
1957172
1983755
1785639
1996975
1725865
1994380
1994786
2076727
2071876
2100810
1814169
1892105
1871286
1948734
2024668
2018330
2063381
1975481
1959309
2036005
2014996
2095597
2103717
1952502
1863793
2007759
1894693
2004577
1978862
2109826
2054201
1869652
2107370
2109855
2107931
2085561
2059804
1982664
1895108
1776021
1879247
2011558
1993992
2075670
1925319
1998554
1773395
1998627
1960348
2035372
2088653
2112328
2075895
2048832
1980234
2087891
1965711
1984750
1898836
2088268
2048693
2085682
2070648
2014845
1975784
2004738
1902377
2074782
2076410
2071074
1992411
1974014
1946195
2003795
2083431
2048825
2089683
1959363
1946610
2008129
2079845
2067172
1912415
2091550
2109957
2085259
2109893
2079533
2074270
2060374
2058470
2041288
1936561
1955518
2067773
2002007
2053008
2059057
2042994
1964889
1938602
2054654
2053039
2063142
2042776
2058971
2037131
1933748
1933531
2063777
2042359
1852919
1940532
2023516
1993660
2029566
1905680
2005529
2036903
1969747
1960999
1891409
1901599
2014836
1942638
1881666
2001417
1977034
1976491
2001018
1933153
1916398
1920314
1760424
1983689
1926961
1974367
1950954
1905129
1946388
1986391
2020254
2016465
1999610
1881651
1965514
1920386
1778135
2015105
1959204
2005009
1943124
1959125
1963189
1952869
1997669
1999860
1909220
1874985
1877326
1955939
1948543
1911554
1888420
1937261
1904543
1903548
1893708
1851069
1910310
1928030
1933046
1929201
1920133
1899544
1932945
1901510
1892118
1905087
1901389
1907526
1870843
1923351
1921968
1913821
1914951
1876675
1842144
1850396
1865445
1891671
1843203
1860293
1812546
1840254
1847339
1898305
1841357
1855214
1855383
1785989
1856206
1842257
1779364
1839593
1849592
1868434
1800752
1846954
1831381
1769307
1833997
1860745
1823974
1764312
1830221
1838291
1781635
1795679
1830864
1837181
1833631
1790462
1834394
1837407
1828564
1837113
1826790
1819127
1826287
1776743
1823750
1799252
1798980
1784476
1818128
1822222
1818066
1801732
1794657
1818513
1797780
1814125
1777852
1808955
1797194
1808231
1776122
1813800
1789321
1802820
1809676
1823285
1793492
1814714
1770914
1803078
1822949
1785936
1814926
1803379
1795620
1785581
1784542
1767739
1762150
1781139
1766080
1787246
1774125
1772004
1791166
1761668
1754899
1776399
1746209
1757174
1755996
1756973
1732602
1734662
1730357
1729185
1735862
1754537
1730184
1743100
1754263
1744362
1746810
1746164
1693648
1743298
1743148
1686604
1738976
1726798
1740779
1701684
1723368
1737801
1736740
1726417
1723863
1723586
1722849
1721123
1721690
1732253
1720550
1721421
1721645
1726990
1715807
1693736
1701901
1716055
1720364
1705402
1714912
1709084
1699157
1697889
1708290
1685002
1714834
1693838
1696967
1696765
1700552
1701250
1704570
1687090
1686434
1686768
1684999
1687660
1684047
1684723
1677551
1679931
1683443
1674555
1682183
1680305
1672805
1681767
1679654
1675936
1676862
1673680
1678942
1674448
1010231
1112597
1130057
1129945
1138486
1048219
1140061
1156344
1124384
1093054
1112815
1084426
1015392
1057866
1017882
1010229
1060792
1061393
1014760
1003583
1014275
1027863
1159713
1146926
1165172
1154894
1141473
1130253
1155455
1061864
1128091
1089660
1135290
1118356
1097080
1059841
1111184
1091596
1050983
1095741
1040345
1069749
1087874
1060049
1036575
1038833
1034372
1020263
1029290
1028135
1012985
1011124
1006267
1010708
1010960
1010574
1008908
1004234
1007679
1002254
1032191
1069230
1094301
1039010
1165066
1123145
1137082
1108524
1051567
1139757
1054351
1157846
1114397
1127770
1085560
1068495
1144199
1123006
1066962
1143196
1046680
1069604
1066883
1114871
1144144
1036101
1092070
1083010
1142924
1108031
1155259
1149549
1131107
1044921
1041413
1083540
1143551
1126832
1118743
1082955
1082002
1072206
1099343
1062035
1046735
1138408
1161970
1026033
1168987
1146679
1159418
1165841
1156328
1155818
1165424
1163318
1162757
1160848
1161063
1047671
1138570
1142534
1155215
1147933
1139146
1163889
1097504
1147479
1164335
1063503
1157201
1151915
1133216
1160979
1153626
1146231
1148556
1131326
1138034
1135052
1123432
1091523
1134157
1128405
1127805
1129815
1134515
1127698
1127175
1129765
1130865
1118882
1045505
1127616
1124646
1120621
1031598
1121987
1022029
1114187
1116673
1046988
1117157
1109854
1105720
1111260
1114999
1105085
1112823
1115499
1112525
1117601
1112627
1116322
1108935
1057954
1107977
1093347
1091314
1109036
1108397
1102176
1107001
1108332
1098981
1108670
1104124
1107408
1099200
1106294
1097009
1106581
1092831
1051618
1097063
1082282
1103595
1088759
1102204
1088284
1088910
1076507
1077966
1093224
1090028
1078677
1091869
1081102
1090998
1089791
1092718
1078021
1090278
1082993
1078189
1085033
1087710
1078049
1078085
1079238
1020962
1021691
1074886
1074436
1070379
1067670
1075786
1077353
1067649
1068343
1061268
1054710
1076785
1074029
1069733
1070996
1066778
1046874
1076866
1065405
1065748
1060335
1063771
1041454
1063901
1058377
1057138
1053677
1045995
1069040
1062056
1043935
1018738
1050411
1052350
1065017
1061765
1060831
1063100
1048044
1041615
1048035
1056089
1044607
1055488
1046570
1046462
1053602
1051456
1046646
1044713
1043325
1044195
1040818
1034751
1041356
1033557
1033988
1037412
1034659
1040053
1031341
1037350
1032913
1040460
1033200
1035581
1032535
1036065
1034239
1032071
1026664
1030881
1031968
1031290
1031388
1026122
1028107
1030984
1025389
1027669
1022538
1026737
1025223
1027219
1021570
1019187
1025138
1028576
1026751
1021594
1024231
1015150
1020331
1020701
1023854
1020457
1019796
1018966
1021735
1018693
1019685
1018121
1017784
1016681
1018937
1018416
1016234
1017033
1015568
1016697
1014856
1016625
1016151
1014457
1014828
1012957
1013475
1012547
1013608
1012437
1010684
1013051
1012289
1012258
1011768
1012038
1010993
1011027
1010059
1010317
1010714
1010015
1009737
1009006
1008611
1008971
1008584
1008331
1008048
1008032
1007960
1007620
1007934
1007739
1007753
1007444
1007589
1007483
1006994
1007247
1007338
1007169
1006504
1007229
1006725
1006466
1005564
1005429
1005588
1004809
1005089
1005244
1005112
1005003
1002297
1004508
1004613
1004722
1004562
1004357
1003892
1001788
1003264
1002959
1002889
1001243
1002318
1000945
1000294
