1060792
1061393
1014760
1003583
1014275
1027863
1159713
1146926
1165172
1154894
1141473
1130253
1155455
1061864
1128091
1089660
1135290
1118356
1097080
1059841
1111184
1091596
1050983
1095741
1040345
1069749
1087874
1060049
1036575
1038833
1034372
1020263
1029290
1028135
1012985
1011124
1006267
1010708
1010960
1010574
1008908
1004234
1007679
1002254
1032191
1069230
1094301
1039010
1165066
1123145
1137082
1108524
1051567
1139757
1054351
1157846
1114397
1127770
1085560
1068495
1144199
1123006
1066962
1143196
1046680
1069604
1066883
1114871
1144144
1036101
1092070
1083010
1142924
1108031
1155259
1149549
1131107
1044921
1041413
1083540
1143551
1126832
1118743
1082955
1082002
1072206
1099343
1062035
1046735
1138408
1161970
1026033
1168987
1146679
1159418
1165841
1156328
1155818
1165424
1163318
1162757
1160848
1161063
1047671
1138570
1142534
1155215
1147933
1139146
1163889
1097504
1147479
1164335
1063503
1157201
1151915
1133216
1160979
1153626
1146231
1148556
1131326
1138034
1135052
1123432
1091523
1134157
1128405
1127805
1129815
1134515
1127698
1127175
1129765
1130865
1118882
1045505
1127616
1124646
1120621
1031598
1121987
1022029
1114187
1116673
1046988
1117157
1109854
1105720
1111260
1114999
1105085
1112823
1115499
1112525
1117601
1112627
1116322
1108935
1057954
1107977
1093347
1091314
1109036
1108397
1102176
1107001
1108332
1098981
1108670
1104124
1107408
1099200
1106294
1097009
1106581
1092831
1051618
1097063
1082282
1103595
1088759
1102204
1088284
1088910
1076507
1077966
1093224
1090028
1078677
1091869
1081102
1090998
1089791
1092718
1078021
1090278
1082993
1078189
1085033
1087710
1078049
1078085
1079238
1020962
1021691
1074886
1074436
1070379
1067670
1075786
1077353
1067649
1068343
1061268
1054710
1076785
1074029
1069733
1070996
1066778
1046874
1076866
1065405
1065748
1060335
1063771
1041454
1063901
1058377
1057138
1053677
1045995
1069040
1062056
1043935
1018738
1050411
1052350
1065017
1061765
1060831
1063100
1048044
1041615
1048035
1056089
1044607
1055488
1046570
1046462
1053602
1051456
1046646
1044713
1043325
1044195
1040818
1034751
1041356
1033557
1033988
1037412
1034659
1040053
1031341
1037350
1032913
1040460
1033200
1035581
1032535
1036065
1034239
1032071
1026664
1030881
1031968
1031290
1031388
1026122
1028107
1030984
1025389
1027669
1022538
1026737
1025223
1027219
1021570
1019187
1025138
1028576
1026751
1021594
1024231
1015150
1020331
1020701
1023854
1020457
1019796
1018966
1021735
1018693
1019685
1018121
1017784
1016681
1018937
1018416
1016234
1017033
1015568
1016697
1014856
1016625
1016151
1014457
1014828
1012957
1013475
1012547
1013608
1012437
1010684
1013051
1012289
1012258
1011768
1012038
1010993
1011027
1010059
1010317
1010714
1010015
1009737
1009006
1008611
1008971
1008584
1008331
1008048
1008032
1007960
1007620
1007934
1007739
1007753
1007444
1007589
1007483
1006994
1007247
1007338
1007169
1006504
1007229
1006725
1006466
1005564
1005429
1005588
1004809
1005089
1005244
1005112
1005003
1002297
1004508
1004613
1004722
1004562
1004357
1003892
1001788
1003264
1002959
1002889
1001243
1002318
1000945
1000294
