2566618
2567661
2567769
2568374
2569977
2572371
2572447
2575940
2578349
2578423
2578790
2580723
2580730
2581317
2581536
2581812
2583383
2586626
2587892
2589990
2590705
2591569
2591686
2592459
2592863
2593786
2598902
2600857
2601202
2601706
2603144
2603491
2604622
2606137
2606929
2608045
2610952
2612553
2614918
2616347
2616421
2616689
2617073
2617580
2619604
2621598
2622062
2623680
2623822
2626134
2626489
2626907
2628169
2628714
2628894
2628978
2629430
2630707
2630874
2631415
2631931
2632270
2632896
2633970
2634126
2634839
2635503
2637601
2637626
2639025
2639398
2639807
2639872
2640378
2641073
2641126
2643820
2644137
2644758
2644973
2645121
2645133
2645465
2646024
2647987
2652655
2653325
2655760
2655787
2656512
2656836
2657128
2658083
2658333
2661030
2661273
2661934
2662196
2662382
2662760
2663975
2665321
2665477
2666121
2666498
2666642
2667180
2667631
2668635
2669936
2670162
2670994
2672197
2676922
2677783
2681746
2683081
2686317
2687171
2688478
2689019
2689803
2689890
2691200
2691735
2692160
2693800
2696253
2697539
2697613
2698525
2700548
2700958
2702060
2702173
2705339
2705596
2706186
2707786
2707821
2707942
2708971
2709555
2710125
2710428
2711311
2711390
2711721
2714196
2715471
2716402
2716809
2719279
2719458
2721200
2723003
2725175
2728802
2729364
2730979
2731038
2731573
2734286
2734615
2734898
2735686
2735859
2736862
2737081
2738503
2739745
2742848
2743606
2745115
2746055
2746680
2747051
2747773
2747967
2748056
2751113
2752940
2754034
2754276
2754320
2754638
2758140
2758504
2761597
2761627
2763536
2763885
2764854
2765732
2765933
2767458
2767741
2767935
2768150
2768414
2768570
2768707
2769706
2770439
2772859
2772990
2773222
2774300
2775380
2775870
2776117
2777067
2779097
2779760
2782472
2783226
2786576
2788422
2790625
2791058
2791523
2791943
2792980
2794686
2795243
2796960
2799129
2800341
2802870
2805766
2807001
2807165
2807384
2807799
2807858
2808300
2808796
2809371
2810822
2810941
2812128
2812378
2814956
2815589
2816866
2821041
2822217
2822347
2823286
2824379
2826966
2827358
2829334
2830262
2830831
2830847
2830850
2831005
2831212
2831360
2833684
2833692
2836468
2838959
2840035
2840703
2841058
2843177
2844974
2846317
2847302
2848785
2850209
2851019
2851533
2853465
2854231
2855163
2855303
2855698
2858212
2859359
2860074
2860951
2862345
2865896
2867520
2868955
2869137
2870181
2872797
2872842
2873877
2874520
2874883
2875521
2875557
2876527
2878832
2879266
2879422
2879467
2881621
2883389
2885194
2885984
2886776
2887250
2887265
2888734
2890086
2890851
2890948
2891560
2894186
2896710
2897051
2901771
2902331
2903400
2904799
2905950
2906074
2907884
2908038
2908912
2910487
2911766
2914405
2915603
2916019
2917513
2923514
2925882
2927384
2927440
2928591
2929386
2929709
2929738
2929905
2930234
2931447
2933209
2933592
2935741
2935839
2936806
2937933
2938175
2939439
2940425
2941446
2941989
2944530
2944588
2945598
2947563
2949311
2950739
2952017
2953221
2953387
2953747
2953936
2956931
2959524
2962858
2962890
2962902
2963322
2963706
2964278
2965678
2967483
2970032
2972119
2973920
2974059
2975712
2978731
2979153
2980746
2982322
2985051
2986702
2987457
2992671
2992841
2993080
2994098
2994142
2996146
2998873
3000163
3002746
3003490
3004139
3005584
3009064
