4907160
4907237
4907788
4907862
4910670
4911679
4911870
4912097
4912209
4913705
4913924
4914366
4917455
4925125
4925132
4925317
4926277
4926442
4927577
4927848
4928784
4929048
4929611
4930656
4930781
4931457
4931658
4933061
4933632
4933916
4934981
4936731
4936877
4939045
4940282
4940324
4941794
4942699
4946184
4946201
4946219
4946464
4946998
4947361
4950548
4951670
4952439
4952735
4954669
4954863
4955992
4957273
4957298
4957545
4957795
4958742
4961335
4963741
4964878
4966182
4966320
4966343
4966915
4967221
4968184
4968632
4970151
4970931
4971133
4972677
4973899
4975563
4975796
4977878
4978544
4979213
4979521
4981019
4981439
4983210
4983577
4987357
4988387
4989550
4990362
4991860
4993756
4996397
4997953
4998059
4999137
4999402
4999553
4999697
5000571
5002865
5004084
5005862
5007024
5008223
5008241
5008367
5008544
5008794
5010479
5010607
5010801
5012868
5013415
5014152
5014837
5014997
5016627
5018538
5019966
5020851
5021335
5022340
5023788
5023862
5024302
5024443
5024466
5026248
5028838
5030292
5030777
5032280
5034351
5036395
5040130
5040224
5040872
5041756
5042205
5042445
5043876
5044204
5045117
5046615
5047891
5048092
5048576
5048597
5048859
5049127
5049855
5051418
5052698
5053019
5053248
5054425
5060131
5061527
5064871
5065380
5066389
5071830
5072488
5075531
5075985
5076412
5076566
5076962
5079027
5079163
5082529
5082797
5084584
5086496
5088022
5088362
5088601
5089814
5090500
5091552
5091983
5092225
5094007
5094514
5095106
5098908
5100059
5100231
5100375
5103301
5103640
5103830
5104494
5104645
5104995
5105379
5105858
5105977
5106072
5107240
5109098
5112293
5113041
5114541
5116347
5116449
5120036
5120340
5121038
5122146
5122288
5123624
5124917
5126119
5126814
5126871
5126907
5128885
5129118
5132864
5134243
5135363
5137067
5137090
5137121
5139081
5139252
5140990
5142165
5143866
5144349
5144571
5145431
5145800
5147391
5147901
5150040
5150389
5152738
5153284
5154754
5155177
5155592
5158459
5159273
5160098
5161919
5161942
5163021
5163602
5166626
5168203
5168878
5171940
5172096
5172574
5173201
5174843
5175049
5177964
5178730
5178777
5179450
5179502
5180166
5182006
5182344
5183280
5183406
5183810
5184569
5185119
5185685
5187819
5190329
5190543
5190883
5193541
5194380
5194499
5194503
5197242
5197817
5197916
5198802
5199725
5200262
5202099
5206209
5208384
5210490
5210808
5211620
5212787
5212899
5214996
5215385
5216386
5217152
5218437
5218479
5218878
5219911
5219967
5223052
5225461
5227709
5228847
5229406
5231115
5232536
5233875
5234322
5234757
5235068
5235882
5236581
5237087
5238134
5238621
5241544
5242341
5245462
5246201
5246477
5247021
5247792
5247938
5248431
5251411
5254982
5255210
5257229
5262465
5262943
5263004
5266799
5267765
5268681
5271717
5272070
5272383
5272454
5272909
5273810
5274841
5276181
5278389
5279557
5280468
5280883
5281060
5281570
5281646
5282517
5282612
5282715
5282983
5283447
5284589
5286158
5286519
5286623
5286952
5287201
5287929
5288079
5289420
5290074
5292152
5293318
5294501
5294804
5297350
5297494
5298096
5299654
5300358
5300556
5302272
5303050
5303796
5305141
5307172
5307802
5308527
5308852
5308950
5309727
5309934
5310221
5314809
5315299
5316582
5317708
5317821
5321473
5322307
5322975
5322980
5323076
5323373
5324326
5324782
