1169863
1170739
1171419
1172052
1172906
1173037
1173639
1175427
1178011
1178564
1178937
1179657
1179871
1180066
1181538
1182638
1183818
1184846
1185429
1185498
1186108
1187176
1187762
1188856
1189737
1190419
1190665
1191630
1192067
1193292
1193956
1194222
1195032
1197161
1198120
1198255
1198654
1199380
1237882
1240565
1241081
1241177
1241347
1242771
1244561
1244650
1246608
1248853
1254270
1254841
1256643
1257377
1258095
1261617
1261890
1262524
1263937
1265629
1266021
1266174
1268581
1268608
1268903
1269323
1270480
1273223
1273682
1273818
1274287
1274929
1276274
1276970
1277250
1278861
1280014
1280191
1281917
1283871
1284418
1284437
1285123
1285350
1287576
1287989
1294254
1295600
1297215
1297843
1298017
1305071
1307415
1312924
1316064
1316282
1316857
1318544
1319305
1323117
1323241
1325074
1325897
1326776
1327363
1328505
1330191
1331501
1331784
1335246
1336131
1336182
1338312
1339181
1344240
1344696
1346292
1346563
1346827
1347449
1348567
1349226
1350248
1350744
1350959
1351711
1353776
1353826
1356230
1356650
1357431
1358033
1360080
1361398
1361470
1361719
1361971
1363600
1365615
1367680
1368907
1371250
1374414
1375255
1376752
1376876
1378970
1379716
1380469
1383077
1383100
1383849
1383987
1384283
1384746
1384775
1385377
1388392
1391152
1391535
1391932
1392754
1393326
1393671
1394013
1394835
1395486
1398244
1399016
1399073
1399098
1401051
1401877
1402385
1403041
1403169
1403727
1405063
1406347
1406382
1406667
1407928
1408269
1408710
1408996
1409071
1411317
1414756
1415179
1415306
1418699
1419051
1419802
1422233
1423302
1424422
1425002
1426124
1426345
1426805
1427036
1428174
1428310
1428623
1431412
1431645
1431793
1433790
1434109
1434117
1434629
1435208
1435917
1440247
1443945
1445343
1446540
1446809
1450475
1452198
1452988
1454287
1457692
1457987
1458280
1459873
1463004
1464091
1466213
1466772
1466915
1467183
1467782
1470722
1471752
1473280
1474206
1474270
1476154
1477547
1479756
1481427
1482237
1486335
1487625
1488135
1488911
1489046
1489302
1490299
1490465
1491038
1491547
1492528
1493165
1497883
1498391
1498545
1503246
1503844
1504747
1506708
1507038
1508507
1511141
1513278
1517836
1519362
1519502
1519724
1521068
1523796
1525551
1525807
1526977
1527627
1528790
1529821
1531739
1531894
1532246
1533399
1533454
1535916
1536133
1537969
1539144
1540252
1540883
1541055
1541902
1544942
1548653
1550832
1551127
1553495
1553624
1554898
1556065
1556474
1557365
1557584
1558204
1560803
1561965
1562888
1563388
1564524
1565309
1566109
1566311
1567502
1567559
1567634
1571319
1574340
1577178
1577436
1577612
1580428
1580605
1583409
1586260
1586527
1588564
1591575
1595194
1597762
1598449
1598883
1599361
1600008
1600374
1600721
1601012
1601743
1606305
1607608
1609169
1610294
1610639
1612019
1612902
1612923
1613040
1613913
1613997
1614676
1616834
1616842
1616860
1617041
1619239
1620562
1621022
1621314
1621775
1622239
1623986
1625668
1626926
1627893
1628345
1628969
1631351
1632325
1635180
1635288
1636400
1637817
1638864
1638989
1639140
1642398
1642701
1642927
1644902
1646869
1648492
1650425
1651958
1654283
1655080
1655274
1656579
1657082
1657284
1658248
1658996
1659794
1659925
1659948
1660298
1660849
1661086
1661535
1662550
1663773
1665116
1666166
1667696
1672631
2112705
2113579
2115381
2115685
2117598
2117826
2120355
2121538
2124312
2126801
2127096
2127978
2130426
2130487
2131630
2134330
2135331
2137183
2137257
2140660
2140848
2142493
2145773
2149852
2150890
2152945
2153195
2156230
2156851
2158145
2158946
2161899
2162125
2164647
2166326
2167213
2167858
2167941
2168187
2169825
2173898
2174131
2179249
2180328
2182105
2182676
2183605
2188761
2189230
2189879
2190885
2191478
2191665
2192466
2193424
2195248
2195735
2198854
2201121
2201283
2201339
2201416
2201429
2204270
2205670
2206637
2209034
2210211
2211689
2213562
2214215
2215094
2216491
2221049
2223050
2223886
2225962
2229041
2230292
2235219
2236979
2238420
2238842
2238893
2240304
2242694
2242764
2244064
2247035
2248387
2249550
2249754
2252027
2252322
2252487
2253783
2254991
2255802
2255911
2258727
2259916
2260744
2262199
2264142
2264489
2264715
2265739
2266843
2268033
2268361
2269013
2270952
2271020
2271513
2271729
2276927
2277546
2277814
2277886
2279367
2281721
2281997
2282826
2283020
2283156
2283525
2284543
2285427
2286514
2286929
2287743
2287816
2289862
2290729
2291073
2291580
2293215
2294083
2296290
2296437
2296504
2296529
2297273
2298263
2299262
2300318
2300728
2300867
2301553
2302750
2302922
2304313
2305338
2310022
2311607
2312434
2313042
2313337
2313427
2314070
2315005
2320361
2323643
2323934
2324482
2325628
2326566
2334316
2336255
2337898
2344604
2347414
2347710
2349074
2349717
2349825
2351450
2352792
2354393
2354513
2355777
2356298
2359131
2359506
2363283
2363299
2365976
2370156
2371580
2371961
2372707
2372858
2373969
2374151
2375642
2375854
2377113
2378196
2378304
2379286
2380604
2381850
2381898
2385000
2385861
2386165
2388083
2388904
2390004
2390612
2391002
2392742
2394165
2395982
2400866
2403649
2404887
2407128
2407765
2408625
2408817
2409714
2410144
2411101
2412173
2413095
2416933
2417324
2419361
2419630
2424161
2424639
2427842
2428665
2432552
2432606
2433541
2434692
2434870
2435535
2438084
2438639
2441030
2441574
2441901
2442520
2443328
2443688
2444305
2447322
2448323
2448610
2449319
2450497
2450882
2454473
2456209
2456778
2457155
2457178
2459556
2461604
2461932
2462323
2462504
2462661
2463802
2463967
2464141
2465512
2466423
2466965
2467980
2468089
2468678
2468984
2469050
2473198
2474085
2476325
2481562
2482765
2483075
2483725
2484119
2484369
2484403
2485812
2487642
2490396
2490957
2493838
2494277
2497182
2497305
2499992
2500450
2500577
2503379
2508113
2508461
2511281
2511691
2513386
2513763
2514041
2516006
2516469
2517192
2519451
2519504
2522529
2522635
2523270
2524566
2526083
2527593
2529082
2532462
2533277
2535112
2535678
2536479
2537148
2540026
2540116
2541625
2543492
2543878
2544563
2545753
2546040
2547207
2552247
2552605
2552762
2554616
2554932
2556161
2556500
2560321
2561763
2562688
2565910
