5325723
5326620
5326727
5327315
5327582
5329392
5334282
5334298
5335757
5337514
5338092
5338270
5342986
5344318
5344495
5345072
5345711
5346791
5347426
5347770
5348274
5350253
5350766
5353786
5354813
5355038
5355153
5357193
5357606
5357668
5359230
5359264
5359647
5360273
5361682
5363092
5363750
5364726
5367938
5369546
5370185
5370473
5371080
5372336
5373232
5374068
5374784
5375326
5377742
5379514
5379586
5381722
5382037
5384759
5386426
5386442
5387588
5387854
5388012
5388469
5388898
5390364
5391238
5391592
5392015
5392955
5393852
5394124
5394673
5396342
5396409
5397533
5398575
5399523
5400318
5402525
5403211
5403699
5406401
5407800
5410074
5410386
5410869
5411484
5413585
5414850
5415092
5417828
5418380
5419061
5419745
5421233
5421393
5422553
5423059
5423708
5425769
5425797
5425878
5425893
5426470
5426537
5426995
5428200
5428320
5429039
5430231
5431419
5434102
5435087
5435343
5436402
5436950
5438660
5439220
5439381
5440842
5441097
5444572
5444665
5446903
5450965
5451045
5451395
5453468
5455332
5455348
5455657
5456113
5456522
5456605
5457504
5457610
5458434
5459680
5460097
5460835
5461078
5461131
5463058
5465191
5465629
5465698
5468221
5469628
5469748
5470257
5470500
5470782
5471552
5472680
5475170
5475854
5478726
5478908
5479262
5479425
5480039
5482194
5482431
5484661
5485252
5487463
5488349
5491298
5495767
5495809
5495846
5498267
5501047
5501862
5502440
5503117
5503202
5504333
5504875
5505058
5505089
5505920
5507282
5510806
5513877
5514054
5514433
5514494
5514566
5518149
5519633
5520263
5520603
5522668
5522907
5525086
5526469
5526924
5527809
5528974
5530228
5530588
5530848
5534012
5534980
5535974
5536193
5536266
5536354
5537347
5537518
5537611
5538352
5540311
5541372
5542523
5542920
5543759
5545130
5546104
5546761
5546836
5549273
5550575
5551317
5552246
5552350
5553295
5553688
5554232
5555293
5555385
5556854
5557981
5558267
5559548
5559830
5560239
5563216
5564272
5565080
5565108
5566159
5567474
5568761
5569913
5570646
5571711
5574160
5575618
5576191
5576682
5576749
5577244
5581412
5581645
5582771
5583056
5583143
5583394
5583539
5584086
5584390
5586294
5587104
5587248
5588411
5589918
5590293
5590370
5590540
5592476
5595193
5595839
5597949
5598014
5598757
5598768
5599624
5599675
5600566
5601890
5602944
5603813
5604077
5604148
5604536
5605223
5606122
5606432
5606831
5606898
5607007
5607514
5611022
5612068
5612751
5613238
5613622
5616154
5617437
5618561
5621467
5621935
5622959
5623733
5624496
5624595
5625530
5625564
5628331
5629542
5630837
5634186
5634776
5635883
5639692
5639708
5642665
5642900
5644189
5644542
5645161
5646670
5648023
5650710
5651306
5651965
5652020
5652491
5652729
5654178
5655894
5655919
5658136
5658310
5659141
5659689
5659835
5660038
5660114
5661076
5661291
5663817
5665779
5665804
5667646
5667710
5671113
5671666
5672810
5673239
5674617
5675745
5676966
5677086
5677296
5678912
5680555
5682514
5684447
5685437
5686081
5688617
5692451
5692842
5692855
5694742
5695337
5696703
5698943
5698951
5701186
5702230
5702805
5703116
5703988
5704344
5704784
5704975
5705294
5706279
5706552
5706777
5707505
5710551
5711001
5711297
5712251
5712895
5715180
5715277
5717321
5718199
5719140
5723183
5726736
5728854
5729325
5729445
5729796
5731187
5731972
