1672805
1673680
1674448
1674555
1675936
1676862
1677551
1678942
1679654
1679931
1680305
1681767
1682183
1683443
1684047
1684723
1684999
1685002
1686053
1686434
1686604
1686768
1687090
1687660
1693648
1693736
1693838
1696765
1696967
1697889
1699157
1699943
1700552
1701250
1701684
1701901
1704570
1705402
1708290
1709084
1714834
1714912
1715807
1716055
1720364
1720550
1721123
1721421
1721645
1721690
1722849
1723368
1723586
1723863
1725865
1726417
1726798
1726990
1729185
1730184
1730357
1732253
1732602
1734662
1735862
1736740
1737801
1738976
1740779
1741525
1743100
1743148
1743298
1744362
1746164
1746209
1746810
1748744
1754263
1754537
1754899
1755996
1756973
1757174
1760424
1761668
1762150
1764312
1766080
1766754
1767739
1769307
1770914
1772004
1773395
1774125
1776021
1776122
1776399
1776743
1777852
1778135
1779364
1781139
1781635
1784476
1784542
1785581
1785639
1785936
1785989
1787246
1789321
1790462
1791166
1793492
1794657
1795620
1795679
1797194
1797780
1798980
1799252
1800752
1801732
1802820
1803078
1803379
1807584
1808231
1808955
1809676
1812546
1813800
1814125
1814169
1814714
1814926
1818066
1818128
1818513
1819127
1822222
1822949
1823285
1823750
1823974
1826287
1826790
1828564
1830221
1830864
1831381
1833631
1833997
1834394
1837113
1837181
1837407
1838291
1839593
1840254
1841357
1842144
1842257
1843203
1844862
1846954
1847339
1849592
1850396
1851069
1852919
1855214
1855383
1855497
1856206
1860293
1860745
1863793
1865445
1868434
1869652
1869964
1870843
1871286
1874985
1875350
1876675
1877326
1879247
1881651
1881666
1888420
1888607
1891409
1891671
1892105
1892118
1893708
1894693
1895108
1897580
1898305
1898836
1899544
1901389
1901510
1901599
1902377
1903548
1904543
1904939
1905087
1905129
1905680
1907271
1907526
1909220
1910310
1911554
1912415
1913821
1914951
1916398
1920133
1920314
1920386
1920395
1921968
1923351
1925319
1926961
1927097
1928030
1929201
1931998
1932945
1933046
1933153
1933531
1933748
1935643
1936561
1937261
1938602
1940128
1940532
1942638
1943124
1944137
1946017
1946195
1946388
1946610
1948543
1948734
1950954
1952502
1952869
1955518
1955939
1957172
1959125
1959204
1959309
1959363
1960348
1960999
1963189
1964889
1965514
1965711
1966228
1969747
1974014
1974367
1975481
1975784
1976491
1977034
1978862
1980234
1982476
1982664
1983689
1983755
1984750
1986391
1992411
1993660
1993992
1994380
1994786
1995390
1996975
1997669
1998554
1998627
1999610
1999860
2001018
2001417
2002007
2003795
2004577
2004738
2005009
2005529
2007759
2008129
2010910
2011558
2014836
2014845
2014996
2015105
2016465
2018330
2020254
2023516
2024668
2029566
2030826
2031263
2035372
2036005
2036903
2037131
2038016
2041288
2042359
2042776
2042994
2043569
2048693
2048825
2048832
2051126
2053008
2053039
2054201
2054654
2054973
2058470
2058742
2058971
2059057
2059804
2060374
2061111
2063142
2063381
2063777
2065032
2065196
2067172
2067773
2070648
2071074
2071876
2074270
2074782
2074896
2075670
2075895
2076410
2076727
2079116
2079533
2079845
2083431
2085117
2085259
2085561
2085682
2087891
2088268
2088653
2089683
2090261
2091396
2091550
2095597
2095704
2097373
2100350
2100810
2103717
2107370
2107477
2107931
2109826
2109855
2109893
2109957
2109994
2112328
2112400
2112696
