4416439
4418508
4419926
4426716
4428961
4429210
4429256
4430402
4430625
4431709
4434750
4435474
4435759
4437573
4438673
4439799
4440829
4441212
4442306
4442789
4443919
4449117
4449733
4449913
4450088
4451913
4452516
4453438
4455486
4455803
4456838
4458709
4462379
4465791
4465876
4467282
4467987
4469448
4471078
4471646
4472251
4473121
4474771
4475095
4476829
4477118
4477423
4477722
4478387
4478671
4480089
4480386
4480775
4481968
4486814
4487856
4488407
4490557
4492092
4492859
4494808
4496040
4496460
4497502
4497530
4498307
4498555
4501822
4501889
4503634
4504589
4506310
4509330
4511813
4512476
4514841
4515853
4515983
4516002
4518631
4519959
4521369
4521467
4522087
4522213
4522799
4522836
4522959
4524758
4526195
4527666
4529136
4529310
4530027
4530215
4530900
4532036
4532738
4534075
4534504
4535054
4537268
4537452
4537576
4538255
4540832
4541855
4543078
4543147
4545639
4546796
4547485
4548643
4549600
4557979
4558227
4558720
4559835
4564086
4564434
4564673
4567811
4568004
4568354
4569601
4569881
4571637
4575370
4577507
4578776
4581221
4585330
4587134
4589259
4590231
4590679
4590762
4593206
4593671
4594603
4595305
4596496
4598601
4600079
4602652
4602923
4603510
4603665
4609307
4610096
4610574
4610919
4610942
4612171
4613922
4615728
4615761
4618210
4618314
4618431
4625604
4629063
4630717
4634909
4636251
4636509
4637263
4638960
4639722
4640109
4641873
4645470
4646087
4646198
4647704
4648488
4652810
4653469
4656775
4658359
4660372
4660578
4661183
4663643
4666350
4667047
4667910
4668408
4670150
4670320
4670988
4671184
4671278
4673195
4674808
4675740
4675919
4679986
4680024
4680769
4681787
4682410
4684969
4685295
4687889
4689687
4690099
4690402
4690488
4692122
4693032
4694326
4694463
4694525
4698419
4698650
4698837
4698954
4699533
4699783
4700014
4700900
4701111
4701615
4708306
4708852
4709148
4709309
4709435
4709868
4711325
4711524
4714402
4714852
4717346
4717499
4718032
4719615
4719898
4720061
4722737
4723263
4723844
4724355
4726753
4728071
4729996
4730217
4731462
4731557
4733036
4734868
4734942
4736085
4736425
4736432
4737586
4738639
4739171
4739713
4739878
4740004
4741511
4742263
4743122
4743784
4743792
4745201
4745973
4749525
4751716
4751990
4752201
4754473
4755341
4755801
4756013
4756494
4756667
4758318
4759040
4764995
4765042
4766278
4767012
4768775
4768854
4768905
4772698
4774542
4774615
4776237
4776694
4777421
4780652
4782815
4783635
4788049
4790531
4791054
4793998
4796051
4796438
4797675
4799022
4799210
4799738
4800811
4800822
4801306
4801789
4802627
4803171
4804983
4805456
4807876
4807881
4808526
4808578
4811038
4815686
4816205
4817081
4817164
4817584
4818993
4819035
4819514
4820240
4821144
4821731
4823059
4823558
4826373
4829969
4830410
4830740
4831053
4833092
4833782
4833802
4833830
4834828
4838308
4840289
4841263
4849693
4850441
4851416
4851678
4851848
4852688
4855016
4855458
4856088
4858442
4860579
4862300
4865389
4866344
4866677
4868958
4869075
4870233
4871458
4872225
4872453
4873733
4874349
4874789
4875022
4875308
4875502
4876504
4876607
4877273
4877461
4878054
4878412
4879882
4880215
4880892
4882168
4882738
4883944
4884451
4884484
4884635
4885579
4885690
4888099
4888767
4892164
4893476
4899480
4899773
4899922
4900240
4901233
4901532
