5732366
5733223
5734007
5734028
5734539
5735149
5736994
5738331
5738810
5739720
5740165
5740453
5740728
5741929
5741982
5744871
5745849
5745955
5746401
5746419
5746510
5748952
5749793
5751701
5752265
5752714
5753998
5754014
5754223
5754296
5755070
5755432
5755980
5756830
5757055
5757408
5758004
5760035
5760333
5760496
5761090
5766391
5766679
5767341
5767776
5768138
5769318
5769638
5769652
5769959
5770583
5771103
5772881
5773563
5773668
5774024
5774906
5775778
5776902
5776988
5777319
5778312
5778654
5778863
5779739
5782953
5783111
5783980
5785514
5788420
5789326
5789475
5790751
5790792
5793739
5793762
5793978
5794738
5795860
5796807
5797580
5797668
5799039
5799241
5800050
5800983
5801885
5803454
5803898
5806299
5807493
5807820
5809627
5811766
5811991
5813796
5814108
5816915
5817128
5818415
5819077
5820108
5820258
5821130
5822216
5823527
5824277
5824288
5825372
5826066
5828016
5828524
5828808
5829897
5830143
5830722
5831473
5832425
5832917
5834463
5835668
5839557
5840743
5841285
5841974
5842916
5844362
5845114
5846421
5846667
5848276
5848845
5849604
5849794
5850023
5850324
5850444
5851706
5854048
5854622
5855276
5855318
5856965
5857664
5857909
5858058
5858601
5860107
5861065
5861853
5862165
5862439
5863673
5863785
5865074
5866302
5866887
5867197
5868280
5871131
5873045
5873881
5875535
5875556
5875805
5876737
5877595
5878729
5880121
5881906
5882900
5883384
5884938
5885446
5886065
5886580
5887048
5888666
5889767
5890131
5890173
5890320
5891007
5892268
5892614
5893162
5893994
5894187
5895176
5897089
5899350
5901603
5903852
5905310
5905497
5906183
5906747
5907318
5908403
5908422
5909327
5910996
5912334
5912475
5912922
5913114
5913451
5914251
5914814
5914907
5915919
5916288
5916785
5917515
5917746
5919331
5921868
5924710
5926340
5927296
5927757
5928274
5929285
5930641
5931597
5932875
5934149
5934763
5937685
5938366
5938941
5939374
5941588
5942792
5943263
5944249
5946993
5947396
5950188
5950592
5950908
5953825
5954589
5955478
5955954
5956924
5956991
5957056
5957120
5957648
5958747
5959573
5962053
5964909
5965144
5967953
5970023
5971163
5971434
5973446
5973581
5974962
5975116
5976007
5976010
5976745
5976809
5977240
5977399
5979580
5980326
5981403
5983014
5983230
5984508
5984767
5985133
5986573
5987154
5987499
5988674
5991122
5991873
5992235
5992577
5993871
5994267
5997695
5998072
5998255
5999324
5999901
6000067
6000256
6000362
6000564
6000869
6001341
6001492
6003060
6003772
6004779
6004784
6005750
6006178
6010365
6011343
6011988
6012251
6013036
6014363
6015336
6017242
6018084
6018270
6019834
6019912
6020978
6022801
6022994
