2112705
2113579
2115381
2115685
2116503
2117222
2117598
2117826
2117933
2120268
2120355
2121538
2123866
2124312
2126801
2127096
2127499
2127978
2130426
2130487
2131630
2134330
2135331
2137183
2137257
2138539
2140660
2140738
2140848
2141245
2142493
2145773
2148590
2149852
2150890
2152945
2153195
2155483
2156230
2156851
2156932
2158145
2158946
2161899
2162125
2163600
2164647
2166051
2166326
2167060
2167213
2167858
2167941
2168187
2169825
2173898
2174131
2179249
2180328
2182105
2182496
2182676
2183605
2184619
2188761
2189230
2189879
2190885
2191478
2191665
2192466
2193424
2195248
2195735
2197476
2198854
2201121
2201283
2201339
2201395
2201416
2201429
2204270
2205670
2206637
2209034
2210211
2211689
2213562
2214215
2215094
2216491
2221049
2223050
2223886
2225962
2229041
2230292
2235219
2236979
2238420
2238842
2238893
2240304
2242694
2242764
2244064
2244132
2244176
2247035
2248387
2249550
2249754
2252027
2252322
2252487
2253783
2254991
2255802
2255911
2258727
2259916
2260744
2262199
2264142
2264489
2264715
2265739
2266843
2268033
2268361
2269013
2270952
2271020
2271513
2271729
2276927
2277546
2277814
2277886
2279367
2281721
2281997
2282826
2283020
2283156
2283525
2284543
2285427
2286514
2286929
2287743
2287816
2289862
2290729
2291073
2291580
2293215
2294083
2296290
2296437
2296504
2296529
2297273
2298263
2299262
2300318
2300728
2300867
2301553
2302750
2302922
2304313
2305125
2305338
2310022
2311607
2312434
2313042
2313337
2313427
2314070
2315005
2320361
2320555
2323643
2323934
2324482
2325628
2326566
2334316
2336255
2337898
2344604
2347414
2347710
2349074
2349717
2349825
2351450
2352792
2354393
2354513
2355777
2356298
2359131
2359506
2363283
2363299
2364739
2365976
2368452
2370156
2371580
2371961
2372707
2372858
2373969
2374151
2375642
2375854
2376860
2377113
2378196
2378304
2379286
2379952
2379963
2380604
2381850
2381898
2382482
2385000
2385861
2386165
2388083
2388904
2390004
2390612
2391002
2391545
2392742
2394165
2395982
2399084
2400866
2401542
2403445
2403649
2404887
2405252
2407128
2407765
2408625
2408817
2409714
2410144
2410639
2411101
2412173
2413095
2416933
2417324
2419012
2419361
2419630
2421724
2424161
2424639
2427171
2427842
2428665
2428706
2430701
2432552
2432606
2433541
2434692
2434870
2435535
2438084
2438639
2441030
2441574
2441901
2442520
2443328
2443688
2444305
2447322
2448323
2448573
2448610
2449319
2450497
2450882
2454473
2456209
2456778
2457155
2457178
2459556
2461604
2461932
2462323
2462504
2462661
2463802
2463967
2464141
2465512
2466423
2466965
2467980
2468089
2468678
2468984
2469050
2471418
2473198
2474085
2476050
2476325
2477280
2481562
2482765
2483075
2483573
2483725
2484119
2484369
2484403
2485812
2487642
2487687
2490396
2490957
2492503
2493838
2494277
2497182
2497305
2497735
2499992
2500450
2500577
2503147
2503379
2508113
2508461
2511281
2511521
2511691
2513386
2513763
2514041
2516006
2516469
2517192
2517415
2519451
2519504
2522529
2522635
2523270
2524566
2526083
2527593
2529082
2529445
2531220
2532462
2533277
2535112
2535678
2536479
2537148
2540026
2540116
2541625
2543492
2543878
2544563
2545753
2546040
2547207
2549787
2552247
2552605
2552762
2554616
2554932
2556084
2556161
2556500
2557867
2560321
2561763
2562688
2565910
