3700012
3700021
3700068
3700094
3700103
3700111
3700145
3700158
3700189
3700190
3700208
3700240
3700253
3700271
3700307
3700335
3700361
3700372
3700454
3700469
3700481
3700501
3700534
3700555
3700560
3700602
3700623
3700659
3700664
3700737
3700743
3700751
3700816
3700831
3700847
3700882
3700909
3700917
3700938
3700946
3700963
3701005
3701018
3701020
3701110
3701128
3701156
3701161
3701257
3701270
3701285
3701301
3701342
3701355
3701378
3701393
3701438
3701491
3701548
3701581
3701627
3701639
3701653
3701662
3701671
3701686
3701704
3701716
3701729
3701750
3701782
3701815
3701823
3701830
3701888
3701903
3701974
3702007
3702099
3702118
3702226
3702234
3702255
3702260
3702349
3702370
3702402
3702415
3702423
3702441
3702477
3702488
3702496
3702539
3702540
3702562
3702595
3702600
3702648
3702669
3702676
3702681
3702697
3702703
3702736
3702758
3702789
3702790
3702824
3702863
3702891
3702931
3702947
3702998
3703002
3703041
3703096
3703113
3703148
3703169
3703204
3703247
3703282
3703324
3703346
3703363
3703435
3703461
3703483
3703545
3703666
3703692
3703753
3703762
3703786
3703795
3703833
3703849
3703870
3703885
3703960
3703987
3703993
3704011
3704106
3704168
3704170
3704185
3704210
3704228
3704261
3704283
3704314
3704395
3704404
3704416
3704429
3704431
3704465
3704502
3704564
3704577
3704588
3704601
3704619
3704693
3704709
3704763
3704780
3704800
3704813
3704832
3704920
3704937
3704943
3704966
3704979
3705046
3705063
3705091
3705140
3705203
3705222
3705236
3705267
3705274
3705315
3705323
3705359
3705364
3705388
3705396
3705418
3705466
3705484
3705529
3705598
3705607
3705610
3705644
3705661
3705672
3705699
3705748
3705781
3705801
3705819
3705842
3705878
3705887
3705921
3705949
3705957
3705994
3706054
3706097
3706102
3706123
3706141
3706159
3706177
3706196
3706209
3706217
3706224
3706252
3706263
3706275
3706291
3706304
3706316
3706329
3706382
3706468
3706470
3706520
3706579
3706592
3706611
3706645
3706667
3706674
3706689
3706701
3706719
3706726
3706734
3706742
3706760
3706787
3706793
3706828
3706835
3706899
3706914
3706927
3706939
3706986
3706995
3707016
3707029
3707031
3707050
3707065
3707073
3707134
3707178
3707279
3707284
3707376
3707403
3707422
3707436
3707458
3707467
3707524
3707546
3707580
3707591
3707612
3707685
3707730
3707741
3707764
3707788
3707827
3707839
3707895
3707928
3707935
3707972
3707983
3708026
3708042
3708055
3708078
3708093
3708116
3708129
3708182
3708232
3708248
3708276
3708297
3708318
3708320
3708379
3708408
3708427
3708453
3708506
3708533
3708568
3708624
3708646
3708652
3708675
3708680
3708735
3708756
3708783
3708799
3708803
3708822
3708889
3708890
3708902
3708941
3708977
3709040
3709086
3709095
3709109
3709117
3709124
3709146
3709191
3709202
3709241
3709259
3709303
3709311
3709336
3709345
3709390
3709419
3709426
3709455
3709478
3709487
3709493
3709507
3709528
3709535
3709561
3709572
3709629
3709631
3709698
3709721
3709749
3709757
3709820
3709851
3709892
3709913
3709932
3709948
3709976
3710016
3710073
3710082
3710178
3710205
3710218
3710251
3710266
3710292
3710325
3710354
3710376
3710411
3710445
3710458
3710474
3710517
3710552
3710563
3710575
3710591
3710670
3710702
3710777
3710788
3710840
3710853
3710862
3710886
3710895
3710944
3710961
3710972
3710999
3711015
3711030
3711059
3711077
3711100
3711132
3711148
3711154
3711169
3711176
3711204
3711216
3711247
3711250
3711273
3711282
3711298
3711317
3711324
3711338
3711346
3711352
3711375
3711428
3711456
3711461
3711545
3711558
3711589
3711679
3711708
3711714
3711739
3711753
3711771
3711795
3711812
3711821
3711833
3711857
3711870
3711885
3711894
3711901
3711919
3711926
3711934
3711960
3711987
3711993
3712000
3712054
3712081
3712102
3712123
3712130
3712141
3712164
3712188
3712209
3712217
3712275
3712280
3712331
3712347
3712350
3712365
3712406
3712421
3712449
3712468
3712470
3712485
3712494
3712505
3712518
3712543
3712603
3712611
3712636
3712645
3712674
3712689
3712719
3712726
3712734
3712755
3712828
3712835
3712883
3712940
3712953
3712962
3712986
3712995
3713006
3713033
3713049
3713057
3713068
3713094
3713103
3713111
3713122
3713174
3713239
3713253
3713271
3713295
3713335
3713372
3713399
3713413
3713448
3713454
3713501
3713519
3713526
3713534
3713542
3713587
3713602
3713623
3713659
3713664
3713696
3713720
3713743
3713784
3713816
3713882
3713924
3713963
3713991
3714019
3714034
3714042
3714055
3714087
3714093
3714116
3714165
3714173
3714200
3714213
3714232
3714254
3714281
3714305
3714318
3714320
3714337
3714366
3714379
3714392
3714462
3714495
3714557
3714585
3714680
3714691
3714728
3714735
3714799
3714811
3714822
3714889
3714930
3714959
3714964
3714988
3714996
3715028
3715035
3715056
3715099
3715120
3715143
3715151
3715166
3715192
3715226
3715234
3715260
3715293
3715306
3715357
3715368
3715370
3715423
3715430
3715441
3715477
3715488
3715496
3715539
3715553
3715571
3715586
3715613
3715648
3715681
3715703
3715711
3715722
3715736
3715891
3715929
3715965
3715973
3715982
3715998
3716022
3716036
3716121
3716133
3716168
3716185
3716228
3716299
3716308
3716339
3716353
3716371
3716386
3716482
3716502
3716515
3716559
3716564
3716577
3716588
3716596
3716655
3716693
3716752
3716763
3716791
3716832
3716854
3716869
3716918
3716937
3716943
3717008
3717027
3717039
3717071
3717109
3717117
3717152
3717277
3717296
3717311
3717389
3717390
3717419
3717460
3717487
3717528
3717535
3717604
3717629
3717647
3717712
3717721
3717794
3717820
3717866
3717879
3717884
3717913
3717997
3718009
3718024
3718038
3718052
3718075
3718153
3718162
3718186
3718195
3718203
3718222
3718236
3718258
3718267
3718274
3718289
3718290
3718302
3718323
3718359
3718388
3718405
3718451
3718492
3718529
3718582
3718607
3718610
3718628
3718656
3718672
3718683
3718725
3718732
3718769
3718819
3718826
3718842
3718855
3718887
3718933
3718949
3718957
3719018
3719020
3719051
3719079
3719084
3719092
3719107
3719135
3719183
3719199
3719206
3719249
3719268
3719270
3719285
3719342
3719378
3719417
3719446
3719452
3719463
3719475
3719480
3719513
3719525
3719548
3719608
3719639
3719671
3719686
3719729
3719731
3719750
3719765
3719773
3719782
3719859
3719896
3719903
3719945
3719958
3719974
3720001
3720019
3720026
3720042
3720060
3720078
3720093
3720129
3720182
3720232
3720276
3720297
3720408
3720439
3720462
3720486
3720495
3720506
3720521
3720549
3720624
3720691
3720707
3720728
3720735
3720744
3720761
3720772
3720811
3720836
3720874
3720889
3720890
3720902
3720915
3720959
3720964
3720988
3721010
3721083
3721118
3721192
3721201
3721242
3721287
3721306
3721321
3721368
3721394
3721402
3721430
3721441
3721459
3721514
3721539
3721540
3721553
3721571
3721586
3721632
3721648
3721711
3721736
3721774
3721789
3721846
3721863
3721891
3721950
3721965
3722037
3722110
3722156
3722334
3722342
3722360
3722417
3722463
3722475
3722480
3722532
3722554
3722576
3722614
3722627
3722639
3722686
3722704
3722729
3722750
3722782
3722841
3722888
3722896
3722936
3722945
3722974
3722989
3723038
3723063
3723080
3723091
3723114
3723139
3723140
3723162
3723203
3723211
3723222
3723267
3723274
3723323
3723341
3723405
3723437
3723443
3723466
3723484
3723492
3723565
3723582
3723607
3723644
3723661
3723672
3723725
3723801
3723842
3723970
3723994
3724031
3724047
3724073
3724119
3724126
3724205
3724279
3724284
3724292
3724300
3724325
3724332
3724376
3724397
3724436
3724445
3724489
3724509
3724538
3724546
3724580
3724606
3724612
3724621
3724670
3724685
3724694
3724702
3724730
3724759
3724814
3724827
3724839
3724853
3724999
3725002
3725015
3725030
3725041
3725088
3725132
3725169
3725229
3725247
3725298
3725338
3725352
3725363
3725444
3725456
3725461
3725503
3725511
3725589
3725590
3725618
3725643
3725684
3725740
3725762
3725771
3725795
3725849
3725868
3725870
3726039
3726040
3726062
3726071
3726117
3726138
3726215
3726223
3726241
3726259
3726264
3726277
3726303
3726389
3726419
3726478
3726507
3726528
3726556
3726561
3726572
3726599
3726604
3726616
3726650
3726665
3726712
3726721
3726770
3726794
3726805
3726818
3726820
3726843
3726866
3726913
3726925
3726954
3727011
3727036
3727045
3727067
3727090
3727106
3727112
3727157
3727170
3727194
3727235
3727256
3727272
3727283
3727308
3727314
3727327
3727362
3727395
3727416
3727431
3727450
3727465
3727498
3727559
3727588
3727626
3727678
3727693
3727709
3727752
3727763
3727780
3727800
3727825
3727832
3727854
3727869
3727876
3727881
3727897
3727918
3727937
3727943
3727979
3727984
3728012
3728033
3728057
3728070
3728111
3728136
3728214
3728227
3728240
3728253
3728286
3728307
3728310
3728335
3728383
3728400
3728432
3728454
3728469
3728501
3728534
3728542
3728555
3728593
3728664
3728677
3728705
3728737
3728743
3728792
3728804
3728831
3728847
3728865
3728898
3728917
3728946
3728991
3729000
3729013
3729081
3729123
3729130
3729238
3729246
3729275
3729280
3729304
3729329
3729331
3729350
3729365
3729373
3729382
3729412
3729449
3729468
3729470
3729518
3729543
3729584
3729592
3729611
3729622
3729658
3729689
3729726
3729734
3729742
3729787
3729793
3729828
3729856
3729883
3729899
3729914
3729927
3729939
3729940
3729995
3730017
3730024
3730038
3730046
3730063
3730075
3730080
3730108
3730114
3730153
3730186
3730222
3730236
3730258
3730267
3730289
3730330
3730359
3730364
3730420
3730443
3730451
3730484
3730504
3730516
3730529
3730582
3730598
3730607
3730661
3730713
3730725
3730732
3730748
3730754
3730855
3730912
3730933
3730949
3730957
3731025
3731032
3731054
3731069
3731081
3731097
3731115
3731123
3731159
3731246
3731329
3731350
3731365
3731382
3731412
3731433
3731457
3731470
3731505
3731537
3731543
3731584
3731592
3731658
3731719
3731726
3731810
3731835
3731844
3731861
3731872
3731927
3731939
3731995
3732002
3732015
3732059
3732077
3732096
3732100
3732176
3732181
3732197
3732247
3732298
3732338
3732363
3732391
3732410
3732428
3732472
3732499
3732503
3732511
3732567
3732620
3732643
3732666
3732714
3732762
3732806
3732849
3732857
3732868
3732870
3732885
3732934
3732960
3732993
3733010
3733044
3733072
3733179
3733184
3733226
3733234
3733242
3733255
3733260
3733306
3733349
3733357
3733370
3733385
3733423
3733496
3733514
3733527
3733571
3733625
3733669
3733736
3733767
3733790
3733846
3733852
3733916
3733931
3733982
3734014
3734053
3734062
3734117
3734146
3734152
3734202
3734223
3734336
3734389
3734426
3734442
3734460
3734487
3734493
3734556
3734561
3734647
3734650
3734665
3734682
3734706
3734749
3734768
3734794
3734879
3734892
3734981
3735021
3735033
3735070
3735085
3735122
3735158
3735167
3735174
3735190
3735227
3735262
3735307
3735361
3735399
3735400
3735413
3735425
3735448
3735497
3735526
3735587
3735615
3735623
3735664
3735677
3735696
3735718
3735737
3735779
3735829
3735831
3735847
3735924
3735938
3735946
3735952
3735980
3735991
3736018
3736037
3736043
3736079
3736107
3736128
3736135
3736156
3736161
3736183
3736268
3736270
3736342
3736355
3736360
3736378
3736387
3736393
3736424
3736446
3736525
3736532
3736548
3736554
3736569
3736581
3736608
3736627
3736639
3736662
3736686
3736731
3736747
3736765
3736815
3736830
3736859
3736864
3736945
3736958
3736990
3737034
3737078
3737093
3737116
3737129
3737131
3737173
3737248
3737254
3737269
3737276
3737305
3737320
3737366
3737384
3737427
3737462
3737471
3737506
3737521
3737585
3737646
3737652
3737663
3737680
3737744
3737783
3737799
3737867
3737889
3737923
3737930
3738016
3738031
3738065
3738082
3738098
3738119
3738134
3738142
3738160
3738178
3738193
3738218
3738251
3738266
3738325
3738332
3738376
3738381
3738397
3738411
3738422
3738436
3738445
3738489
3738524
3738591
3738670
3738685
3738702
3738723
3738741
3738788
3738840
3738862
3738895
3738910
3738935
3738956
3738972
3738999
3739022
3739058
3739067
3739106
3739210
3739228
3739272
3739327
3739386
3739416
3739431
3739447
3739465
3739482
3739515
3739588
3739596
3739619
3739626
3739642
3739655
3739660
3739724
3739738
3739752
3739780
3739791
3739813
3739832
3739854
3739869
3739966
3739984
3739992
3740023
3740041
3740059
3740077
3740113
3740125
3740132
3740154
3740229
3740247
3740298
3740309
3740317
3740324
3740346
3740380
3740391
3740428
3740456
3740461
3740472
3740483
3740503
3740590
3740618
3740620
3740643
3740684
3740692
3740727
3740753
3740786
3740795
3740812
3740821
3740833
3740849
3740870
3740894
3740919
3740926
3740934
3740942
3741027
3741039
3741071
3741086
3741095
3741109
3741175
3741223
3741241
3741288
3741303
3741367
3741389
3741401
3741426
3741442
3741478
3741528
3741561
3741631
3741647
3741665
3741706
3741721
3741749
3741757
3741768
3741805
3741818
3741837
3741884
3741892
3741954
3741976
3742038
3742063
3742139
3742162
3742186
3742195
3742203
3742211
3742222
3742236
3742245
3742289
3742290
3742315
3742359
3742437
3742451
3742479
3742547
3742550
3742565
3742582
3742628
3742635
3742713
3742732
3742797
3742826
3742860
3742887
3742949
3742985
3743018
3743037
3743066
3743144
3743172
3743199
3743206
3743212
3743221
3743270
3743285
3743294
3743319
3743326
3743334
3743360
3743387
3743409
3743417
3743424
3743475
3743480
3743500
3743525
3743569
3743597
3743640
3743653
3743662
3743695
3743716
3743782
3743798
3743815
3743823
3743830
3743859
3743864
3743877
3743945
3743967
3744013
3744025
3744032
3744076
3744097
3744115
3744123
3744130
3744159
3744188
3744196
3744224
3744238
3744252
3744329
3744365
3744382
3744398
3744433
3744470
3744485
3744494
3744566
3744579
3744636
3744689
3744690
3744734
3744793
3744856
3744883
3744927
3744986
3744995
3745001
3745019
3745026
3745034
3745087
3745129
3745131
3745165
3745198
3745213
3745225
3745269
3745320
3745337
3745379
3745384
3745427
3745440
3745486
3745495
3745570
3745609
3745617
3745624
3745663
3745680
3745691
3745707
3745710
3745756
3745761
3745772
3745836
3745867
3745874
3745889
3745890
3745902
3745923
3745930
3745977
3745996
3746007
3746028
3746044
3746056
3746072
3746083
3746099
3746105
3746120
3746137
3746143
3746179
3746234
3746260
3746287
3746306
3746349
3746394
3746423
3746430
3746459
3746496
3746595
3746625
3746648
3746669
3746736
3746774
3746846
3746875
3746904
3746929
3746947
3746950
3746998
3747006
3747012
3747021
3747049
3747070
3747122
3747208
3747214
3747227
3747239
3747271
3747295
3747328
3747344
3747356
3747425
3747448
3747469
3747481
3747501
3747519
3747578
3747587
3747615
3747630
3747688
3747696
3747751
3747784
3747792
3747831
3747847
3747865
3747898
3747909
3747917
3747938
3747946
3747975
3748022
3748045
3748058
3748121
3748149
3748157
3748168
3748170
3748235
3748261
3748314
3748339
3748429
3748447
3748465
3748482
3748498
3748523
3748541
3748619
3748642
3748660
3748717
3748780
3748800
3748848
3748876
3748905
3748918
3749029
3749031
3749065
3749073
3749098
3749142
3749160
3749178
3749237
3749243
3749300
3749332
3749348
3749354
3749403
3749411
3749467
3749538
3749575
3749580
3749606
3749702
3749730
3749741
3749764
3749777
3749895
3749935
3749961
3750018
3750037
3750051
3750092
3750144
3750156
3750161
3750301
3750360
3750393
3750417
3750446
3750475
3750525
3750639
3750671
3750686
3750731
3750750
3750773
3750830
3750841
3750864
3750888
3750896
3750903
3750911
3751004
3751016
3751047
3751050
3751119
3751134
3751193
3751205
3751220
3751237
3751243
3751266
3751292
3751325
3751332
3751354
3751411
3751445
3751458
3751474
3751489
3751490
3751538
3751575
3751580
3751591
3751657
3751668
3751685
3751694
3751715
3751730
3751759
3751808
3751827
3751853
3751862
3751910
3751956
3752026
3752078
3752104
3752129
3752147
3752173
3752225
3752269
3752305
3752379
3752392
3752427
3752486
3752521
3752557
3752570
3752585
3752624
3752638
3752663
3752675
3752735
3752772
3752836
3752867
3752889
3752890
3752930
3753008
3753062
3753124
3753152
3753163
3753191
3753202
3753223
3753230
3753241
3753264
3753296
3753303
3753358
3753367
3753374
3753390
3753419
3753434
3753510
3753528
3753583
3753599
3753616
3753647
3753650
3753673
3753682
3753749
3753818
3753843
3753879
3753900
3753913
3753925
3753969
3753981
3753997
3754010
3754028
3754166
3754184
3754201
3754219
3754234
3754287
3754306
3754312
3754321
3754333
3754357
3754385
3754402
3754415
3754441
3754459
3754527
3754539
3754540
3754562
3754571
3754586
3754613
3754648
3754669
3754681
3754697
3754703
3754711
3754745
3754809
3754817
3754838
3754846
3754863
3754875
3754880
3754904
3754916
3754929
3754931
3755003
3755045
3755149
3755168
3755228
3755235
3755244
3755261
3755339
3755353
3755362
3755431
3755588
3755626
3755655
3755660
3755678
3755724
3755738
3755763
3755825
3755832
3755848
3755905
3755918
3755943
3755951
3755966
3755992
3756009
3756017
3756063
3756091
3756108
3756139
3756140
3756153
3756195
3756222
3756258
3756302
3756315
3756405
3756420
3756443
3756484
3756504
3756516
3756565
3756573
3756598
3756610
3756628
3756644
3756672
3756754
3756826
3756834
3756842
3756855
3756860
3756878
3756887
3756912
3756921
3756994
3757041
3757100
3757113
3757132
3757176
3757181
3757197
3757229
3757231
3757265
3757273
3757298
3757309
3757317
3757407
3757428
3757435
3757456
3757472
3757522
3757536
3757558
3757605
3757618
3757620
3757643
3757666
3757679
3757684
3757708
3757714
3757795
3757806
3757849
3757868
3757885
3757894
3757919
3757926
3757934
3757942
3757955
3757993
3758013
3758048
3758076
3758081
3758097
3758102
3758238
3758275
3758316
3758329
3758365
3758406
3758412
3758449
3758468
3758494
3758520
3758543
3758551
3758584
3758636
3758658
3758667
3758674
3758689
3758701
3758726
3758778
3758807
3758835
3758856
3758883
3758899
3758914
3758939
3758940
3758953
3758962
3758986
3759012
3759033
3759057
3759068
3759085
3759103
3759111
3759136
3759167
3759227
3759295
3759307
3759328
3759335
3759344
3759356
3759361
3759413
3759425
3759432
3759448
3759454
3759481
3759501
3759519
3759555
3759560
3759587
3759659
3759696
3759718
3759720
3759737
3759751
3759766
3759792
3759804
3759816
3759865
3759924
3759938
3759952
3759963
3759980
3759991
3760008
3760039
3760053
3760062
3760109
3760146
3760163
3760175
3760180
3760191
3760202
3760230
3760277
3760311
3760336
3760345
3760389
3760390
3760478
3760487
3760493
3760535
3760544
3760561
3760629
3760665
3760673
3760682
3760698
3760706
3760712
3760721
3760749
3760768
3760818
3760851
3760866
3760884
3760954
3761006
3761049
3761057
3761070
3761094
3761103
3761122
3761136
3761174
3761227
3761253
3761271
3761295
3761307
3761335
3761361
3761372
3761400
3761425
3761454
3761476
3761481
3761542
3761555
3761615
3761623
3761659
3761664
3761677
3761688
3761743
3761751
3761766
3761850
3761865
3761909
3761917
3761924
3761938
3761963
3761980
3761991
3762003
3762067
3762074
3762106
3762121
3762133
3762149
3762168
3762170
3762235
3762261
3762272
3762308
3762314
3762386
3762429
3762447
3762450
3762465
3762530
3762559
3762564
3762577
3762678
3762709
3762738
3762763
3762813
3762825
3762832
3762876
3762966
3762979
3762984
3762992
3763004
3763029
3763031
3763082
3763187
3763193
3763218
3763243
3763251
3763266
3763313
3763332
3763376
3763397
3763422
3763489
3763509
3763524
3763538
3763552
3763575
3763580
3763606
3763621
3763649
3763657
3763668
3763715
3763723
3763741
3763827
3763853
3763871
3763886
3763895
3763935
3763956
3763999
3764009
3764024
3764046
3764063
3764108
3764139
3764162
3764195
3764211
3764222
3764258
3764267
3764289
3764290
3764315
3764323
3764330
3764359
3764377
3764405
3764418
3764437
3764466
3764484
3764550
3764598
3764628
3764699
3764700
3764725
3764748
3764776
3764855
3764957
3764968
3764985
3765000
3765013
3765032
3765048
3765069
3765076
3765102
3765130
3765141
3765209
3765217
3765224
3765291
3765316
3765329
3765331
3765347
3765350
3765365
3765421
3765470
3765543
3765603
3765611
3765636
3765658
3765667
3765674
3765689
3765690
3765726
3765734
3765755
3765807
3765856
3765861
3765908
3765914
3765939
3765940
3765953
3765986
3766034
3766042
3766060
3766078
3766131
3766147
3766150
3766200
3766225
3766232
3766254
3766276
3766305
3766343
3766366
3766384
3766427
3766439
3766471
3766486
3766521
3766549
3766675
3766691
3766728
3766735
3766756
3766799
3766845
3766858
3766930
3766941
3766959
3767005
3767018
3767020
3767084
3767092
3767107
3767110
3767172
3767199
3767206
3767221
3767233
3767326
3767355
3767438
3767446
3767452
3767475
3767491
3767532
3767639
3767704
3767731
3767765
3767773
3767802
3767830
3767888
3767922
3767989
3768028
3768035
3768044
3768056
3768061
3768083
3768120
3768137
3768151
3768184
3768219
3768234
3768242
3768255
3768321
3768349
3768385
3768394
3768488
3768496
3768508
3768539
3768562
3768625
3768745
3768767
3768790
3768838
3768852
3768880
3768891
3768916
3768931
3768950
3768965
3768998
3769002
3769023
3769030
3769041
3769113
3769148
3769247
3769250
3769282
3769298
3769309
3769346
3769352
3769363
3769375
3769391
3769407
3769410
3769461
3769503
3769545
3769574
3769590
3769618
3769620
3769637
3769643
3769666
3769679
3769708
3769771
3769786
3769795
3769849
3769868
3769870
3769885
3769926
3769955
3769960
3769987
3770007
3770028
3770056
3770072
3770143
3770151
3770166
3770184
3770201
3770219
3770255
3770260
3770287
3770333
3770357
3770385
3770415
3770430
3770441
3770477
3770488
3770496
3770527
3770562
3770586
3770595
3770648
3770654
3770676
3770697
3770722
3770745
3770774
3770817
3770838
3770846
3770863
3770875
3770880
3770891
3770904
3770916
3770931
3770950
3770982
3771058
3771067
3771106
3771149
3771194
3771210
3771235
3771272
3771299
3771327
3771395
3771429
3771431
3771450
3771502
3771523
3771577
3771588
3771619
3771634
3771746
3771775
3771800
3771825
3771848
3771881
3771905
3771918
3771937
3771951
3771966
3771992
3772006
3772012
3772033
3772049
3772068
3772085
3772103
3772111
3772158
3772189
3772190
3772227
3772239
3772271
3772310
3772328
3772335
3772344
3772372
3772383
3772400
3772469
3772497
3772501
3772519
3772526
3772534
3772593
3772641
3772677
3772688
3772705
3772720
3772779
3772792
3772831
3772850
3772909
3772917
3772946
3772980
3773000
3773013
3773032
3773048
3773102
3773123
3773130
3773141
3773188
3773246
3773275
3773304
3773329
3773347
3773350
3773373
3773406
3773449
3773468
3773518
3773579
3773592
3773611
3773622
3773645
3773667
3773726
3773742
3773778
3773793
3773828
3773835
3773844
3773914
3773927
3773940
3774018
3774043
3774051
3774079
3774135
3774172
3774212
3774257
3774268
3774285
3774301
3774334
3774360
3774424
3774446
3774491
3774500
3774532
3774554
3774581
3774597
3774614
3774653
3774662
3774686
3774695
3774704
3774747
3774750
3774773
3774782
3774815
3774823
3774841
3774859
3774896
3774967
3774989
3774990
3775016
3775101
3775119
3775187
3775193
3775218
3775220
3775237
3775251
3775325
3775332
3775354
3775381
3775436
3775445
3775458
3775467
3775489
3775517
3775546
3775606
3775657
3775668
3775685
3775702
3775723
3775730
3775741
3775759
3775764
3775796
3775827
3775839
3775840
3775862
3775886
3775910
3775961
3775999
3776002
3776077
3776113
3776125
3776132
3776176
3776181
3776197
3776204
3776231
3776273
3776298
3776324
3776352
3776375
3776380
3776410
3776435
3776444
3776456
3776461
3776472
3776483
3776522
3776536
3776558
3776590
3776651
3776679
3776692
3776708
3776786
3776812
3776849
3776885
3776942
3776987
3777017
3777075
3777114
3777127
3777139
3777153
3777162
3777211
3777274
3777289
3777302
3777315
3777330
3777364
3777377
3777405
3777420
3777443
3777451
3777466
3777529
3777531
3777550
3777565
3777598
3777610
3777672
3777713
3777754
3777860
3777912
3777933
3777957
3777985
3778014
3778039
3778040
3778062
3778071
3778095
3778146
3778163
3778175
3778180
3778191
3778202
3778215
3778223
3778241
3778288
3778296
3778311
3778336
3778358
3778367
3778374
3778419
3778455
3778487
3778528
3778535
3778544
3778604
3778629
3778631
3778665
3778673
3778698
3778721
3778733
3778749
3778757
3778770
3778843
3778851
3778879
3778913
3778948
3778976
3779019
3779026
3779060
3779087
3779150
3779165
3779173
3779182
3779200
3779213
3779225
3779254
3779269
3779297
3779305
3779318
3779379
3779384
3779392
3779427
3779440
3779495
3779533
3779549
3779594
3779646
3779707
3779710
3779735
3779756
3779783
3779803
3779811
3779836
3779867
3779874
3779902
3779915
3779923
3779930
3779959
3779964
3780025
3780076
3780097
3780102
3780115
3780141
3780159
3780188
3780246
3780280
3780316
3780373
3780382
3780398
3780406
3780412
3780468
3780470
3780505
3780543
3780551
3780566
3780584
3780658
3780667
3780674
3780701
3780726
3780734
3780807
3780828
3780835
3780844
3780856
3780861
3780899
3780908
3780971
3780986
3780995
3781019
3781034
3781078
3781087
3781150
3781182
3781213
3781225
3781232
3781254
3781281
3781379
3781427
3781440
3781453
3781462
3781549
3781557
3781594
3781609
3781617
3781638
3781663
3781675
3781680
3781707
3781710
3781744
3781772
3781783
3781845
3781890
3781902
3781915
3781923
3781977
3781988
3782029
3782031
3782065
3782082
3782098
3782142
3782155
3782160
3782205
3782218
3782251
3782332
3782376
3782397
3782403
3782467
3782552
3782591
3782612
3782621
3782668
3782694
3782741
3782808
3782839
3782853
3782862
3782871
3782972
3783011
3783036
3783074
3783089
3783090
3783106
3783112
3783121
3783133
3783194
3783228
3783244
3783299
3783308
3783340
3783362
3783371
3783386
3783416
3783465
3783482
3783515
3783541
3783564
3783619
3783626
3783634
3783642
3783717
3783724
3783752
3783791
3783813
3783832
3783848
3783854
3783876
3783918
3783920
3783943
3784030
3784041
3784059
3784077
3784096
3784216
3784273
3784282
3784298
3784309
3784317
3784324
3784380
3784391
3784410
3784444
3784461
3784472
3784545
3784567
3784574
3784589
3784590
3784620
3784637
3784679
3784692
3784708
3784727
3784739
3784753
3784771
3784786
3784812
3784821
3784849
3784857
3784894
3784901
3784926
3784955
3784960
3785008
3785014
3785027
3785039
3785071
3785117
3785138
3785146
3785175
3785202
3785223
3785288
3785345
3785358
3785367
3785426
3785434
3785442
3785455
3785460
3785487
3785583
3785604
3785629
3785682
3785733
3785749
3785757
3785805
3785837
3785843
3785866
3785879
3785884
3785932
3785954
3785976
3785981
3785997
3786012
3786033
3786122
3786158
3786167
3786239
3786240
3786262
3786271
3786307
3786344
3786399
3786413
3786454
3786476
3786534
3786542
3786555
3786560
3786602
3786615
3786630
3786659
3786664
3786688
3786696
3786720
3786737
3786743
3786751
3786766
3786784
3786831
3786909
3786924
3786946
3787044
3787105
3787120
3787166
3787312
3787349
3787357
3787368
3787370
3787385
3787459
3787488
3787514
3787539
3787571
3787586
3787600
3787654
3787676
3787722
3787736
3787758
3787774
3787790
3787809
3787846
3787852
3787875
3787916
3787965
3787982
3788005
3788018
3788037
3788043
3788084
3788107
3788128
3788135
3788144
3788206
3788221
3788233
3788294
3788301
3788342
3788355
3788378
3788446
3788480
3788491
3788500
3788532
3788548
3788554
3788569
3788639
3788716
3788729
3788773
3788782
3788798
3788830
3788896
3788922
3788936
3788967
3788989
3788990
3789017
3789075
3789080
3789108
3789114
3789140
3789186
3789203
3789211
3789222
3789258
3789274
3789289
3789323
3789330
3789364
3789377
3789396
3789420
3789443
3789466
3789479
3789516
3789573
3789598
3789607
3789644
3789656
3789661
3789683
3789725
3789748
3789801
3789834
3789842
3789860
3789878
3789893
3789906
3789912
3789949
3789957
3789994
3790022
3790106
3790133
3790168
3790185
3790210
3790244
3790256
3790299
3790327
3790431
3790450
3790465
3790482
3790498
3790515
3790559
3790564
3790588
3790601
3790634
3790642
3790655
3790709
3790763
3790800
3790848
3790854
3790869
3790876
3790897
3790920
3790951
3790979
3790992
3791038
3791063
3791075
3791211
3791274
3791290
3791364
3791396
3791405
3791418
3791437
3791443
3791484
3791504
3791582
3791607
3791628
3791644
3791661
3791672
3791683
3791699
3791700
3791748
3791781
3791819
3791842
3791860
3791878
3791887
3791893
3791906
3791912
3791970
3792008
3792039
3792040
3792062
3792071
3792109
3792124
3792152
3792163
3792202
3792296
3792303
3792367
3792374
3792401
3792426
3792434
3792442
3792460
3792478
3792487
3792507
3792535
3792556
3792561
3792604
3792631
3792650
3792665
3792706
3792733
3792749
3792757
3792866
3792892
3792913
3792969
3792976
3792997
3793001
3793026
3793060
3793087
3793104
3793116
3793129
3793147
3793150
3793182
3793200
3793248
3793281
3793305
3793320
3793343
3793379
3793392
3793462
3793495
3793533
3793568
3793594
3793609
3793638
3793652
3793675
3793707
3793744
3793761
3793811
3793836
3793845
3793902
3793915
3793923
3793930
3794006
3794057
3794111
3794122
3794136
3794145
3794189
3794190
3794208
3794227
3794240
3794286
3794361
3794372
3794399
3794413
3794432
3794534
3794542
3794560
3794602
3794615
3794623
3794630
3794659
3794677
3794696
3794737
3794743
3794784
3794804
3794816
3794829
3794847
3794882
3794898
3794909
3794938
3794946
3795018
3795020
3795037
3795043
3795079
3795092
3795135
3795144
3795156
3795172
3795183
3795199
3795206
3795212
3795221
3795233
3795249
3795257
3795268
3795319
3795334
3795342
3795417
3795424
3795452
3795463
3795475
3795480
3795576
3795695
3795729
3795747
3795773
3795798
3795823
3795859
3795896
3795911
3795922
3795989
3795990
3796031
3796065
3796073
3796082
3796101
3796126
3796155
3796187
3796218
3796237
3796284
3796332
3796348
3796411
3796490
3796509
3796517
3796552
3796591
3796649
3796657
3796668
3796685
3796694
3796702
3796715
3796730
3796741
3796759
3796764
3796777
3796814
3796827
3796839
3796853
3796895
3796907
3796956
3796999
3797076
3797196
3797280
3797316
3797329
3797331
3797365
3797433
3797457
3797485
3797505
3797520
3797537
3797543
3797592
3797611
3797645
3797674
3797689
3797701
3797719
3797760
3797778
3797787
3797793
3797828
3797861
3797872
3797908
3797939
3797953
3797986
3797995
3798002
3798023
3798059
3798064
3798113
3798125
3798148
3798154
3798169
3798181
3798197
3798229
3798247
3798282
3798298
3798309
3798324
3798352
3798391
3798428
3798444
3798456
3798472
3798483
3798499
3798574
3798618
3798620
3798643
3798651
3798692
3798708
3798740
3798786
3798812
3798849
3798919
3798926
3798942
3798955
3798978
3799028
3799035
3799056
3799099
3799105
3799118
3799151
3799184
3799201
3799287
3799312
3799321
3799333
3799349
3799368
3799370
3799415
3799423
3799441
3799459
3799464
3799477
3799496
3799508
3799527
3799539
3799540
3799586
3799669
3799681
3799789
3799863
3799875
3799880
3799904
3799916
3799929
3799947
3799973
3799982
