4907160
4907237
4907788
4907862
4910670
4911679
4911870
4912097
4912209
4913705
4913924
4914366
4917455
4925125
4925132
4925317
4926277
4926442
4927577
4927848
4928784
4929048
4929611
4930656
4930781
4931457
4931658
4933061
4933632
4933916
4934981
4936731
4936877
4939045
4940282
4940324
4941794
4942699
4946184
4946201
4946219
4946464
4946998
4947361
4950548
4951670
4952439
4952735
4954669
4954863
4955992
4957273
4957298
4957545
4957795
4958742
4961335
4963741
4964878
4966182
4966320
4966343
4966915
4967221
4968184
4968632
4970151
4970931
4971133
4972677
4973899
4975563
4975796
4977878
4978544
4979213
4979521
4981019
4981439
4983210
4983577
4987357
4988387
4989550
4990362
4991860
4993756
4996397
4997953
4998059
4999137
4999402
4999553
4999697
