4900240
4901233
4901532
4902703
4903978
4905162
4905289
4905405
4905672
4905842
4906000
4906275
4907266
4907292
4907369
4907796
4908042
4908811
4909053
4909223
4909805
4910591
4911282
4911298
4912778
4913049
4914248
4914305
4914675
4914772
4915293
4916170
4916832
4917805
4917866
4918203
4919301
4920379
4920594
4920691
4920803
4920811
4920822
4920959
4921306
4921540
4921767
4922161
4922823
4923405
4923683
4924546
4924808
4925885
4925894
4925987
4926954
4927523
4927738
4928111
4928476
4928766
4928792
4930091
4930364
4931421
4932894
4932934
4933260
4933600
4933809
4933973
4934264
4934794
4935804
4936452
4936911
4937269
4937281
4937646
4939003
4939121
4940176
4941820
4941866
4942573
4942635
4943548
4943581
4943653
4943823
4943841
4945104
4945150
4945512
4945811
4948235
4949538
4949657
4950043
4950221
4951348
4951983
4952557
4952568
4952570
4952845
4953401
4954736
4954875
4955003
4956748
4960426
4961167
4961469
4961641
4962308
4962395
4962404
4962709
4964492
4964598
4965953
4966858
4967233
4967409
4968625
4969282
4969666
4969849
4970571
4970600
4970863
4971058
4972136
4972167
4972946
4973076
4973470
4973537
4973674
4973755
4973939
4974257
4975777
4977610
4977819
4978528
4978805
4978837
4979198
4979495
4980658
4980690
4980719
4981060
4981822
4982956
4983157
4983431
4983465
4983473
4983825
4984375
4984435
4984574
4984993
4985374
4986677
4987745
4987774
4988144
4988156
4988393
4990022
4990404
4990416
4990596
4990992
4992561
4992879
4993822
4993930
4994737
4994779
4995750
4995815
4996031
4996300
4996796
4997097
4997102
4997778
4998148
4998352
4998618
4999007
4999028
4999625
4999891
