1281328
1281641
1284211
1284443
1284672
1285000
1285032
1285081
1285674
1286225
1286549
1286988
1287270
1287704
1288044
1288105
1288508
1288916
1290243
1291247
1292603
1292689
1292734
1293189
1293253
1293328
1294042
1294200
1294281
1294803
1295430
1296207
1296588
1298236
1298842
1299671
1299841
1308614
1311943
1312335
1312372
1312432
1313076
1314532
1315422
1316536
1316692
1316762
1318008
1318202
1318884
1319889
1319923
1320480
1322318
1323616
1323673
1324929
1325272
1325780
1326290
1326330
1326699
1328793
1328807
1328810
1329399
1330749
1331432
1331587
1331751
1332036
1332106
1335123
1335331
1336116
1336902
1338044
1338648
1338669
1338703
1339169
1340228
1340465
1341091
1341258
1341683
1342892
1343093
1343320
1344526
1345773
1346422
1346808
1347069
1347252
1347883
1348030
1349242
1349625
1349789
1349880
1350042
1350116
1350150
1350318
1351061
1351824
1352500
1352597
1353222
1353267
1353274
1354369
1354524
1354886
1355522
1356367
1356733
1357256
1357314
1357447
1358432
1358587
1358865
1360516
1360672
1361485
1361518
1361986
1362204
1362282
1362919
1363540
1364843
1365469
1365938
1366525
1366640
1366773
1368134
1368187
1368300
1369717
1369800
1369869
1370134
1370657
1370670
1370944
1371298
1371786
1371833
1372986
1373784
1373829
1374001
1374728
1374744
1374803
1374889
1375120
1375137
1375151
1375496
1375758
1377230
1377277
1377932
1379206
1379888
1379911
1380898
1381135
1381815
1382242
1383346
1383410
1383428
1384194
1384979
1385139
1385258
1385437
1385776
1385860
1386013
1386953
1387376
1388874
1389460
1389535
1390317
1390375
1390461
1390483
1391851
1393199
1393877
1394130
1396219
1396394
1396459
1396973
1397208
1398450
1398660
1399649
1400239
1400481
1400938
1401294
1401990
1402880
1404228
1404235
1404299
1404450
1404724
1405075
1407284
1407445
1408915
1410458
1410796
1412940
1413344
1414845
1415838
1416207
1416523
1416693
1417311
1418933
1419037
1419270
1419301
1419387
1420735
1422393
1422750
1423108
1423531
1423860
1424266
1424999
1425978
1426311
1426976
1427738
1428006
1428136
1428792
1429742
1430080
1430171
1430547
1430699
1432375
1432511
1433488
1434682
1434948
1434969
1436199
1436270
1437305
1437351
1437384
1437646
1438119
1438546
1438764
1439813
1439951
1441818
1443206
1443342
1445093
1445305
1446998
1447033
1447122
1447271
1448404
1448523
1448992
1450107
1450249
1450716
1451517
1451759
1451788
1451895
1452200
1452408
1453925
1454234
1454430
1454496
1455848
1456700
1456776
1457176
1458209
1458238
1458316
1458468
1458494
1458701
1459641
1459938
1459975
1461534
1461792
1462943
1463517
1463606
1464985
1465177
1465347
1465373
1466512
1466799
1467378
1467716
1467729
1468151
1468219
1468722
1469015
1469197
1469651
1469679
1469955
1470255
1470488
1471283
1471429
1472372
1473123
1473141
1473350
1473899
1474747
1475292
1475580
1475657
1476558
1477046
1477211
1478014
1478071
1478665
1478698
1479392
1480398
1480485
1480645
1480971
1481462
1482134
1482474
1484456
1484567
1484590
1484857
1484919
1485071
1485336
1485866
1486497
1486705
1487349
1487745
1487982
1488532
1488888
1489211
1490121
1491171
1491377
1492040
1492062
1492358
1492712
1492721
1494383
1495128
1495268
1495532
1715013
1716129
1717864
1718083
1718809
1719181
1719849
1719960
1720547
1721076
1721734
1721828
1722041
1722346
1723192
1723234
1724053
1724288
1725189
1725286
1726640
1726936
1728050
1728142
1728670
1729687
1730998
1731133
1732898
1733032
1733209
1733449
1733726
1733962
1735723
1736169
1736298
1736620
1736868
1738507
1738583
1738665
1739427
1741066
1741387
1744168
1745985
1746468
1746505
1746828
1747808
1747862
1748379
1749389
1749749
1749851
1750620
1750666
1750692
1751086
1751296
1753662
1755318
1756028
1756072
1756201
1756600
1757641
1757705
1760334
1760475
1760989
1761155
1761178
1761397
1761612
1761928
1762116
1762772
1762836
1762923
1764234
1764875
1767181
1769111
1770457
1771198
1773157
1774666
1775095
1775146
1775794
1777676
1778334
1778424
1778475
1779550
1780979
1780984
1781289
1781302
1783440
1783977
1784454
1786178
1786332
1786348
1787054
1791007
1791255
1791430
1791600
1791852
1792334
1793330
1793994
1794694
1795247
1796040
1796712
1799054
1799793
1799939
1800564
1802277
1803533
1803988
1804909
1805005
1805199
1806220
1806279
1806313
1807331
1807622
1808096
1810280
1810350
1810995
1811060
1811462
1811822
1812325
1812467
1812657
1813541
1813897
1814247
1814727
1815510
1815604
1815673
1815892
1816587
1817007
1817947
1818841
1819017
1819330
1820265
1820714
1821604
1822957
1823452
1823475
1823569
1824238
1824263
1824939
1825915
1825923
1825959
1826817
1827705
1828121
1828515
1828813
1829284
1830018
1830172
1830491
1830597
1833345
1833561
1833616
1833805
1833932
1834965
1835036
1835447
1835502
1835763
1836396
1837229
1837483
1837545
1837643
1838551
1839641
1839952
1840783
1840996
1841192
1841423
1842974
1843672
1844397
1846152
1846202
1846442
1847011
1848399
1848664
1849159
1849329
1849807
1850388
1850466
1851592
1852113
1853287
1853349
1855253
1855469
1855501
1855720
1856731
1857129
1858649
1858670
1859395
1859559
1860402
1860595
1860697
1861717
1862630
1864257
1864446
1864480
1865029
1865670
1865961
1866926
1867700
1868507
1868721
1868805
1871501
1871847
1871924
1873205
1874289
1874860
1875622
1876165
1877128
1877409
1877750
1877922
1878648
1878809
1879273
1879605
1880972
1881002
1882645
1882667
1882927
1882986
1883271
1883400
1884783
1884874
1885035
1886465
1886498
1886724
1886992
1887303
1887866
1888024
1888140
1888635
1889092
1889945
1890356
1890873
1892929
1894185
1894869
1897871
1898408
1898710
1900298
1901818
1902699
1902860
1905026
1905060
1906028
1906184
1906745
1907615
1907751
1908502
1908619
1909205
1909895
1910335
1910501
1910555
1913651
1914170
1914194
1914314
1914450
1914937
1916159
1917178
1917827
1917886
1918225
1918663
1919442
1919599
1920724
1920854
1921887
1921970
1923783
1924208
1924214
1924400
1925043
1925360
1925989
1927081
1927188
1928679
1929553
1929586
1929676
1930055
1930408
1930440
1931402
1931527
1931880
1933258
1934082
1934490
1935176
1935204
1935472
1936152
1936757
1937112
1937854
1938975
1940525
1940911
1940958
1942225
1942822
1943223
1943303
1943976
1946396
1946466
2173917
2174638
2174941
2176416
2176848
2177095
2179110
2179627
2181221
2181597
2181815
2182028
2182508
2182539
2182697
2182817
2183620
2183786
2183795
2183857
2184121
2184371
2184763
2184876
2185052
2185267
2185531
2185801
2186667
2186734
2187187
2187575
2187808
2190148
2190955
2192341
2192607
2192878
2194689
2194914
2199458
2202240
2202737
2203048
2203760
2204958
2205126
2207075
2207405
2209351
2210607
2212558
2212620
2212926
2213931
2214583
2215070
2216967
2217297
2217594
2219074
2219596
2219642
2220478
2220629
2220698
2220749
2221012
2221946
2222089
2222832
2222869
2222876
2223279
2223538
2224289
2224516
2225433
2225778
2226858
2227823
2228192
2228368
2228527
2228669
2228722
2228758
2230160
2230243
2230580
2231064
2232032
2233413
2233718
2233991
2235151
2236541
2236848
2237733
2237757
2239144
2239360
2239424
2240719
2242376
2244338
2245014
2245925
2246049
2246094
2246615
2247007
2247931
2252460
2254136
2255161
2255716
2255830
2256422
2257940
2258317
2258456
2259982
2261402
2261508
2262005
2262989
2264243
2264575
2267089
2267848
2267905
2269177
2270174
2270310
2270560
2271378
2272625
2273282
2273435
2274244
2274404
2275038
2275075
2275565
2275949
2277606
2277983
2278001
2278254
2278803
2279175
2279288
2279487
2279631
2279706
2279981
2280637
2281757
2281925
2282108
2283378
2283640
2285366
2286846
2287240
2287560
2287615
2288121
2288149
2288431
2288800
2290183
2290974
2291983
2292165
2292366
2292663
2293062
2293277
2293650
2293794
2294648
2295157
2295465
2296700
2297015
2297317
2301595
2303968
2304657
2306721
2307832
2308094
2308448
2308542
2309188
2309971
2311171
2311420
2312163
2312460
2313366
2313646
2315576
2315823
2317520
2318795
2319333
2319496
2320578
2322143
2322477
2323637
2323692
2324416
2324800
2325009
2326123
2327218
2328093
2329163
2330317
2330926
2330978
2331434
2331954
2333532
2334123
2335609
2336586
2336929
2338693
2338709
2339082
2340195
2340330
2340492
2340547
2340565
2340968
2341658
2342352
2342870
2343260
2343654
2344510
2345917
2349244
2350998
2351473
2351596
2352432
2352448
2352718
2352963
2353159
2353252
2353457
2353611
2354206
2354903
2358374
2358997
2359453
2359646
2360908
2361337
2363210
2363832
2365223
2365374
2366070
2366454
2366898
2367255
2368092
2368360
2368830
2369725
2369949
2371886
2372506
2373008
2373109
2373631
2374242
2374385
2374441
2374965
2375404
2376610
2376683
2376725
2377282
2377651
2378115
2378611
2379214
2380152
2380572
2380913
2381555
2381831
2382738
2383509
2384017
2384855
2385304
2388402
2388703
2389317
2389727
2389739
2389919
2390082
2390759
2391618
2392674
2392810
2393630
2393688
2395179
2396045
2396920
2397039
2397191
2397223
2397749
2399233
2400071
2402626
2403126
2403467
2403546
2403944
2404063
2405398
2407446
2407911
2408255
2408306
2408916
2409590
2410378
2410750
2410864
2411474
2411764
2412198
2412318
2412756
2413117
2413163
2413733
2413981
2415157
2415693
2416377
2416994
