2631774
2632043
2632249
2632974
2633038
2633573
2633732
2634050
2634935
2635154
2635522
2636322
2636374
2636712
2637596
2637876
2638094
2638898
2639304
2639505
2640018
2640581
2641403
2643805
2644402
2644711
2645626
2646565
2646878
2647849
2647901
2648329
2648584
2649659
2650039
2650336
2650749
2651372
2652244
2652979
2653220
2653251
2653354
2654565
2654933
2655217
2655939
2656506
2656744
2657199
2657859
2658965
2659298
2659391
2659472
2660840
2660871
2660956
2661407
2661894
2664858
2665255
2665880
2666918
2668933
2669270
2669765
2670635
2671000
2672015
2673179
2674303
2675136
2675208
2675356
2676172
2676424
2676475
2676532
2676729
2679112
2679951
2680179
2680226
2680703
2680846
2680891
2681058
2681498
2682068
2682335
2682476
2682816
2683412
2684360
2684859
2685082
2685300
2685956
2685961
2687024
2687091
2689761
2690246
2690622
2691521
2691675
2692218
2692972
2693791
2693813
2693869
2695146
2695805
2696792
2696850
2697312
2697459
2697790
2697929
2697973
2698206
2698268
2698360
2702198
2702594
2704540
2705106
2705244
2705876
2706364
2706644
2707100
2707169
2707483
2708719
2709383
2709469
2709630
2710352
2710456
2710684
2710795
2710894
2711202
2711913
2712466
2712769
2713922
2713958
2714209
2714579
2715609
2715691
2715996
2716099
2716105
2717938
2719649
2721225
2721379
2721384
2722621
2725296
2725712
2726122
2727632
2728782
2729171
2729418
2729656
2730848
2732146
2732442
2732631
2733147
2736445
2736633
2737537
2737719
2737810
2739774
2739998
2740109
2741448
2741784
2742003
2742541
2742775
2743101
2746453
2747233
2747731
2749064
2749684
2749727
2750458
2750886
2751605
2752883
2753068
2753307
2754131
2755496
2755539
2755790
2756022
2756395
2757040
2757277
2757535
2758203
2758405
2758516
2759005
2759438
2759695
2760432
2761704
2761911
2761990
2762056
2762287
2762496
2762508
2763410
2764067
2766701
2769175
2770533
2770617
2770728
2771255
2772525
2772614
2773529
2774065
2774538
2775375
2775499
2777752
2778696
2778975
2779329
2779592
2780970
2781252
2782762
2782821
2783044
2783459
2783477
2786446
2786695
2787988
2788458
2789564
2789832
2790184
2790789
2791905
2794378
2794480
2794671
2794936
2795279
2796059
2796231
2796942
2797479
2797754
2798487
2799858
2800017
2800635
2801263
2801373
2801883
2802472
2803863
2804544
2805208
2805615
2806161
2806233
2806257
2806452
2806773
2806864
2808886
2809746
2810034
2810078
2810772
2811151
2811201
2812765
2813547
2813968
2814606
2814814
2815901
2816389
2816599
2816981
2817036
2818432
2818963
2819102
2820031
2820575
2820777
2820961
2822000
2822457
2823033
2823174
2823659
2824305
2824772
2825143
2827053
2827884
2828017
2830068
2831409
2832044
2832234
2833708
2834473
2836159
2836470
2836485
2836566
2837552
2837983
2838414
2838512
2839027
2839175
2839288
2839556
2840166
2840184
2840904
2840973
2841687
2841832
2842227
2842991
2843927
2844554
2845490
2845796
2845983
2846511
2847323
2848805
2849129
2849836
2849915
2850331
2850373
2850927
2852292
2852403
2852591
2852649
2852788
2853693
2854100
2854352
2855358
2855721
2856784
2858823
2859203
2859396
2859672
2860194
2860256
2860687
2860869
2861211
2861359
2861878
2862794
2862954
