3103985
3103994
3104606
3104730
3105041
3105461
3105806
3105955
3107168
3108816
3110036
3110515
3110588
3110800
3111024
3111607
3111656
3112163
3112303
3112478
3113297
3113744
3114158
3114578
3115480
3115782
3116563
3116633
3116685
3116944
3117224
3117793
3117807
3118536
3119676
3120542
3121005
3121576
3122278
3122357
3124943
3125359
3127218
3128254
3128506
3128710
3128761
3129163
3129770
3131401
3131884
3132153
3132171
3132635
3133018
3133172
3134810
3135533
3137012
3137578
3138022
3138371
3139715
3141081
3141224
3141537
3141622
3141793
3142298
3142590
3142934
3144062
3144401
3144528
3145253
3145356
3145454
3146301
3146355
3146513
3146640
3147269
3148243
3148292
3150648
3151194
3152448
3152641
3153164
3154525
3154859
3155489
3156204
3156435
3156511
3156901
3157359
3159471
3160130
3161343
3162445
3163619
3165095
3166497
3167255
3167514
3169644
3169776
3169819
3169994
3170802
3170841
3171657
3171827
3171862
3172867
3174613
3174632
3175207
3175431
3175943
3176921
3177590
3178382
3178861
3179448
3179560
3180040
3180345
3180954
3181534
3181630
3182482
3182775
3183538
3184267
3186131
3187640
3188044
3190606
3190840
3190871
3191204
3194902
3196194
3196642
3197682
3198418
3198598
3198699
3198797
3199221
3199268
3199319
3199640
3200724
3200848
3201377
3201405
3201906
3205079
3205107
3205695
3206004
3206517
3206956
3207102
3207115
3207810
3208324
3208651
3208849
3209571
3210048
3211710
3213235
3213693
3213951
3213984
3214444
3216831
3217099
3217394
3217613
3218802
3218922
3220590
3221086
3221925
3222140
3224209
3225147
3225198
3226028
3226118
3226809
3226950
3227356
3228235
3228937
3229759
3230393
3233215
3233303
3233733
3233879
3234143
3235780
3235984
3236080
3236405
3236565
3236819
3237942
3238054
3238275
3238421
3238449
3238658
3238674
3239804
3240087
3240173
3240638
3241293
3244668
3244839
3244910
3245317
3245643
3245870
3246086
3248587
3249291
3249667
3249690
3251611
3252298
3253293
3254175
3254191
3254296
3254322
3254604
3254925
3255006
3255094
3257351
3257915
3258376
3258422
3258715
3259058
3259207
3259498
3260697
3260703
3260846
3261918
3262743
3262804
3262917
3263347
3264945
3265827
3267258
3267302
3268117
3268138
3268389
3268535
3269129
3269570
3269609
3270202
3270712
3271664
3271816
3271975
3272045
3273972
3274274
3275856
3276269
3276680
3276707
3276803
3277183
3277475
3277903
3278595
3279216
3281041
3281096
3281265
3281461
3282054
3282470
3282622
3282690
3282793
3282810
3283688
3284198
3284254
3284486
3285072
3285669
3286185
3286314
3287311
3288139
3288245
3288672
3288842
3289107
3289446
3290012
3290111
3290158
3290356
3291491
3291662
3292007
3292947
3292965
3293352
3293605
3294011
3294717
3295396
3295437
3295484
3296025
3296291
3297065
3297777
3298165
3298772
3299843
3300056
3300496
3300613
3301515
3301619
3301951
3302328
3304110
3304798
3304802
3305300
3306229
3306812
3307451
3307610
3308180
3309337
3310236
3310855
3311275
3311645
3312821
3313496
3314296
3315425
3317337
3317408
3319371
3319559
3319854
3320682
3320913
3320948
3321174
3321718
3321784
3321938
3322717
3323243
3324484
3324834
3325518
3327896
3328255
3328950
3329727
3330098
3332048
3333136
3333593
3334093
