3995886
3996282
3996589
3997245
3997315
3997754
3998616
3999533
3999710
4001086
4001426
4002186
4002565
4002933
4003183
4003393
4003936
4006151
4006293
4007831
4008089
4008655
4009538
4009788
4009839
4010033
4010158
4010356
4011249
4012767
4014022
4014473
4015024
4015582
4017134
4017759
4017956
4018343
4018351
4018964
4019117
4020170
4020634
4021038
4021479
4024189
4024602
4024882
4024938
4025750
4025765
4025967
4027658
4028926
4029846
4032084
4032480
4032532
4032686
4033323
4033479
4034862
4036820
4037058
4037482
4038779
4039246
4039760
4040500
4040525
4040945
4041702
4042521
4043455
4044192
4044676
4044774
4044973
4045045
4045588
4046797
4047265
4047812
4047894
4047987
4048883
4049049
4049122
4049615
4050892
4050976
4051400
4054887
4055485
4055872
4056585
4057378
4057548
4057627
4058514
4060999
4061216
4061231
4063103
4065745
4066943
4066979
4067175
4067241
4067259
4067976
4068046
4068479
4068492
4070108
4070683
4071123
4071719
4072901
4073929
4074163
4074389
4074712
4075208
4075214
4076084
4077811
4078300
4078741
4079709
4080083
4080595
4080758
4080809
4081194
4081596
4082307
4082850
4082975
4083421
4083518
4083551
4083755
4084773
4086113
4086435
4087573
4088599
4088820
4089646
4090316
4090382
4090658
4090927
4091761
4092126
4092633
4093404
4093465
4095583
4095599
4097184
4097226
4097459
4097809
4098417
4101577
4102253
4102659
4103421
4104233
4104387
4104958
4105840
4105956
4107315
4107860
4108572
4108851
4110222
4110970
4111048
4112380
4112522
4112955
4113061
4114138
4114389
4115262
4115413
4115946
4116233
4117104
4118142
4118381
4118403
4118445
4118935
4119775
4120014
4120202
4120556
4120616
4120925
4121555
4122642
4124289
4124781
4125347
4127922
4128385
4129410
4129567
4130155
4130612
4130788
4131708
4132382
4132622
4132940
4133751
4134617
4134761
4134889
4135875
4136256
4136979
4137095
4138377
4138921
4139608
4139614
4140209
4140760
4141129
4142073
4143498
4143709
4144605
4145095
4146829
4148409
4148640
4148731
4148989
4149323
4149341
4150530
4150800
4150813
4150920
4151127
4151912
4152374
4152493
4152969
4153495
4153988
4153996
4154021
4154743
4155161
4155257
4156119
4157579
4158806
4161711
4162206
4162830
4162974
4163091
4163162
4163341
4164029
4164205
4166215
4166223
4166900
4166976
4168425
4168718
4169097
4169719
4170136
4170145
4170898
4171043
4173618
4173833
4173955
4174791
4175063
4175598
4177029
4177126
4178087
4178557
4178867
4178902
4180380
4180901
4181223
4182009
4182162
4182330
4182781
4182855
4186600
4188854
4188937
4189436
4189606
4189621
4189764
4191702
4191764
4192663
4193455
4194321
4194809
4195905
4196359
4197229
4197407
4197812
4197868
4198485
4198914
4199356
4199413
4200038
4200186
4200529
4203201
4203846
4205816
4206257
4206576
4207150
4207200
4208474
4208796
4210320
4210366
4211863
4212475
4214546
4215077
4215942
4215955
4216117
4216146
4216721
4216820
4217157
4217897
4218737
4218784
4220474
4221618
4222457
4222645
4222807
4222883
4223094
4223372
4223519
4223641
4224281
4224320
4224638
4225998
4226314
4227556
4228341
4228396
4228443
4229911
4231729
4232028
4232415
4232767
4233806
4234308
4234450
4236159
4236470
4236667
4237050
4237886
4237999
