1000051
1000326
1001354
1002941
1003507
1004415
1004595
1004632
1006080
1008000
1008844
1008962
1009239
1010204
1012420
1012933
1015414
1015799
1016722
1017012
1017262
1017909
1017938
1018523
1019047
1019436
1019886
1020177
1020347
1022073
1022546
1022999
1024216
1025682
1026271
1026310
1026448
1027349
1027904
1028409
1028480
1028731
1028864
1029906
1030074
1030185
1031315
1033959
1034136
1034526
1034534
1034924
1035199
1035342
1036187
1037048
1037433
1038273
1038993
1039226
1039312
1039676
1040401
1040768
1041006
1041804
1042655
1042752
1043134
1043218
1043403
1045658
1046078
1047581
1048998
1049407
1050155
1050205
1050251
1050796
1050814
1053307
1053696
1053938
1054232
1054570
1055166
1055184
1055349
1055368
1055441
1055508
1057230
1058359
1058769
1059285
1059463
1060068
1061475
1061911
1062527
1062669
1062745
1063643
1063795
1063993
1064074
1064261
1064327
1064832
1065302
1065769
1065797
1066048
1067580
1067759
1068533
1068557
1068822
1068996
1070248
1070585
1070959
1071824
1072387
1073516
1074458
1074796
1078792
1079275
1079592
1080063
1081518
1081734
1082857
1083143
1084215
1084544
1084954
1085784
1086051
1086268
1086270
1086614
1086864
1088741
1092481
1092784
1093291
1093719
1094936
1095218
1096247
1096771
1096955
1097195
1098583
1098706
1099923
1099964
1100531
1101835
1103010
1103260
1103586
1105057
1106475
1107232
1107744
1108205
1108694
1108808
1108839
1109655
1111137
1111306
1111632
1113547
1114910
1115338
1115391
1115435
1116008
1116768
1116820
1117149
1117339
1117465
1118578
1118696
1118924
1119252
1119742
1120193
1120292
1120348
1120422
1120538
1121273
1121428
1122622
1123253
1123271
1123335
1123560
1123829
1124019
1124200
1124281
1124710
1125464
1126386
1126825
1127027
1127733
1128968
1129360
1129662
1130158
1131417
1135550
1136263
1136986
1137517
1137788
1137944
1138276
1138549
1139925
1140105
1140333
1140880
1141559
1142963
1142980
1143995
1144446
1144581
1144974
1144989
1146096
1147080
1147842
1148487
1149521
1149646
1150674
1151248
1151867
1152871
1153395
1153800
1153881
1153905
1154692
1154885
1154993
1158393
1159484
1160447
1160724
1161878
1162277
1163019
1163078
1163297
1164413
1164792
1166524
1168113
1168762
1168849
1168934
1169368
1169394
1170618
1171053
1173532
1173841
1174382
1174835
1174883
1175638
1176312
1177174
1177239
1177641
1177909
1178881
1179403
1179972
1180110
1180903
1182392
1183665
1183866
1186302
1186466
1187204
1187684
1187955
1188331
1189847
1190303
1191070
1191399
1191497
1192074
1193266
1193490
1193853
1194171
1194290
1194396
1194516
1195076
1195382
1195658
1195807
1196858
1197268
1198965
1238327
1238404
1239325
1240186
1240420
1242651
1242727
1243120
1243654
1245372
1245526
1247026
1247440
1247533
1249058
1249523
1250010
1250586
1250891
1251207
1251515
1251752
1251780
1253701
1254249
1254581
1254716
1255715
1256154
1259060
1260102
1260835
1261182
1261652
1262220
1263634
1264030
1264298
1264407
1264771
1265008
1266214
1267508
1267540
1268092
1268513
1268640
1269186
1270301
1270409
1270877
1271065
1271142
1271552
1273650
1273884
1275314
1276466
1277077
1278054
1278828
1278856
1278899
1279641
1280336
1280389
1280460
