1947942
1947978
1948238
1949335
1949952
1949975
1951070
1951136
1952450
1953029
1953220
1953279
1953422
1954195
1954405
1955645
1956087
1956594
1956959
1957513
1957841
1958904
1959410
1959753
1960403
1960657
1960935
1961247
1961679
1961795
1961901
1961919
1962520
1962584
1962701
1962971
1963057
1964213
1964680
1964867
1966353
1966979
1967163
1967487
1967698
1968017
1968222
1968504
1971141
1971421
1971551
1971810
1972708
1974599
1975158
1975399
1977042
1977638
1979431
1979752
1980368
1980697
1981619
1981984
1982158
1982214
1982534
1983505
1984877
1985047
1985218
1985715
1985895
1985910
1986806
1986885
1987302
1987834
1987994
1988900
1988981
1989408
1990252
1990275
1990433
1990658
1991026
1991248
1992354
1992788
1993168
1993431
1994346
1994363
1994503
1996070
1997973
1998233
1998393
1998958
2001206
2001747
2001990
2002099
2002255
2002539
2002809
2003100
2003197
2003352
2003643
2003901
2004022
2004314
2004746
2005388
2005713
2006069
2006382
2006636
2007490
2008060
2008675
2012592
2013615
2013847
2014384
2015681
2015824
2017202
2018672
2019092
2019199
2020182
2020414
2021035
2022936
2023443
2023610
2023893
2024467
2024910
2025059
2025204
2025536
2025739
2026345
2027577
2027979
2030797
2030994
2032637
2032692
2033118
2033488
2034682
2035214
2035400
2035882
2035938
2036285
2036294
2036463
2037594
2038218
2038376
2038538
2039709
2040059
2040545
2042443
2043257
2043608
2043653
2044102
2044449
2045225
2046973
2047103
2047784
2048090
2049694
2050268
2050409
2052232
2052594
2053223
2053969
2054179
2055473
2056933
2057317
2057708
2057993
2058433
2058861
2059850
2060455
2060712
2060851
2061924
2061963
2062133
2062235
2062371
2062943
2064024
2064437
2064466
2064887
2065130
2066512
2066646
2066889
2067360
2067823
2067974
2068496
2070083
2070947
2071228
2071272
2071299
2072924
2073406
2073690
2073908
2074581
2075862
2076545
2076589
2077009
2078572
2078616
2078647
2079959
2080130
2080188
2080457
2080505
2080658
2081471
2081772
2082546
2083523
2084298
2084567
2084714
2085493
2085805
2086262
2087846
2088576
2088581
2088729
2089949
2090340
2090530
2091466
2092561
2093276
2093384
2094239
2094497
2094593
2095110
2097159
2097316
2097382
2097537
2098410
2098589
2098679
2098942
2099648
2101026
2101034
2101858
2102300
2103775
2103832
2104002
2104574
2104868
2104901
2105616
2106085
2106295
2106542
2109153
2109573
2110226
2110632
2111185
2112593
2113141
2113350
2113734
2114043
2115668
2117114
2117127
2117801
2118442
2118794
2119060
2119822
2120597
2120782
2121612
2122131
2122521
2123367
2124010
2124061
2124368
2125003
2125780
2126531
2127346
2127833
2128940
2129413
2129720
2130027
2130277
2130712
2131208
2131946
2134492
2134635
2135196
2135457
2135579
2136439
2136440
2136811
2137051
2137249
2138083
2139503
2139567
2139679
2139714
2140577
2141644
2141683
2142109
2142805
2142997
2143453
2143923
2146220
2147081
2147252
2147291
2147667
2147914
2147971
2148753
2149056
2149697
2150225
2150568
2150594
2150902
2151711
2154956
2155567
2155955
2156086
2156223
2156892
2157022
2158262
2158784
2159719
2159734
2162002
2162282
2163654
2163931
2164749
2164818
2166128
2167165
2167392
2167427
2167783
2168490
2168657
2169416
2169693
2169791
2172115
2172793
