3334116
3336738
3337062
3338127
3339639
3339922
3340566
3342134
3342694
3343775
3343897
3344077
3344380
3345202
3345616
3345900
3345913
3345969
3346534
3346696
3347312
3348686
3348731
3348974
3349437
3350235
3350596
3351451
3351504
3351573
3351826
3352981
3353867
3354190
3354344
3354356
3355079
3355144
3355249
3355378
3356886
3357382
3357787
3358461
3358987
3359385
3360116
3360147
3360858
3361061
3361293
3361736
3362452
3363516
3364218
3364552
3367170
3367876
3369246
3369734
3369760
3370033
3370677
3371268
3371475
3371627
3372459
3372571
3373651
3374371
3374992
3375420
3375826
3376246
3377119
3377376
3377730
3377796
3377840
3378254
3378549
3378761
3380132
3380197
3380456
3380483
3381785
3381866
3382781
3383823
3383903
3384238
3384551
3384611
3384844
3386010
3386056
3386669
3386838
3386846
3387174
3387253
3387542
3387963
3390018
3390378
3390716
3391065
3391134
3391999
3392710
3393215
3393631
3396933
3397088
3398000
3399103
3400444
3400618
3402063
3402957
3404953
3405165
3406571
3406669
3406904
3407070
3408067
3408299
3408564
3410295
3410399
3410688
3410804
3410952
3411135
3411424
3412226
3412676
3413926
3413993
3414601
3414655
3414693
3415091
3415140
3415195
3415732
3416159
3416421
3416674
3416734
3416927
3418078
3418232
3419426
3421516
3421661
3421970
3422191
3423568
3423652
3423902
3424630
3424938
3425144
3425554
3425627
3425729
3425747
3425945
3426098
3426279
3426702
3427316
3427347
3429120
3429600
3430055
3431321
3431722
3431758
3431965
3432249
3432257
3433887
3436556
3436925
3438829
3439899
3440268
3440319
3440446
3440888
3441073
3441895
3443027
3443478
3444072
3444118
3444312
3444681
3444846
3445943
3447567
3448793
3448899
3449103
3449111
3449623
3451425
3451542
3451737
3451779
3451865
3452541
3452660
3452825
3453397
3454052
3454139
3454661
3454725
3455280
3455690
3455861
3456845
3457639
3459363
3459503
3459637
3459987
3460354
3460612
3460853
3461247
3461380
3461536
3464131
3464297
3465234
3465430
3465459
3465998
3467487
3468699
3470451
3470878
3471188
3471543
3472499
3472993
3473293
3473711
3475012
3475850
3476798
3477486
3477609
3478840
3479791
3481244
3481473
3481564
3481800
3482497
3482688
3482737
3482766
3484110
3484576
3484782
3484830
3485292
3485685
3486338
3486545
3486590
3487222
3487826
3487878
3488981
3489568
3489570
3490081
3490810
3491680
3492509
3492563
3493626
3493869
3494536
3495288
3495879
3496094
3496497
3496882
3496924
3497028
3497402
3498614
3498782
3498815
3499267
3499315
3499906
3499933
3500024
3500140
3500267
3500364
3500781
3500842
3502849
3503072
3503201
3503527
3503929
3504712
3505103
3505383
3507351
3508155
3508723
3508944
3509746
3511333
3511703
3511745
3512554
3513451
3513860
3514065
3514205
3514552
3514670
3514839
3514961
3515499
3515620
3515666
3515692
3515926
3516008
3516401
3516997
3518214
3519485
3519742
3519908
3520730
3521096
3521113
3522914
3523158
3524104
3524867
3525595
3525600
3525654
3528211
3528245
3528258
3528484
3529653
3529750
3530688
3531020
3534210
3534371
3534813
3536238
3537999
3538129
3539215
3539493
3539932
3540120
3540600
3540613
3541395
3541717
3543159
3543433
3545098
3545313
3545509
3545871
3546651
