4238131
4238150
4238756
4239478
4239706
4240553
4241299
4241450
4241832
4241869
4242938
4244128
4244199
4244653
4245004
4245155
4245474
4246692
4247323
4247451
4247769
4248095
4248866
4248925
4250164
4250592
4251617
4252251
4253228
4254849
4255528
4255665
4256094
4258513
4258569
4258695
4259046
4260724
4261484
4264519
4265569
4265662
4265830
4268250
4271008
4271336
4271556
4272396
4273084
4273199
4273729
4273747
4274000
4274164
4274611
4274861
4274953
4275001
4275646
4275735
4275941
4275964
4276459
4276508
4276973
4277262
4278011
4278327
4279119
4280110
4280480
4281134
4281649
4283389
4284496
4285011
4285149
4286748
4286985
4289705
4290152
4290712
4291448
4291873
4292832
4294153
4294203
4294274
4295246
4295971
4296281
4296351
4296691
4297424
4297731
4299739
4300003
4301834
4302109
4302117
4302419
4304158
4304208
4304664
4304720
4305084
4305480
4305686
4307449
4307835
4307914
4308125
4308352
4310069
4311200
4311533
4311923
4312685
4312839
4313207
4313244
4313559
4315008
4315191
4315358
4317118
4317143
4318922
4320229
4320503
4321900
4322052
4322302
4322330
4322672
4323199
4324209
4325060
4326028
4326464
4326838
4327946
4328106
4328210
4328905
4330823
4331633
4332078
4332104
4332996
4333175
4333544
4333572
4334648
4336046
4337023
4338861
4339057
4339587
4340728
4342221
4342233
4342686
4345064
4345410
4345428
4347596
4347619
4347642
4347966
4348310
4348454
4348501
4348816
4349097
4349280
4351246
4351734
4351861
4352833
4353669
4354336
4355882
4355917
4356206
4356360
4356393
4356417
4357165
4357453
4358552
4358621
4358694
4358910
4359897
4360293
4360809
4361395
4361746
4363159
4364765
4365354
4365575
4366125
4366204
4366435
4367063
4367139
4368528
4369486
4369867
4371189
4372157
4372340
4372642
4374451
4374547
4375097
4375520
4376337
4376440
4376783
4377249
4377294
4378035
4378255
4378790
4380436
4380796
4381456
4381461
4381870
4382645
4383214
4383399
4383560
4384087
4384638
4385105
4385600
4385654
4385863
4386022
4386261
4386687
4386738
4386780
4386825
4387071
4387109
4388195
4388531
4389532
4390335
4390963
4391576
4392488
4393978
4394465
4394559
4395656
4395878
4397031
4397187
4397606
4400243
4400266
4400284
4401265
4402449
4402551
4403882
4404165
4404297
4404646
4404691
4404836
4405982
4406168
4406523
4406832
4407556
4408211
4408912
4409326
4409532
4409750
4410109
4410202
4410629
4411057
4411240
4411882
4412431
4412447
4412642
4412854
4413119
4413759
4413808
4414038
4414819
4414906
4415238
4415291
4415520
4416173
4416343
4416351
4416761
4417491
4418028
4420484
4421275
4421485
4422002
4422692
4423143
4423477
4423947
4424604
4424851
4425240
4425413
4425448
4425924
4426729
4427343
4428243
4428670
4429541
4430056
4430736
4432831
4432850
4432963
4433603
4434172
4434815
4434990
4435853
4435886
4436346
4436714
4436955
4437080
4437396
4437842
4438124
4438264
4438426
4439182
4441128
4441409
4441500
4441614
4441896
4443511
4443574
4443795
4444133
4444559
4446263
4447047
4447853
4447983
4449389
4449673
4451843
4451954
4452479
4453233
4453671
4453750
4453877
4454810
4455104
4455198
4456357
4456586
4457587
4458588
4458943
4459788
4460270
4461369
4461552
4461840
4462646
4464916
