4898607
4899716
4899859
4899958
4902703
4903978
4905162
4905289
4905405
4905672
4905842
4906000
4906275
4907266
4907292
4907369
4907796
4908042
4908811
4909053
4909223
4909805
4910591
4911282
4911298
4912778
4914248
4914305
4914675
4914772
4915293
4916170
4916832
4917805
4917866
4918203
4919301
4920379
4920594
4920691
4920803
4920811
4920822
4920959
4921306
4921540
4921767
4922161
4922823
4923405
4923683
4924546
4924808
4925885
4925894
4925987
4926954
4927523
4927738
4928111
4928476
4928766
4930091
4930364
4931421
4932894
4932934
4933260
4933600
4933809
4933973
4934264
4934794
4935804
4936911
4937269
4937281
4937646
4939003
4939121
4940176
4941866
4942573
4942635
4943548
4943581
4943653
4943823
4943841
4945104
4945150
4945512
4945811
4948235
4949538
4949657
4950043
4950221
4951348
4951983
4952557
4952568
4952570
4952845
4953401
4954736
4954875
4955003
4956748
4960426
4961167
4961469
4961641
4962308
4962395
4962404
4962709
4964492
4964598
4965953
4966858
4967233
4967409
4968625
4969282
4969666
4969849
4970600
4970863
4971058
4972136
4972167
4972946
4973076
4973470
4973537
4973674
4973939
4974257
4975777
4977610
4977819
4978528
4978805
4978837
4979198
4979495
4980658
4980690
4980719
4981060
4981822
4982956
4983157
4983431
4983465
4983473
4983825
4984375
4984435
4984993
4985374
4986677
4987745
4987774
4988144
4988156
4988393
4990022
4990404
4990596
4990992
4992561
4992879
4993822
4993930
4994737
4994779
4995750
4995815
4996031
4996300
4996796
4997097
4997102
4997778
4998148
4998352
4998618
4999028
4999625
4999891
5000514
5000648
5000904
5001036
5001058
5001447
5001763
5002295
5002454
5002980
5003398
5003844
5004020
5004183
5006132
5006273
5006391
5007114
5008510
5008843
5008866
5010531
5011398
5011734
5011953
5012197
5012993
5013789
5013904
5014358
5014599
5014749
5014851
5015578
5016144
5016206
5017019
5017521
5018004
5018741
5020390
5020434
5020599
5020976
5022404
5022473
5022724
5026585
5027360
5027765
5029030
5029041
5030788
5031250
5031410
5031739
5032470
5033286
5033952
5034182
5035184
5035736
5036194
5036515
5037008
5037455
5038258
5038985
5039798
5042935
5042961
5043869
5044247
5044901
5045616
5045631
5045749
5048285
5048639
5048974
5048989
5049529
5049957
5050800
5052146
5052712
5053652
5054542
5054924
5056313
5056575
5057543
5058651
5059654
5060248
5062270
5062747
5062815
5063323
5063504
5064702
5064910
5065536
5065545
5066277
5067272
5067353
5068432
5069760
5070630
5072219
5073955
5074314
5075957
5077509
5077759
5078165
5078915
5079288
5079721
5079749
5079892
5080265
5080391
5080651
5081303
5081650
5082203
5083233
5083409
5085297
5085585
5085638
5085890
5086044
5087372
5087882
5088327
5089376
5089862
5090967
5092173
5092254
5092512
5092874
5094508
5095089
5095920
5096725
5096834
5096970
5097250
5097346
5097714
5097926
5098603
5098734
5099049
5099057
5099873
5101040
5101163
5101487
5102139
5102267
5104755
5104940
5105675
5106184
5106357
5107227
5107677
5108601
5108869
5109142
5109524
5109612
5109702
5109759
5109956
5110145
5111020
5111037
5111294
5111765
5113023
5113679
5114752
5116252
5116899
5117723
5117796
