3546857
3546942
3547127
3547203
3547573
3548712
3550097
3550861
3551001
3552218
3552445
3552961
3553564
3553854
3554926
3555478
3555913
3556307
3556792
3557044
3558475
3559236
3559921
3560170
3560541
3560854
3561451
3561921
3562345
3562851
3563297
3563462
3565084
3566524
3566668
3567457
3567883
3568870
3569357
3571086
3572529
3572906
3573864
3574939
3576349
3576613
3576676
3577816
3578693
3579509
3582165
3582343
3582549
3582959
3583086
3583561
3584496
3584711
3584838
3585876
3586108
3586139
3586418
3586699
3587435
3587692
3587753
3588899
3589085
3590336
3591497
3592045
3592314
3592693
3594075
3594236
3595755
3595844
3596182
3596617
3597092
3597128
3598370
3598496
3598539
3599545
3599620
3599637
3599993
3600284
3600348
3602054
3602382
3602449
3602856
3603804
3604116
3604269
3604512
3604691
3606045
3606133
3606362
3606660
3606775
3607215
3611012
3611295
3611555
3612559
3614776
3615013
3615032
3615518
3615939
3616343
3616744
3616836
3617393
3617750
3617911
3618846
3619868
3620075
3620114
3620748
3621365
3621971
3622317
3623234
3623703
3624040
3624682
3626974
3627453
3627617
3628029
3628119
3629133
3629775
3629800
3630488
3630774
3631067
3631185
3631800
3631832
3632021
3632310
3632623
3632641
3634446
3635155
3635187
3635348
3635436
3635907
3636197
3636273
3637075
3637484
3638572
3638712
3638954
3639638
3640057
3640122
3641653
3642118
3643605
3644011
3645504
3646844
3647218
3647928
3648129
3648173
3648392
3651884
3653491
3653877
3654032
3654494
3654971
3656496
3656916
3657664
3657882
3658881
3660257
3660491
3660773
3661411
3661983
3662200
3662495
3662617
3663419
3663510
3664151
3664312
3666114
3666162
3666171
3666289
3666531
3667363
3667727
3668025
3668141
3668883
3669615
3669784
3671131
3671756
3671902
3673157
3673404
3673791
3674503
3674590
3675455
3676534
3676938
3677357
3678107
3678257
3679700
3679893
3679994
3680244
3680655
3680920
3681009
3681063
3681364
3681418
3682288
3682851
3683570
3684103
3684909
3684952
3685020
3686047
3686205
3686243
3686546
3687398
3688282
3688894
3690680
3690710
3691357
3691586
3691736
3691947
3692823
3693063
3694098
3694777
3695064
3695574
3696296
3697090
3697185
3697371
3697800
3697881
3699316
3700720
3700898
3703132
3703589
3703821
3704905
3705492
3705797
3705855
3706347
3707332
3707381
3708512
3709665
3709785
3709818
3710467
3711511
3711942
3712025
3713012
3713578
3713615
3713630
3714129
3715790
3716256
3716920
3717040
3717138
3717241
3718127
3719161
3719491
3720116
3720318
3720379
3720756
3721184
3722581
3722967
3723108
3723236
3724411
3724668
3725567
3726785
3727340
3727951
3728720
3729252
3729520
3730405
3730547
3730672
3730842
3731520
3732231
3732708
3735189
3735310
3735560
3736212
3736750
3737147
3737756
3738047
3738354
3739235
3739283
3739951
3740511
3740740
3741434
3742672
3742748
3743128
3744742
3744971
3745366
3745585
3745822
3746540
3746916
3747253
3747664
3748207
3749376
3750079
3750212
3752060
3752318
3752594
3752691
3753604
3753820
3754061
3755404
3755416
3755619
3755897
3757204
3757352
3758188
3759253
3759705
3759882
3760138
3761975
3762541
3762780
3762918
3762920
3763237
3763369
3763808
3765159
3765188
