5318032
5318252
5318304
5319012
5319720
5319975
5320010
5320056
5320758
5321634
5321951
5322737
5325218
5325621
5326154
5326472
5327607
5328071
5328117
5328152
5328493
5329165
5330013
5330123
5330636
5332065
5332777
5332808
5333937
5334407
5334714
5334868
5335117
5335561
5336560
5336587
5337010
5337179
5337184
5338206
5338627
5338798
5338922
5338974
5339080
5339628
5340313
5341708
5343085
5343696
5345056
5345600
5345863
5345929
5346869
5347981
5348644
5349500
5350519
5351548
5351695
5351989
5353346
5353708
5353885
5354003
5354149
5354848
5354854
5355341
5356013
5357715
5358996
5359673
5361650
5361706
5362906
5363342
5363859
5364329
5364927
5365624
5365996
5366255
5366441
5367519
5367542
5368036
5368353
5368854
5370564
5370825
5372604
5372969
5374924
5375480
5375671
5376458
5376509
5376788
5376886
5378885
5379767
5380570
5380772
5381260
5381394
5381904
5381965
5383063
5383644
5383781
5384332
5384436
5385574
5385771
5385857
5385919
5386367
5389081
5389433
5389566
5389971
5391760
5392740
5392833
5393370
5393947
5394095
5395057
5397213
5397744
5400078
5400384
5401035
5402092
5403017
5404668
5406215
5407738
5408555
5408623
5409097
5409494
5409579
5411139
5412311
5413533
5413707
5414167
5414975
5415018
5415614
5415686
5415864
5415922
5416445
5416839
5417246
5417592
5417995
5418077
5418309
5418589
5420103
5420361
5421608
5421888
5422056
5423324
5423786
5424660
5424763
5425834
5425970
5426828
5427160
5427300
5427612
5428512
5428568
5428930
5428996
5430077
5430125
5430375
5430461
5430536
5431241
5431673
5432302
5432377
5433249
5433782
5436669
5436697
5437816
5438036
5438185
5438272
5438775
5438825
5439142
5439474
5439563
5439741
5440479
5440504
5440573
5441304
5442324
5442461
5443904
5444152
5444230
5445070
5445659
5447343
5448016
5448073
5448509
5449185
5450441
5451327
5452068
5452383
5452587
5452641
5452991
5453238
5453263
5453611
5454798
5455397
5455422
5456483
5456567
5456868
5457017
5459440
5459691
5461042
5461129
5461652
5462764
5462999
5463299
5464651
5464919
5466501
5466560
5467368
5467477
5468319
5468417
5468500
5468576
5470513
5471563
5474061
5474648
5476267
5477154
5478159
5478939
5479448
5479476
5479659
5480794
5481602
5481865
5481980
5482185
5482327
5482738
5482780
5484388
5484635
5484906
5485365
5486129
5486803
5487360
5488333
5488669
5489428
5489456
5490685
5491870
5492485
5492579
5493208
5494060
5494585
5494923
5495357
5495562
5495875
5496577
5498610
5499438
5499500
5501029
5501237
5502269
5502691
5502707
5503345
5503358
5505395
5505515
5505775
5506139
5507077
5507762
5507795
5508177
5508406
5509033
5509784
5510059
5510346
5510894
5511202
5511892
5512017
5512091
5512529
5512573
5512700
5512826
5513765
5513830
5515772
5515803
5516143
5516385
5517012
5517356
5518074
5518308
5518717
5518951
5518984
5519220
5520689
5521060
5521318
5521570
5521710
5521988
5523327
5524113
5524229
5524250
5527010
5527477
5527600
5527654
5527736
5527916
5528896
5529565
5529635
5531550
5532175
5532180
5532733
5533453
5533707
5534873
5535342
5535704
5535945
5536928
5537485
5538088
5538309
5538407
5538620
5538868
5540322
5540805
5540981
5541111
5541448
5541534
5541718
5543155
5545787
