3766001
3766093
3767877
3769216
3770099
3771693
3771791
3772253
3772743
3773658
3773719
3774513
3774548
3775160
3775300
3776247
3776346
3777437
3780217
3781042
3781165
3781414
3782895
3784002
3784176
3784684
3785241
3786501
3787083
3787697
3787838
3787950
3788183
3788268
3788877
3789162
3790752
3791258
3792241
3793680
3794253
3794865
3795548
3796279
3796808
3798380
3798589
3798960
3800551
3801845
3802325
3805109
3806167
3806425
3806526
3806850
3807166
3807306
3807540
3807722
3808424
3809661
3811168
3811395
3812560
3812924
3813470
3815944
3816077
3816125
3816282
3816753
3816942
3817267
3817644
3817819
3818230
3819427
3820491
3820554
3820597
3820704
3820864
3820877
3820936
3822337
3822408
3822440
3822471
3822959
3823434
3823599
3823805
3824137
3824201
3824293
3825272
3825655
3825738
3826529
3827088
3828224
3829122
3830390
3830572
3830925
3831952
3833509
3834211
3834479
3834713
3834781
3835291
3836276
3836343
3836506
3836707
3837270
3837695
3838099
3838982
3839250
3839762
3840746
3840780
3840920
3841063
3841211
3841878
3842442
3842544
3842749
3842770
3843320
3843379
3844335
3844615
3844784
3845066
3845409
3845922
3846243
3846668
3849648
3850026
3850890
3851904
3852500
3852911
3853801
3854325
3854489
3856223
3856932
3857058
3857314
3858804
3859939
3861645
3861899
3862176
3863072
3863852
3864698
3864851
3865085
3865190
3865372
3867570
3867761
3867988
3869228
3869502
3869813
3870155
3870292
3870325
3870422
3870685
3871231
3872667
3873560
3873882
3874756
3875044
3876022
3876170
3877460
3878315
3878405
3879043
3879257
3879936
3880829
3881525
3881896
3881911
3883428
3883589
3885009
3885052
3886690
3886995
3887715
3888512
3888707
3888744
3889900
3889997
3890096
3890176
3890536
3890806
3891434
3892330
3892550
3894622
3894872
3895680
3896201
3897094
3897136
3897501
3898429
3898482
3898541
3900199
3900532
3900608
3900662
3901004
3901073
3901354
3903358
3903493
3906492
3906550
3906582
3906842
3908331
3908927
3909174
3909240
3909847
3910100
3910346
3910590
3910740
3911095
3912912
3914032
3915568
3915691
3916255
3916929
3917049
3917307
3918984
3919381
3920645
3921453
3922101
3922376
3922621
3922759
3922956
3923763
3923780
3924618
3926239
3926383
3926991
3927010
3927965
3928731
3929127
3929437
3929492
3930210
3930283
3930327
3930626
3931289
3933104
3933638
3933744
3934602
3935268
3935614
3935888
3935974
3936101
3937054
3938978
3939072
3939402
3940117
3941286
3941641
3941743
3941831
3941898
3941938
3942112
3942168
3942170
3942642
3943098
3944341
3945518
3946305
3946384
3946930
3947802
3948105
3949100
3951870
3952457
3953555
3954001
3954453
3954609
3954858
3955242
3955430
3956780
3957039
3958108
3960021
3960103
3960122
3961161
3961221
3961424
3961911
3962007
3962891
3962929
3963197
3963375
3963740
3964235
3964353
3964897
3966159
3966449
3966485
3966543
3967538
3967723
3968384
3968858
3969040
3969544
3969749
3969892
3970414
3970549
3970803
3971287
3971595
3971632
3974050
3974827
3975806
3976572
3979382
3980024
3980091
3980405
3980672
3981953
3982059
3983201
3983711
3983736
3984014
3984925
3985344
3985659
3985963
3986417
3988886
3989170
3989207
3989655
3993097
3993263
3993543
3993742
3993861
3994614
3994695
