2173174
2173917
2174173
2174638
2174941
2176121
2176416
2176848
2177095
2179110
2179627
2181221
2181597
2181815
2181823
2182028
2182508
2182539
2182697
2182817
2183620
2183786
2183795
2183857
2184121
2184371
2184763
2184876
2185052
2185267
2185531
2185801
2186667
2186734
2187187
2187575
2187808
2188617
2190148
2190955
2192341
2192607
2192878
2193608
2194689
2194914
2196891
2197307
2199458
2202240
2202737
2203048
2203726
2203760
2204387
2204958
2205126
2207075
2207405
2208535
2209351
2210607
2212558
2212620
2212926
2213931
2214583
2215070
2216967
2217297
2217414
2217594
2218332
2218606
2219074
2219596
2219642
2220478
2220629
2220698
2220749
2221012
2221946
2222089
2222832
2222869
2222876
2223279
2223538
2224289
2224516
2225433
2225778
2226858
2227823
2228192
2228368
2228527
2228613
2228669
2228722
2228758
2229651
2230160
2230243
2230580
2231064
2231483
2232032
2233413
2233718
2233991
2234822
2235151
2236541
2236848
2237733
2237757
2239144
2239360
2239424
2240719
2242376
2244338
2245014
2245389
2245925
2246049
2246094
2246615
2247007
2247931
2249364
2252460
2252561
2252794
2254136
2255161
2255393
2255716
2255830
2256422
2257940
2258317
2258456
2259982
2261099
2261402
2261508
2262005
2262989
2264243
2264575
2267089
2267848
2267905
2269177
2270174
2270310
2270560
2271378
2272625
2273282
2273435
2274244
2274404
2275038
2275075
2275565
2275949
2277606
2277983
2278001
2278254
2278803
2279175
2279288
2279487
2279631
2279706
2279981
2280637
2281757
2281925
2282108
2283378
2283640
2285366
2286846
2287240
2287560
2287615
2288121
2288149
2288431
2288800
2290183
2290974
2291983
2292165
2292366
2292663
2293062
2293277
2293650
2293794
2294648
2295157
2295465
2296700
2297015
2297317
2301595
2303968
2304657
2306721
2307832
2308094
2308448
2308542
2309188
2309971
2311171
2311420
2312163
2312460
2313366
2313646
2315576
2315823
2317520
2318795
2319333
2319496
2320578
2322143
2322477
2323637
2323692
2324416
2324800
2325009
2326123
2327218
2328093
2328427
2329163
2330317
2330926
2330978
2331434
2331954
2333532
2334123
2335568
2335609
2336586
2336929
2338693
2338709
2339082
2340195
2340330
2340492
2340547
2340565
2340968
2341658
2342352
2342870
2343260
2343654
2344510
2345917
2346815
2347624
2349244
2350998
2351473
2351596
2352432
2352448
2352718
2352963
2353159
2353252
2353457
2353611
2354206
2354903
2355029
2358374
2358997
2359453
2359646
2360908
2361337
2363210
2363832
2365223
2365374
2366070
2366454
2366898
2367255
2368092
2368360
2368830
2369725
2369949
2371886
2372506
2373008
2373109
2373631
2374242
2374385
2374441
2374965
2375404
2376610
2376683
2376725
2377282
2377651
2378115
2378611
2379214
2380124
2380152
2380572
2380913
2381555
2381831
2382738
2383509
2384017
2384855
2385304
2386182
2388402
2388703
2389317
2389727
2389739
2389919
2390082
2390759
2391618
2392674
2392810
2393630
2393688
2394104
2395179
2396045
2396920
2397039
2397191
2397223
2397749
2399233
2400071
2402626
2403126
2403467
2403546
2403944
2404063
2405398
2407446
2407911
2408255
2408306
2408916
2409590
2410378
2410750
2410864
2411474
2411764
2412198
2412318
2412440
2412756
2413117
2413163
2413733
2413981
2415157
2415693
2416377
2416994
