2863557
2864335
2864432
2864630
2864688
2864850
2865409
2866403
2866853
2867755
2867807
2868444
2868849
2871528
2872046
2872080
2872139
2873110
2874382
2874603
2874899
2875570
2876044
2876508
2878235
2879827
2880393
2880686
2880731
2880798
2880896
2882104
2882254
2882366
2882557
2882761
2882858
2882902
2883442
2883892
2883925
2884415
2884654
2884891
2885465
2885905
2886699
2888076
2888689
2888962
2889068
2889361
2889696
2889705
2890665
2891623
2892112
2892157
2892185
2892979
2893187
2894222
2894236
2894302
2894582
2895883
2896440
2896549
2897424
2898035
2898613
2898998
2899204
2900325
2902787
2903718
2904568
2905880
2906133
2906207
2906498
2907997
2908451
2908985
2909731
2909841
2909859
2909888
2911190
2912089
2914855
2915726
2916320
2917990
2918464
2918586
2918632
2921883
2923242
2924493
2925400
2926156
2926888
2927129
2927173
2927318
2927977
2927996
2928827
2929210
2929314
2930790
2931693
2932630
2932882
2934747
2935935
2936309
2936522
2936885
2937364
2938311
2938510
2940873
2941051
2941513
2941823
2941911
2943181
2944314
2945052
2945274
2945834
2946246
2946793
2946828
2947490
2948087
2948495
2948506
2948867
2949040
2949146
2949682
2949976
2951419
2952781
2953005
2953326
2955440
2956562
2956613
2956875
2956965
2957262
2957413
2958951
2959029
2959332
2959871
2960548
2960716
2960750
2960922
2960974
2960990
2963230
2963599
2964539
2965800
2965825
2966127
2966479
2967030
2967363
2968252
2969454
2970209
2971001
2971930
2972187
2973371
2973465
2973813
2974204
2974346
2975163
2976094
2977669
2978716
2978945
2979046
2979330
2979364
2980693
2981080
2982389
2982954
2983320
2983890
2984497
2984696
2985782
2986134
2988618
2992020
2992319
2992798
2994016
2994237
2996820
2997327
2997482
2997775
2997984
2998344
2999494
3001593
3002724
3002881
3002979
3003004
3003764
3005872
3005883
3006232
3006512
3007452
3008863
3009282
3009309
3009567
3010051
3010716
3012521
3013277
3013390
3014745
3015596
3015984
3016906
3017708
3018217
3018927
3019873
3019909
3019980
3020007
3020010
3020201
3020838
3022049
3023130
3023551
3024199
3024334
3024475
3024877
3025029
3025284
3025910
3026002
3026407
3026522
3027607
3027628
3028913
3028925
3029941
3030579
3030636
3030667
3030908
3031269
3031305
3031453
3032016
3032839
3034100
3034229
3034247
3035487
3036413
3036555
3036593
3036743
3037192
3037681
3038765
3039323
3039582
3040348
3040796
3041428
3041618
3041727
3042787
3042807
3043021
3044131
3044889
3046089
3046920
3047040
3047712
3047879
3049765
3050344
3050792
3051342
3052242
3053679
3055289
3055418
3055565
3055610
3056350
3056726
3056793
3057524
3057741
3058150
3058772
3059434
3059843
3059997
3060901
3060955
3061138
3061507
3061866
3062195
3062912
3063066
3063513
3063581
3064470
3064719
3065557
3068157
3068984
3070502
3071388
3071855
3071893
3075841
3076193
3076279
3076284
3076411
3077188
3077449
3077603
3078456
3078684
3078987
3079562
3081488
3082653
3082765
3084871
3085273
3085536
3085955
3087881
3089537
3089690
3090052
3090451
3090700
3090842
3091177
3092483
3092590
3092740
3093028
3093402
3093527
3093586
3093950
3094712
3097093
3097707
3098467
3099089
3100439
3100440
3102475
3103052
3103114
3103315
3103968
