4666551
4668165
4668297
4668941
4669109
4669146
4670889
4672438
4675176
4675380
4675461
4675714
4676997
4677724
4677813
4678425
4678555
4679141
4679398
4679485
4679807
4680171
4681115
4681382
4683056
4683817
4684241
4684682
4685174
4685743
4685963
4686018
4686393
4686877
4687744
4688467
4688935
4689404
4689634
4690441
4690790
4691431
4692602
4692688
4693209
4693883
4694233
4694695
4696620
4697550
4698892
4698932
4699198
4699609
4700969
4703050
4703668
4704573
4704656
4705069
4705398
4705622
4706756
4706761
4707569
4709096
4709714
4710270
4711218
4711961
4712462
4712803
4712836
4712867
4713583
4714654
4715045
4715596
4715791
4716834
4717309
4718433
4718690
4719189
4720368
4720423
4720824
4720916
4722158
4722344
4722587
4722847
4724249
4724446
4724513
4724989
4725411
4725517
4725764
4726643
4726708
4726978
4727364
4727826
4728631
4728733
4728913
4729182
4729923
4730097
4730373
4731392
4731889
4732839
4733168
4733577
4736975
4737477
4739258
4739699
4741363
4743909
4744521
4745613
4746943
4747202
4747556
4748359
4748582
4748610
4749438
4749480
4749614
4750469
4750555
4750737
4751378
4751393
4751554
4752010
4753380
4754045
4754185
4754800
4754848
4755046
4756000
4756329
4756518
4756622
4757126
4757218
4759288
4760181
4760919
4761932
4762302
4762607
4762699
4763092
4763798
4763888
4764347
4764645
4764856
4764914
4765225
4765320
4765959
4766312
4768523
4768642
4769031
4770693
4770709
4770943
4771420
4772367
4772805
4773594
4774307
4774481
4774946
4775815
4776580
4776796
4776983
4777159
4777449
4777787
4777899
4778771
4778849
4779790
4779982
4780305
4780379
4780408
4780609
4781349
4782270
4783162
4785154
4785461
4785795
4785857
4786455
4787011
4787327
4787371
4787876
4788307
4788792
4789081
4789159
4789246
4789537
4790565
4790672
4792088
4792273
4792679
4792806
4793488
4793809
4794180
4795829
4796500
4796859
4798266
4798723
4798910
4800042
4800351
4800408
4801931
4802841
4804332
4804474
4805096
4805407
4807465
4807693
4808085
4808189
4808372
4809252
4809872
4810596
4811153
4812288
4812673
4812712
4814103
4814688
4815491
4815945
4816788
4817962
4818015
4818273
4818391
4818978
4820094
4820766
4821554
4821967
4822105
4822370
4823204
4823444
4823987
4825091
4825171
4825405
4825418
4826196
4827524
4827961
4829259
4830148
4830282
4831673
4831770
4831794
4832009
4832195
4832236
4832516
4832656
4833911
4834177
4835471
4837372
4837501
4837975
4838121
4838920
4839160
4839354
4839458
4839606
4839972
4840573
4840819
4841164
4843120
4843681
4843824
4844843
4845111
4845519
4846285
4846841
4847269
4847351
4847392
4847889
4848205
4848741
4849299
4849502
4850625
4850676
4850758
4851272
4851854
4852952
4853485
4854018
4854342
4854830
4855759
4856363
4856919
4857418
4857949
4858650
4858770
4858892
4861772
4862082
4862649
4862827
4863045
4864247
4864483
4864857
4865071
4865202
4865374
4868671
4868945
4869052
4869162
4870378
4870864
4871292
4873805
4874703
4874965
4875876
4876396
4876405
4879021
4879399
4879946
4880039
4880419
4880631
4880665
4882210
4883524
4886867
4886874
4887532
4888010
4890300
4890621
4891216
4891346
4891684
4891786
4891812
4895488
4895676
4895697
4895774
4895809
4896261
4897296
4898186
