5200033
5200057
5200068
5200085
5200094
5200103
5200111
5200158
5200167
5200190
5200214
5200240
5200253
5200262
5200286
5200361
5200372
5200383
5200399
5200400
5200454
5200481
5200501
5200519
5200555
5200593
5200615
5200659
5200677
5200688
5200696
5200705
5200743
5200766
5200784
5200829
5200847
5200850
5200865
5200924
5200946
5200975
5200991
5201005
5201066
5201079
5201084
5201107
5201128
5201135
5201161
5201206
5201212
5201249
5201270
5201294
5201342
5201355
5201378
5201387
5201393
5201438
5201452
5201491
5201532
5201576
5201581
5201597
5201639
5201640
5201653
5201662
5201671
5201729
5201747
5201750
5201773
5201815
5201823
5201830
5201841
5201903
5201936
5201945
5201974
5202028
5202035
5202056
5202061
5202099
5202118
5202166
5202219
5202234
5202242
5202287
5202293
5202357
5202368
5202385
5202394
5202441
5202496
5202539
5202540
5202600
5202648
5202676
5202681
5202697
5202703
5202711
5202722
5202736
5202767
5202789
5202790
5202809
5202838
5202846
5202880
5202973
5202982
5202998
5203015
5203030
5203088
5203125
5203154
5203216
5203247
5203273
5203282
5203324
5203338
5203352
5203391
5203410
5203444
5203461
5203472
5203483
5203511
5203567
5203589
5203590
5203620
5203651
5203666
5203679
5203684
5203708
5203714
5203727
5203762
5203771
5203786
5203795
5203812
5203849
5203885
5203919
5203934
5203960
5203978
5203993
5204011
5204036
5204112
5204121
5204168
5204170
5204207
5204210
5204235
5204244
5204339
5204353
5204450
5204465
5204473
5204498
5204515
5204523
5204530
5204577
5204588
5204596
5204619
5204642
5204660
5204687
5204693
5204724
5204813
5204869
5204897
5204920
5204951
5204984
5204992
5205009
5205024
5205046
5205075
5205080
5205114
5205139
5205162
5205171
5205222
5205245
5205258
5205274
5205323
5205330
5205341
5205359
5205364
5205396
5205418
5205420
5205451
5205479
5205492
5205547
5205550
5205573
5205607
5205610
5205628
5205635
5205661
5205672
5205748
5205769
5205781
5205878
5205887
5205893
5205968
5206000
5206025
5206069
5206102
5206123
5206164
5206196
5206209
5206217
5206238
5206280
5206291
5206331
5206365
5206382
5206398
5206433
5206449
5206468
5206505
5206520
5206543
5206579
5206592
5206603
5206658
5206719
5206734
5206742
5206760
5206787
5206844
5206861
5206883
5206908
5206940
5206953
5206971
5206986
5207004
5207031
5207065
5207073
5207101
5207119
5207126
5207134
5207160
5207218
5207220
5207237
5207279
5207313
5207332
5207348
5207369
5207381
5207422
5207436
5207445
5207458
5207467
5207490
5207509
5207538
5207546
5207552
5207580
5207591
5207657
5207685
5207715
5207730
5207759
5207814
5207827
5207853
5207862
5207886
5207910
5207935
5207944
5207983
5207999
5208055
5208060
5208078
5208093
5208129
5208131
5208147
5208165
5208182
5208198
5208200
5208213
5208232
5208248
5208269
5208297
5208318
5208343
5208351
5208384
5208392
5208439
5208440
5208585
5208594
5208624
5208646
5208652
5208663
5208675
5208691
5208710
5208735
5208744
5208772
5208799
5208811
5208836
5208858
5208889
5208923
5208988
5209027
5209039
5209086
5209117
5209152
5209163
5209215
5209230
5209241
5209296
5209345
5209358
5209389
5209401
5209419
5209434
5209507
5209528
5209561
5209650
5209665
5209721
5209733
5209768
5209805
5209866
5209900
5209997
5210016
5210047
5210050
5210065
5210073
5210098
5210126
5210142
5210218
5210279
5210300
5210332
5210354
5210445
5210474
5210489
5210490
5210509
5210524
5210538
5210546
5210606
5210612
5210621
5210668
5210670
5210685
5210715
5210730
5210777
5210788
5210796
5210808
5210814
5210840
5210886
5210910
5210928
5210935
5210972
5211002
5211023
5211064
5211088
5211132
5211154
5211176
5211204
5211216
5211229
5211231
5211247
5211265
5211298
5211317
5211338
5211346
5211391
5211410
5211428
5211461
5211483
5211503
5211511
5211536
5211590
5211620
5211679
5211708
5211714
5211771
5211786
5211795
5211812
5211821
5211870
5211894
5211919
5211955
5211960
5211978
5211987
5211993
5212013
5212081
5212102
5212123
5212141
5212159
5212164
5212196
5212209
5212224
5212246
5212252
5212263
5212275
5212280
5212291
5212316
5212331
5212347
5212382
5212457
5212485
5212505
5212518
5212520
5212537
5212551
5212579
5212584
5212611
5212622
5212645
5212667
5212719
5212755
5212760
5212787
5212807
5212810
5212828
5212883
5212899
5212940
5212962
5212995
5213057
5213068
5213085
5213145
5213167
5213174
5213189
5213227
5213240
5213253
5213262
5213286
5213295
5213356
5213361
5213383
5213413
5213501
5213526
5213623
5213664
5213743
5213766
5213779
5213792
5213847
5213909
5213952
5213963
5213975
5214001
5214034
5214042
5214055
5214060
5214087
5214116
5214129
5214147
5214165
5214173
5214182
5214198
5214200
5214213
5214232
5214276
5214297
5214337
5214343
5214379
5214414
5214427
5214439
5214453
5214462
5214486
5214495
5214512
5214533
5214549
5214557
5214568
5214570
5214585
5214594
5214652
5214691
5214707
5214710
5214728
5214756
5214761
5214783
5214890
5214915
5214923
5214941
5214964
5214988
5214996
5215010
5215028
5215061
5215072
5215083
5215179
5215192
5215219
5215242
5215278
5215293
5215357
5215370
5215385
5215394
5215423
5215459
5215488
5215539
5215562
5215571
5215586
5215595
5215648
5215669
5215676
5215711
5215736
5215758
5215767
5215817
5215891
5215973
5215982
5215998
5216011
5216036
5216074
5216106
5216121
5216149
5216207
5216228
5216314
5216327
5216339
5216340
5216353
5216386
5216395
5216431
5216450
5216482
5216502
5216515
5216559
5216564
5216588
5216596
5216601
5216626
5216642
5216660
5216687
5216724
5216738
5216775
5216780
5216848
5216918
5216966
5216979
5217008
5217014
5217040
5217053
5217086
5217146
5217152
5217180
5217202
5217230
5217241
5217259
5217277
5217401
5217434
5217487
5217507
5217528
5217535
5217556
5217629
5217706
5217721
5217768
5217770
5217785
5217820
5217866
5217884
5217892
5217969
5217997
5218017
5218038
5218046
5218080
5218091
5218127
5218153
5218171
5218195
5218236
5218267
5218289
5218302
5218359
5218405
5218418
5218420
5218437
5218466
5218479
5218484
5218504
5218529
5218635
5218644
5218700
5218713
5218732
5218776
5218834
5218860
5218878
5218912
5218949
5218970
5218994
5219005
5219020
5219037
5219092
5219128
5219144
5219199
5219206
5219212
5219221
5219233
5219257
5219285
5219301
5219319
5219326
5219334
5219378
5219387
5219393
5219409
5219438
5219452
5219463
5219480
5219513
5219532
5219554
5219569
5219576
5219640
5219662
5219686
5219798
5219802
5219815
5219911
5219922
5219958
5219967
5219989
5219990
5220019
5220026
5220087
5220116
5220129
5220131
5220165
5220173
5220182
5220200
5220225
5220248
5220276
5220281
5220297
5220351
5220366
5220384
5220439
5220453
5220533
5220585
5220624
5220663
5220680
5220772
5220783
5220799
5220803
5220836
5220874
5220902
5220915
5220923
5220930
5220959
5220988
5221028
5221061
5221072
5221137
5221151
5221192
5221219
5221234
5221255
5221260
5221278
5221357
5221368
5221370
5221385
5221402
5221441
5221459
5221477
5221540
5221562
5221697
5221703
5221711
5221736
5221767
5221846
5221875
5221880
5221904
5221916
5221950
5221965
5221982
5222020
5222037
5222128
5222183
5222199
5222221
5222294
5222319
5222334
5222355
5222378
5222424
5222438
5222463
5222480
5222500
5222532
5222548
5222608
5222627
5222639
5222662
5222671
5222686
5222773
5222782
5222830
5222864
5222896
5222936
5222967
5222990
5223052
5223075
5223080
5223108
5223153
5223162
5223171
5223195
5223222
5223236
5223274
5223302
5223330
5223359
5223364
5223443
5223451
5223479
5223492
5223504
5223531
5223565
5223582
5223607
5223610
5223628
5223644
5223672
5223683
5223699
5223700
5223725
5223776
5223797
5223801
5223878
5223906
5223921
5223968
5223970
5224004
5224029
5224073
5224101
5224119
5224155
5224178
5224187
5224218
5224220
5224251
5224284
5224313
5224381
5224397
5224422
5224445
5224467
5224524
5224538
5224563
5224575
5224580
5224591
5224612
5224649
5224657
5224670
5224694
5224741
5224777
5224796
5224814
5224839
5224840
5224853
5224862
5224944
5224983
5225059
5225064
5225088
5225113
5225132
5225176
5225216
5225231
5225247
5225298
5225309
5225317
5225338
5225380
5225428
5225444
5225461
5225511
5225522
5225567
5225574
5225589
5225666
5225684
5225692
5225771
5225806
5225849
5225857
5225885
5225901
5225926
5225942
5225955
5225987
5225993
5226008
5226053
5226062
5226117
5226138
5226175
5226180
5226241
5226264
5226288
5226390
5226434
5226442
5226460
5226478
5226487
5226493
5226507
5226528
5226556
5226572
5226604
5226616
5226629
5226631
5226650
5226673
5226721
5226768
5226818
5226879
5226892
5226900
5226948
5226954
5226969
5227022
5227036
5227058
5227106
5227112
5227133
5227168
5227194
5227235
5227256
5227272
5227308
5227327
5227353
5227362
5227371
5227404
5227416
5227431
5227473
5227577
5227634
5227655
5227660
5227678
5227709
5227738
5227746
5227752
5227763
5227780
5227848
5227881
5227937
5227966
5227992
5228006
5228033
5228070
5228085
5228103
5228111
5228122
5228136
5228174
5228208
5228227
5228239
5228240
5228335
5228344
5228383
5228400
5228413
5228448
5228454
5228469
5228497
5228501
5228519
5228578
5228587
5228602
5228659
5228688
5228696
5228718
5228831
5228847
5228850
5228917
5228924
5228952
5228980
5229032
5229069
5229076
5229102
5229123
5229164
5229188
5229196
5229217
5229238
5229246
5229252
5229275
5229291
5229304
5229331
5229350
5229373
5229382
5229406
5229449
5229485
5229494
5229505
5229537
5229543
5229584
5229592
5229603
5229611
5229622
5229658
5229667
5229674
5229690
5229719
5229760
5229778
5229787
5229810
5229844
5229856
5229899
5229914
5229939
5229962
5229971
5230009
5230046
5230080
5230171
5230186
5230267
5230274
5230289
5230315
5230341
5230359
5230377
5230388
5230420
5230443
5230451
5230466
5230529
5230547
5230550
5230565
5230582
5230656
5230683
5230700
5230725
5230732
5230781
5230801
5230855
5230860
5230878
5230912
5230921
5230933
5230949
5230968
5230985
5231032
5231048
5231076
5231081
5231102
5231115
5231141
5231159
5231196
5231217
5231238
5231252
5231316
5231329
5231331
5231398
5231412
5231421
5231468
5231551
5231566
5231579
5231584
5231603
5231636
5231658
5231689
5231701
5231719
5231742
5231755
5231787
5231793
5231810
5231861
5231872
5231899
5231914
5231986
5231995
5232015
5232023
5232030
5232088
5232096
5232132
5232197
5232216
5232229
5232250
5232298
5232317
5232338
5232375
5232391
5232428
5232461
5232522
5232536
5232558
5232589
5232618
5232643
5232651
5232684
5232692
5232740
5232753
5232762
5232771
5232786
5232795
5232806
5232857
5232868
5232870
5232885
5232894
5232926
5232934
5232955
5233010
5233044
5233056
5233072
5233118
5233120
5233137
5233184
5233219
5233242
5233278
5233293
5233312
5233370
5233385
5233402
5233430
5233488
5233496
5233527
5233562
5233571
5233595
5233600
5233648
5233654
5233676
5233697
5233703
5233722
5233745
5233767
5233774
5233789
5233790
5233809
5233817
5233846
5233875
5233904
5233931
5233965
5233973
5233998
5234014
5234062
5234086
5234109
5234124
5234152
5234163
5234175
5234191
5234202
5234223
5234311
5234322
5234367
5234389
5234390
5234401
5234419
5234426
5234434
5234455
5234478
5234507
5234510
5234535
5234556
5234572
5234583
5234599
5234616
5234629
5234647
5234650
5234665
5234673
5234706
5234721
5234733
5234757
5234785
5234794
5234837
5234843
5234851
5234879
5234925
5234969
5235021
5235049
5235057
5235068
5235085
5235094
5235122
5235189
5235253
5235271
5235286
5235307
5235310
5235399
5235413
5235432
5235448
5235454
5235476
5235481
5235497
5235501
5235534
5235560
5235578
5235587
5235593
5235602
5235623
5235677
5235688
5235705
5235718
5235720
5235737
5235779
5235792
5235829
5235847
5235865
5235882
5235898
5235909
5235938
5235963
5235975
5236005
5236018
5236020
5236037
5236043
5236092
5236107
5236110
5236144
5236183
5236199
5236212
5236221
5236233
5236249
5236268
5236285
5236301
5236334
5236355
5236424
5236452
5236463
5236491
5236554
5236581
5236597
5236608
5236614
5236627
5236639
5236704
5236716
5236731
5236750
5236765
5236823
5236864
5236877
5236888
5236896
5236903
5236936
5236958
5236974
5236989
5237019
5237026
5237060
5237087
5237116
5237150
5237173
5237198
5237200
5237225
5237232
5237248
5237254
5237269
5237276
5237318
5237351
5237384
5237392
5237408
5237414
5237440
5237533
5237557
5237570
5237609
5237646
5237652
5237675
5237680
5237691
5237735
5237756
5237803
5237811
5237822
5237845
5237867
5237874
5237890
5237915
5237959
5237964
5238050
5238073
5238101
5238134
5238142
5238193
5238205
5238218
5238243
5238279
5238284
5238354
5238397
5238422
5238467
5238490
5238517
5238538
5238552
5238563
5238575
5238612
5238621
5238633
5238649
5238657
5238670
5238715
5238741
5238759
5238777
5238796
5238808
5238839
5238840
5238862
5238886
5238907
5238935
5239003
5239011
5239036
5239089
5239090
5239133
5239157
5239168
5239194
5239244
5239261
5239272
5239327
5239362
5239404
5239429
5239450
5239465
5239473
5239498
5239523
5239530
5239564
5239588
5239655
5239678
5239687
5239693
5239709
5239724
5239746
5239752
5239775
5239791
5239813
5239937
5239951
5239966
5239979
5240015
5240023
5240041
5240077
5240088
5240113
5240125
5240132
5240154
5240176
5240181
5240204
5240247
5240250
5240282
5240309
5240338
5240346
5240380
5240391
5240444
5240456
5240472
5240499
5240503
5240511
5240589
5240590
5240605
5240620
5240643
5240651
5240679
5240684
5240714
5240740
5240762
5240806
5240812
5240821
5240849
5240885
5240901
5240955
5240960
5240987
5241008
5241040
5241062
5241071
5241109
5241117
5241124
5241175
5241180
5241215
5241264
5241296
5241311
5241322
5241390
5241419
5241426
5241455
5241544
5241572
5241631
5241647
5241673
5241698
5241712
5241757
5241768
5241770
5241837
5241843
5241879
5241884
5241892
5241913
5241932
5241969
5241981
5242009
5242052
5242091
5242114
5242139
5242153
5242162
5242203
5242211
5242236
5242290
5242302
5242330
5242341
5242359
5242377
5242388
5242396
5242405
5242418
5242420
5242443
5242466
5242492
5242531
5242547
5242607
5242610
5242628
5242635
5242661
5242683
5242725
5242801
5242819
5242842
5242855
5242906
5242949
5242957
5242968
5242985
5242994
5243043
5243079
5243084
5243107
5243110
5243156
5243161
5243172
5243268
5243342
5243387
5243409
5243417
5243475
5243480
5243548
5243569
5243614
5243627
5243653
5243686
5243695
5243716
5243765
5243802
5243841
5243859
5243877
5243888
5243896
5243903
5243911
5243922
5243974
5243989
5243990
5244013
5244048
5244069
5244081
5244097
5244102
5244130
5244164
5244291
5244316
5244347
5244350
5244365
5244373
5244406
5244433
5244449
5244470
5244485
5244518
5244520
5244551
5244566
5244584
5244622
5244636
5244645
5244658
5244667
5244689
5244734
5244742
5244755
5244760
5244807
5244810
5244828
5244861
5244883
5244908
5244914
5244971
5245019
5245026
5245055
5245093
5245116
5245131
5245147
5245198
5245200
5245213
5245248
5245318
5245379
5245392
5245408
5245414
5245440
5245462
5245512
5245549
5245570
5245594
5245624
5245638
5245663
5245675
5245707
5245735
5245744
5245772
5245799
5245836
5245858
5245874
5245890
5245915
5245923
5245930
5245959
5245964
5245996
5246028
5246035
5246072
5246083
5246120
5246166
5246192
5246201
5246242
5246260
5246278
5246293
5246306
5246312
5246368
5246394
5246464
5246477
5246496
5246514
5246539
5246540
5246571
5246595
5246600
5246613
5246632
5246648
5246669
5246676
5246767
5246790
5246809
5246817
5246846
5246891
5246904
5246931
5246950
5246965
5246982
5247006
5247021
5247033
5247068
5247070
5247094
5247122
5247136
5247145
5247174
5247189
5247253
5247271
5247286
5247295
5247335
5247361
5247372
5247399
5247400
5247448
5247476
5247481
5247501
5247555
5247593
5247630
5247641
5247664
5247696
5247766
5247784
5247792
5247831
5247850
5247882
5247917
5247924
5247938
5247946
5247980
5248045
5248074
5248157
5248185
5248207
5248228
5248235
5248256
5248272
5248327
5248340
5248353
5248371
5248386
5248431
5248447
5248473
5248502
5248523
5248530
5248559
5248577
5248588
5248601
5248619
5248634
5248660
5248678
5248693
5248709
5248724
5248752
5248791
5248813
5248825
5248869
5248881
5248897
5248905
5248920
5248937
5248943
5248951
5249047
5249050
5249098
5249134
5249155
5249187
5249251
5249266
5249284
5249292
5249300
5249369
5249381
5249422
5249436
5249445
5249458
5249490
5249509
5249517
5249538
5249552
5249657
5249668
5249685
5249702
5249715
5249723
5249730
5249764
5249788
5249814
5249840
5249862
5249886
5249956
5249961
5249972
5249983
5250020
5250066
5250079
5250084
5250110
5250135
5250161
5250199
5250206
5250233
5250257
5250268
5250270
5250326
5250355
5250378
5250393
5250409
5250424
5250438
5250452
5250463
5250475
5250480
5250500
5250513
5250569
5250581
5250671
5250704
5250731
5250747
5250802
5250823
5250888
5250896
5250911
5250936
5250945
5250967
5251004
5251082
5251098
5251101
5251142
5251155
5251160
5251187
5251220
5251279
5251300
5251325
5251348
5251354
5251369
5251376
5251403
5251411
5251489
5251509
5251517
5251524
5251538
5251552
5251563
5251575
5251580
5251621
5251633
5251649
5251723
5251788
5251808
5251814
5251907
5251961
5251983
5252001
5252019
5252055
5252078
5252104
5252129
5252147
5252150
5252165
5252173
5252182
5252198
5252213
5252225
5252232
5252248
5252254
5252305
5252318
5252337
5252366
5252408
5252414
5252427
5252440
5252462
5252471
5252549
5252557
5252568
5252624
5252652
5252663
5252707
5252710
5252744
5252772
5252803
5252811
5252822
5252836
5252858
5252874
5252889
5252890
5252923
5252930
5252964
5252977
5252988
5253040
5253095
5253117
5253163
5253175
5253191
5253223
5253303
5253336
5253367
5253401
5253426
5253455
5253487
5253493
5253507
5253510
5253544
5253556
5253561
5253604
5253647
5253757
5253785
5253805
5253900
5253925
5253976
5253981
5254007
5254035
5254056
5254099
5254105
5254118
5254137
5254151
5254179
5254184
5254242
5254260
5254293
5254312
5254402
5254423
5254430
5254459
5254464
5254488
5254496
5254508
5254514
5254527
5254571
5254625
5254632
5254648
5254669
5254676
5254697
5254711
5254736
5254758
5254767
5254790
5254809
5254817
5254846
5254863
5254891
5254904
5254916
5254929
5254931
5254965
5254982
5254998
5255003
5255011
5255022
5255036
5255067
5255133
5255149
5255194
5255210
5255228
5255256
5255283
5255299
5255308
5255327
5255340
5255371
5255515
5255523
5255541
5255559
5255577
5255619
5255626
5255642
5255687
5255717
5255738
5255752
5255763
5255775
5255780
5255800
5255813
5255825
5255854
5255905
5255918
5255920
5255966
5256046
5256091
5256108
5256114
5256139
5256140
5256186
5256203
5256211
5256236
5256245
5256290
5256302
5256341
5256359
5256364
5256418
5256420
5256437
5256443
5256451
5256484
5256492
5256516
5256550
5256573
5256582
5256607
5256699
5256700
5256713
5256754
5256842
5256855
5256860
5256994
5257015
5257023
5257030
5257041
5257059
5257064
5257077
5257125
5257148
5257154
5257197
5257204
5257229
5257231
5257247
5257265
5257309
5257324
5257363
5257375
5257407
5257483
5257499
5257503
5257511
5257545
5257558
5257574
5257589
5257605
5257651
5257679
5257714
5257740
5257762
5257833
5257857
5257894
5257926
5257960
5257978
5257987
5257993
5258000
5258069
5258141
5258159
5258196
5258238
5258252
5258280
5258291
5258331
5258347
5258365
5258373
5258382
5258398
5258406
5258449
5258485
5258494
5258505
5258520
5258537
5258603
5258658
5258667
5258674
5258726
5258742
5258755
5258760
5258793
5258807
5258810
5258835
5258844
5258861
5258872
5258883
5258908
5258927
5258939
5258953
5258995
5259033
5259057
5259103
5259111
5259136
5259158
5259167
5259174
5259189
5259190
5259208
5259253
5259262
5259271
5259307
5259310
5259335
5259356
5259383
5259399
5259448
5259469
5259476
5259501
5259519
5259534
5259587
5259623
5259630
5259677
5259705
5259720
5259743
5259779
5259784
5259804
5259816
5259829
5259847
5259873
5259909
5259938
5259975
5259980
5259991
5260086
5260124
5260138
5260175
5260180
5260191
5260202
5260259
5260264
5260277
5260296
5260311
5260322
5260336
5260345
5260358
5260367
5260390
5260401
5260434
5260442
5260487
5260493
5260535
5260544
5260556
5260561
5260572
5260599
5260616
5260629
5260631
5260647
5260665
5260673
5260698
5260712
5260757
5260768
5260794
5260818
5260820
5260892
5260900
5260913
5260925
5260997
5261006
5261012
5261085
5261122
5261136
5261145
5261158
5261174
5261189
5261190
5261214
5261239
5261240
5261262
5261307
5261344
5261361
5261372
5261383
5261425
5261454
5261476
5261497
5261501
5261526
5261542
5261587
5261593
5261602
5261641
5261677
5261696
5261705
5261718
5261737
5261743
5261831
5261847
5261850
5261865
5261898
5261924
5261938
5261946
5261952
5261975
5262011
5262022
5262089
5262106
5262112
5262210
5262228
5262261
5262272
5262283
5262299
5262308
5262339
5262362
5262386
5262450
5262465
5262473
5262482
5262498
5262515
5262523
5262559
5262564
5262577
5262601
5262626
5262634
5262642
5262687
5262717
5262724
5262752
5262763
5262825
5262854
5262905
5262943
5262951
5263004
5263029
5263031
5263047
5263050
5263065
5263098
5263126
5263142
5263160
5263178
5263187
5263205
5263237
5263376
5263403
5263411
5263467
5263509
5263517
5263524
5263538
5263552
5263575
5263580
5263591
5263606
5263668
5263685
5263702
5263715
5263741
5263764
5263788
5263808
5263814
5263827
5263840
5263871
5263907
5263935
5263983
5264009
5264024
5264038
5264052
5264063
5264080
5264091
5264108
5264114
5264139
5264236
5264258
5264267
5264289
5264302
5264330
5264341
5264418
5264437
5264479
5264516
5264531
5264547
5264598
5264610
5264644
5264699
5264725
5264732
5264748
5264754
5264769
5264834
5264855
5264860
5264878
5264906
5264921
5264949
5264968
5264970
5264985
5264994
5265000
5265025
5265069
5265164
5265188
5265196
5265246
5265280
5265291
5265316
5265347
5265350
5265421
5265433
5265468
5265485
5265505
5265518
5265537
5265566
5265636
5265658
5265690
5265734
5265755
5265760
5265787
5265793
5265807
5265899
5265927
5265940
5265953
5266001
5266026
5266034
5266042
5266055
5266078
5266087
5266116
5266147
5266150
5266182
5266198
5266200
5266225
5266232
5266269
5266276
5266318
5266392
5266408
5266440
5266462
5266512
5266521
5266549
5266568
5266570
5266638
5266663
5266728
5266772
5266799
5266803
5266836
5266845
5266867
5266902
5266923
5266941
5266964
5267005
5267018
5267037
5267066
5267079
5267084
5267107
5267110
5267128
5267144
5267156
5267183
5267206
5267221
5267319
5267326
5267355
5267360
5267387
5267393
5267409
5267417
5267424
5267532
5267548
5267554
5267576
5267581
5267597
5267653
5267716
5267750
5267765
5267782
5267802
5267815
5267823
5267830
5267841
5267859
5267911
5267922
5267936
5267945
5267989
5267990
5268010
5268028
5268035
5268083
5268099
5268118
5268137
5268179
5268201
5268226
5268234
5268242
5268260
5268278
5268312
5268321
5268394
5268402
5268415
5268423
5268496
5268514
5268527
5268540
5268553
5268571
5268613
5268654
5268676
5268681
5268703
5268722
5268758
5268767
5268774
5268817
5268838
5268846
5268852
5268875
5268891
5268904
5268916
5268950
5268998
5269002
5269023
5269059
5269064
5269077
5269088
5269100
5269125
5269181
5269229
5269231
5269250
5269265
5269282
5269298
5269317
5269324
5269352
5269363
5269391
5269461
5269499
5269503
5269522
5269558
5269605
5269620
5269651
5269666
5269684
5269708
5269727
5269739
5269740
5269753
5269762
5269786
5269795
5269812
5269849
5269857
5269868
5269934
5269942
5269960
5270083
5270099
5270105
5270151
5270166
5270179
5270234
5270255
5270260
5270306
5270368
5270415
5270423
5270430
5270459
5270527
5270562
5270571
5270600
5270648
5270654
5270676
5270697
5270745
5270789
5270790
5270838
5270852
5270875
5270880
5270904
5270929
5270965
5270973
5270998
5271003
5271011
5271036
5271058
5271067
5271074
5271090
5271121
5271149
5271168
5271185
5271235
5271244
5271272
5271299
5271308
5271314
5271327
5271340
5271362
5271416
5271515
5271530
5271588
5271596
5271619
5271642
5271687
5271709
5271717
5271775
5271791
5271813
5271832
5271869
5271876
5271897
5271905
5271937
5271943
5272012
5272049
5272070
5272085
5272094
5272111
5272167
5272174
5272189
5272253
5272383
5272399
5272400
5272425
5272454
5272469
5272481
5272501
5272519
5272542
5272555
5272578
5272587
5272593
5272602
5272615
5272623
5272630
5272659
5272677
5272688
5272766
5272779
5272792
5272829
5272831
5272873
5272882
5272909
5272917
5272924
5272938
5272952
5272963
5272975
5273048
5273097
5273123
5273130
5273141
5273159
5273164
5273217
5273304
5273316
5273329
5273331
5273350
5273365
5273373
5273412
5273421
5273433
5273457
5273518
5273520
5273537
5273579
5273584
5273658
5273719
5273760
5273778
5273810
5273856
5273872
5273914
5273939
5273953
5273962
5273971
5273986
5274005
5274018
5274020
5274051
5274092
5274107
5274110
5274172
5274212
5274221
5274257
5274294
5274301
5274319
5274326
5274342
5274360
5274378
5274387
5274424
5274446
5274463
5274480
5274500
5274513
5274525
5274532
5274608
5274639
5274662
5274686
5274716
5274747
5274782
5274798
5274802
5274823
5274841
5274859
5274896
5274945
5274958
5274974
5274989
5275029
5275050
5275073
5275082
5275119
5275126
5275134
5275155
5275160
5275178
5275187
5275193
5275205
5275218
5275220
5275237
5275243
5275284
5275313
5275325
5275403
5275436
5275445
5275489
5275563
5275591
5275606
5275621
5275633
5275702
5275715
5275741
5275764
5275777
5275808
5275839
5275862
5275886
5275928
5275961
5275972
5276023
5276096
5276154
5276176
5276181
5276197
5276204
5276265
5276346
5276352
5276375
5276435
5276511
5276522
5276536
5276558
5276590
5276618
5276620
5276637
5276692
5276739
5276740
5276753
5276762
5276812
5276870
5276885
5276901
5276919
5276926
5276955
5276978
5277009
5277024
5277046
5277063
5277075
5277080
5277091
5277114
5277127
5277153
5277162
5277171
5277195
5277203
5277211
5277222
5277236
5277274
5277302
5277323
5277330
5277341
5277359
5277396
5277437
5277504
5277529
5277550
5277628
5277635
5277656
5277700
5277713
5277725
5277748
5277781
5277819
5277842
5277860
5277878
5277893
5277970
5277985
5278053
5278062
5278086
5278109
5278117
5278124
5278138
5278175
5278180
5278241
5278259
5278296
5278303
5278311
5278322
5278336
5278345
5278374
5278389
5278419
5278455
5278478
5278487
5278528
5278535
5278544
5278561
5278572
5278599
5278604
5278616
5278631
5278647
5278682
5278698
5278706
5278712
5278749
5278757
5278768
5278805
5278820
5278837
5278866
5278884
5278925
5278932
5278948
5279019
5279055
5279078
5279104
5279198
5279213
5279276
5279281
5279297
5279305
5279384
5279414
5279462
5279495
5279512
5279533
5279557
5279594
5279609
5279617
5279624
5279638
5279646
5279691
5279707
5279710
5279744
5279756
5279772
5279811
5279845
5279858
5279867
5279889
5279902
5279988
5280013
5280025
5280076
5280081
5280102
5280123
5280159
5280196
5280217
5280238
5280263
5280329
5280347
5280350
5280382
5280406
5280449
5280468
5280543
5280566
5280579
5280603
5280622
5280667
5280674
5280755
5280807
5280828
5280861
5280883
5280927
5280939
5280953
5280962
5280986
5281026
5281055
5281060
5281087
5281093
5281104
5281131
5281150
5281165
5281200
5281248
5281276
5281281
5281297
5281318
5281320
5281337
5281351
5281366
5281427
5281440
5281471
5281486
5281506
5281521
5281557
5281570
5281594
5281624
5281646
5281675
5281710
5281728
5281744
5281756
5281772
5281799
5281811
5281822
5281845
5281890
5281915
5281923
5281941
5281959
5281977
5281996
5282031
5282098
5282155
5282187
5282218
5282220
5282237
5282251
5282284
5282292
5282300
5282354
5282369
5282467
5282489
5282517
5282538
5282612
5282633
5282649
5282670
5282694
5282715
5282723
5282741
5282777
5282796
5282814
5282839
5282840
5282853
5282907
5282935
5282944
5282983
5282999
5283003
5283036
5283058
5283121
5283133
5283168
5283228
5283235
5283283
5283299
5283353
5283395
5283431
5283447
5283450
5283465
5283473
5283482
5283502
5283515
5283559
5283577
5283596
5283619
5283634
5283642
5283687
5283693
5283717
5283724
5283752
5283763
5283832
5283848
5283876
5283881
5283897
5283951
5283966
5283992
5284002
5284023
5284030
5284041
5284059
5284064
5284088
5284176
5284197
5284204
5284216
5284247
5284282
5284298
5284317
5284346
5284380
5284428
5284444
5284456
5284503
5284511
5284589
5284618
5284684
5284708
5284739
5284753
5284795
5284821
5284868
5284885
5284919
5284926
5284934
5284942
5284955
5284978
5285027
5285062
5285095
5285117
5285138
5285191
5285223
5285259
5285277
5285288
5285311
5285358
5285367
5285455
5285460
5285493
5285528
5285544
5285556
5285561
5285599
5285631
5285673
5285698
5285712
5285733
5285757
5285768
5285770
5285879
5285892
5285913
5285925
5285976
5285997
5286006
5286012
5286021
5286057
5286070
5286103
5286122
5286158
5286167
5286214
5286227
5286239
5286262
5286286
5286310
5286356
5286383
5286399
5286400
5286413
5286425
5286448
5286454
5286469
5286476
5286481
5286497
5286519
5286593
5286623
5286630
5286641
5286664
5286688
5286696
5286779
5286804
5286816
5286831
5286850
5286873
5286909
5286917
5286924
5286938
5286952
5287035
5287061
5287099
5287105
5287143
5287201
5287242
5287255
5287312
5287333
5287357
5287423
5287496
5287527
5287539
5287553
5287595
5287703
5287745
5287758
5287790
5287852
5287891
5287904
5287929
5287947
5287950
5287965
5287973
5288020
5288043
5288079
5288110
5288144
5288161
5288199
5288212
5288249
5288285
5288319
5288326
5288334
5288355
5288438
5288452
5288480
5288525
5288554
5288614
5288627
5288653
5288662
5288716
5288729
5288747
5288773
5288782
5288888
5288903
5288911
5288945
5289009
5289038
5289063
5289075
5289091
5289114
5289139
5289186
5289195
5289222
5289236
5289258
5289267
5289274
5289289
5289315
5289323
5289388
5289396
5289418
5289420
5289437
5289466
5289484
5289492
5289504
5289547
5289550
5289628
5289635
5289644
5289656
5289661
5289672
5289700
5289713
5289725
5289732
5289748
5289776
5289781
5289801
5289842
5289893
5289906
5289933
5289957
5289968
5290045
5290058
5290074
5290089
5290090
5290106
5290112
5290133
5290168
5290207
5290235
5290256
5290261
5290314
5290339
5290340
5290353
5290386
5290395
5290416
5290431
5290450
5290465
5290482
5290498
5290502
5290515
5290523
5290530
5290559
5290564
5290596
5290634
5290642
5290687
5290738
5290752
5290763
5290775
5290791
5290800
5290813
5290848
5290854
5290869
5290897
5290979
5291009
5291017
5291038
5291046
5291080
5291091
5291108
5291114
5291140
5291153
5291186
5291195
5291203
5291222
5291236
5291245
5291258
5291274
5291290
5291302
5291405
5291443
5291484
5291516
5291547
5291573
5291598
5291656
5291672
5291754
5291776
5291781
5291797
5291801
5291819
5291878
5291887
5291893
5291906
5291921
5291994
5292008
5292014
5292027
5292039
5292109
5292138
5292152
5292215
5292259
5292264
5292277
5292288
5292303
5292311
5292322
5292345
5292389
5292390
5292426
5292460
5292478
5292487
5292493
5292507
5292510
5292599
5292629
5292650
5292673
5292682
5292712
5292733
5292757
5292770
5292794
5292820
5292837
5292843
5292879
5292884
5292892
5292900
5292932
5292954
5293001
5293019
5293042
5293078
5293147
5293150
5293198
5293213
5293248
5293269
5293281
5293297
5293318
5293320
5293366
5293379
5293384
5293392
5293408
5293414
5293427
5293440
5293462
5293512
5293521
5293549
5293557
5293568
5293617
5293638
5293652
5293663
5293675
5293680
5293707
5293710
5293744
5293783
5293803
5293889
5293890
5293902
5293915
5293941
5293977
5294012
5294033
5294057
5294070
5294094
5294103
5294136
5294145
5294189
5294190
5294208
5294214
5294240
5294295
5294356
5294372
5294399
5294413
5294454
5294501
5294526
5294534
5294555
5294587
5294602
5294664
5294688
5294696
5294718
5294720
5294743
5294766
5294804
5294831
5294847
5294850
5294882
5294917
5294924
5294938
5294952
5294991
5295005
5295079
5295092
5295107
5295110
5295135
5295156
5295183
5295199
5295221
5295270
5295285
5295342
5295355
5295378
5295387
5295446
5295475
5295491
5295569
5295640
5295653
5295671
5295686
5295695
5295704
5295716
5295729
5295750
5295773
5295815
5295823
5295841
5295903
5295936
5295945
5296004
5296031
5296134
5296160
5296193
5296205
5296243
5296251
5296300
5296313
5296325
5296354
5296376
5296381
5296397
5296436
5296517
5296538
5296575
5296591
5296633
5296694
5296741
5296808
5296814
5296840
5296853
5296871
5296910
5296999
5297000
5297025
5297069
5297102
5297130
5297141
5297159
5297177
5297188
5297196
5297252
5297263
5297304
5297316
5297350
5297373
5297382
5297494
5297518
5297584
5297603
5297611
5297622
5297645
5297658
5297667
5297690
5297701
5297719
5297726
5297734
5297755
5297760
5297778
5297807
5297856
5297861
5297883
5297899
5297908
5297953
5297962
5297986
5297995
5298002
5298030
5298077
5298096
5298100
5298113
5298125
5298148
5298169
5298181
5298204
5298216
5298247
5298250
5298273
5298282
5298324
5298338
5298391
5298428
5298461
5298472
5298499
5298522
5298567
5298574
5298589
5298590
5298605
5298620
5298637
5298651
5298692
5298708
5298753
5298771
5298795
5298821
5298901
5298926
5298934
5298993
5299044
5299072
5299083
5299099
5299105
5299137
5299143
5299166
5299219
5299234
5299255
5299306
5299368
5299370
5299402
5299464
5299488
5299496
5299539
5299553
5299562
5299595
5299600
5299632
5299654
5299711
5299722
5299745
5299767
5299774
5299809
5299824
5299929
5299947
5299965
5299973
5299982
5299998
