4200038
4200186
4200529
4203201
4203846
4205816
4206257
4206576
4207150
4207200
4208474
4208538
4208796
4210320
4210366
4211863
4212475
4214546
4215077
4215942
4215955
4216117
4216146
4216721
4216820
4217157
4217897
4218737
4218784
4220474
4221618
4222457
4222645
4222807
4222883
4223094
4223372
4223519
4223641
4224281
4224320
4224638
4225998
4226314
4227556
4228341
4228396
4228443
4229037
4229911
4231729
4232028
4232415
4232767
4233806
4234308
4234450
4236159
4236196
4236470
4236622
4236667
4237050
4237886
4237999
4240226
