2000751
2002648
2004299
2004724
2004763
2004832
2006537
2007591
2007730
2008486
2009837
2010381
2011590
2011894
2012164
2013779
2015151
2016003
2018396
2018550
2019525
2019581
2020495
2020858
2022525
2025148
2025250
2025605
2026086
2027106
2027588
2028623
2030114
2030290
2031329
2031611
2031856
2032806
2032987
2033333
2033527
2037305
2037570
2039327
2039979
2042437
2043716
2043729
2045131
2050257
2050747
2051944
2052147
2053866
2054540
2054676
2055058
2055106
2056912
2057590
2058196
2058457
2059372
2062362
2063300
2064330
2065102
2065164
2067319
2067597
2069762
2070464
2071261
2071655
2071825
2072481
2073304
2073872
2073962
2074480
2074802
2075220
2076960
2078932
2079756
2080238
2083074
2084309
2084795
2085180
2086578
2086784
2087613
2088802
2089258
2089776
2090897
2091565
2092820
2093471
2093638
2094271
2095268
2095990
2096205
2096467
2096490
2097636
2098088
2099072
2099120
2099488
2099632
