2000012
2000021
2000033
2000057
2000068
2000070
2000103
2000122
2000136
2000145
2000158
2000167
2000174
2000189
2000190
2000208
2000214
2000227
2000239
2000240
2000253
2000286
2000295
2000307
2000310
2000328
2000335
2000356
2000361
2000372
2000383
2000399
2000400
2000413
2000425
2000432
2000448
2000469
2000476
2000481
2000497
2000501
2000519
2000526
2000534
2000542
2000555
2000560
2000587
2000593
2000602
2000615
2000623
2000630
2000641
2000659
2000664
2000677
2000688
2000696
2000718
2000720
2000737
2000743
2000751
2000766
2000779
2000792
2000804
2000816
2000829
2000847
2000850
2000865
2000873
2000882
2000898
2000917
2000924
2000938
2000946
2000952
2000963
2000975
2000991
2001018
2001037
2001043
2001051
2001066
2001107
2001110
2001128
2001144
2001156
2001172
2001183
2001199
2001206
2001212
2001221
2001233
2001268
2001270
2001285
2001294
2001301
2001319
2001326
2001334
2001342
2001355
2001360
2001378
2001387
2001409
2001417
2001424
2001438
2001446
2001452
2001463
2001475
2001480
2001491
2001500
2001525
2001532
2001554
2001569
2001576
2001581
2001597
2001608
2001614
2001627
2001639
2001640
2001671
2001686
2001704
2001716
2001729
2001731
2001747
2001750
2001765
2001773
2001782
2001798
2001802
2001815
2001823
2001830
2001859
2001864
2001877
2001888
2001896
2001903
2001911
2001922
2001936
2001945
2001967
2001974
2001989
2001990
2002007
2002010
2002028
2002035
2002044
2002056
2002061
2002072
2002083
2002099
2002105
2002118
2002120
2002137
2002143
2002151
2002166
2002179
2002184
2002192
2002201
2002219
2002226
2002234
2002242
2002255
2002260
2002278
2002287
2002293
2002306
2002312
2002321
2002333
2002349
2002357
2002368
2002370
2002385
2002394
2002402
2002415
2002423
2002430
2002441
2002459
2002464
2002477
2002488
2002496
2002508
2002514
2002539
2002540
2002553
2002562
2002571
2002586
2002595
2002600
2002613
2002625
2002632
2002648
2002654
2002669
2002676
2002697
2002703
2002711
2002722
2002736
2002745
2002758
2002767
2002774
2002789
2002790
2002809
2002817
2002838
2002846
2002852
2002863
2002875
2002880
2002904
2002916
2002929
2002931
2002947
2002950
2002965
2002982
2002998
2003002
2003015
2003023
2003030
2003041
2003064
2003077
2003096
2003100
2003113
2003132
2003148
2003154
2003169
2003176
2003181
2003197
2003216
2003229
2003231
2003247
2003265
2003273
2003282
2003298
2003309
2003317
2003324
2003338
2003346
2003352
2003363
2003375
2003380
2003391
2003410
2003428
2003435
2003444
2003456
2003461
2003472
2003483
2003499
2003503
2003511
2003522
2003536
2003558
2003567
2003574
2003589
2003590
2003605
2003618
2003620
2003637
2003643
2003651
2003679
2003684
2003708
2003714
2003727
2003739
2003762
2003771
2003786
2003795
2003806
2003812
2003821
2003833
2003849
2003857
2003868
2003870
2003885
2003894
2003901
2003919
2003926
2003934
2003942
2003955
2003960
2003978
2003987
2003993
2004003
2004011
2004022
2004036
2004045
2004058
2004067
2004089
2004090
2004106
2004112
2004157
2004168
2004170
2004185
2004194
2004207
2004210
2004228
2004235
2004244
2004256
2004261
2004272
2004283
2004299
2004308
2004314
2004327
2004339
2004340
2004353
2004362
2004371
2004386
2004395
2004404
2004416
2004431
2004450
2004465
2004473
2004498
2004502
2004523
2004530
2004541
2004559
2004564
2004577
2004588
2004596
2004626
2004634
2004655
2004660
2004678
2004687
2004693
2004717
2004724
2004738
2004746
2004752
2004763
2004775
2004780
2004791
2004800
2004813
2004825
2004832
2004848
2004854
2004869
2004876
2004881
2004897
2004905
2004918
2004920
2004937
2004943
2004951
2004966
2004979
2004984
2005009
2005017
2005024
2005038
2005052
2005080
2005091
2005108
2005114
2005127
2005139
2005153
2005162
2005171
2005186
2005195
2005203
2005211
2005222
2005236
2005245
2005258
2005274
2005289
2005290
2005302
2005315
2005330
2005341
2005359
2005364
2005377
2005388
2005396
2005418
2005420
2005437
2005443
2005451
2005466
2005479
2005484
2005492
2005504
2005516
2005529
2005531
2005547
2005550
2005573
2005582
2005598
2005607
2005610
2005628
2005635
2005644
2005656
2005661
2005672
2005683
2005699
2005700
2005713
2005725
2005732
2005748
2005754
2005769
2005776
2005781
2005797
2005801
2005819
2005826
2005834
2005855
2005860
2005878
2005887
2005893
2005912
2005921
2005933
2005949
2005957
2005968
2005970
2005985
2005994
2006000
2006013
2006025
2006032
2006054
2006069
2006076
2006081
2006097
2006102
2006115
2006123
2006130
2006141
2006159
2006164
2006177
2006188
2006196
2006217
2006224
2006246
2006252
2006275
2006280
2006291
2006304
2006316
2006329
2006331
2006347
2006350
2006365
2006373
2006382
2006398
2006406
2006412
2006421
2006433
2006449
2006457
2006468
2006470
2006485
2006494
2006505
2006518
2006537
2006543
2006551
2006566
2006579
2006584
2006592
2006603
2006622
2006636
2006645
2006658
2006667
2006674
2006689
2006690
2006701
2006719
2006726
2006734
2006742
2006760
2006778
2006787
2006810
2006828
2006835
2006844
2006856
2006861
2006872
2006883
2006899
2006908
2006914
2006927
2006939
2006940
2006953
2006962
2006971
2006986
2006995
2007004
2007016
2007029
2007031
2007047
2007065
2007073
2007082
2007098
2007101
2007119
2007126
2007134
2007142
2007155
2007160
2007178
2007187
2007193
2007205
2007218
2007220
2007243
2007251
2007266
2007279
2007284
2007292
2007313
2007325
2007332
2007348
2007369
2007376
2007381
2007397
2007411
2007422
2007436
2007445
2007458
2007467
2007474
2007489
2007490
2007509
2007517
2007524
2007538
2007546
2007552
2007563
2007575
2007580
2007591
2007612
2007621
2007633
2007649
2007657
2007668
2007670
2007685
2007694
2007702
2007715
2007730
2007759
2007764
2007777
2007788
2007796
2007808
2007814
2007827
2007839
2007840
2007853
2007862
2007871
2007886
2007895
2007907
2007910
2007928
2007935
2007944
2007956
2007961
2007972
2007983
2007999
2008001
2008019
2008026
2008034
2008042
2008055
2008060
2008078
2008087
2008093
2008104
2008116
2008129
2008131
2008147
2008150
2008165
2008182
2008198
2008200
2008213
2008225
2008232
2008248
2008254
2008269
2008276
2008281
2008297
2008305
2008318
2008320
2008337
2008343
2008366
2008379
2008384
2008392
2008408
2008414
2008427
2008439
2008440
2008453
2008462
2008471
2008486
2008495
2008506
2008512
2008521
2008533
2008549
2008557
2008568
2008570
2008585
2008594
2008609
2008617
2008624
2008638
2008646
2008652
2008675
2008680
2008691
2008707
2008710
2008728
2008735
2008744
2008756
2008761
2008772
2008783
2008799
2008803
2008811
2008822
2008836
2008845
2008874
2008889
2008890
2008902
2008915
2008923
2008930
2008941
2008959
2008964
2008977
2008988
2008996
2009008
2009014
2009027
2009039
2009040
2009053
2009062
2009071
2009086
2009109
2009117
2009124
2009138
2009146
2009152
2009163
2009175
2009180
2009202
2009215
2009230
2009241
2009259
2009288
2009296
2009311
2009322
2009336
2009367
2009389
2009390
2009426
2009434
2009442
2009455
2009460
2009487
2009493
2009507
2009510
2009528
2009535
2009544
2009556
2009561
2009572
2009583
2009599
2009604
2009616
2009629
2009631
2009647
2009650
2009665
2009673
2009682
2009698
2009706
2009712
2009721
2009733
2009749
2009757
2009768
2009770
2009794
2009805
2009818
2009820
2009837
2009843
2009851
2009866
2009879
2009884
2009892
2009900
2009913
2009925
2009932
2009954
2009969
2009981
2009997
2010004
2010016
2010029
2010031
2010047
2010050
2010073
2010082
2010101
2010119
2010126
2010134
2010142
2010155
2010160
2010178
2010187
2010193
2010205
2010218
2010220
2010243
2010251
2010266
2010279
2010284
2010292
2010300
2010325
2010332
2010348
2010354
2010369
2010376
2010381
2010397
2010403
2010411
2010422
2010436
2010467
2010474
2010489
2010490
2010509
2010517
2010538
2010546
2010552
2010563
2010575
2010580
2010591
2010606
2010612
2010621
2010633
2010649
2010657
2010668
2010685
2010694
2010702
2010715
2010723
2010741
2010759
2010764
2010777
2010788
2010796
2010808
2010814
2010827
2010839
2010840
2010853
2010862
2010871
2010886
2010895
2010907
2010910
2010928
2010956
2010961
2010972
2010983
2010999
2011015
2011030
2011041
2011059
2011064
2011077
2011088
2011100
2011113
2011125
2011132
2011148
2011154
2011169
2011176
2011181
2011204
2011216
2011231
2011247
2011250
2011265
2011273
2011298
2011309
2011317
2011324
2011338
2011346
2011352
2011363
2011380
2011391
2011407
2011410
2011428
2011435
2011444
2011456
2011461
2011472
2011483
2011499
2011511
2011522
2011536
2011545
2011558
2011567
2011574
2011589
2011590
2011605
2011618
2011620
2011637
2011643
2011651
2011666
2011679
2011684
2011692
2011708
2011714
2011727
2011739
2011753
2011762
2011771
2011786
2011795
2011806
2011812
2011821
2011833
2011857
2011868
2011870
2011885
2011894
2011901
2011919
2011926
2011934
2011955
2011960
2011978
2011987
2011993
2012000
2012013
2012048
2012054
2012069
2012076
2012081
2012097
2012102
2012115
2012123
2012130
2012141
2012159
2012164
2012177
2012188
2012196
2012209
2012217
2012224
2012238
2012246
2012252
2012263
2012275
2012280
2012291
2012304
2012316
2012329
2012331
2012347
2012350
2012365
2012373
2012398
2012406
2012412
2012421
2012433
2012449
2012457
2012468
2012470
2012485
2012494
2012505
2012518
2012543
2012551
2012566
2012579
2012584
2012592
2012603
2012611
2012622
2012636
2012645
2012658
2012667
2012689
2012690
2012701
2012719
2012726
2012734
2012742
2012755
2012760
2012778
2012787
2012793
2012807
2012810
2012828
2012835
2012844
2012856
2012861
2012872
2012883
2012899
2012908
2012914
2012927
2012940
2012953
2012962
2012971
2012995
2013006
2013012
2013021
2013033
2013049
2013057
2013068
2013070
2013085
2013094
2013103
2013111
2013122
2013145
2013158
2013167
2013174
2013189
2013190
2013208
2013214
2013239
2013240
2013253
2013262
2013271
2013286
2013307
2013310
2013328
2013335
2013344
2013356
2013361
2013372
2013383
2013399
2013400
2013413
2013454
2013469
2013481
2013497
2013501
2013519
2013526
2013542
2013555
2013560
2013578
2013587
2013593
2013602
2013615
2013623
2013659
2013664
2013677
2013688
2013696
2013718
2013737
2013743
2013751
2013766
2013779
2013784
2013792
2013804
2013816
2013829
2013831
2013847
2013850
2013865
2013873
2013882
2013898
2013909
2013917
2013924
2013938
2013946
2013952
2013963
2013975
2013980
2013991
2014001
2014019
2014026
2014034
2014042
2014055
2014060
2014078
2014087
2014093
2014104
2014129
2014131
2014147
2014150
2014165
2014173
2014182
2014200
2014213
2014225
2014232
2014248
2014254
2014269
2014276
2014281
2014297
2014305
2014318
2014337
2014351
2014366
2014379
2014384
2014414
2014427
2014439
2014453
2014462
2014471
2014486
2014495
2014506
2014512
2014521
2014533
2014549
2014557
2014568
2014570
2014585
2014594
2014609
2014617
2014624
2014638
2014646
2014652
2014663
2014675
2014680
2014707
2014710
2014728
2014735
2014744
2014756
2014761
2014772
2014783
2014799
2014803
2014822
2014836
2014845
2014858
2014867
2014874
2014889
2014890
2014915
2014923
2014930
2014941
2014964
2014977
2014996
2015007
2015010
2015028
2015035
2015044
2015056
2015061
2015072
2015083
2015099
2015105
2015118
2015120
2015143
2015151
2015166
2015179
2015184
2015192
2015219
2015226
2015234
2015255
2015260
2015278
2015287
2015293
2015306
2015312
2015321
2015333
2015349
2015357
2015370
2015402
2015415
2015423
2015430
2015441
2015459
2015464
2015477
2015488
2015496
2015508
2015514
2015527
2015539
2015540
2015553
2015562
2015571
2015586
2015595
2015600
2015613
2015625
2015632
2015648
2015654
2015669
2015676
2015681
2015697
2015703
2015711
2015722
2015736
2015745
2015758
2015767
2015774
2015789
2015790
2015809
2015817
2015824
2015838
2015846
2015852
2015863
2015875
2015880
2015891
2015904
2015916
2015929
2015931
2015947
2015965
2015973
2015982
2015998
2016003
2016011
2016022
2016036
2016045
2016058
2016067
2016074
2016089
2016106
2016112
2016121
2016133
2016149
2016157
2016170
2016185
2016194
2016207
2016210
2016228
2016235
2016244
2016256
2016261
2016272
2016283
2016299
2016308
2016314
2016339
2016340
2016353
2016362
2016386
2016395
2016404
2016416
2016429
2016431
2016447
2016450
2016465
2016473
2016482
2016502
2016515
2016523
2016530
2016541
2016559
2016564
2016577
2016588
2016596
2016601
2016619
2016626
2016634
2016642
2016655
2016660
2016678
2016687
2016693
2016709
2016717
2016724
2016738
2016752
2016763
2016775
2016780
2016791
2016813
2016832
2016848
2016869
2016876
2016881
2016897
2016905
2016918
2016920
2016937
2016943
2016979
2016984
2016992
2017014
2017027
2017039
2017040
2017053
2017071
2017086
2017109
2017117
2017124
2017138
2017146
2017152
2017163
2017175
2017180
2017191
2017202
2017215
2017223
2017230
2017241
2017259
2017264
2017277
2017288
2017296
2017303
2017322
2017336
2017345
2017358
2017367
2017374
2017389
2017390
2017401
2017419
2017426
2017434
2017442
2017455
2017460
2017478
2017487
2017510
2017528
2017535
2017544
2017556
2017561
2017572
2017599
2017604
2017616
2017629
2017631
2017647
2017650
2017665
2017673
2017682
2017698
2017721
2017733
2017749
2017757
2017770
2017785
2017794
2017805
2017818
2017820
2017837
2017843
2017851
2017866
2017879
2017884
2017892
2017900
2017913
2017925
2017932
2017948
2017954
2017969
2017976
2017981
2017997
2018009
2018017
2018024
2018038
2018046
2018063
2018080
2018091
2018108
2018114
2018127
2018139
2018140
2018153
2018162
2018171
2018186
2018195
2018203
2018211
2018222
2018236
2018258
2018267
2018274
2018289
2018290
2018302
2018315
2018323
2018330
2018341
2018359
2018377
2018388
2018396
2018405
2018418
2018420
2018437
2018443
2018451
2018466
2018479
2018484
2018492
2018504
2018516
2018529
2018531
2018547
2018550
2018573
2018598
2018607
2018610
2018628
2018635
2018644
2018656
2018661
2018672
2018683
2018699
2018700
2018713
2018725
2018732
2018748
2018754
2018769
2018797
2018801
2018819
2018826
2018834
2018842
2018855
2018860
2018878
2018887
2018906
2018912
2018921
2018933
2018949
2018968
2018970
2018985
2018994
2019005
2019018
2019020
2019037
2019043
2019051
2019066
2019079
2019092
2019107
2019110
2019128
2019135
2019144
2019161
2019172
2019183
2019199
2019206
2019212
2019221
2019233
2019249
2019257
2019268
2019270
2019285
2019294
2019301
2019319
2019326
2019334
2019355
2019387
2019393
2019409
2019417
2019424
2019438
2019452
2019463
2019475
2019491
2019513
2019525
2019532
2019548
2019554
2019569
2019576
2019581
2019597
2019608
2019614
2019627
2019640
2019653
2019662
2019671
2019686
2019704
2019729
2019731
2019747
2019750
2019765
2019773
2019782
2019802
2019815
2019823
2019830
2019841
2019859
2019864
2019877
2019888
2019896
2019903
2019922
2019936
2019945
2019958
2019967
2019974
2019989
2019990
2020001
2020019
2020026
2020034
2020042
2020055
2020060
2020078
2020087
2020093
2020104
2020116
2020129
2020131
2020147
2020150
2020165
2020173
2020182
2020200
2020213
2020225
2020248
2020254
2020269
2020276
2020281
2020305
2020318
2020320
2020337
2020343
2020351
2020366
2020379
2020384
2020392
2020408
2020414
2020427
2020440
2020453
2020462
2020471
2020486
2020495
2020506
2020512
2020521
2020533
2020557
2020568
2020570
2020585
2020594
2020609
2020617
2020624
2020638
2020646
2020652
2020663
2020675
2020691
2020707
2020710
2020728
2020735
2020744
2020761
2020772
2020783
2020799
2020803
2020811
2020822
2020836
2020845
2020858
2020867
2020874
2020889
2020890
2020902
2020915
2020923
2020930
2020941
2020959
2020964
2020977
2020988
2020996
2021007
2021010
2021028
2021035
2021056
2021061
2021072
2021083
2021099
2021105
2021118
2021120
2021143
2021151
2021166
2021179
2021184
2021192
2021201
2021219
2021226
2021234
2021242
2021278
2021287
2021293
2021321
2021333
2021349
2021357
2021368
2021370
2021385
2021394
2021402
2021415
2021423
2021430
2021441
2021459
2021464
2021477
2021488
2021508
2021514
2021527
2021539
2021562
2021571
2021613
2021625
2021632
2021648
2021654
2021669
2021676
2021681
2021697
2021703
2021711
2021736
2021745
2021758
2021767
2021774
2021789
2021790
2021809
2021817
2021824
2021838
2021852
2021863
2021875
2021880
2021891
2021904
2021916
2021929
2021931
2021947
2021950
2021965
2021973
2021982
2021998
2022005
2022018
2022020
2022037
2022043
2022051
2022066
2022079
2022084
2022092
2022107
2022110
2022128
2022135
2022144
2022156
2022161
2022172
2022199
2022206
2022212
2022221
2022233
2022249
2022257
2022268
2022270
2022285
2022294
2022301
2022319
2022326
2022334
2022342
2022355
2022360
2022378
2022387
2022393
2022409
2022417
2022424
2022438
2022446
2022452
2022463
2022475
2022480
2022491
2022500
2022513
2022525
2022532
2022548
2022554
2022569
2022576
2022581
2022597
2022608
2022614
2022627
2022639
2022640
2022653
2022662
2022671
2022695
2022704
2022716
2022729
2022747
2022750
2022765
2022773
2022782
2022802
2022815
2022823
2022830
2022841
2022859
2022864
2022888
2022896
2022903
2022911
2022922
2022936
2022945
2022958
2022967
2022974
2022989
2022990
2023009
2023017
2023024
2023038
2023046
2023052
2023063
2023075
2023080
2023091
2023108
2023114
2023127
2023139
2023140
2023153
2023162
2023171
2023186
2023195
2023211
2023222
2023236
2023245
2023258
2023267
2023274
2023289
2023302
2023315
2023323
2023330
2023341
2023359
2023364
2023377
2023388
2023396
2023418
2023420
2023437
2023443
2023451
2023466
2023479
2023492
2023504
2023516
2023529
2023531
2023547
2023550
2023565
2023573
2023582
2023598
2023607
2023610
2023628
2023635
2023644
2023656
2023661
2023672
2023683
2023699
2023700
2023713
2023725
2023732
2023748
2023754
2023769
2023776
2023781
2023797
2023819
2023826
2023834
2023842
2023855
2023860
2023878
2023887
2023893
2023933
2023957
2023968
2023970
2023985
2023994
2024004
2024016
2024029
2024031
2024047
2024050
2024073
2024082
2024098
2024101
2024119
2024134
2024142
2024155
2024160
2024178
2024187
2024193
2024205
2024218
2024220
2024237
2024251
2024266
2024279
2024284
2024292
2024325
2024332
2024348
2024354
2024369
2024376
2024381
2024397
2024403
2024411
2024422
2024436
2024445
2024458
2024467
2024489
2024490
2024509
2024517
2024524
2024538
2024546
2024552
2024563
2024575
2024580
2024606
2024612
2024621
2024633
2024649
2024657
2024668
2024670
2024685
2024694
2024702
2024715
2024723
2024730
2024741
2024759
2024764
2024788
2024796
2024808
2024814
2024827
2024839
2024840
2024853
2024886
2024895
2024907
2024910
2024928
2024935
2024944
2024956
2024961
2024972
2024983
2024999
2025002
2025015
2025023
2025030
2025041
2025059
2025064
2025088
2025096
2025100
2025113
2025125
2025132
2025148
2025154
2025176
2025181
2025197
2025204
2025216
2025229
2025231
2025247
2025250
2025265
2025273
2025282
2025298
2025309
2025317
2025324
2025338
2025346
2025352
2025363
2025375
2025380
2025391
2025407
2025410
2025428
2025435
2025444
2025456
2025461
2025483
2025499
2025503
2025511
2025522
2025536
2025558
2025567
2025574
2025589
2025590
2025605
2025618
2025637
2025643
2025651
2025666
2025679
2025684
2025692
2025708
2025714
2025727
2025739
2025740
2025753
2025762
2025771
2025786
2025795
2025806
2025812
2025821
2025833
2025849
2025857
2025868
2025870
2025894
2025901
2025919
2025926
2025942
2025955
2025960
2025987
2025993
2026008
2026014
2026027
2026040
2026053
2026062
2026086
2026095
2026109
2026124
2026138
2026146
2026152
2026163
2026175
2026180
2026191
2026202
2026215
2026223
2026230
2026241
2026259
2026277
2026288
2026296
2026303
2026311
2026322
2026336
2026345
2026358
2026367
2026374
2026389
2026390
2026401
2026419
2026426
2026455
2026460
2026478
2026493
2026507
2026510
2026528
2026535
2026544
2026556
2026561
2026572
2026583
2026599
2026604
2026616
2026629
2026631
2026647
2026650
2026665
2026673
2026682
2026698
2026706
2026712
2026721
2026733
2026749
2026757
2026768
2026770
2026794
2026805
2026818
2026820
2026837
2026843
2026851
2026866
2026879
2026884
2026892
2026900
2026925
2026932
2026948
2026954
2026969
2026976
2026981
2026997
2027003
2027011
2027022
2027036
2027045
2027058
2027067
2027074
2027089
2027106
2027112
2027121
2027149
2027157
2027168
2027170
2027185
2027194
2027207
2027210
2027228
2027235
2027244
2027261
2027272
2027283
2027299
2027308
2027314
2027327
2027339
2027340
2027353
2027362
2027371
2027386
2027395
2027404
2027416
2027429
2027431
2027447
2027450
2027465
2027473
2027482
2027498
2027502
2027515
2027523
2027530
2027541
2027559
2027564
2027577
2027588
2027596
2027601
2027619
2027626
2027634
2027642
2027655
2027660
2027693
2027709
2027717
2027724
2027746
2027752
2027763
2027775
2027780
2027791
2027800
2027813
2027825
2027832
2027848
2027854
2027876
2027881
2027897
2027905
2027918
2027920
2027937
2027943
2027951
2027966
2027979
2027984
2027992
2028006
2028012
2028021
2028033
2028049
2028057
2028068
2028070
2028085
2028094
2028111
2028122
2028136
2028145
2028167
2028174
2028189
2028190
2028208
2028214
2028227
2028239
2028240
2028253
2028262
2028271
2028286
2028295
2028307
2028310
2028328
2028335
2028344
2028356
2028361
2028372
2028383
2028399
2028400
2028413
2028425
2028432
2028448
2028454
2028476
2028481
2028497
2028501
2028526
2028534
2028542
2028555
2028560
2028578
2028587
2028593
2028623
2028630
2028641
2028664
2028677
2028688
2028696
2028705
2028718
2028720
2028743
2028751
2028766
2028779
2028784
2028792
2028804
2028816
2028829
2028831
2028850
2028865
2028873
2028882
2028898
2028909
2028917
2028924
2028938
2028946
2028952
2028963
2028975
2028980
2028991
2029013
2029025
2029032
2029048
2029054
2029069
2029076
2029081
2029097
2029102
2029115
2029123
2029141
2029159
2029164
2029177
2029196
2029209
2029217
2029224
2029238
2029246
2029252
2029263
2029275
2029280
2029291
2029316
2029329
2029331
2029347
2029365
2029398
2029406
2029421
2029449
2029457
2029468
2029470
2029485
2029494
2029505
2029518
2029520
2029537
2029543
2029551
2029566
2029579
2029584
2029592
2029603
2029611
2029622
2029636
2029645
2029658
2029667
2029674
2029689
2029690
2029701
2029719
2029726
2029742
2029755
2029760
2029778
2029787
2029793
2029807
2029810
2029828
2029835
2029844
2029856
2029861
2029899
2029908
2029914
2029927
2029939
2029940
2029953
2029962
2029971
2029986
2029995
2030009
2030017
2030024
2030038
2030046
2030052
2030063
2030075
2030080
2030091
2030108
2030114
2030127
2030139
2030140
2030153
2030162
2030171
2030186
2030195
2030203
2030211
2030222
2030236
2030245
2030258
2030267
2030274
2030289
2030290
2030302
2030315
2030323
2030330
2030341
2030359
2030364
2030377
2030388
2030396
2030405
2030418
2030420
2030437
2030443
2030451
2030466
2030479
2030484
2030492
2030504
2030529
2030531
2030547
2030550
2030582
2030598
2030607
2030610
2030628
2030635
2030644
2030661
2030672
2030683
2030700
2030713
2030725
2030732
2030748
2030754
2030769
2030776
2030781
2030797
2030801
2030819
2030826
2030834
2030842
2030855
2030860
2030878
2030887
2030893
2030912
2030921
2030933
2030957
2030968
2030970
2030985
2030994
2031013
2031025
2031032
2031048
2031054
2031069
2031076
2031081
2031097
2031102
2031115
2031141
2031159
2031164
2031177
2031188
2031196
2031217
2031224
2031238
2031246
2031252
2031263
2031275
2031280
2031291
2031304
2031316
2031329
2031331
2031347
2031350
2031365
2031373
2031382
2031406
2031412
2031433
2031449
2031457
2031468
2031470
2031485
2031494
2031505
2031518
2031520
2031543
2031551
2031566
2031579
2031584
2031592
2031603
2031611
2031622
2031636
2031645
2031667
2031674
2031689
2031690
2031701
2031719
2031726
2031734
2031742
2031755
2031760
2031778
2031787
2031793
2031807
2031810
2031828
2031835
2031844
2031856
2031861
2031872
2031883
2031899
2031908
2031914
2031927
2031939
2031940
2031953
2031962
2031971
2031986
2031995
2032002
2032015
2032023
2032030
2032041
2032059
2032064
2032077
2032096
2032113
2032125
2032132
2032148
2032154
2032169
2032176
2032181
2032197
2032204
2032216
2032229
2032231
2032247
2032250
2032265
2032273
2032282
2032298
2032309
2032317
2032324
2032338
2032346
2032352
2032380
2032391
2032407
2032410
2032428
2032435
2032444
2032456
2032461
2032472
2032483
2032499
2032503
2032511
2032522
2032536
2032545
2032558
2032567
2032574
2032589
2032590
2032605
2032618
2032637
2032643
2032651
2032666
2032679
2032684
2032692
2032708
2032714
2032727
2032739
2032740
2032753
2032762
2032771
2032786
2032795
2032806
2032812
2032821
2032849
2032857
2032868
2032870
2032885
2032894
2032901
2032919
2032926
2032934
2032942
2032955
2032987
2032993
2033007
2033010
2033028
2033035
2033044
2033056
2033061
2033072
2033083
2033099
2033105
2033118
2033120
2033137
2033143
2033151
2033179
2033184
2033192
2033201
2033219
2033226
2033234
2033242
2033255
2033260
2033278
2033287
2033293
2033306
2033312
2033321
2033333
2033349
2033357
2033368
2033370
2033385
2033394
2033402
2033415
2033423
2033441
2033459
2033464
2033477
2033488
2033496
2033508
2033514
2033527
2033539
2033540
2033553
2033562
2033571
2033586
2033600
2033613
2033625
2033632
2033654
2033676
2033681
2033703
2033711
2033722
2033745
2033758
2033767
2033774
2033789
2033790
2033809
2033817
2033824
2033838
2033846
2033852
2033863
2033875
2033880
2033891
2033904
2033916
2033929
2033931
2033947
2033950
2033965
2033973
2034008
2034014
2034027
2034040
2034053
2034062
2034071
2034086
2034095
2034109
2034117
2034124
2034146
2034152
2034163
2034175
2034180
2034191
2034215
2034223
2034230
2034241
2034259
2034264
2034277
2034288
2034296
2034303
2034311
2034322
2034345
2034358
2034367
2034374
2034389
2034390
2034401
2034426
2034434
2034442
2034460
2034478
2034487
2034493
2034507
2034510
2034528
2034535
2034544
2034556
2034561
2034572
2034583
2034599
2034604
2034616
2034629
2034631
2034647
2034665
2034673
2034682
2034698
2034706
2034712
2034721
2034733
2034749
2034768
2034785
2034794
2034805
2034820
2034837
2034843
2034851
2034866
2034879
2034884
2034892
2034900
2034913
2034925
2034932
2034948
2034954
2034976
2034981
2034997
2035006
2035012
2035021
2035033
2035049
2035057
2035068
2035070
2035085
2035094
2035103
2035111
2035122
2035136
2035145
2035158
2035167
2035174
2035189
2035190
2035208
2035214
2035227
2035253
2035262
2035271
2035286
2035295
2035307
2035310
2035328
2035335
2035344
2035356
2035361
2035372
2035383
2035399
2035400
2035413
2035425
2035432
2035454
2035469
2035481
2035497
2035501
2035519
2035526
2035534
2035542
2035555
2035560
2035578
2035587
2035593
2035602
2035615
2035623
2035630
2035641
2035659
2035664
2035677
2035688
2035696
2035705
2035718
2035720
2035737
2035743
2035751
2035766
2035779
2035784
2035792
2035804
2035816
2035829
2035831
2035847
2035850
2035865
2035873
2035882
2035898
2035909
2035917
2035924
2035938
2035946
2035952
2035963
2035975
2035980
2035991
2036005
2036018
2036020
2036037
2036043
2036051
2036066
2036079
2036084
2036092
2036107
2036110
2036128
2036135
2036144
2036161
2036172
2036183
2036199
2036206
2036212
2036221
2036233
2036249
2036257
2036268
2036270
2036285
2036294
2036319
2036326
2036334
2036355
2036360
2036378
2036387
2036393
2036409
2036417
2036424
2036438
2036452
2036463
2036475
2036491
2036500
2036513
2036525
2036532
2036554
2036569
2036576
2036581
2036597
2036608
2036614
2036639
2036640
2036653
2036671
2036686
2036695
2036704
2036716
2036729
2036731
2036747
2036750
2036765
2036773
2036782
2036798
2036802
2036815
2036823
2036830
2036841
2036859
2036864
2036877
2036888
2036903
2036911
2036922
2036936
2036945
2036967
2036974
2036989
2036990
2037001
2037019
2037026
2037034
2037055
2037060
2037078
2037087
2037093
2037104
2037116
2037129
2037131
2037147
2037150
2037165
2037173
2037182
2037198
2037200
2037213
2037225
2037232
2037248
2037254
2037269
2037276
2037281
2037297
2037305
2037318
2037320
2037337
2037343
2037366
2037379
2037384
2037392
2037408
2037414
2037427
2037439
2037453
2037462
2037486
2037495
2037506
2037512
2037521
2037533
2037549
2037557
2037568
2037570
2037585
2037594
2037609
2037617
2037624
2037638
2037646
2037652
2037663
2037680
2037691
2037707
2037710
2037728
2037735
2037744
2037761
2037772
2037803
2037811
2037822
2037836
2037858
2037867
2037889
2037890
2037902
2037923
2037930
2037964
2037977
2038004
2038016
2038029
2038031
2038047
2038050
2038065
2038082
2038098
2038119
2038126
2038142
2038160
2038193
2038205
2038218
2038220
2038237
2038243
2038266
2038279
2038284
2038292
2038300
2038313
2038325
2038332
2038348
2038354
2038369
2038376
2038381
2038397
2038403
2038411
2038422
2038458
2038467
2038474
2038489
2038490
2038517
2038524
2038538
2038546
2038552
2038563
2038575
2038580
2038591
2038612
2038621
2038649
2038657
2038668
2038670
2038685
2038694
2038702
2038715
2038723
2038730
2038741
2038759
2038764
2038777
2038788
2038796
2038808
2038814
2038827
2038839
2038840
2038853
2038862
2038871
2038886
2038895
2038907
2038910
2038928
2038935
2038944
2038956
2038961
2038972
2038983
2038999
2039003
2039011
2039036
2039045
2039067
2039074
2039089
2039090
2039112
2039121
2039133
2039149
2039157
2039168
2039170
2039185
2039194
2039207
2039210
2039228
2039235
2039244
2039256
2039261
2039272
2039283
2039299
2039308
2039314
2039327
2039339
2039340
2039353
2039362
2039371
2039386
2039395
2039404
2039416
2039429
2039431
2039447
2039450
2039465
2039473
2039482
2039498
2039502
2039523
2039530
2039541
2039564
2039577
2039588
2039601
2039619
2039626
2039634
2039642
2039655
2039660
2039678
2039687
2039709
2039717
2039724
2039738
2039746
2039752
2039763
2039775
2039780
2039791
2039800
2039813
2039825
2039848
2039854
2039869
2039876
2039881
2039897
2039918
2039920
2039937
2039943
2039951
2039966
2039979
2040002
2040015
2040023
2040030
2040059
2040064
2040077
2040096
2040100
2040113
2040125
2040132
2040148
2040169
2040176
2040197
2040204
2040216
2040231
2040247
2040250
2040265
2040273
2040282
2040298
2040309
2040317
2040324
2040338
2040346
2040352
2040363
2040375
2040380
2040391
2040407
2040428
2040444
2040456
2040461
2040472
2040483
2040499
2040503
2040511
2040522
2040545
2040558
2040567
2040574
2040589
2040590
2040605
2040618
2040620
2040637
2040643
2040651
2040666
2040679
2040684
2040692
2040708
2040714
2040727
2040739
2040740
2040753
2040762
2040771
2040786
2040795
2040806
2040812
2040821
2040833
2040849
2040857
2040870
2040885
2040894
2040901
2040919
2040926
2040934
2040942
2040955
2040960
2040978
2040987
2040993
2041008
2041014
2041027
2041039
2041040
2041053
2041062
2041071
2041086
2041095
2041109
2041117
2041124
2041138
2041146
2041152
2041163
2041175
2041191
2041202
2041215
2041223
2041230
2041241
2041259
2041264
2041277
2041288
2041296
2041303
2041311
2041322
2041336
2041345
2041358
2041367
2041374
2041389
2041390
2041401
2041426
2041434
2041442
2041455
2041460
2041478
2041487
2041493
2041507
2041510
2041528
2041535
2041544
2041556
2041561
2041572
2041583
2041599
2041604
2041616
2041629
2041647
2041650
2041665
2041673
2041682
2041698
2041712
2041721
2041733
2041749
2041757
2041768
2041770
2041785
2041794
2041805
2041818
2041820
2041837
2041843
2041851
2041866
2041879
2041884
2041900
2041913
2041925
2041948
2041969
2041976
2041981
2041997
2042009
2042017
2042038
2042046
2042052
2042063
2042075
2042080
2042091
2042108
2042114
2042127
2042139
2042140
2042153
2042162
2042171
2042186
2042195
2042203
2042211
2042222
2042236
2042245
2042258
2042267
2042289
2042290
2042302
2042315
2042323
2042330
2042341
2042359
2042364
2042377
2042388
2042396
2042405
2042418
2042420
2042437
2042443
2042451
2042466
2042479
2042484
2042492
2042504
2042516
2042529
2042531
2042547
2042550
2042565
2042573
2042582
2042598
2042607
2042610
2042628
2042644
2042661
2042672
2042699
2042700
2042713
2042732
2042748
2042754
2042769
2042776
2042781
2042797
2042801
2042819
2042826
2042834
2042842
2042860
2042887
2042893
2042906
2042912
2042921
2042933
2042949
2042957
2042968
2042970
2042985
2042994
2043005
2043018
2043020
2043043
2043051
2043066
2043079
2043084
2043092
2043107
2043110
2043128
2043135
2043144
2043156
2043161
2043172
2043183
2043199
2043206
2043212
2043233
2043249
2043257
2043268
2043285
2043319
2043326
2043334
2043342
2043355
2043360
2043378
2043387
2043393
2043409
2043417
2043424
2043438
2043446
2043463
2043475
2043480
2043491
2043500
2043513
2043525
2043532
2043548
2043554
2043569
2043576
2043581
2043597
2043608
2043614
2043639
2043640
2043653
2043662
2043695
2043704
2043716
2043729
2043731
2043747
2043750
2043765
2043773
2043782
2043798
2043802
2043815
2043830
2043841
2043859
2043864
2043877
2043888
2043896
2043903
2043911
2043922
2043936
2043945
2043958
2043967
2043974
2043989
2044000
2044013
2044025
2044032
2044048
2044069
2044076
2044081
2044102
2044115
2044123
2044130
2044159
2044164
2044177
2044188
2044209
2044217
2044224
2044238
2044246
2044252
2044263
2044275
2044280
2044291
2044304
2044316
2044329
2044331
2044347
2044350
2044373
2044382
2044398
2044406
2044412
2044421
2044433
2044449
2044457
2044468
2044470
2044485
2044494
2044505
2044518
2044520
2044537
2044543
2044551
2044566
2044579
2044584
2044592
2044603
2044611
2044622
2044636
2044645
2044658
2044674
2044689
2044701
2044719
2044726
2044734
2044742
2044755
2044787
2044793
2044807
2044810
2044828
2044835
2044844
2044856
2044861
2044872
2044883
2044899
2044908
2044914
2044927
2044939
2044940
2044953
2044962
2044971
2044986
2044995
2045019
2045026
2045034
2045042
2045055
2045060
2045078
2045087
2045093
2045104
2045116
2045131
2045147
2045150
2045165
2045173
2045182
2045198
2045200
2045213
2045225
2045232
2045248
2045254
2045269
2045276
2045305
2045318
2045320
2045337
2045343
2045351
2045366
2045379
2045384
2045392
2045408
2045414
2045427
2045439
2045440
2045462
2045486
2045495
2045506
2045512
2045521
2045533
2045549
2045557
2045568
2045570
2045585
2045594
2045609
2045617
2045624
2045638
2045646
2045652
2045675
2045680
2045691
2045710
2045735
2045744
2045756
2045761
2045772
2045783
2045799
2045803
2045811
2045822
2045836
2045845
2045858
2045867
2045874
2045889
2045890
2045902
2045915
2045923
2045930
2045941
2045959
2045964
2045988
2045996
2046007
2046010
2046035
2046044
2046056
2046061
2046072
2046099
2046105
2046118
2046120
2046137
2046143
2046151
2046166
2046179
2046184
2046192
2046201
2046219
2046226
2046234
2046242
2046255
2046278
2046287
2046293
2046306
2046312
2046321
2046333
2046349
2046357
2046368
2046385
2046394
2046402
2046423
2046441
2046464
2046477
2046488
2046496
2046508
2046514
2046527
2046539
2046540
2046553
2046562
2046571
2046586
2046595
2046600
2046613
2046625
2046632
2046648
2046669
2046676
2046681
2046697
2046703
2046711
2046722
2046736
2046745
2046774
2046790
2046809
2046817
2046824
2046838
2046846
2046852
2046875
2046880
2046891
2046916
2046929
2046931
2046947
2046950
2046965
2046973
2046982
2046998
2047006
2047012
2047021
2047033
2047049
2047057
2047068
2047070
2047085
2047094
2047103
2047111
2047122
2047136
2047145
2047158
2047189
2047190
2047208
2047214
2047227
2047239
2047240
2047253
2047262
2047271
2047286
2047295
2047307
2047310
2047328
2047335
2047344
2047356
2047361
2047372
2047383
2047399
2047400
2047413
2047425
2047448
2047454
2047469
2047476
2047481
2047497
2047501
2047519
2047526
2047542
2047555
2047578
2047602
2047615
2047623
2047630
2047641
2047659
2047664
2047677
2047696
2047718
2047720
2047737
2047743
2047751
2047766
2047779
2047784
2047792
2047804
2047816
2047829
2047831
2047847
2047865
2047873
2047882
2047898
2047909
2047917
2047924
2047938
2047946
2047952
2047963
2047975
2047980
2047991
2048003
2048011
2048022
2048036
2048045
2048058
2048067
2048074
2048089
2048090
2048106
2048112
2048121
2048133
2048149
2048157
2048168
2048170
2048185
2048194
2048207
2048210
2048228
2048235
2048244
2048256
2048261
2048283
2048299
2048308
2048314
2048327
2048339
2048340
2048353
2048362
2048371
2048386
2048395
2048404
2048416
2048429
2048431
2048447
2048450
2048465
2048482
2048498
2048502
2048515
2048523
2048530
2048541
2048559
2048564
2048588
2048596
2048601
2048619
2048626
2048634
2048642
2048655
2048660
2048678
2048693
2048709
2048717
2048738
2048746
2048752
2048763
2048775
2048780
2048791
2048800
2048825
2048832
2048848
2048854
2048869
2048876
2048881
2048897
2048905
2048918
2048937
2048943
2048951
2048966
2048979
2048984
2048992
2049004
2049016
2049029
2049047
2049065
2049073
2049082
2049098
2049101
2049119
2049126
2049142
2049155
2049160
2049178
2049193
2049205
2049218
2049220
2049237
2049243
2049251
2049266
2049279
2049284
2049292
2049300
2049313
2049325
2049332
2049348
2049369
2049376
2049381
2049397
2049403
2049436
2049458
2049467
2049474
2049489
2049490
2049509
2049517
2049524
2049538
2049546
2049552
2049563
2049575
2049580
2049591
2049606
2049612
2049621
2049633
2049649
2049657
2049668
2049670
2049685
2049694
2049715
2049723
2049730
2049741
2049759
2049764
2049777
2049788
2049796
2049808
2049814
2049827
2049839
2049840
2049853
2049862
2049886
2049895
2049907
2049910
2049928
2049935
2049956
2049961
2049983
2049999
2050005
2050018
2050020
2050037
2050066
2050079
2050084
2050092
2050107
2050110
2050128
2050135
2050144
2050156
2050161
2050183
2050199
2050206
2050212
2050221
2050233
2050249
2050257
2050268
2050285
2050294
2050301
2050319
2050326
2050334
2050342
2050355
2050360
2050378
2050393
2050409
2050417
2050424
2050438
2050452
2050463
2050475
2050480
2050491
2050500
2050513
2050532
2050548
2050554
2050569
2050576
2050581
2050597
2050608
2050614
2050627
2050639
2050653
2050662
2050671
2050686
2050704
2050716
2050729
2050747
2050750
2050765
2050782
2050798
2050802
2050815
2050823
2050830
2050841
2050859
2050864
2050877
2050888
2050896
2050903
2050911
2050936
2050945
2050958
2050967
2050974
2050989
2050990
2051004
2051016
2051029
2051031
2051050
2051065
2051073
2051082
2051098
2051101
2051119
2051126
2051134
2051142
2051155
2051160
2051178
2051187
2051193
2051205
2051218
2051220
2051237
2051243
2051266
2051279
2051284
2051292
2051300
2051313
2051325
2051332
2051348
2051354
2051369
2051376
2051381
2051397
2051403
2051422
2051436
2051445
2051458
2051467
2051474
2051489
2051509
2051517
2051524
2051538
2051546
2051552
2051563
2051575
2051580
2051591
2051606
2051621
2051633
2051649
2051657
2051670
2051685
2051694
2051702
2051715
2051723
2051759
2051764
2051777
2051788
2051796
2051814
2051839
2051840
2051853
2051862
2051871
2051895
2051907
2051910
2051928
2051935
2051944
2051956
2051961
2051972
2051999
2052001
2052019
2052026
2052034
2052042
2052055
2052060
2052078
2052087
2052093
2052104
2052116
2052129
2052131
2052147
2052150
2052165
2052173
2052182
2052198
2052200
2052213
2052232
2052248
2052254
2052269
2052276
2052281
2052297
2052305
2052318
2052320
2052337
2052351
2052366
2052379
2052384
2052392
2052408
2052414
2052427
2052439
2052440
2052453
2052462
2052471
2052486
2052495
2052506
2052512
2052521
2052533
2052549
2052557
2052568
2052570
2052585
2052594
2052609
2052617
2052624
2052638
2052646
2052652
2052663
2052680
2052691
2052707
2052710
2052728
2052735
2052744
2052756
2052761
2052772
2052799
2052803
2052811
2052822
2052836
2052845
2052867
2052874
2052890
2052902
2052915
2052923
2052930
2052941
2052964
2052977
2052988
2052996
2053008
2053014
2053027
2053039
2053040
2053053
2053086
2053109
2053117
2053124
2053138
2053146
2053152
2053163
2053175
2053180
2053191
2053202
2053215
2053223
2053230
2053241
2053259
2053264
2053277
2053288
2053296
2053303
2053311
2053322
2053336
2053345
2053358
2053367
2053374
2053389
2053390
2053401
2053419
2053426
2053434
2053442
2053455
2053460
2053478
2053487
2053493
2053510
2053528
2053535
2053544
2053556
2053561
2053583
2053599
2053604
2053616
2053629
2053631
2053647
2053665
2053673
2053682
2053698
2053706
2053712
2053721
2053733
2053749
2053768
2053770
2053785
2053794
2053805
2053818
2053820
2053837
2053843
2053851
2053866
2053879
2053884
2053892
2053900
2053913
2053925
2053932
2053948
2053954
2053969
2053981
2053997
2054007
2054010
2054028
2054035
2054044
2054056
2054061
2054072
2054083
2054099
2054105
2054118
2054120
2054137
2054143
2054166
2054179
2054184
2054192
2054201
2054226
2054234
2054242
2054255
2054260
2054278
2054306
2054312
2054321
2054333
2054349
2054357
2054368
2054370
2054385
2054394
2054402
2054415
2054423
2054430
2054441
2054459
2054464
2054477
2054488
2054496
2054508
2054514
2054527
2054539
2054540
2054553
2054562
2054571
2054586
2054600
2054613
2054625
2054632
2054648
2054654
2054669
2054676
2054697
2054703
2054722
2054736
2054745
2054758
2054767
2054774
2054789
2054790
2054809
2054817
2054824
2054838
2054852
2054863
2054875
2054880
2054891
2054904
2054916
2054931
2054947
2054950
2054965
2054973
2054998
2055003
2055022
2055036
2055045
2055058
2055067
2055074
2055089
2055090
2055106
2055112
2055121
2055133
2055149
2055157
2055168
2055185
2055194
2055207
2055210
2055228
2055235
2055244
2055256
2055261
2055272
2055283
2055299
2055308
2055314
2055327
2055339
2055340
2055353
2055362
2055371
2055386
2055395
2055404
2055416
2055429
2055431
2055447
2055450
2055465
2055473
2055482
2055498
2055502
2055515
2055523
2055530
2055541
2055559
2055577
2055596
2055601
2055619
2055626
2055634
2055642
2055655
2055660
2055678
2055687
2055693
2055724
2055738
2055746
2055752
2055775
2055791
2055800
2055813
2055825
2055848
2055854
2055869
2055876
2055881
2055897
2055918
2055920
2055937
2055951
2055966
2055979
2055984
2055992
2056009
2056017
2056038
2056046
2056052
2056063
2056075
2056080
2056091
2056127
2056139
2056140
2056153
2056162
2056171
2056186
2056195
2056203
2056211
2056222
2056245
2056258
2056267
2056274
2056289
2056290
2056302
2056315
2056330
2056341
2056359
2056364
2056377
2056388
2056396
2056405
2056420
2056437
2056443
2056451
2056466
2056479
2056484
2056492
2056504
2056516
2056529
2056531
2056547
2056550
2056565
2056573
2056582
2056598
2056607
2056610
2056628
2056644
2056656
2056661
2056672
2056683
2056699
2056700
2056713
2056725
2056732
2056748
2056754
2056769
2056776
2056781
2056797
2056801
2056819
2056826
2056834
2056842
2056855
2056860
2056878
2056887
2056893
2056906
2056912
2056921
2056933
2056949
2056957
2056968
2056970
2056985
2056994
2057002
2057015
2057023
2057030
2057041
2057059
2057064
2057077
2057088
2057096
2057100
2057113
2057125
2057132
2057148
2057154
2057169
2057181
2057197
2057204
2057229
2057231
2057247
2057250
2057265
2057273
2057282
2057298
2057309
2057317
2057324
2057338
2057346
2057352
2057363
2057375
2057391
2057407
2057410
2057428
2057435
2057444
2057456
2057472
2057483
2057499
2057503
2057522
2057558
2057567
2057574
2057589
2057590
2057618
2057620
2057637
2057643
2057651
2057666
2057684
2057692
2057708
2057714
2057727
2057740
2057753
2057762
2057771
2057786
2057795
2057806
2057812
2057821
2057833
2057849
2057857
2057868
2057870
2057894
2057901
2057919
2057926
2057934
2057942
2057955
2057960
2057978
2057987
2057993
2058000
2058013
2058025
2058032
2058048
2058054
2058076
2058081
2058097
2058102
2058115
2058123
2058130
2058141
2058159
2058177
2058188
2058196
2058209
2058217
2058224
2058238
2058246
2058252
2058263
2058275
2058291
2058304
2058316
2058329
2058331
2058347
2058350
2058365
2058373
2058382
2058398
2058412
2058421
2058433
2058449
2058457
2058468
2058470
2058485
2058494
2058505
2058518
2058520
2058537
2058543
2058551
2058566
2058579
2058584
2058592
2058603
2058611
2058622
2058636
2058645
2058658
2058667
2058674
2058689
2058690
2058719
2058726
2058734
2058742
2058755
2058760
2058787
2058793
2058807
2058810
2058828
2058835
2058844
2058856
2058861
2058872
2058883
2058899
2058908
2058914
2058927
2058939
2058940
2058953
2058971
2058986
2058995
2059006
2059012
2059021
2059033
2059049
2059057
2059070
2059085
2059094
2059103
2059111
2059122
2059136
2059145
2059167
2059174
2059189
2059190
2059208
2059214
2059239
2059240
2059271
2059286
2059295
2059307
2059310
2059335
2059344
2059356
2059361
2059372
2059400
2059413
2059425
2059432
2059448
2059454
2059469
2059476
2059481
2059497
2059501
2059519
2059526
2059534
2059542
2059555
2059560
2059587
2059593
2059615
2059623
2059630
2059641
2059659
2059664
2059677
2059688
2059696
2059718
2059720
2059737
2059743
2059751
2059779
2059784
2059792
2059804
2059816
2059829
2059831
2059847
2059850
2059865
2059873
2059882
2059898
2059909
2059917
2059938
2059946
2059952
2059963
2059975
2059980
2059991
2060008
2060014
2060027
2060039
2060053
2060062
2060086
2060095
2060109
2060117
2060124
2060138
2060146
2060152
2060180
2060191
2060202
2060215
2060223
2060230
2060241
2060259
2060264
2060277
2060288
2060296
2060303
2060311
2060322
2060345
2060358
2060367
2060374
2060389
2060390
2060401
2060419
2060426
2060434
2060442
2060455
2060478
2060487
2060493
2060507
2060528
2060535
2060544
2060556
2060561
2060572
2060583
2060599
2060604
2060616
2060629
2060631
2060647
2060650
2060673
2060682
2060698
2060706
2060712
2060721
2060733
2060749
2060768
2060770
2060785
2060794
2060805
2060837
2060843
2060851
2060866
2060879
2060884
2060892
2060900
2060913
2060925
2060954
2060969
2060976
2060981
2060997
2061006
2061021
2061033
2061049
2061057
2061068
2061070
2061085
2061094
2061103
2061111
2061122
2061136
2061145
2061158
2061167
2061174
2061189
2061208
2061214
2061227
2061239
2061240
2061253
2061262
2061271
2061286
2061295
2061310
2061328
2061335
2061356
2061361
2061372
2061383
2061400
2061413
2061425
2061432
2061448
2061454
2061469
2061476
2061481
2061497
2061501
2061519
2061526
2061534
2061542
2061555
2061560
2061578
2061587
2061593
2061602
2061615
2061623
2061630
2061641
2061659
2061664
2061677
2061688
2061696
2061705
2061720
2061737
2061743
2061751
2061766
2061779
2061784
2061792
2061804
2061816
2061829
2061831
2061847
2061850
2061865
2061873
2061882
2061898
2061909
2061917
2061924
2061938
2061946
2061952
2061963
2061975
2061980
2061991
2062003
2062011
2062022
2062036
2062045
2062058
2062067
2062074
2062089
2062090
2062106
2062112
2062121
2062133
2062149
2062157
2062168
2062170
2062185
2062194
2062207
2062210
2062228
2062235
2062244
2062256
2062261
2062272
2062283
2062299
2062308
2062314
2062327
2062339
2062340
2062353
2062362
2062371
2062386
2062395
2062404
2062416
2062429
2062431
2062447
2062450
2062465
2062473
2062482
2062498
2062502
2062515
2062523
2062530
2062541
2062559
2062564
2062577
2062588
2062596
2062601
2062619
2062626
2062634
2062642
2062655
2062660
2062687
2062693
2062709
2062717
2062724
2062746
2062752
2062763
2062775
2062780
2062791
2062800
2062813
2062825
2062832
2062848
2062854
2062869
2062876
2062881
2062897
2062905
2062918
2062920
2062937
2062943
2062951
2062966
2062979
2062984
2062992
2063004
2063016
2063029
2063047
2063050
2063065
2063073
2063082
2063098
2063101
2063119
2063126
2063134
2063142
2063155
2063160
2063178
2063187
2063193
2063205
2063218
2063220
2063243
2063251
2063279
2063284
2063292
2063300
2063313
2063325
2063332
2063348
2063354
2063369
2063376
2063381
2063397
2063403
2063411
2063422
2063436
2063445
2063458
2063467
2063489
2063490
2063509
2063517
2063524
2063538
2063546
2063552
2063563
2063575
2063591
2063606
2063612
2063621
2063633
2063649
2063657
2063668
2063670
2063685
2063694
2063715
2063723
2063730
2063741
2063759
2063764
2063777
2063788
2063796
2063808
2063814
2063827
2063839
2063840
2063862
2063871
2063886
2063895
2063907
2063928
2063935
2063956
2063961
2063983
2063999
2064009
2064017
2064024
2064038
2064046
2064052
2064063
2064075
2064080
2064091
2064108
2064127
2064139
2064140
2064153
2064162
2064171
2064186
2064195
2064203
2064211
2064236
2064245
2064258
2064267
2064274
2064289
2064290
2064302
2064315
2064323
2064330
2064341
2064359
2064364
2064388
2064396
2064405
2064418
2064420
2064437
2064451
2064466
2064479
2064484
2064492
2064504
2064529
2064531
2064547
2064550
2064565
2064573
2064582
2064598
2064607
2064628
2064635
2064644
2064656
2064661
2064672
2064683
2064699
2064700
2064713
2064725
2064732
2064754
2064769
2064776
2064801
2064826
2064834
2064842
2064855
2064860
2064887
2064893
2064906
2064921
2064933
2064949
2064957
2064968
2064970
2064994
2065000
2065025
2065032
2065048
2065069
2065076
2065081
2065097
2065102
2065115
2065123
2065130
2065141
2065159
2065164
2065177
2065188
2065196
2065209
2065217
2065224
2065238
2065252
2065263
2065275
2065280
2065291
2065304
2065316
2065331
2065347
2065365
2065373
2065382
2065398
2065412
2065421
2065433
2065449
2065457
2065468
2065485
2065494
2065505
2065518
2065520
2065537
2065543
2065551
2065566
2065579
2065584
2065592
2065603
2065611
2065622
2065636
2065645
2065667
2065674
2065689
2065726
2065734
2065755
2065760
2065778
2065787
2065807
2065810
2065828
2065835
2065844
2065856
2065861
2065872
2065908
2065914
2065927
2065939
2065940
2065953
2065962
2065971
2065986
2065995
2066001
2066019
2066034
2066042
2066055
2066060
2066078
2066087
2066093
2066104
2066116
2066129
2066147
2066150
2066165
2066173
2066182
2066198
2066200
2066213
2066225
2066232
2066248
2066254
2066269
2066276
2066281
2066297
2066318
2066320
2066337
2066343
2066351
2066366
2066379
2066384
2066392
2066408
2066427
2066439
2066440
2066453
2066462
2066471
2066486
2066495
2066506
2066512
2066521
2066533
2066549
2066557
2066570
2066585
2066594
2066609
2066617
2066624
2066646
2066652
2066663
2066675
2066680
2066691
2066707
2066710
2066728
2066735
2066744
2066756
2066761
2066772
2066783
2066803
2066811
2066822
2066836
2066845
2066858
2066867
2066874
2066889
2066890
2066902
2066915
2066923
2066930
2066941
2066959
2066964
2066977
2066996
2067005
2067018
2067020
2067043
2067051
2067066
2067079
2067084
2067092
2067107
2067110
2067128
2067144
2067156
2067161
2067172
2067183
2067199
2067206
2067212
2067221
2067233
2067249
2067257
2067268
2067270
2067294
2067301
2067319
2067334
2067342
2067355
2067360
2067378
2067387
2067393
2067409
2067417
2067424
2067438
2067446
2067452
2067475
2067480
2067491
2067500
2067513
2067532
2067548
2067554
2067569
2067576
2067581
2067597
2067608
2067614
2067627
2067639
2067640
2067653
2067662
2067671
2067686
2067695
2067716
2067729
2067731
2067747
2067750
2067765
2067773
2067782
2067798
2067802
2067815
2067823
2067841
2067859
2067864
2067877
2067888
2067896
2067903
2067911
2067922
2067936
2067945
2067958
2067967
2067974
2067989
2067990
2068028
2068035
2068044
2068056
2068061
2068083
2068099
2068105
2068118
2068120
2068137
2068143
2068151
2068166
2068179
2068184
2068201
2068219
2068226
2068234
2068242
2068255
2068260
2068278
2068287
2068293
2068306
2068312
2068321
2068349
2068357
2068368
2068370
2068385
2068394
2068402
2068415
2068423
2068430
2068464
2068477
2068488
2068496
2068514
2068527
2068539
2068540
2068553
2068571
2068586
2068595
2068600
2068613
2068625
2068632
2068648
2068676
2068681
2068697
2068703
2068711
2068722
2068736
2068745
2068758
2068767
2068774
2068789
2068790
2068817
2068824
2068838
2068846
2068852
2068863
2068875
2068891
2068904
2068916
2068931
2068947
2068950
2068965
2068973
2068982
2069002
2069030
2069041
2069059
2069064
2069077
2069088
2069096
2069100
2069113
2069132
2069148
2069169
2069176
2069197
2069204
2069216
2069229
2069231
2069247
2069250
2069265
2069273
2069282
2069298
2069309
2069324
2069338
2069346
2069352
2069363
2069375
2069380
2069391
2069407
2069410
2069428
2069435
2069444
2069456
2069461
2069472
2069483
2069499
2069503
2069511
2069522
2069536
2069545
2069558
2069567
2069574
2069589
2069590
2069605
2069618
2069620
2069643
2069651
2069666
2069679
2069692
2069708
2069714
2069727
2069740
2069753
2069762
2069771
2069786
2069795
2069806
2069812
2069833
2069849
2069857
2069868
2069870
2069885
2069894
2069901
2069919
2069926
2069934
2069955
2069960
2069978
2069987
2069993
2070007
2070028
2070035
2070044
2070056
2070061
2070072
2070083
2070099
2070105
2070120
2070143
2070151
2070166
2070179
2070192
2070226
2070234
2070242
2070255
2070278
2070287
2070293
2070306
2070312
2070321
2070333
2070349
2070357
2070368
2070370
2070385
2070394
2070402
2070415
2070423
2070430
2070441
2070459
2070464
2070477
2070488
2070496
2070508
2070527
2070539
2070540
2070553
2070562
2070571
2070586
2070595
2070600
2070613
2070625
2070632
2070648
2070654
2070669
2070676
2070681
2070697
2070703
2070711
2070722
2070736
2070745
2070758
2070767
2070774
2070789
2070790
2070809
2070817
2070838
2070846
2070852
2070863
2070875
2070880
2070891
2070904
2070916
2070929
2070931
2070947
2070950
2070965
2070973
2070982
2070998
2071003
2071011
2071022
2071036
2071045
2071058
2071067
2071074
2071089
2071090
2071106
2071112
2071121
2071133
2071149
2071168
2071170
2071185
2071194
2071207
2071210
2071228
2071235
2071244
2071256
2071261
2071272
2071283
2071299
2071308
2071314
2071327
2071339
2071340
2071353
2071362
2071371
2071386
2071395
2071404
2071416
2071431
2071447
2071450
2071465
2071473
2071482
2071498
2071502
2071515
2071523
2071530
2071541
2071559
2071564
2071577
2071588
2071596
2071601
2071619
2071626
2071634
2071642
2071655
2071660
2071678
2071687
2071693
2071709
2071717
2071724
2071738
2071746
2071763
2071775
2071791
2071800
2071813
2071825
2071832
2071854
2071876
2071881
2071897
2071905
2071918
2071920
2071937
2071943
2071951
2071966
2071979
2071984
2071992
2072006
2072012
2072021
2072049
2072057
2072068
2072070
2072085
2072094
2072103
2072111
2072122
2072136
2072145
2072158
2072174
2072189
2072190
2072214
2072227
2072239
2072240
2072253
2072262
2072271
2072286
2072295
2072307
2072328
2072335
2072344
2072356
2072361
2072372
2072383
2072399
2072400
2072413
2072425
2072432
2072448
2072454
2072469
2072476
2072481
2072497
2072501
2072519
2072526
2072534
2072542
2072555
2072578
2072587
2072593
2072602
2072615
2072630
2072641
2072659
2072664
2072677
2072688
2072696
2072705
2072718
2072720
2072737
2072743
2072751
2072766
2072779
2072784
2072792
2072804
2072816
2072829
2072831
2072847
2072850
2072865
2072873
2072882
2072898
2072909
2072924
2072938
2072946
2072952
2072963
2072975
2072980
2072991
2073000
2073013
2073025
2073032
2073048
2073054
2073069
2073076
2073081
2073097
2073102
2073115
2073123
2073130
2073141
2073159
2073164
2073177
2073196
2073217
2073224
2073238
2073246
2073252
2073263
2073275
2073280
2073291
2073304
2073316
2073329
2073331
2073347
2073350
2073365
2073373
2073382
2073398
2073406
2073412
2073421
2073449
2073457
2073468
2073485
2073494
2073505
2073518
2073537
2073543
2073551
2073566
2073579
2073584
2073592
2073603
2073611
2073622
2073636
2073645
2073658
2073667
2073674
2073689
2073690
2073701
2073719
2073726
2073734
2073742
2073755
2073760
2073778
2073793
2073807
2073810
2073828
2073835
2073844
2073856
2073872
2073883
2073899
2073908
2073927
2073939
2073940
2073962
2073971
2073986
2073995
2074005
2074018
2074020
2074037
2074051
2074066
2074084
2074092
2074107
2074110
2074128
2074135
2074144
2074156
2074161
2074172
2074183
2074199
2074206
2074212
2074221
2074233
2074249
2074257
2074268
2074270
2074285
2074294
2074319
2074326
2074334
2074342
2074355
2074360
2074378
2074387
2074393
2074409
2074417
2074424
2074438
2074446
2074452
2074463
2074475
2074480
2074491
2074500
2074513
2074525
2074532
2074548
2074554
2074569
2074576
2074581
2074597
2074608
2074614
2074627
2074640
2074653
2074662
2074671
2074686
2074695
2074704
2074716
2074729
2074747
2074750
2074765
2074773
2074782
2074798
2074802
2074815
2074823
2074830
2074841
2074859
2074864
2074877
2074888
2074896
2074903
2074911
2074922
2074936
2074945
2074958
2074967
2074974
2074989
2074990
2075004
2075016
2075031
2075047
2075050
2075065
2075073
2075082
2075098
2075101
2075119
2075126
2075134
2075142
2075160
2075178
2075193
2075205
2075218
2075220
2075237
2075243
2075251
2075266
2075279
2075284
2075292
2075300
2075313
2075332
2075348
2075369
2075376
2075381
2075397
2075403
2075411
2075422
2075436
2075445
2075458
2075467
2075474
2075489
2075490
2075509
2075517
2075524
2075538
2075546
2075552
2075563
2075575
2075580
2075591
2075606
2075612
2075621
2075633
2075657
2075668
2075670
2075694
2075702
2075715
2075723
2075730
2075741
2075764
2075777
2075788
2075796
2075814
2075827
2075839
2075840
2075853
2075862
2075871
2075886
2075895
2075907
2075910
2075928
2075935
2075944
2075956
2075961
2075972
2075999
2076002
2076015
2076023
2076041
2076059
2076064
2076077
2076088
2076096
2076113
2076125
2076132
2076148
2076154
2076169
2076176
2076181
2076197
2076204
2076216
2076229
2076247
2076250
2076265
2076273
2076282
2076298
2076309
2076317
2076324
2076338
2076346
2076352
2076363
2076375
2076380
2076391
2076407
2076410
2076428
2076435
2076444
2076456
2076461
2076472
2076483
2076499
2076511
2076522
2076536
2076545
2076558
2076567
2076574
2076589
2076590
2076605
2076618
2076620
2076637
2076643
2076666
2076679
2076684
2076692
2076708
2076714
2076727
2076739
2076740
2076753
2076762
2076771
2076786
2076806
2076812
2076821
2076833
2076849
2076868
2076870
2076885
2076894
2076901
2076919
2076926
2076934
2076942
2076955
2076960
2076978
2076987
2076993
2077009
2077024
2077038
2077046
2077052
2077063
2077075
2077080
2077091
2077114
2077127
2077139
2077140
2077153
2077162
2077186
2077195
2077203
2077211
2077222
2077236
2077245
2077258
2077267
2077274
2077289
2077290
2077302
2077315
2077330
2077341
2077359
2077364
2077377
2077388
2077405
2077418
2077420
2077437
2077443
2077451
2077466
2077479
2077484
2077492
2077504
2077516
2077531
2077547
2077550
2077565
2077573
2077582
2077607
2077628
2077635
2077644
2077656
2077661
2077672
2077683
2077713
2077732
2077748
2077754
2077781
2077797
2077801
2077826
2077834
2077842
2077855
2077860
2077878
2077887
2077893
2077906
2077921
2077933
2077949
2077957
2077968
2077985
2078008
2078014
2078027
2078039
2078040
2078053
2078062
2078071
2078086
2078095
2078109
2078117
2078124
2078138
2078146
2078152
2078163
2078175
2078191
2078202
2078215
2078223
2078230
2078259
2078264
2078277
2078288
2078296
2078303
2078311
2078336
2078345
2078358
2078367
2078374
2078389
2078390
2078401
2078426
2078434
2078442
2078455
2078460
2078478
2078487
2078493
2078507
2078510
2078528
2078535
2078544
2078556
2078561
2078572
2078583
2078599
2078604
2078616
2078629
2078631
2078647
2078650
2078665
2078673
2078682
2078698
2078712
2078721
2078733
2078757
2078768
2078770
2078785
2078794
2078818
2078820
2078837
2078843
2078851
2078866
2078879
2078884
2078892
2078900
2078913
2078925
2078932
2078948
2078954
2078969
2078976
2078981
2078997
2079001
2079019
2079026
2079042
2079055
2079060
2079078
2079087
2079093
2079104
2079116
2079129
2079131
2079147
2079150
2079165
2079173
2079182
2079198
2079200
2079213
2079225
2079232
2079248
2079254
2079269
2079276
2079281
2079305
2079318
2079320
2079343
2079351
2079384
2079392
2079408
2079414
2079427
2079439
2079440
2079453
2079462
2079471
2079486
2079495
2079506
2079512
2079533
2079549
2079557
2079568
2079570
2079585
2079594
2079609
2079617
2079624
2079638
2079646
2079652
2079663
2079675
2079680
2079707
2079710
2079728
2079735
2079744
2079756
2079761
2079772
2079783
2079799
2079803
2079811
2079822
2079836
2079845
2079858
2079867
2079889
2079890
2079902
2079915
2079923
2079930
2079941
2079959
2079964
2079977
2079988
2079996
2080000
2080013
2080025
2080032
2080048
2080054
2080069
2080076
2080081
2080097
2080102
2080115
2080123
2080130
2080141
2080159
2080164
2080177
2080188
2080196
2080209
2080224
2080238
2080246
2080252
2080263
2080280
2080291
2080304
2080316
2080329
2080331
2080347
2080350
2080365
2080373
2080398
2080406
2080412
2080421
2080433
2080449
2080457
2080468
2080470
2080485
2080494
2080505
2080518
2080520
2080537
2080543
2080551
2080566
2080579
2080584
2080592
2080603
2080636
2080645
2080658
2080667
2080674
2080689
2080690
2080701
2080719
2080734
2080742
2080755
2080760
2080778
2080787
2080807
2080810
2080828
2080835
2080844
2080856
2080861
2080872
2080883
2080908
2080914
2080927
2080939
2080940
2080953
2080962
2080971
2080986
2080995
2081001
2081019
2081034
2081042
2081060
2081078
2081087
2081093
2081104
2081116
2081129
2081131
2081147
2081150
2081165
2081173
2081182
2081198
2081200
2081213
2081225
2081232
2081248
2081254
2081269
2081276
2081281
2081297
2081305
2081320
2081343
2081351
2081366
2081379
2081384
2081392
2081408
2081414
2081427
2081440
2081453
2081462
2081471
2081486
2081495
2081506
2081512
2081521
2081533
2081549
2081557
2081568
2081570
2081585
2081594
2081609
2081617
2081624
2081638
2081646
2081652
2081663
2081691
2081728
2081735
2081744
2081756
2081761
2081772
2081799
2081803
2081811
2081822
2081836
2081845
2081858
2081867
2081874
2081889
2081890
2081902
2081915
2081923
2081930
2081941
2081959
2081964
2081977
2081988
2081996
2082004
2082016
2082029
2082047
2082050
2082065
2082073
2082082
2082098
2082101
2082119
2082126
2082134
2082142
2082155
2082160
2082178
2082187
2082193
2082205
2082218
2082220
2082237
2082243
2082251
2082266
2082279
2082284
2082292
2082300
2082313
2082325
2082332
2082348
2082354
2082369
2082376
2082381
2082403
2082411
2082422
2082436
2082445
2082458
2082467
2082474
2082489
2082490
2082509
2082517
2082524
2082538
2082546
2082552
2082563
2082575
2082580
2082606
2082621
2082633
2082649
2082657
2082668
2082670
2082685
2082694
2082702
2082715
2082723
2082730
2082741
2082759
2082764
2082777
2082796
2082808
2082827
2082839
2082840
2082853
2082862
2082871
2082886
2082895
2082910
2082928
2082935
2082944
2082956
2082961
2082972
2082983
2082999
2083003
2083011
2083022
2083036
2083045
2083067
2083074
2083089
2083106
2083112
2083121
2083133
2083149
2083157
2083168
2083170
2083207
2083210
2083228
2083235
2083244
2083256
2083261
2083272
2083283
2083299
2083314
2083327
2083339
2083340
2083353
2083362
2083371
2083386
2083395
2083404
2083416
2083429
2083431
2083447
2083450
2083465
2083473
2083482
2083498
2083502
2083515
2083523
2083530
2083541
2083559
2083564
2083577
2083588
2083596
2083601
2083626
2083634
2083642
2083655
2083660
2083678
2083687
2083693
2083709
2083717
2083724
2083738
2083746
2083752
2083763
2083780
2083791
2083800
2083813
2083825
2083832
2083848
2083869
2083876
2083881
2083897
2083905
2083918
2083920
2083937
2083943
2083966
2083979
2083984
2083992
2084002
2084015
2084023
2084030
2084041
2084059
2084064
2084077
2084088
2084096
2084100
2084113
2084125
2084154
2084169
2084176
2084181
2084197
2084204
2084216
2084229
2084247
2084265
2084273
2084298
2084309
2084317
2084324
2084338
2084346
2084352
2084363
2084375
2084380
2084391
2084407
2084410
2084444
2084461
2084472
2084483
2084499
2084503
2084511
2084522
2084536
2084545
2084567
2084590
2084605
2084618
2084620
2084637
2084643
2084651
2084666
2084679
2084684
2084692
2084708
2084714
2084727
2084739
2084740
2084753
2084762
2084771
2084786
2084795
2084806
2084812
2084821
2084833
2084849
2084857
2084868
2084870
2084885
2084894
2084901
2084919
2084926
2084934
2084942
2084955
2084978
2084987
2084993
2085008
2085014
2085027
2085039
2085040
2085053
2085062
2085071
2085095
2085109
2085117
2085124
2085138
2085146
2085152
2085175
2085180
2085191
2085215
2085223
2085230
2085241
2085259
2085264
2085277
2085288
2085296
2085303
2085311
2085322
2085336
2085345
2085358
2085367
2085374
2085389
2085390
2085419
2085426
2085434
2085442
2085455
2085460
2085478
2085487
2085493
2085507
2085510
2085528
2085535
2085544
2085556
2085561
2085572
2085583
2085604
2085616
2085629
2085631
2085650
2085665
2085673
2085682
2085698
2085706
2085712
2085721
2085733
2085749
2085757
2085768
2085770
2085785
2085794
2085805
2085818
2085820
2085837
2085843
2085851
2085866
2085879
2085884
2085892
2085900
2085913
2085925
2085932
2085954
2085969
2085976
2085981
2085997
2086006
2086012
2086021
2086049
2086057
2086068
2086070
2086085
2086094
2086103
2086136
2086145
2086158
2086167
2086174
2086189
2086190
2086208
2086214
2086227
2086239
2086253
2086262
2086271
2086286
2086295
2086307
2086310
2086328
2086335
2086344
2086356
2086361
2086372
2086383
2086399
2086400
2086413
2086425
2086432
2086448
2086469
2086476
2086481
2086497
2086501
2086526
2086534
2086542
2086555
2086560
2086578
2086587
2086593
2086602
2086623
2086630
2086659
2086664
2086677
2086688
2086696
2086705
2086718
2086720
2086737
2086743
2086751
2086766
2086779
2086784
2086792
2086804
2086816
2086831
2086847
2086850
2086865
2086873
2086882
2086898
2086909
2086917
2086924
2086938
2086946
2086952
2086963
2086975
2086991
2087007
2087010
2087028
2087035
2087044
2087056
2087061
2087072
2087083
2087099
2087120
2087137
2087143
2087151
2087166
2087179
2087184
2087192
2087201
2087219
2087226
2087234
2087242
2087255
2087260
2087278
2087287
2087293
2087306
2087312
2087321
2087333
2087349
2087357
2087368
2087370
2087385
2087394
2087402
2087415
2087423
2087430
2087441
2087459
2087464
2087477
2087488
2087496
2087508
2087514
2087527
2087539
2087540
2087553
2087562
2087571
2087586
2087595
2087600
2087613
2087625
2087632
2087648
2087654
2087676
2087681
2087697
2087703
2087711
2087722
2087736
2087745
2087758
2087767
2087774
2087789
2087790
2087817
2087824
2087838
2087846
2087852
2087863
2087875
2087880
2087891
2087904
2087916
2087929
2087931
2087947
2087950
2087965
2087973
2087982
2087998
2088005
2088018
2088020
2088037
2088043
2088051
2088079
2088084
2088092
2088110
2088135
2088156
2088161
2088172
2088183
2088199
2088206
2088212
2088233
2088249
2088257
2088268
2088270
2088285
2088294
2088301
2088319
2088326
2088334
2088342
2088355
2088360
2088378
2088387
2088393
2088409
2088417
2088424
2088438
2088446
2088452
2088475
2088480
2088491
2088500
2088513
2088525
2088532
2088548
2088554
2088576
2088581
2088597
2088608
2088614
2088627
2088639
2088640
2088653
2088662
2088671
2088686
2088695
2088704
2088729
2088731
2088747
2088750
2088773
2088782
2088798
2088802
2088815
2088823
2088830
2088841
2088859
2088864
2088877
2088888
2088903
2088911
2088922
2088936
2088945
2088958
2088967
2088974
2088989
2089017
2089024
2089038
2089052
2089063
2089075
2089080
2089108
2089114
2089139
2089140
2089153
2089162
2089171
2089186
2089195
2089203
2089211
2089222
2089236
2089258
2089267
2089274
2089289
2089290
2089302
2089315
2089323
2089330
2089359
2089364
2089388
2089396
2089420
2089451
2089466
2089479
2089484
2089492
2089504
2089516
2089529
2089531
2089547
2089550
2089565
2089573
2089582
2089598
2089607
2089610
2089628
2089635
2089644
2089656
2089661
2089672
2089683
2089699
2089700
2089713
2089725
2089732
2089748
2089754
2089776
2089781
2089797
2089801
2089819
2089834
2089842
2089855
2089860
2089878
2089887
2089906
2089912
2089921
2089933
2089949
2089957
2089968
2089970
2089985
2090003
2090036
2090058
2090067
2090074
2090089
2090090
2090112
2090121
2090133
2090149
2090157
2090168
2090170
2090185
2090194
2090207
2090210
2090228
2090235
2090244
2090256
2090261
2090272
2090283
2090299
2090308
2090314
2090327
2090339
2090340
2090353
2090362
2090371
2090386
2090404
2090416
2090429
2090431
2090447
2090450
2090465
2090482
2090498
2090502
2090515
2090530
2090541
2090559
2090564
2090577
2090588
2090596
2090601
2090619
2090626
2090634
2090642
2090655
2090660
2090678
2090687
2090693
2090724
2090738
2090746
2090752
2090763
2090775
2090780
2090791
2090800
2090813
2090825
2090832
2090848
2090869
2090876
2090881
2090897
2090905
2090918
2090920
2090937
2090943
2090951
2090966
2090979
2090984
2090992
2091017
2091024
2091046
2091052
2091063
2091075
2091080
2091091
2091108
2091114
2091127
2091139
2091140
2091153
2091162
2091171
2091186
2091195
2091203
2091211
2091222
2091236
2091245
2091258
2091267
2091274
2091289
2091302
2091315
2091330
2091341
2091359
2091364
2091377
2091388
2091396
2091405
2091420
2091437
2091466
2091479
2091484
2091492
2091529
2091531
2091547
2091550
2091565
2091573
2091582
2091598
2091607
2091610
2091628
2091635
2091644
2091656
2091661
2091672
2091683
2091699
2091700
2091713
2091725
2091732
2091748
2091754
2091769
2091776
2091781
2091797
2091801
2091819
2091826
2091834
2091842
2091855
2091860
2091887
2091893
2091906
2091912
2091921
2091933
2091949
2091957
2091968
2091970
2091985
2092008
2092014
2092027
2092039
2092040
2092053
2092062
2092071
2092086
2092095
2092109
2092117
2092124
2092146
2092163
2092175
2092180
2092202
2092215
2092223
2092230
2092241
2092259
2092277
2092288
2092296
2092311
2092322
2092336
2092345
2092358
2092367
2092374
2092389
2092390
2092401
2092419
2092426
2092434
2092442
2092455
2092460
2092478
2092487
2092493
2092507
2092510
2092528
2092535
2092544
2092556
2092561
2092572
2092583
2092599
2092604
2092616
2092629
2092631
2092647
2092650
2092665
2092673
2092682
2092698
2092706
2092712
2092721
2092733
2092757
2092768
2092785
2092794
2092805
2092818
2092820
2092837
2092843
2092851
2092866
2092879
2092884
2092892
2092900
2092913
2092925
2092932
2092948
2092954
2092969
2092976
2092981
2092997
2093019
2093034
2093042
2093055
2093060
2093078
2093087
2093093
2093104
2093116
2093129
2093147
2093150
2093165
2093173
2093182
2093198
2093200
2093213
2093225
2093248
2093254
2093269
2093276
2093281
2093297
2093305
2093318
2093320
2093337
2093351
2093366
2093379
2093384
2093392
2093408
2093414
2093427
2093439
2093453
2093462
2093471
2093486
2093495
2093506
2093512
2093521
2093533
2093549
2093557
2093568
2093570
2093585
2093594
2093609
2093617
2093624
2093638
2093646
2093652
2093663
2093675
2093680
2093691
2093707
2093710
2093728
2093735
2093744
2093756
2093761
2093772
2093783
2093799
2093803
2093811
2093836
2093845
2093858
2093867
2093874
2093889
2093890
2093902
2093915
2093923
2093930
2093941
2093959
2093964
2093977
2093988
2093996
2094006
2094012
2094021
2094057
2094068
2094070
2094085
2094094
2094103
2094122
2094136
2094145
2094158
2094167
2094174
2094189
2094190
2094208
2094214
2094227
2094239
2094240
2094253
2094262
2094271
2094286
2094295
2094307
2094310
2094328
2094335
2094344
2094356
2094361
2094372
2094383
2094399
2094400
2094413
2094425
2094432
2094448
2094454
2094469
2094476
2094497
2094501
2094526
2094534
2094542
2094555
2094560
2094578
2094593
2094602
2094615
2094641
2094659
2094677
2094688
2094696
2094705
2094718
2094737
2094743
2094751
2094766
2094779
2094784
2094792
2094804
2094816
2094829
2094831
2094847
2094850
2094865
2094873
2094882
2094898
2094909
2094917
2094924
2094946
2094952
2094963
2094975
2094991
2095005
2095018
2095020
2095037
2095043
2095051
2095066
2095079
2095084
2095092
2095107
2095110
2095144
2095156
2095161
2095172
2095183
2095199
2095206
2095212
2095221
2095233
2095249
2095268
2095270
2095285
2095301
2095319
2095326
2095334
2095342
2095355
2095360
2095378
2095387
2095393
2095409
2095417
2095424
2095438
2095446
2095452
2095463
2095475
2095480
2095491
2095500
2095513
2095548
2095554
2095569
2095581
2095597
2095608
2095627
2095639
2095640
2095653
2095662
2095671
2095686
2095695
2095704
2095716
2095729
2095731
2095747
2095750
2095773
2095782
2095798
2095802
2095815
2095823
2095830
2095841
2095859
2095877
2095888
2095896
2095903
2095911
2095922
2095936
2095945
2095958
2095974
2095989
2095990
2096016
2096029
2096031
2096047
2096050
2096065
2096073
2096082
2096098
2096119
2096126
2096134
2096142
2096155
2096160
2096178
2096187
2096193
2096205
2096218
2096220
2096237
2096251
2096279
2096292
2096300
2096313
2096325
2096348
2096376
2096381
2096397
2096403
2096411
2096436
2096445
2096458
2096467
2096474
2096489
2096490
2096509
2096517
2096524
2096538
2096546
2096552
2096563
2096575
2096580
2096606
2096612
2096621
2096633
2096649
2096657
2096668
2096670
2096685
2096694
2096702
2096715
2096723
2096759
2096764
2096777
2096788
2096796
2096808
2096814
2096827
2096839
2096840
2096853
2096862
2096871
2096886
2096895
2096907
2096910
2096928
2096935
2096944
2096956
2096961
2096972
2096983
2096999
2097000
2097013
2097025
2097032
2097048
2097054
2097069
2097076
2097081
2097097
2097102
2097115
2097130
2097141
2097159
2097164
2097177
2097188
2097196
2097209
2097224
2097238
2097246
2097252
2097263
2097275
2097291
2097304
2097316
2097329
2097331
2097347
2097350
2097365
2097373
2097382
2097406
2097412
2097421
2097457
2097468
2097470
2097494
2097505
2097518
2097520
2097537
2097543
2097551
2097566
2097579
2097584
2097592
2097603
2097611
2097622
2097636
2097645
2097658
2097667
2097674
2097689
2097701
2097719
2097742
2097755
2097760
2097778
2097787
2097793
2097807
2097828
2097835
2097856
2097861
2097872
2097883
2097899
2097908
2097914
2097927
2097939
2097953
2097962
2097971
2097986
2097995
2098002
2098015
2098030
2098041
2098059
2098064
2098077
2098088
2098096
2098100
2098113
2098125
2098132
2098148
2098154
2098169
2098176
2098181
2098197
2098204
2098216
2098229
2098247
2098250
2098265
2098273
2098282
2098298
2098309
2098317
2098324
2098338
2098346
2098352
2098363
2098375
2098380
2098407
2098410
2098428
2098456
2098461
2098472
2098483
2098522
2098536
2098545
2098558
2098567
2098574
2098589
2098605
2098618
2098620
2098637
2098651
2098666
2098679
2098684
2098692
2098708
2098727
2098740
2098753
2098762
2098771
2098786
2098795
2098806
2098812
2098821
2098833
2098849
2098857
2098870
2098885
2098894
2098901
2098926
2098934
2098942
2098955
2098960
2098978
2098987
2098993
2099007
2099010
2099028
2099035
2099044
2099056
2099061
2099072
2099099
2099118
2099120
2099137
2099143
2099151
2099166
2099179
2099184
2099192
2099201
2099219
2099226
2099234
2099242
2099255
2099260
2099278
2099287
2099293
2099306
2099312
2099321
2099333
2099349
2099357
2099370
2099385
2099394
2099402
2099423
2099430
2099459
2099464
2099477
2099488
2099496
2099508
2099514
2099539
2099540
2099553
2099562
2099571
2099586
2099595
2099613
2099625
2099632
2099648
2099669
2099676
2099681
2099697
2099703
2099711
2099722
2099736
2099745
2099758
2099767
2099774
2099789
2099790
2099809
2099817
2099824
2099838
2099846
2099852
2099863
2099875
2099891
2099916
2099929
2099931
2099947
2099965
2099973
2099982
2099998
