1600008
1600215
1600367
1600374
1600682
1600721
1600733
1601012
1601534
1601743
1602353
1602530
1602655
1602825
1603155
1603397
1604046
1604661
1604781
1604826
1605412
1605603
1605986
1606305
1606772
1607608
1607990
1608099
1608553
1608875
1609169
1609684
1610051
1610294
1610639
1611313
1612019
1612026
1612225
1612902
1612923
1613040
1613913
1613997
1614242
1614676
1615339
1615918
1616052
1616598
1616635
1616644
1616781
1616834
1616842
1616860
1617041
1617428
1618025
1619239
1619335
1619602
1620562
1621022
1621314
1621775
1621937
1622136
1622239
1622497
1622615
1623406
1623520
1623636
1623986
1624156
1625668
1625839
1626926
1627017
1627236
1627628
1627842
1627893
1627985
1628086
1628345
1628419
1628528
1628712
1628969
1630048
1631001
1631225
1631351
1632284
1632325
1632853
1633920
1634231
1634273
1634317
1634651
1634894
1635180
1635288
1635401
1635556
1636400
1637201
1637255
1637817
1638092
1638268
1638452
1638554
1638864
1638989
1639114
1639140
1639466
1640397
1640702
1640999
1641567
1642141
1642398
1642701
1642807
1642927
1643664
1644811
1644902
1645226
1646058
1646447
1646642
1646869
1648075
1648492
1648842
1648921
1649417
1649716
1650425
1650963
1651360
1651480
1651841
1651958
1652010
1652166
1652669
1653132
1653618
1653740
1654283
1654416
1654473
1654876
1655080
1655274
1655672
1656048
1656579
1657082
1657284
1657580
1657999
1658248
1658269
1658281
1658822
1658889
1658996
1659223
1659673
1659794
1659925
1659948
1660273
1660298
1660309
1660849
1661086
1661535
1662162
1662550
1662748
1663066
1663144
1663183
1663773
1664350
1664674
1664986
1665116
1665366
1665930
1665959
1666166
1666255
1666950
1667413
1667501
1667696
1668588
1669381
1669827
1669928
1670523
1671127
1671140
1671330
1671661
1671893
1672442
1672631
1673414
1673836
1674328
1674356
1674372
1675716
1675802
1676509
1676928
1677742
1678574
1678753
1679056
1679118
1679562
1680026
1680232
1681368
1681846
1681965
1682005
1682452
1682990
1683451
1683855
1684065
1685849
1686616
1686665
1686794
1686884
1686900
1687283
1687404
1687473
1687752
1688085
1688555
1689238
1689734
1690819
1692250
1693333
1693488
1693722
1693904
1694152
1696020
1696249
1696922
1697471
1698467
1698796
1699577
