4800093
4800129
4800150
4800276
4800414
4800533
4800707
4800756
4800772
4801056
4801099
4801394
4801817
4801824
4801916
4802020
4802037
4802043
4802107
4802172
4802212
4802249
4802360
4802387
4802798
4802936
4803046
4803245
4803289
4803451
4803529
4803582
4804004
4804325
4804381
4804538
4804657
4804808
4804853
4804871
4805113
4805197
4805229
4805346
4805522
4805679
4806117
4806223
4806303
4806460
4806604
4806682
4806698
4806948
4807058
4807090
4807244
4807362
4807854
4807905
4808021
4808425
4808454
4808873
4808952
4809025
4809102
4809196
4809238
4809246
4809382
4809470
4809537
4809543
4809579
4809645
4809971
4810022
4810133
4810450
4810482
4811211
4811222
4811315
4811364
4811418
4811776
4811781
4812146
4812223
4812345
4812367
4812401
4812805
4813055
4813213
4813471
4813609
4813735
4813874
4813941
4813964
4814070
4814145
4814310
4814432
4814448
4814526
4814578
4814630
4814677
4814720
4814792
4814829
4814898
4815005
4815144
4815378
4815614
4815653
4816016
4816243
4816354
4816369
4816381
4816702
4816777
4816871
4817013
4817159
4817196
4817551
4817719
4817872
4817927
4818023
4818064
4818096
4818363
4818435
4818708
4818762
4818919
4818960
4818987
4819105
4819179
4819595
4819722
4820021
4820413
4820481
4820555
4820560
4820659
4821206
4821212
4821221
4821257
4821417
4821424
4821491
4821671
4821911
4822056
4822151
4822278
4822571
4823231
4823651
4823739
4823740
4823919
4824112
4824185
4824308
4824482
4824693
4824717
4825052
4825236
4825607
4825656
4825957
4825985
4826224
4826449
4826872
4827422
4827685
4827764
4828200
4828232
4828320
4828453
4828594
4828783
4829014
4829040
4829401
4829478
4829544
4829616
4830204
4830428
4830456
4830885
4831039
4831086
4831095
4831163
4831180
4831191
4831288
4831510
4831913
4831997
4832063
4832080
4832396
4832547
4833249
4833319
4833417
4833500
4833859
4833974
4834196
4834252
4834347
4834350
4834373
4834457
4834505
4834658
4834835
4834844
4835269
4835305
4835652
4835803
4836179
4836184
4836370
4836838
4836973
4837094
4837136
4837189
4837239
4837328
4837383
4837497
4837534
4837560
4837664
4837751
4837766
4837816
4837831
4838340
4838660
4839101
4839155
4839243
4839292
4839376
4839759
4839796
4840046
4840080
4840258
4840267
4840405
4841000
4841238
4841689
4841793
4841807
4841828
4841908
4841927
4842231
4842352
4842499
4842620
4842753
4842926
4842987
4843028
4843255
4843415
4843553
4843790
4843947
4844086
4844124
4844146
4844259
4844336
4844510
4844629
4844673
4845189
4845307
4845677
4845938
4846233
4846326
4846409
4846491
4846731
4847055
4847453
4847557
4847570
4847594
4848580
4849308
4849498
4849564
4849752
4849832
4850278
4850595
4850654
4850838
4851121
4851149
4851207
4851588
4851709
4851717
4851876
4851992
4852021
4852085
4852094
4852214
4852295
4852578
4852587
4852743
4852909
4852946
4853217
4853543
4853579
4853592
4853611
4853844
4853899
4853962
4854051
4854576
4854729
4854990
4855031
4855073
4855251
4855284
4855411
4855489
4855524
4855668
4855886
4856265
4856346
4856375
4856522
4856545
4856618
4856637
4856643
4856812
4856870
4856987
4857245
4857388
4857504
4857550
4857610
4858062
4858146
4858259
4858288
4858698
4858805
4859078
4859248
4859305
4859343
4859761
4859867
4859889
4860115
4860331
4860347
4860611
4860828
4861034
4861165
4861198
4861225
4861392
4861408
4861427
4861568
4861996
4862047
4862376
4862489
4862606
4862796
4863022
4863272
4863353
4863687
4863825
4863979
4864064
4864113
4864204
4864231
4864499
4864740
4864885
4864901
4865027
4865062
4865460
4865556
4865616
4865629
4866033
4866122
4866664
4866946
4866952
4866980
4867184
4867201
4867394
4867488
4867496
4867539
4867648
4867838
4867875
4867982
4868084
4868199
4868212
4868608
4868639
4869127
4869418
4869607
4869635
4869661
4869683
4870020
4870128
4870161
4870270
4870704
4870782
4870841
4871369
4871411
4871563
4871649
4871670
4871907
4871935
4871961
4872182
4872281
4872638
4872964
4873014
4873117
4873163
4873175
4873455
4873583
4874035
4874056
4874143
4875299
4875473
4875709
4875780
4875800
4875825
4876046
4876245
4876302
4876330
4876529
4876582
4876628
4877023
4877132
4877169
4877181
4877363
4877456
4877692
4877753
4878097
4878115
4878123
4878350
4878844
4878971
4879103
4879286
4879454
4879560
4879751
4879804
4879924
4879938
4879975
4880053
4880124
4880230
4880358
4880493
4880561
4880604
4880818
4880954
4881094
4881136
4881286
4881356
4881766
4881829
4881865
4882058
4882371
4882431
4882447
4882473
4882724
4882752
4882943
4883381
4883474
4883575
4883591
4883827
4884080
4884162
4884547
4884994
4885097
4885304
4885347
4885449
4885674
4885861
4886198
4886318
4886337
4886414
4886439
4886710
4887084
4887128
4887233
4887326
4887378
4887716
4887815
4887896
4887958
4888072
4888118
4888137
4888370
4888385
4888711
4888817
4888931
4889204
4889216
4889231
4889317
4889410
4889545
4889666
4889894
4890524
4890668
4890759
4890839
4890895
4890983
4891002
4891041
4891100
4891204
4891317
4891666
4891739
4891868
4892054
4892188
4892373
4892457
4892494
4892537
4892645
4892701
4892755
4892787
4893356
4893372
4893425
4893865
4893963
4894078
4894087
4894093
4894182
4894248
4894439
4894557
4894594
4894707
4894822
4894858
4894988
4895151
4895368
4895595
4895681
4895982
4895998
4896067
4896089
4896185
4896362
4896431
4896791
4896800
4896918
4897510
4897528
4897650
4897673
4897757
4897794
4897843
4897866
4897925
4898075
4898573
4898834
4898842
4898985
4899144
4899532
4899750
4899823
4899989
