   3 1241081
   3 1264030
   3 1275314
   2 1201120
   2 1202387
   2 1202798
   2 1203607
   2 1204983
   2 1205795
   2 1206478
   2 1207515
   2 1208174
   2 1208372
   2 1208497
   2 1210984
   2 1211842
   2 1212535
   2 1212866
   2 1212925
   2 1213384
   2 1213691
   2 1213756
   2 1213867
   2 1215037
   2 1215107
   2 1215355
   2 1215387
   2 1215945
   2 1216126
   2 1216142
   2 1216205
   2 1216218
   2 1216251
   2 1216266
   2 1216376
   2 1216397
   2 1216411
   2 1216422
   2 1216436
   2 1216474
   2 1216563
   2 1216580
   2 1216633
   2 1216657
   2 1216670
   2 1216685
   2 1216723
   2 1216777
   2 1216814
   2 1216839
   2 1217130
   2 1217196
   2 1217291
   2 1217674
   2 1218023
   2 1218077
   2 1218282
   2 1218298
   2 1218309
   2 1218317
   2 1218338
   2 1218352
   2 1218375
   2 1218444
   2 1218472
   2 1218483
   2 1218522
   2 1218590
   2 1218605
   2 1218651
   2 1218692
   2 1218708
   2 1218821
   2 1218870
   2 1219514
   2 1219648
   2 1219790
   2 1219875
   2 1220094
   2 1220344
   2 1220497
   2 1220677
   2 1220873
   2 1220980
   2 1221206
   2 1221326
   2 1221378
   2 1221597
   2 1221922
   2 1222201
   2 1222423
   2 1222496
   2 1222586
   2 1222863
   2 1223100
   2 1223113
   2 1223204
   2 1223229
   2 1223231
   2 1223282
   2 1223298
   2 1223317
   2 1223380
   2 1223391
   2 1223407
   2 1223410
   2 1223435
   2 1223511
   2 1223574
   2 1223651
   2 1223684
   2 1223727
   2 1223812
   2 1223901
   2 1224022
   2 1224058
   2 1224473
   2 1225359
   2 1225957
   2 1225968
   2 1228453
   2 1229510
   2 1229535
   2 1231117
   2 1231277
   2 1231583
   2 1232203
   2 1234566
   2 1234939
   2 1236540
   2 1236681
   2 1237705
   2 1237882
   2 1238327
   2 1238404
   2 1239325
   2 1240186
   2 1240418
   2 1240420
   2 1240565
   2 1241177
   2 1241421
   2 1242651
   2 1242727
   2 1242771
   2 1244913
   2 1245344
   2 1245400
   2 1245766
   2 1247728
   2 1247756
   2 1248910
   2 1249523
   2 1250586
   2 1256643
   2 1259638
   2 1260102
   2 1263022
   2 1263634
   2 1263937
   2 1264197
   2 1264298
   2 1264407
   2 1264771
   2 1265008
   2 1265629
   2 1266021
   2 1266174
   2 1266214
   2 1267508
   2 1267540
   2 1268092
   2 1268513
   2 1268581
   2 1268608
   2 1268640
   2 1268903
   2 1269186
   2 1269323
   2 1270301
   2 1270409
   2 1270480
   2 1270877
   2 1271065
   2 1271142
   2 1271552
   2 1273223
   2 1273389
   2 1273650
   2 1273682
   2 1273818
   2 1273884
   2 1274287
   2 1274527
   2 1274595
   2 1274625
   2 1274789
   2 1274880
   2 1274929
   2 1274947
   2 1285123
   2 1292689
   2 1298290
