1212981
1214555
1214593
1217726
1218113
1218265
1218435
1220917
1221285
1222293
1222880
1224523
1229535
1238854
1239160
1240009
1244673
1247923
1248907
1250947
1251157
1253000
1256273
1256410
1259756
1266898
1281328
1281641
1284211
1284443
1284672
1285000
1285032
1285081
1285674
1286225
1286549
1286988
1287270
1287704
1288044
1288105
1288508
1288916
1290243
1291247
1292603
1292689
1292734
1293189
1293253
1293328
1294042
1294200
1294281
1294803
1295430
1296207
1296588
1298236
1298842
1299671
1299841
