1006140
1031906
1061319
1075618
1084008
1097186
1100644
1101141
1101275
1104259
1104259
1123664
1148647
1152292
1175147
1178709
1184010
1184010
1189587
1196392
1218113
1229535
1256273
1313872
1313872
1364665
1364665
1365070
1371444
1389434
1412611
1428335
1450729
1463220
1475961
1485698
1486924
1490207
1496422
1498574
1519541
1521070
1531795
1533208
1556029
1592988
1610066
1660125
1686866
1694202
1694202
1739858
1751146
1768013
1773228
1779195
1799032
1810674
1833288
1856922
1856922
1915516
1918728
1952121
1976005
1977594
1982882
1984765
1994643
2019417
2056222
2059033
2060770
2103194
2113123
2113123
2123561
2139096
2145782
2173286
2187251
2187251
2197664
2213061
2237175
2274058
2277694
2298760
2335392
2360927
2405217
2409833
2442518
2448245
2470157
2495145
2495145
2511858
2532078
2552298
2556424
2564491
2576890
2608564
2611326
2611802
2622507
2676018
2682240
2682240
2686030
2686100
2686679
2707282
2726068
2734991
2740913
2749771
2785208
2795633
2807663
2821522
2836543
2868894
2868894
2868894
2877399
2882384
2929362
2962213
2976085
2983462
2986580
3071405
3096750
3105960
3107717
3184139
3187249
3194486
3194959
3198860
3199704
3205475
3225276
3226904
3226904
3237795
3245265
3245265
3255189
3262240
3265490
3292736
3301775
3343353
3343353
3343530
3354454
3356031
3391563
3445090
3477783
3478160
3491624
3509791
3511852
3512548
3512548
3575439
3579685
3581702
3587605
3610507
3624794
3637162
3645598
3682805
3692206
3704022
3717981
3722765
3726202
3749928
3780177
3804708
3807632
3810370
3815313
3816023
3816023
3816023
3822521
3828025
3840832
3881417
3908953
3926542
3926542
3929052
3932358
3942498
3951762
3958672
3964502
4000250
4006226
4012669
4026332
4051980
4061229
4104671
4126269
4137322
4140449
4163607
4208538
4229037
4236196
4236622
4240226
4302138
4304070
4313327
4335058
4346757
4347058
4349636
4350985
4355938
4361869
4364221
4371751
4371804
4417877
4434525
4452437
4484167
4505997
4512425
4512425
4518434
4539338
4545161
4556303
4570031
4574521
4579156
4584185
4598149
4598149
4610148
4644776
4652755
4661671
4688082
4691404
4691404
4699439
4707990
4721185
4755725
4775135
4799353
4799353
4799353
4803573
4820804
4822697
4833823
4850415
4875869
4883243
4885899
4888539
4896074
4913049
4928792
4936452
4941820
4970571
4973755
4984574
4990416
4999007
5019353
5023796
5023796
5036634
5047790
5058885
5067800
5085811
5100273
5152106
5156756
5165293
5165293
5171209
5171209
5171468
5172919
5224467
5229810
5234191
5242607
5248207
5252744
5253117
5268891
5270929
5294372
5298169
5301831
5332928
5332928
5355052
5358078
5362529
5408816
5412202
5422312
5454859
5469437
5473997
5509335
5519764
5534021
5545734
5551247
5563511
5564210
5594037
5612094
5641323
5644239
5648002
5677027
5692203
5703439
5714870
5778137
5778137
5796102
5800134
5825253
5846252
5859490
5872467
5885716
5892257
5895204
5900290
5906729
5909074
5951822
5955027
5964952
5965765
5967520
5977335
