1200019
1208696
1212599
1212629
1212712
1212733
1212749
1212770
1212805
1212820
1212866
1212879
1212900
1212925
1212981
1213001
1213034
1213087
1213131
1213165
1213182
1213248
1213254
1213281
1213318
1213337
1213343
1213351
1213379
1213384
1213439
1213506
1213521
1213585
1213617
1213638
1213675
1213691
1213735
1213756
1213761
1213783
1213799
1213811
1213836
1213845
1213858
1213867
1213902
1213930
1214021
1214033
1214049
1214070
1214085
1214094
1214122
1214145
1214158
1214167
1214190
1214227
1214253
1214262
1214286
1214328
1214335
1214372
1214399
1214413
1214448
1214519
1214542
1214555
1214578
1214593
1214602
1214623
1214630
1214641
1214664
1214705
1214718
1214743
1214847
1214873
1214924
1214946
1214952
1214963
1214980
1215018
1215037
1215043
1215066
1215107
1215110
1215135
1215144
1215161
1215206
1215249
1215285
1215301
1215326
1215342
1215393
1215438
1215513
1215525
1215532
1215548
1215627
1215640
1215653
1215671
1215686
1215695
1215716
1215731
1215747
1215750
1215815
1215859
1215864
1215911
1215936
1215945
1216004
1216016
1216073
1216082
1216119
1216126
1216134
1216142
1216193
1216205
1216218
1216220
1216251
1216266
1216279
1216313
1216332
1216348
1216354
1216376
1216397
1216411
1216422
1216436
1216445
1216474
1216517
1216563
1216580
1216633
1216657
1216670
1216685
1216694
1216715
1216723
1216741
1216764
1216777
1216814
1216839
1216871
1216907
1216972
1217000
1217013
1217025
1217069
1217097
1217115
1217130
1217177
1217196
1217209
1217246
1217263
1217291
1217347
1217398
1217406
1217421
1217433
1217449
1217457
1217468
1217494
1217518
1217537
1217566
1217579
1217603
1217622
1217636
1217658
1217667
1217674
1217690
1217726
1217742
1217760
1217807
1217835
1217861
1217872
1217914
1217927
1217953
1217986
1218002
1218023
1218030
1218059
1218064
1218077
1218125
1218169
1218181
1218216
1218247
1218265
1218282
1218298
1218309
1218317
1218324
1218338
1218352
1218375
1218435
1218444
1218472
1218483
1218522
1218567
1218590
1218605
1218651
1218666
1218692
1218708
1218714
1218727
1218740
1218786
1218806
1218821
1218868
1218870
1218894
1218919
1218926
1218942
1219007
1219028
1219044
1219061
1219105
1219118
1219151
1219166
1219184
1219192
1219219
1219306
1219312
1219333
1219370
1219385
1219415
1219423
1219459
1219477
1219488
1219514
1219540
1219562
1219595
1219648
1219654
1219669
1219676
1219681
1219697
1219703
1219711
1219736
1219758
1219789
1219790
1219863
1219875
1219880
1219947
1219950
1219965
1219973
1219982
1220021
1220033
1220094
1220111
1220122
1220136
1220174
1220190
1220271
1220286
1220335
1220344
1220356
1220361
1220469
1220497
1220519
1220534
1220542
1220555
1220560
1220587
1220593
1220602
1220677
1220688
1220720
1220779
1220792
1220816
1220829
1220873
1220882
1220917
1220952
1220975
1220980
1221005
1221037
1221079
1221092
1221110
1221128
1221206
1221270
1221285
1221326
1221334
1221355
1221360
1221378
1221387
1221409
1221446
1221452
1221480
1221491
1221597
1221614
1221640
1221671
1221686
1221782
1221798
1221802
1221815
1221823
1221864
1221888
1221896
1221911
1221922
1221989
1221990
1222007
1222044
1222061
1222137
1222143
1222151
1222201
1222242
1222255
1222260
1222278
1222293
1222321
1222349
1222368
1222385
1222402
1222415
1222423
1222464
1222496
1222508
1222540
1222553
1222571
1222586
1222625
1222648
1222676
1222697
1222703
1222722
1222767
1222817
1222838
1222852
1222863
1222880
1222891
1222904
1222916
1222929
1222965
1223002
1223015
1223023
1223030
1223077
1223096
1223100
1223113
1223148
1223176
1223204
1223229
1223231
1223282
1223298
1223317
1223346
1223380
1223391
1223407
1223410
1223435
1223483
1223499
1223511
1223558
1223574
1223651
1223679
1223684
1223708
1223727
1223762
1223812
1223833
1223849
1223868
1223885
1223894
1223901
1223942
1223987
1224003
1224022
1224045
1224058
1224089
1224106
1224133
1224149
1224210
1224272
1224308
1224314
1224339
1224340
1224362
1224404
1224473
1224482
1224498
1224502
1224523
1224541
1224577
1224601
1224642
1224660
1224693
1224709
1224738
1224752
1224780
