2202240
2202737
2203048
2203726
2203760
2204387
2204958
2205126
2207075
2207405
2208535
2209351
2210607
2212558
2212620
2212926
2213061
2213931
2214583
2215070
2216967
2217297
2217414
2217594
2218332
2218606
2219074
2219596
2219642
2220478
2220629
2220698
2220749
2221012
2221946
2222089
2222832
2222869
2222876
2223279
2223538
2224289
2224516
2225433
2225778
2226858
2227823
2228192
2228368
2228527
2228613
2228669
2228722
2228758
2229651
2230160
2230243
2230580
2231064
2231483
2232032
2233413
2233718
2233991
2234822
2235151
2236541
2236848
2237175
2237733
2237757
2239144
2239360
2239424
2240719
2242376
2244338
2245014
2245389
2245925
2246049
2246094
2246615
2247007
2247931
2249364
2252460
2252561
2252794
2254136
2255161
2255393
2255716
2255830
2256422
2257940
2258317
2258456
2259982
2261099
2261402
2261508
2262005
2262989
2264243
2264575
2267089
2267848
2267905
2269177
2270174
2270310
2270560
2271378
2272625
2273282
2273435
2274058
2274244
2274404
2275038
2275075
2275565
2275949
2277606
2277694
2277983
2278001
2278254
2278803
2279175
2279288
2279487
2279631
2279706
2279981
2280637
2281757
2281925
2282108
2283378
2283640
2285366
2286846
2287240
2287560
2287615
2288121
2288149
2288431
2288800
2290183
2290974
2291983
2292165
2292366
2292663
2293062
2293277
2293650
2293794
2294648
2295157
2295465
2296700
2297015
2297317
2298760
