1500007
1500010
1500035
1500056
1500083
1500099
1500118
1500120
1500137
1500151
1500179
1500219
1500234
1500321
1500349
1500370
1500415
1500423
1500477
1500488
1500496
1500527
1500539
1500540
1500553
1500586
1500595
1500613
1500625
1500648
1500654
1500669
1500697
1500722
1500767
1500774
1500789
1500824
1500880
1500891
1500904
1500929
1500931
1500950
1500973
1500998
1501045
1501058
1501067
1501121
1501133
1501149
1501157
1501168
1501170
1501194
1501207
1501235
1501272
1501340
1501371
1501416
1501429
1501450
1501482
1501498
1501502
1501523
1501530
1501541
1501564
1501601
1501626
1501693
1501709
1501717
1501738
1501800
1501848
1501854
1501905
1501918
1501937
1501966
1501984
1502012
1502049
1502057
1502068
1502070
1502094
1502136
1502158
1502174
1502208
1502214
1502239
1502240
1502271
1502328
1502335
1502344
1502448
1502454
1502481
1502501
1502526
1502560
1502623
1502664
1502718
1502743
1502751
1502766
1502779
1502792
1502829
1502831
1502847
1502865
1502873
1502917
1502938
1502952
1502963
1502991
1503000
1503032
1503048
1503054
1503081
1503102
1503115
1503123
1503164
1503217
1503224
1503316
1503329
1503373
1503398
1503412
1503433
1503457
1503537
1503543
1503551
1503566
1503579
1503592
1503603
1503622
1503636
1503667
1503674
1503690
1503742
1503760
1503778
1503810
1503828
1503856
1503861
1503872
1503914
1503927
1503939
1503940
1503962
1503971
1503986
1503995
1504005
1504018
1504051
1504066
1504092
1504107
1504144
1504156
1504199
1504206
1504212
1504233
1504268
1504270
1504285
1504294
1504319
1504326
1504334
1504355
1504378
1504393
1504417
1504446
1504480
1504491
1504525
1504532
1504548
1504614
1504627
1504639
1504653
1504662
1504671
1504695
1504704
1504731
1504750
1504798
1504802
1504823
1504830
1504841
1504859
1504877
1504896
1504903
1504922
1504958
1504967
1505029
1505065
1505082
1505126
1505142
1505160
1505178
1505193
1505218
1505243
1505251
1505300
1505313
1505332
1505348
1505354
1505369
1505376
1505403
1505411
1505436
1505517
1505552
1505670
1505685
1505723
1505741
1505759
1505764
1505788
1505827
1505840
1505853
1505862
1505886
1505928
1505944
1505972
1505983
1506002
1506030
1506041
1506077
1506088
1506096
1506100
1506113
1506148
1506176
1506216
1506229
1506247
1506273
1506282
1506298
1506309
1506324
1506352
1506380
1506483
1506511
1506522
1506558
1506574
1506618
1506637
1506666
1506684
1506714
1506740
1506762
1506795
1506806
1506821
1506833
1506849
1506870
1506885
1506901
1506934
1506955
1506960
1506987
1507017
1507024
1507063
1507075
1507140
1507153
1507171
1507236
1507245
1507267
1507315
1507330
1507341
1507377
1507388
1507396
1507405
1507418
1507420
1507437
1507443
1507479
1507492
1507516
1507582
1507598
1507661
1507725
1507748
1507769
1507797
1507801
1507826
1507842
1507860
1507887
1507893
1507906
1507949
1508008
1508014
1508053
1508138
1508163
1508175
1508215
1508230
1508336
1508358
1508390
1508419
1508426
1508455
1508487
1508556
1508572
1508616
1508629
1508631
1508682
1508712
1508721
1508733
1508749
1508757
1508770
1508794
1508805
1508818
1508820
1508843
1508892
1508913
1508925
1508948
1508954
1508976
1508981
1508997
1509001
1509042
1509055
1509060
1509078
1509116
1509129
1509147
1509165
1509173
1509225
1509281
1509318
1509337
1509351
1509379
1509384
1509408
1509427
1509440
1509462
1509506
1509512
1509533
1509549
1509557
1509594
1509624
1509638
1509652
1509680
1509691
1509707
1509772
1509845
1509858
1509867
1509889
1509902
1509915
1509941
1510017
1510038
1510046
1510063
1510091
1510139
1510153
1510195
1510222
1510258
1510274
1510290
1510323
1510405
1510479
1510484
1510504
1510529
1510531
1510547
1510550
1510598
1510610
1510628
1510656
1510672
1510683
1510699
1510754
1510819
1510826
1510842
1510855
1510860
1510893
1510912
1510921
1510933
1510949
1510968
1510970
1510985
1511048
1511054
1511069
1511081
1511097
1511159
1511164
1511177
1511196
1511209
1511238
1511246
1511263
1511331
1511365
1511398
1511433
1511449
1511494
1511543
1511579
1511584
1511611
1511645
1511658
1511690
1511701
1511726
1511755
1511778
1511787
1511810
1511828
1511835
1511856
1511872
1511883
1511899
1511908
1511927
1511953
1511986
1512002
1512015
1512030
1512096
1512113
1512125
1512132
1512148
1512169
1512181
1512197
1512265
1512282
1512309
1512346
1512352
1512428
1512456
1512461
1512472
1512499
1512503
1512558
1512574
1512605
1512679
1512684
1512714
1512727
1512771
1512833
1512849
1512857
1512868
1512901
1512919
1512934
1512942
1512955
1512978
1512987
1513044
1513083
1513099
1513105
1513137
1513151
1513166
1513226
1513255
1513260
1513287
1513293
1513306
1513312
1513333
1513349
1513357
1513385
1513402
1513459
1513464
1513488
1513514
1513527
1513540
1513586
1513600
1513625
1513669
1513697
1513736
1513745
1513758
1513767
1513774
1513863
1513875
1513916
1513929
1513931
1513947
1513982
1513998
1514008
1514040
1514053
1514071
1514086
1514117
1514175
1514180
1514191
1514259
1514264
1514288
1514303
1514311
1514322
1514336
1514419
1514442
1514510
1514535
1514544
1514599
1514629
1514673
1514682
1514785
1514794
1514818
1514843
1514851
1514866
1514892
1514925
1514954
1514969
1514997
1515006
1515049
1515057
1515068
1515103
1515111
1515122
1515208
1515214
1515227
1515239
1515253
1515307
1515356
1515400
1515425
1515454
1515469
1515476
1515481
1515497
1515501
1515534
1515542
1515578
1515587
1515593
1515602
1515641
1515659
1515664
1515718
1515720
1515743
1515751
1515766
1515784
1515792
1515804
1515816
1515829
1515847
1515850
1515865
1515873
1515909
1515917
1515924
1515938
1515952
1515963
1516043
1516051
1516066
1516079
1516084
1516107
1516110
1516128
1516156
1516161
1516183
1516199
1516221
1516257
1516268
1516301
1516334
1516342
1516360
1516393
1516417
1516446
1516491
1516532
1516554
1516569
1516627
1516671
1516731
1516747
1516782
1516802
1516815
1516830
1516841
1516877
1516888
1516896
1516903
1516911
1516922
1516936
1516974
1516990
1517001
1517078
1517087
1517093
1517104
1517116
1517131
1517147
1517165
1517173
1517182
1517198
1517200
1517213
1517225
1517232
1517248
1517269
1517297
1517305
1517366
1517379
1517392
1517453
1517462
1517512
1517557
1517568
1517585
1517594
1517609
1517663
1517680
1517691
1517744
1517761
1517783
1517799
1517803
1517811
1517822
1517902
1517915
1517941
1517959
1517977
1518016
1518029
1518031
1518047
1518065
1518073
1518101
1518134
1518237
1518251
1518266
1518300
1518313
1518332
1518369
1518376
1518381
1518403
1518445
1518474
1518489
1518517
1518524
1518538
1518552
1518575
1518580
1518606
1518612
1518633
1518657
1518685
1518702
1518730
1518741
1518759
1518764
1518788
1518796
1518827
1518862
1518895
1518928
1518972
1518999
1519003
1519036
1519058
1519067
1519106
1519133
1519185
1519194
1519207
1519210
1519235
1519261
1519299
1519308
1519353
1519404
1519447
1519450
1519465
1519473
1519559
1519577
1519596
1519619
1519655
1519709
1519738
1519752
1519763
1519780
1519825
1519832
1519848
1519937
1519943
1519951
1519966
1519984
1519992
1520008
1520039
1520040
1520062
1520071
1520086
1520095
1520138
1520152
1520175
1520202
1520223
1520230
1520241
1520277
1520288
1520303
1520358
1520367
1520389
1520419
1520426
1520455
1520510
1520528
1520561
1520616
1520673
1520698
1520712
1520721
1520733
1520749
1520757
1520785
1520805
1520818
1520843
1520851
1520879
1520884
1520925
1520932
1521012
1521021
1521033
1521049
1521085
1521094
1521122
1521158
1521174
1521189
1521190
1521208
1521214
1521239
1521240
1521286
1521307
1521310
1521328
1521400
1521413
1521454
1521481
1521497
1521526
1521534
1521542
1521555
1521578
1521593
1521615
1521630
1521659
1521677
1521688
1521705
1521718
1521743
1521766
1521847
1521873
1521946
1521952
1521963
1522011
1522036
1522089
1522090
1522106
1522112
1522121
1522149
1522170
1522194
1522207
1522256
1522261
1522272
1522299
1522353
1522362
1522416
1522450
1522502
1522515
1522523
1522530
1522541
1522564
1522577
1522588
1522601
1522634
1522655
1522660
1522687
1522709
1522738
1522752
1522775
1522848
1522854
1522918
1522920
1522943
1522951
1522966
1522979
1522992
1523004
1523016
1523029
1523031
1523073
1523082
1523126
1523134
1523155
1523160
1523187
1523220
1523243
1523279
1523300
1523325
1523348
1523354
1523376
1523403
1523422
1523445
1523458
1523474
1523538
1523563
1523575
1523580
1523621
1523670
1523715
1523723
1523808
1523814
1523827
1523895
1523944
1523961
1523983
1524017
1524046
1524052
1524080
1524127
1524153
1524171
1524186
1524211
1524245
1524258
1524267
1524274
1524290
1524302
1524323
1524377
1524388
1524396
1524443
1524466
1524479
1524484
1524492
1524504
1524529
1524573
1524582
1524607
1524644
1524656
1524672
1524683
1524699
1524713
1524748
1524769
1524776
1524826
1524842
1524906
1524912
1524921
1524968
1524970
1524985
1525013
1525032
1525048
1525054
1525069
1525081
1525130
1525159
1525164
1525177
1525217
1525291
1525331
1525350
1525365
1525373
1525421
1525433
1525449
1525468
1525470
1525537
1525543
1525579
1525592
1525603
1525611
1525622
1525658
1525674
1525689
1525726
1525755
1525778
1525810
1525828
1525844
1525861
1525872
1525908
1525940
1525953
1525995
1526001
1526019
1526087
1526093
1526165
1526182
1526198
1526200
1526225
1526269
1526281
1526297
1526343
1526351
1526366
1526453
1526462
1526512
1526557
1526568
1526585
1526594
1526638
1526652
1526663
1526680
1526707
1526710
1526756
1526761
1526772
1526783
1526803
1526811
1526836
1526867
1526890
1526930
1526941
1526988
1527037
1527051
1527092
1527110
1527144
1527206
1527212
1527233
1527249
1527319
1527326
1527334
1527342
1527355
1527360
1527378
1527387
1527417
1527424
1527438
1527452
1527463
1527480
1527500
1527513
1527525
1527532
1527576
1527597
1527608
1527614
1527640
1527653
1527662
1527671
1527686
1527695
1527716
1527731
1527747
1527802
1527830
1527864
1527888
1527896
1527903
1527990
1528099
1528105
1528120
1528143
1528179
1528192
1528219
1528226
1528242
1528306
1528333
1528394
1528423
1528430
1528441
1528464
1528477
1528514
1528586
1528595
1528600
1528613
1528625
1528654
1528669
1528676
1528681
1528703
1528711
1528722
1528736
1528758
1528767
1528774
1528789
1528809
1528838
1528846
1528852
1528880
1528931
1528950
1528965
1528973
1529015
1529077
1529096
1529100
1529113
1529125
1529148
1529181
1529250
1529298
1529338
1529346
1529380
1529391
1529435
1529444
1529456
1529472
1529499
1529503
1529511
1529536
1529545
1529567
1529574
1529605
1529618
1529620
1529643
1529684
1529714
1529727
1529740
1529786
1529806
1529812
1529833
1529849
1529885
1529926
1529934
1529960
1529987
1530016
1530031
1530050
1530065
1530073
1530082
1530098
1530101
1530119
1530134
1530178
1530193
1530205
1530251
1530266
1530292
1530325
1530354
1530381
1530397
1530411
1530436
1530467
1530517
1530538
1530575
1530580
1530591
1530606
1530633
1530649
1530670
1530685
1530730
1530759
1530796
1530808
1530814
1530827
1530839
1530862
1530871
1530886
1530935
1530944
1530956
1530983
1531002
1531023
1531030
1531041
1531088
1531096
1531125
1531132
1531148
1531154
1531169
1531176
1531216
1531229
1531265
1531298
1531352
1531363
1531375
1531380
1531391
1531410
1531428
1531435
1531472
1531483
1531536
1531545
1531558
1531590
1531605
1531618
1531620
1531651
1531727
1531740
1531762
1531806
1531812
1531833
1531870
1531919
1531960
1532000
1532025
1532048
1532069
1532097
1532102
1532115
1532141
1532164
1532188
1532196
1532209
1532252
1532263
1532331
1532347
1532365
1532398
1532433
1532457
1532494
1532520
1532543
1532611
1532622
1532636
1532658
1532667
1532674
1532701
1532734
1532755
1532760
1532793
1532810
1532828
1532844
1532861
1532883
1532899
1532908
1532927
1532986
1532995
1533006
1533012
1533049
1533068
1533085
1533103
1533122
1533145
1533158
1533167
1533174
1533190
1533227
1533240
1533253
1533262
1533295
1533328
1533356
1533361
1533400
1533469
1533481
1533578
1533587
1533615
1533623
1533630
1533659
1533664
1533677
1533696
1533705
1533718
1533743
1533779
1533784
1533792
1533804
1533847
1533850
1533873
1533898
1533909
1533917
1533946
1533952
1533975
1533980
1534026
1534034
1534060
1534104
1534129
1534131
1534198
1534213
1534232
1534254
1534276
1534281
1534297
1534366
1534392
1534408
1534427
1534439
1534453
1534471
1534495
1534506
1534512
1534533
1534557
1534646
1534652
1534675
1534680
1534691
1534710
1534728
1534756
1534772
1534799
1534811
1534845
1534858
1534867
1534889
1534902
1534915
1534930
1534964
1535010
1535035
1535056
1535061
1535120
1535137
1535143
1535151
1535179
1535192
1535201
1535219
1535234
1535255
1535260
1535278
1535287
1535321
1535368
1535370
1535385
1535394
1535415
1535423
1535441
1535459
1535477
1535527
1535539
1535571
1535600
1535613
1535632
1535681
1535703
1535711
1535722
1535736
1535789
1535790
1535809
1535824
1535838
1535846
1535863
1535904
1535929
1535965
1535973
1536003
1536022
1536045
1536058
1536106
1536157
1536185
1536256
1536261
1536283
1536327
1536339
1536340
1536362
1536386
1536416
1536429
1536431
1536447
1536450
1536465
1536482
1536498
1536515
1536559
1536577
1536596
1536634
1536660
1536693
1536717
1536738
1536746
1536752
1536763
1536775
1536780
1536832
1536854
1536876
1536897
1536920
1536937
1536951
1536966
1536984
1536992
1537086
1537095
1537117
1537124
1537152
1537215
1537241
1537277
1537288
1537303
1537311
1537336
1537358
1537426
1537434
1537478
1537493
1537507
1537510
1537528
1537535
1537572
1537629
1537631
1537647
1537650
1537665
1537682
1537698
1537712
1537757
1537768
1537794
1537805
1537818
1537879
1537892
1537900
1537925
1537932
1537976
1537997
1538017
1538024
1538038
1538091
1538114
1538153
1538171
1538186
1538258
1538302
1538330
1538341
1538359
1538364
1538388
1538396
1538418
1538420
1538451
1538466
1538484
1538492
1538516
1538529
1538531
1538598
1538628
1538656
1538672
1538683
1538700
1538748
1538781
1538834
1538860
1538912
1538921
1538933
1538957
1538985
1539043
1539079
1539107
1539128
1539135
1539161
1539212
1539270
1539294
1539326
1539342
1539355
1539360
1539387
1539393
1539417
1539438
1539452
1539463
1539480
1539548
1539554
1539576
1539597
1539614
1539627
1539640
1539653
1539695
1539704
1539731
1539765
1539773
1539841
1539864
1539877
1539896
1539911
1539922
1539989
1539990
1540032
1540048
1540076
1540097
1540115
1540238
1540246
1540280
1540304
1540365
1540398
1540457
1540485
1540518
1540584
1540603
1540667
1540674
1540689
1540690
1540701
1540734
1540760
1540778
1540787
1540793
1540810
1540844
1540914
1540927
1540953
1540962
1540971
1541042
1541060
1541078
1541087
1541147
1541150
1541165
1541198
1541200
1541225
1541248
1541305
1541318
1541351
1541366
1541408
1541414
1541427
1541439
1541440
1541453
1541486
1541495
1541512
1541521
1541570
1541638
1541646
1541652
1541675
1541680
1541691
1541728
1541735
1541744
1541756
1541761
1541772
1541803
1541811
1541822
1541845
1541890
1541915
1541923
1542004
1542016
1542031
1542050
1542082
1542098
1542126
1542142
1542160
1542251
1542279
1542313
1542325
1542332
1542369
1542376
1542381
1542397
1542422
1542458
1542467
1542489
1542509
1542517
1542524
1542591
1542606
1542612
1542657
1542702
1542723
1542741
1542827
1542839
1542862
1542871
1542895
1542907
1542935
1542944
1542961
1542972
1542983
1543011
1543022
1543067
1543089
1543090
1543106
1543157
1543207
1543228
1543308
1543314
1543362
1543386
1543431
1543450
1543530
1543564
1543588
1543619
1543626
1543642
1543660
1543687
1543709
1543752
1543800
1543832
1543869
1543876
1543881
1543918
1543951
1543979
1543992
1544002
1544030
1544041
1544064
1544077
1544088
1544113
1544125
1544197
1544204
1544309
1544352
1544363
1544375
1544380
1544391
1544407
1544410
1544428
1544456
1544461
1544483
1544499
1544511
1544558
1544567
1544589
1544590
1544618
1544637
1544643
1544684
1544708
1544727
1544753
1544762
1544771
1544795
1544812
1544821
1544849
1544857
1544870
1544901
1544934
1544955
1544960
1544978
1545014
1545027
1545040
1545053
1545071
1545086
1545117
1545124
1545138
1545152
1545191
1545230
1545277
1545296
1545336
1545345
1545367
1545374
1545442
1545510
1545535
1545544
1545561
1545583
1545604
1545631
1545698
1545721
1545749
1545768
1545770
1545794
1545818
1545820
1545843
1545851
1545866
1545884
1545892
1545913
1545932
1545948
1545969
1545976
1545981
1546021
1546033
1546068
1546070
1546094
1546103
1546111
1546122
1546158
1546189
1546190
1546208
1546227
1546240
1546271
1546307
1546328
1546383
1546413
1546432
1546448
1546476
1546501
1546519
1546526
1546542
1546560
1546602
1546641
1546677
1546743
1546766
1546816
1546865
1546898
1546909
1546917
1546938
1546952
1546963
1547007
1547028
1547044
1547056
1547072
1547083
1547099
1547105
1547118
1547151
1547184
1547201
1547219
1547312
1547333
1547415
1547441
1547464
1547477
1547488
1547496
1547539
1547540
1547562
1547571
1547586
1547595
1547600
1547613
1547625
1547632
1547654
1547697
1547703
1547711
1547722
1547736
1547745
1547758
1547774
1547789
1547790
1547846
1547852
1547875
1547880
1547891
1547916
1547929
1547965
1547998
1548020
1548037
1548051
1548144
1548161
1548172
1548183
1548199
1548221
1548249
1548301
1548319
1548355
1548409
1548417
1548452
1548475
1548480
1548532
1548548
1548569
1548581
1548597
1548640
1548686
1548716
1548765
1548773
1548798
1548841
1548859
1548888
1548896
1548945
1548974
1548990
1549009
1549017
1549038
1549063
1549075
1549091
1549108
1549127
1549139
1549153
1549171
1549195
1549236
1549245
1549290
1549302
1549330
1549364
1549443
1549451
1549466
1549479
1549484
1549516
1549531
1549547
1549565
1549607
1549610
1549656
1549683
1549732
1549754
1549769
1549797
1549819
1549826
1549860
1549906
1549921
1550036
1550067
1550090
1550112
1550149
1550157
1550168
1550185
1550207
1550228
1550235
1550244
1550256
1550283
1550339
1550353
1550362
1550371
1550395
1550429
1550447
1550465
1550482
1550498
1550502
1550541
1550559
1550577
1550588
1550601
1550619
1550642
1550660
1550724
1550752
1550763
1550775
1550800
1550854
1550881
1550920
1550984
1550992
1551009
1551024
1551046
1551052
1551075
1551080
1551108
1551114
1551139
1551140
1551171
1551195
1551203
1551258
1551302
1551315
1551323
1551359
1551396
1551418
1551479
1551529
1551531
1551565
1551573
1551582
1551607
1551628
1551683
1551700
1551754
1551781
1551819
1551826
1551855
1551878
1551887
1551906
1551921
1551957
1552008
1552014
1552040
1552062
1552124
1552138
1552152
1552163
1552175
1552180
1552202
1552223
1552241
1552264
1552288
1552296
1552311
1552345
1552367
1552389
1552419
1552426
1552434
1552460
1552478
1552487
1552507
1552535
1552572
1552583
1552616
1552647
1552665
1552698
1552721
1552770
1552794
1552805
1552820
1552837
1552851
1552866
1552900
1552932
1552954
1552969
1552976
1552997
1553019
1553034
1553055
1553087
1553116
1553131
1553165
1553213
1553232
1553248
1553318
1553343
1553384
1553392
1553408
1553462
1553471
1553486
1553549
1553557
1553570
1553585
1553609
1553638
1553675
1553680
1553691
1553707
1553735
1553744
1553772
1553783
1553803
1553811
1553890
1553902
1553930
1553959
1553964
1554021
1554068
1554070
1554103
1554111
1554145
1554174
1554189
1554190
1554214
1554227
1554262
1554271
1554344
1554372
1554383
1554399
1554400
1554425
1554432
1554481
1554497
1554501
1554534
1554542
1554560
1554578
1554602
1554623
1554630
1554696
1554705
1554720
1554743
1554792
1554831
1554865
1554938
1554946
1554980
1555018
1555020
1555037
1555043
1555051
1555092
1555128
1555172
1555183
1555199
1555206
1555212
1555221
1555249
1555257
1555285
1555342
1555355
1555360
1555409
1555417
1555438
1555452
1555463
1555475
1555491
1555500
1555525
1555576
1555581
1555639
1555653
1555695
1555704
1555731
1555750
1555802
1555815
1555841
1555864
1555877
1555888
1555911
1555922
1555936
1555958
1555967
1555989
1556004
1556016
1556031
1556047
1556050
1556098
1556142
1556193
1556205
1556243
1556292
1556325
1556332
1556348
1556354
1556397
1556403
1556436
1556445
1556509
1556517
1556546
1556552
1556575
1556591
1556612
1556633
1556702
1556715
1556764
1556777
1556788
1556796
1556814
1556827
1556840
1556853
1556886
1556895
1556907
1556910
1556928
1556935
1556944
1556956
1556961
1556972
1556999
1557013
1557048
1557069
1557081
1557097
1557130
1557177
1557188
1557217
1557224
1557252
1557263
1557291
1557304
1557373
1557382
1557421
1557433
1557457
1557485
1557518
1557579
1557592
1557603
1557611
1557622
1557755
1557760
1557778
1557807
1557810
1557828
1557844
1557914
1557927
1557940
1557953
1557971
1557986
1558015
1558030
1558088
1558096
1558100
1558132
1558169
1558181
1558216
1558229
1558282
1558298
1558317
1558324
1558338
1558346
1558391
1558407
1558410
1558428
1558472
1558483
1558511
1558522
1558536
1558558
1558605
1558679
1558692
1558740
1558762
1558771
1558786
1558806
1558833
1558868
1558885
1558894
1558901
1558926
1558934
1558942
1558987
1559010
1559028
1559035
1559056
1559061
1559072
1559120
1559137
1559151
1559226
1559234
1559242
1559278
1559312
1559321
1559349
1559370
1559385
1559402
1559415
1559459
1559527
1559539
1559540
1559571
1559586
1559600
1559625
1559632
1559648
1559654
1559697
1559711
1559758
1559817
1559824
1559846
1559863
1559875
1559929
1559947
1559973
1560001
1560019
1560026
1560034
1560042
1560060
1560078
1560087
1560116
1560129
1560147
1560200
1560213
1560225
1560248
1560269
1560318
1560343
1560366
1560384
1560392
1560427
1560439
1560440
1560495
1560512
1560549
1560557
1560568
1560609
1560624
1560652
1560663
1560680
1560710
1560735
1560744
1560783
1560799
1560811
1560822
1560845
1560858
1560874
1560889
1560902
1560915
1560941
1560959
1560964
1561010
1561044
1561083
1561118
1561120
1561151
1561166
1561184
1561219
1561226
1561234
1561287
1561293
1561312
1561357
1561368
1561370
1561441
1561464
1561508
1561514
1561539
1561540
1561586
1561595
1561613
1561625
1561648
1561676
1561681
1561736
1561745
1561758
1561774
1561790
1561838
1561852
1561904
1561929
1561947
1561982
1562005
1562020
1562043
1562051
1562084
1562092
1562172
1562212
1562221
1562249
1562301
1562319
1562342
1562360
1562424
1562452
1562475
1562491
1562525
1562532
1562569
1562576
1562581
1562627
1562653
1562671
1562686
1562695
1562704
1562716
1562729
1562765
1562802
1562815
1562823
1562830
1562945
1562967
1563024
1563046
1563080
1563091
1563108
1563127
1563139
1563162
1563186
1563195
1563203
1563211
1563236
1563245
1563274
1563289
1563290
1563341
1563359
1563396
1563405
1563420
1563443
1563451
1563504
1563547
1563573
1563607
1563610
1563635
1563644
1563656
1563683
1563725
1563748
1563781
1563797
1563801
1563878
1563887
1563921
1563957
1563970
1564004
1564029
1564031
1564047
1564050
1564065
1564082
1564126
1564142
1564205
1564237
1564243
1564300
1564325
1564348
1564354
1564369
1564381
1564436
1564445
1564467
1564552
1564575
1564580
1564591
1564649
1564657
1564668
1564685
1564702
1564723
1564730
1564741
1564764
1564777
1564788
1564796
1564808
1564827
1564840
1564853
1564886
1564895
1564910
1564935
1564956
1564961
1564972
1564983
1565015
1565023
1565030
1565088
1565096
1565113
1565125
1565181
1565204
1565247
1565250
1565273
1565428
1565435
1565444
1565456
1565536
1565589
1565590
1565605
1565620
1565637
1565679
1565708
1565714
1565727
1565739
1565753
1565762
1565771
1565812
1565821
1565849
1565857
1565868
1565870
1565894
1565901
1565919
1565942
1565987
1565993
1566014
1566039
1566040
1566062
1566086
1566095
1566124
1566163
1566180
1566223
1566230
1566277
1566288
1566303
1566322
1566336
1566358
1566374
1566401
1566419
1566434
1566442
1566507
1566528
1566544
1566561
1566583
1566629
1566631
1566647
1566698
1566706
1566712
1566733
1566757
1566770
1566805
1566818
1566851
1566866
1566892
1566913
1566948
1566976
1567011
1567022
1567036
1567058
1567089
1567106
1567112
1567121
1567133
1567149
1567168
1567170
1567194
1567210
1567228
1567235
1567308
1567314
1567327
1567339
1567353
1567362
1567371
1567386
1567404
1567431
1567450
1567498
1567541
1567588
1567596
1567619
1567642
1567687
1567717
1567763
1567791
1567800
1567825
1567854
1567876
1567905
1567920
1567966
1567984
1567992
1568006
1568012
1568021
1568068
1568085
1568103
1568122
1568158
1568167
1568174
1568214
1568240
1568253
1568262
1568286
1568310
1568328
1568335
1568361
1568400
1568432
1568476
1568497
1568501
1568519
1568526
1568534
1568555
1568578
1568587
1568593
1568602
1568623
1568630
1568641
1568664
1568696
1568766
1568779
1568816
1568882
1568938
1568946
1568952
1568991
1569000
1569013
1569025
1569032
1569054
1569097
1569102
1569115
1569141
1569177
1569196
1569329
1569347
1569350
1569365
1569382
1569398
1569449
1569457
1569468
1569470
1569485
1569505
1569520
1569537
1569543
1569636
1569667
1569701
1569755
1569760
1569787
1569883
1569899
1569908
1569927
1569939
1569940
1569953
1569962
1569995
1570006
1570033
1570057
1570070
1570085
1570103
1570158
1570167
1570208
1570262
1570307
1570310
1570356
1570361
1570383
1570399
1570400
1570425
1570448
1570454
1570469
1570501
1570519
1570542
1570587
1570593
1570602
1570615
1570630
1570664
1570688
1570705
1570718
1570743
1570792
1570829
1570850
1570898
1570952
1570991
1571020
1571037
1571043
1571051
1571110
1571212
1571221
1571233
1571249
1571270
1571285
1571334
1571393
1571424
1571438
1571452
1571491
1571513
1571525
1571569
1571581
1571597
1571614
1571639
1571640
1571662
1571695
1571729
1571731
1571750
1571798
1571815
1571877
1571896
1571945
1571967
1571990
1572007
1572056
1572105
1572120
1572151
1572166
1572184
1572201
1572219
1572242
1572312
1572321
1572333
1572394
1572441
1572459
1572477
1572508
1572514
1572527
1572539
1572553
1572562
1572600
1572613
1572625
1572648
1572681
1572711
1572722
1572745
1572758
1572774
1572790
1572824
1572863
1572891
1572931
1572950
1572973
1573002
1573015
1573030
1573041
1573064
1573077
1573088
1573100
1573169
1573197
1573204
1573265
1573273
1573298
1573317
1573346
1573363
1573375
1573391
1573407
1573410
1573435
1573499
1573503
1573558
1573567
1573590
1573618
1573643
1573666
1573739
1573740
1573753
1573806
1573833
1573934
1573978
1574003
1574045
1574058
1574106
1574121
1574133
1574157
1574170
1574185
1574194
1574207
1574283
1574327
1574339
1574362
1574371
1574447
1574465
1574523
1574541
1574564
1574678
1574717
1574724
1574780
1574791
1574832
1574848
1574869
1574943
1574992
1575009
1575017
1575046
1575075
1575080
1575091
1575108
1575114
1575127
1575140
1575162
1575171
1575195
1575211
1575236
1575258
1575267
1575274
1575302
1575315
1575323
1575359
1575388
1575396
1575466
1575479
1575504
1575529
1575547
1575573
1575598
1575607
1575628
1575661
1575713
1575776
1575797
1575826
1575855
1575860
1575933
1575970
1575994
1576025
1576054
1576123
1576130
1576159
1576164
1576196
1576209
1576224
1576280
1576304
1576331
1576350
1576382
1576406
1576421
1576449
1576457
1576543
1576551
1576566
1576584
1576592
1576603
1576611
1576622
1576636
1576645
1576674
1576690
1576719
1576726
1576742
1576760
1576778
1576787
1576807
1576828
1576883
1576908
1576914
1576927
1576939
1576940
1576962
1576986
1577029
1577031
1577101
1577134
1577142
1577160
1577193
1577237
1577243
1577266
1577284
1577369
1577403
1577474
1577489
1577490
1577517
1577538
1577546
1577580
1577591
1577633
1577685
1577702
1577715
1577741
1577796
1577814
1577827
1577839
1577853
1577895
1577907
1577935
1578001
1578034
1578055
1578060
1578078
1578087
1578093
1578116
1578147
1578150
1578198
1578225
1578248
1578269
1578297
1578320
1578343
1578384
1578408
1578414
1578440
1578512
1578521
1578624
1578691
1578710
1578728
1578735
1578772
1578783
1578799
1578803
1578858
1578867
1578890
1578915
1578923
1578941
1578959
1578988
1578996
1579008
1579027
1579039
1579071
1579086
1579095
1579109
1579117
1579146
1579180
1579191
1579223
1579230
1579241
1579264
1579288
1579322
1579336
1579345
1579401
1579426
1579434
1579455
1579478
1579507
1579510
1579528
1579535
1579544
1579561
1579572
1579650
1579698
1579712
1579749
1579757
1579794
1579843
1579866
1579879
1579932
1579948
1579954
1579969
1579997
1580023
1580030
1580041
1580169
1580176
1580229
1580231
1580298
1580317
1580338
1580363
1580380
1580407
1580461
1580499
1580511
1580522
1580567
1580574
1580618
1580620
1580651
1580740
1580753
1580786
1580795
1580812
1580821
1580833
1580849
1580901
1580919
1580934
1580960
1580978
1580993
1581008
1581027
1581040
1581053
1581124
1581152
1581175
1581202
1581223
1581230
1581259
1581277
1581288
1581296
1581311
1581322
1581336
1581345
1581426
1581442
1581460
1581493
1581507
1581510
1581528
1581556
1581561
1581572
1581583
1581665
1581721
1581733
1581749
1581768
1581770
1581794
1581805
1581818
1581851
1581879
1581892
1581913
1581925
1581932
1581954
1581969
1581981
1582009
1582017
1582052
1582063
1582075
1582091
1582108
1582139
1582153
1582186
1582245
1582258
1582267
1582315
1582330
1582341
1582359
1582364
1582377
1582405
1582418
1582443
1582466
1582479
1582484
1582516
1582529
1582531
1582582
1582598
1582607
1582610
1582635
1582699
1582713
1582732
1582748
1582754
1582801
1582842
1582860
1582887
1582893
1582906
1582921
1582949
1582957
1583020
1583037
1583043
1583051
1583066
1583092
1583135
1583144
1583156
1583183
1583199
1583206
1583249
1583268
1583285
1583301
1583334
1583378
1583463
1583480
1583513
1583525
1583532
1583554
1583671
1583729
1583731
1583747
1583750
1583773
1583815
1583830
1583841
1583859
1583877
1583888
1583903
1583911
1583922
1583936
1583989
1584000
1584025
1584048
1584115
1584130
1584141
1584159
1584177
1584188
1584209
1584252
1584275
1584280
1584291
1584316
1584329
1584331
1584347
1584365
1584382
1584433
1584449
1584470
1584566
1584584
1584603
1584645
1584674
1584690
1584726
1584734
1584742
1584755
1584778
1584787
1584856
1584861
1584872
1584883
1584899
1584908
1584939
1584940
1584953
1584971
1585001
1585034
1585078
1585087
1585165
1585173
1585198
1585200
1585213
1585254
1585281
1585320
1585337
1585351
1585366
1585379
1585408
1585439
1585453
1585462
1585486
1585495
1585512
1585549
1585557
1585570
1585617
1585624
1585646
1585652
1585680
1585728
1585744
1585756
1585874
1585889
1585902
1585923
1585930
1586007
1586028
1586035
1586044
1586061
1586120
1586143
1586151
1586166
1586184
1586192
1586201
1586234
1586242
1586255
1586287
1586312
1586333
1586349
1586368
1586370
1586385
1586394
1586402
1586415
1586430
1586477
1586508
1586514
1586553
1586613
1586625
1586632
1586648
1586669
1586676
1586681
1586722
1586774
1586790
1586817
1586838
1586863
1586904
1586929
1586947
1586965
1586973
1586998
1587012
1587033
1587057
1587068
1587070
1587122
1587167
1587174
1587189
1587190
1587208
1587214
1587227
1587271
1587295
1587310
1587372
1587399
1587400
1587425
1587432
1587448
1587534
1587542
1587578
1587587
1587593
1587615
1587623
1587641
1587664
1587677
1587688
1587696
1587705
1587718
1587720
1587743
1587751
1587766
1587792
1587829
1587831
1587847
1587850
1587865
1587909
1587917
1587952
1588003
1588036
1588067
1588074
1588090
1588149
1588170
1588194
1588207
1588210
1588228
1588244
1588272
1588283
1588314
1588327
1588339
1588340
1588353
1588362
1588386
1588404
1588416
1588473
1588482
1588530
1588541
1588596
1588626
1588642
1588717
1588724
1588752
1588780
1588791
1588800
1588813
1588869
1588881
1588905
1588920
1588951
1588966
1588992
1589065
1589073
1589082
1589098
1589101
1589126
1589142
1589266
1589284
1589300
1589313
1589325
1589376
1589381
1589411
1589422
1589436
1589445
1589458
1589474
1589489
1589509
1589517
1589524
1589538
1589546
1589552
1589563
1589591
1589649
1589670
1589685
1589715
1589777
1589788
1589814
1589839
1589840
1589853
1589862
1589871
1589910
1589928
1589935
1589956
1589972
1589999
1590005
1590037
1590066
1590084
1590092
1590135
1590144
1590156
1590161
1590183
1590206
1590212
1590221
1590249
1590257
1590270
1590294
1590301
1590319
1590326
1590360
1590378
1590393
1590463
1590475
1590480
1590491
1590532
1590569
1590576
1590597
1590627
1590639
1590686
1590747
1590864
1590877
1590896
1590903
1590922
1590967
1591004
1591016
1591031
1591047
1591050
1591098
1591101
1591119
1591134
1591142
1591160
1591178
1591187
1591218
1591266
1591284
1591325
1591354
1591369
1591376
1591397
1591403
1591436
1591445
1591458
1591490
1591524
1591563
1591580
1591591
1591649
1591657
1591668
1591685
1591759
1591814
1591839
1591871
1591886
1591907
1591928
1591956
1592001
1592034
1592060
1592078
1592093
1592147
1592150
1592173
1592200
1592232
1592248
1592320
1592384
1592392
1592439
1592440
1592471
1592486
1592568
1592585
1592609
1592652
1592663
1592728
1592735
1592756
1592772
1592783
1592811
1592822
1592836
1592858
1592890
1592915
1592923
1592930
1592941
1592964
1592996
1593008
1593039
1593053
1593062
1593071
1593095
1593109
1593138
1593146
1593152
1593163
1593241
1593259
1593264
1593311
1593336
1593345
1593358
1593390
1593426
1593442
1593493
1593510
1593556
1593599
1593604
1593629
1593647
1593706
1593712
1593721
1593749
1593770
1593785
1593818
1593843
1593866
1593879
1593884
1593900
1593932
1593948
1593954
1593981
1593997
1594010
1594028
1594044
1594056
1594061
1594072
1594118
1594166
1594278
1594293
1594321
1594357
1594394
1594415
1594430
1594441
1594459
1594477
1594508
1594514
1594527
1594540
1594595
1594600
1594625
1594648
1594681
1594697
1594703
1594758
1594774
1594789
1594790
1594817
1594824
1594846
1594880
1594904
1594929
1594931
1595003
1595011
1595036
1595045
1595089
1595090
1595112
1595121
1595235
1595283
1595299
1595308
1595340
1595353
1595395
1595431
1595447
1595465
1595482
1595523
1595530
1595541
1595596
1595619
1595634
1595642
1595660
1595678
1595738
1595752
1595763
1595780
1595791
1595800
1595813
1595832
1595876
1595918
1595920
1595937
1595943
1595979
1596017
1596075
1596091
1596108
1596114
1596140
1596195
1596245
1596258
1596274
1596289
1596290
1596302
1596330
1596359
1596388
1596405
1596437
1596443
1596479
1596484
1596529
1596547
1596550
1596565
1596598
1596607
1596610
1596635
1596656
1596672
1596699
1596700
1596713
1596725
1596732
1596748
1596781
1596855
1596860
1596878
1596887
1596912
1596949
1596957
1596994
1597002
1597015
1597023
1597059
1597064
1597088
1597096
1597113
1597148
1597154
1597169
1597181
1597204
1597216
1597229
1597265
1597352
1597391
1597407
1597410
1597428
1597435
1597461
1597499
1597511
1597522
1597536
1597558
1597567
1597574
1597589
1597708
1597740
1597771
1597806
1597821
1597857
1597868
1597885
1597926
1597934
1597942
1597955
1597960
1597978
1597993
1598000
1598054
1598076
1598097
1598115
1598123
1598263
1598275
1598280
1598291
1598304
1598350
1598373
1598382
1598421
1598457
1598468
1598485
1598494
1598505
1598518
1598543
1598551
1598592
1598636
1598667
1598689
1598690
1598701
1598719
1598734
1598742
1598755
1598793
1598807
1598828
1598856
1598872
1598899
1598908
1598914
1598927
1598939
1598940
1598962
1598995
1599012
1599057
1599068
1599094
1599103
1599167
1599174
1599190
1599208
1599227
1599262
1599307
1599344
1599372
1599383
1599399
1599400
1599413
1599432
1599454
1599481
1599501
1599534
1599555
1599602
1599615
1599677
1599737
1599743
1599751
1599766
1599784
1599792
1599816
1599829
1599831
1599847
1599865
1599873
1599898
1599909
1599946
1599952
1599963
1599975
1500143
1500306
1500385
1500441
1500600
1501036
1501112
1501308
1501314
1501395
1501588
1501596
1501655
1501775
1502167
1502189
1502519
1502980
1503025
1503076
1503177
1503209
1503252
1503280
1503331
1503701
1504452
1504513
1504729
1505101
1505266
1505467
1505895
1506154
1506181
1506231
1506265
1506444
1506545
1506589
1506692
1506727
1506771
1507504
1507878
1508180
1508191
1508259
1508345
1508374
1508665
1508673
1508879
1509182
1509198
1509200
1509269
1509495
1509744
1509822
1510052
1510302
1510330
1510377
1510443
1510732
1510887
1511076
1511130
1511252
1511373
1511382
1511566
1511592
1511971
1511995
1512064
1512077
1512338
1512363
1512407
1512410
1512589
1512786
1512894
1513118
1513184
1513632
1513648
1513681
1513973
1514027
1514062
1514146
1514223
1514367
1514487
1514604
1514805
1515136
1515167
1515310
1515630
1515831
1515946
1516092
1516378
1516409
1516424
1516480
1516823
1517150
1517495
1517890
1518178
1518205
1518220
1518422
1518715
1518840
1519011
1519170
1519283
1519314
1519340
1519918
1520345
1520442
1520599
1520631
1520665
1520948
1521227
1521784
1521865
1521882
1521980
1522067
1522074
1522133
1522185
1522431
1522447
1522465
1522482
1522642
1522693
1522746
1523178
1523251
1523777
1523788
1523853
1523928
1524009
1524038
1524420
1524754
1524801
1524893
1524994
1525097
1525263
1526129
1526147
1526150
1526414
1526570
1526691
1526744
1526959
1527043
1527161
1527294
1527475
1527548
1527581
1527782
1527798
1528137
1528166
1528349
1528863
1529132
1529231
1529407
1529651
1529666
1529919
1530160
1530284
1530376
1530458
1530474
1530524
1531015
1531204
1531250
1531324
1531708
1531849
1531955
1532130
1532304
1532584
1532592
1532603
1532835
1532872
1532971
1533070
1533344
1533555
1533816
1533829
1534225
1534609
1534783
1534803
1534977
1535083
1535105
1535333
1535357
1535654
1535669
1535875
1535982
1536404
1536619
1536869
1537040
1537175
1537180
1537345
1537390
1537561
1537673
1537706
1537913
1538108
1538203
1538211
1538267
1538582
1538769
1538994
1539092
1539183
1539257
1539334
1539513
1539639
1539830
1539936
1539958
1540382
1540622
1540828
1540861
1541173
1541343
1541710
1542029
1542193
1542218
1542300
1542348
1542436
1542563
1542685
1542715
1542759
1542928
1543045
1543133
1543256
1543404
1543634
1543693
1543775
1544015
1544132
1544216
1544273
1544324
1544338
1544894
1544926
1545008
1545062
1545163
1545223
1545322
1545401
1545493
1545837
1546006
1546136
1546481
1546497
1546578
1546593
1546829
1547242
1547947
1548018
1548360
1548387
1548424
1548438
1548614
1548627
1548729
1548731
1548815
1548864
1548958
1549267
1549323
1549377
1549420
1549504
1549573
1549644
1549748
1549994
1550121
1550687
1550709
1550746
1551211
1551274
1551420
1551437
1551492
1551598
1551610
1551994
1552556
1552599
1552706
1553078
1553198
1553297
1553337
1553366
1553439
1553512
1553845
1554167
1554208
1554356
1554555
1554641
1554659
1554963
1555268
1555301
1555393
1555513
1555569
1555614
1555823
1555859
1556313
1556381
1556741
1556759
1556839
1556862
1557000
1557102
1557329
1557537
1557690
1557861
1557939
1558023
1558059
1558247
1558309
1558380
1558955
1559143
1559423
1559477
1559496
1559669
1559722
1559838
1559852
1559891
1560150
1560276
1560521
1560761
1560867
1561056
1561137
1561179
1561242
1561278
1561402
1561722
1561789
1561824
1561846
1561931
1562144
1562161
1562183
1562257
1562409
1562438
1562841
1563222
1563377
1563598
1563968
1564134
1564193
1564218
1564332
1565059
1565231
1565363
1565410
1565461
1565472
1565574
1565692
1565955
1565960
1565978
1566071
1566296
1566599
1566785
1566794
1566837
1566879
1566969
1566981
1567157
1567340
1567465
1567655
1567752
1567813
1567918
1568033
1568049
1568057
1568070
1568425
1568481
1568705
1568873
1568898
1569069
1569130
1569238
1569280
1569291
1569373
1569412
1569793
1569844
1569971
1570189
1570677
1570720
1570751
1570882
1571066
1571294
1571409
1571463
1571716
1571773
1571859
1572226
1572349
1572357
1572402
1572571
1572595
1572838
1573125
1573132
1573229
1573786
1573795
1573885
1574036
1574074
1574256
1574473
1574498
1574642
1574660
1574693
1574752
1574905
1574918
1575052
1575330
1575364
1575484
1575635
1575699
1575921
1576115
1576177
1576520
1576689
1576844
1577073
1577098
1577300
1577422
1577509
1577668
1577759
1577886
1578026
1578232
1578366
1578609
1578977
1579124
1579419
1580282
1580483
1580679
1580870
1581086
1581303
1581389
1581390
1581419
1581599
1582038
1582127
1582236
1582437
1582672
1582700
1582725
1582985
1583084
1583257
1583294
1583446
1583597
1583653
1584032
1584054
1584224
1584412
1584518
1584537
1584551
1584579
1584592
1585129
1585318
1585845
1585867
1585964
1585977
1586745
1586767
1587630
1587873
1588089
1588121
1588655
1588660
1588937
1588943
1589134
1589243
1589354
1589397
1589621
1589723
1589741
1590051
1590554
1590671
1590729
1590731
1591193
1591292
1591702
1591788
1591808
1592254
1592351
1592570
1592691
1593117
1593175
1593288
1593455
1593757
1593925
1593976
1594143
1594179
1594219
1594553
1594669
1594767
1594809
1594852
1594863
1594965
1595256
1595339
1595371
1595515
1595564
1595577
1595717
1595966
1596171
1596504
1596893
1596985
1597250
1597273
1597317
1597363
1597380
1597666
1597786
1597849
1597987
1598316
1598398
1598566
1598760
1599189
1599240
1599310
1599476
1599578
1599623
1599688
1599938
1500192
1500875
1501003
1501228
1502122
1502262
1503734
1505445
1506739
1511760
1512444
1513508
1514358
1514879
1514976
1516548
1516704
1518411
1520215
1520997
1523047
1525246
1525329
1525742
1526617
1526624
1527967
1528527
1529064
1529558
1530445
1531113
1531317
1531901
1532054
1532081
1532719
1534343
1534549
1535648
1536194
1537544
1538906
1539903
1540263
1540275
1541533
1541585
1542292
1543596
1545109
1545599
1546310
1547035
1549700
1550813
1551038
1551330
1551405
1553042
1553506
1554136
1554454
1554850
1554917
1555294
1557494
1558708
1559595
1559676
1561394
1562974
1563700
1563912
1565064
1566191
1567395
1567626
1569690
1569828
1571005
1573380
1575683
1578663
1580643
1582492
1585269
1586056
1586852
1587784
1592305
1592624
1592638
1593969
1594312
1594464
1595133
1596776
