2700020
2700037
2700051
2700092
2700107
2700128
2700135
2700161
2700199
2700206
2700212
2700221
2700249
2700257
2700294
2700319
2700326
2700342
2700355
2700360
2700378
2700393
2700409
2700424
2700438
2700446
2700452
2700500
2700532
2700554
2700576
2700581
2700608
2700614
2700639
2700662
2700671
2700686
2700695
2700765
2700773
2700782
2700798
2700802
2700823
2700830
2700859
2700864
2700877
2700888
2701016
2701031
2701047
2701073
2701082
2701101
2701119
2701126
2701134
2701237
2701243
2701251
2701266
2701313
2701332
2701348
2701354
2701369
2701397
2701403
2701422
2701445
2701458
2701467
2701474
2701489
2701490
2701509
2701517
2701546
2701552
2701563
2701575
2701621
2701633
2701685
2701694
2701702
2701730
2701741
2701777
2701827
2701839
2701840
2701907
2701910
2701935
2701944
2701956
2701961
2701999
2702026
2702034
2702042
2702055
2702078
2702093
2702116
2702129
2702131
2702147
2702150
2702225
2702232
2702269
2702276
2702297
2702318
2702366
2702379
2702384
2702392
2702440
2702453
2702486
2702506
2702521
2702549
2702557
2702570
2702585
2702675
2702772
2702783
2702811
2702822
2702845
2702867
2702874
2702889
2702890
2702902
2702915
2702930
2702977
2702988
2702996
2703008
2703027
2703039
2703040
2703053
2703095
2703117
2703124
2703138
2703146
2703152
2703163
2703202
2703215
2703259
2703277
2703322
2703345
2703358
2703367
2703389
2703390
2703401
2703434
2703507
2703510
2703528
2703544
2703556
2703583
2703599
2703629
2703650
2703698
2703706
2703733
2703749
2703770
2703785
2703805
2703913
2703925
2703932
2703954
2703981
2703997
2704007
2704010
2704028
2704044
2704056
2704083
2704099
2704105
2704120
2704143
2704151
2704184
2704219
2704226
2704234
2704242
2704255
2704312
2704321
2704333
2704349
2704357
2704385
2704402
2704415
2704459
2704477
2704488
2704527
2704539
2704553
2704600
2704632
2704648
2704669
2704676
2704703
2704711
2704736
2704767
2704774
2704817
2704824
2704838
2704846
2704852
2704880
2704891
2704904
2704929
2704950
2704965
2704973
2705003
2705011
2705045
2705112
2705133
2705170
2705185
2705194
2705228
2705272
2705283
2705299
2705308
2705314
2705327
2705340
2705353
2705362
2705371
2705386
2705395
2705429
2705431
2705473
2705523
2705530
2705564
2705619
2705626
2705634
2705660
2705687
2705709
2705724
2705746
2705752
2705763
2705780
2705791
2705813
2705832
2705854
2705869
2705881
2705905
2705918
2705966
2705979
2705984
2705992
2706017
2706052
2706075
2706080
2706091
2706127
2706171
2706222
2706236
2706245
2706258
2706267
2706289
2706341
2706359
2706377
2706405
2706420
2706437
2706443
2706484
2706492
2706516
2706550
2706573
2706582
2706607
2706661
2706672
2706683
2706713
2706725
2706732
2706776
2706781
2706797
2706826
2706855
2706893
2706912
2706933
2706970
2707023
2707030
2707059
2707064
2707077
2707088
2707113
2707125
2707148
2707154
2707229
2707231
2707247
2707250
2707309
2707317
2707346
2707380
2707391
2707407
2707410
2707428
2707435
2707456
2707472
2707503
2707536
2707545
2707558
2707567
2707574
2707590
2707605
2707620
2707643
2707692
2707714
2707727
2707739
2707753
2707762
2707806
2707812
2707849
2707885
2707926
2707955
2707978
2707987
2707993
2708000
2708025
2708032
2708048
2708054
2708076
2708097
2708115
2708123
2708188
2708196
2708238
2708246
2708252
2708263
2708329
2708350
2708373
2708398
2708412
2708433
2708449
2708457
2708468
2708470
2708485
2708518
2708520
2708537
2708543
2708603
2708622
2708645
2708658
2708667
2708674
2708690
2708701
2708742
2708760
2708778
2708787
2708793
2708810
2708835
2708844
2708861
2708872
2708883
2708939
2708940
2708962
2708986
2708995
2709012
2709049
2709057
2709068
2709070
2709103
2709111
2709122
2709136
2709158
2709174
2709190
2709208
2709214
2709240
2709253
2709262
2709271
2709286
2709335
2709400
2709413
2709432
2709448
2709454
2709476
2709501
2709519
2709526
2709542
2709560
2709578
2709602
2709615
2709664
2709696
2709705
2709737
2709743
2709766
2709804
2709829
2709873
2709882
2709909
2709917
2709924
2709946
2709952
2710015
2710023
2710030
2710041
2710077
2710088
2710100
2710113
2710154
2710169
2710197
2710229
2710231
2710247
2710265
2710298
2710317
2710324
2710375
2710407
2710435
2710444
2710483
2710522
2710558
2710567
2710589
2710590
2710605
2710618
2710620
2710651
2710679
2710692
2710708
2710727
2710753
2710771
2710786
2710806
2710812
2710821
2710849
2710857
2710868
2710901
2710926
2710934
2710987
2711008
2711027
2711039
2711053
2711062
2711086
2711095
2711117
2711124
2711138
2711152
2711175
2711241
2711259
2711277
2711288
2711303
2711322
2711367
2711374
2711389
2711401
2711426
2711442
2711460
2711478
2711487
2711493
2711510
2711528
2711535
2711544
2711556
2711561
2711604
2711631
2711647
2711650
2711665
2711673
2711682
2711706
2711749
2711768
2711770
2711785
2711794
2711820
2711851
2711884
2711925
2711948
2711969
2711976
2711981
2711997
2712009
2712017
2712024
2712038
2712052
2712091
2712114
2712127
2712140
2712153
2712162
2712186
2712195
2712203
2712258
2712315
2712323
2712330
2712377
2712396
2712405
2712418
2712443
2712479
2712484
2712504
2712529
2712547
2712550
2712573
2712607
2712610
2712635
2712725
2712732
2712748
2712754
2712781
2712797
2712801
2712834
2712887
2712912
2712921
2712933
2712949
2712994
2713005
2713020
2713037
2713043
2713051
2713066
2713079
2713084
2713110
2713128
2713144
2713172
2713206
2713233
2713257
2713285
2713334
2713342
2713360
2713387
2713393
2713409
2713417
2713438
2713446
2713463
2713500
2713513
2713525
2713532
2713554
2713569
2713576
2713581
2713614
2713639
2713640
2713671
2713686
2713695
2713729
2713765
2713798
2713802
2713815
2713823
2713841
2713864
2713877
2713903
2713936
2713945
2713989
2714025
2714076
2714115
2714123
2714159
2714164
2714177
2714217
2714224
2714263
2714275
2714280
2714304
2714316
2714329
2714350
2714365
2714373
2714382
2714421
2714449
2714457
2714468
2714470
2714494
2714505
2714518
2714520
2714537
2714551
2714584
2714592
2714611
2714622
2714636
2714645
2714658
2714674
2714689
2714690
2714701
2714719
2714755
2714787
2714807
2714828
2714856
2714872
2714883
2714908
2714914
2714927
2714939
2714962
2714986
2714995
2715019
2715026
2715060
2715078
2715087
2715093
2715129
2715150
2715173
2715182
2715200
2715213
2715225
2715254
2715269
2715276
2715281
2715318
2715337
2715366
2715453
2715462
2715506
2715549
2715568
2715570
2715594
2715617
2715624
2715652
2715663
2715680
2715707
2715735
2715756
2715783
2715799
2715803
2715822
2715858
2715867
2715889
2715902
2715915
2715930
2715959
2715964
2715988
2716010
2716044
2716061
2716072
2716179
2716219
2716226
2716234
2716278
2716287
2716293
2716306
2716321
2716333
2716349
2716370
2716415
2716459
2716464
2716477
2716488
2716496
2716508
2716514
2716527
2716539
2716540
2716553
2716562
2716595
2716600
2716648
2716654
2716669
2716676
2716681
2716711
2716722
2716736
2716745
2716767
2716774
2716790
2716824
2716838
2716852
2716875
2716880
2716891
2716904
2716947
2716950
2716973
2716998
2717012
2717021
2717033
2717057
2717068
2717070
2717094
2717103
2717111
2717158
2717227
2717239
2717240
2717286
2717295
2717310
2717328
2717335
2717344
2717361
2717372
2717383
2717399
2717400
2717413
2717425
2717432
2717469
2717476
2717501
2717526
2717534
2717542
2717555
2717578
2717602
2717615
2717641
2717664
2717677
2717696
2717705
2717718
2717784
2717816
2717831
2717850
2717917
2717924
2717946
2717952
2717975
2717980
2717991
2718003
2718022
2718045
2718058
2718074
2718089
2718106
2718133
2718157
2718185
2718194
2718207
2718210
2718228
2718235
2718283
2718308
2718340
2718362
2718371
2718386
2718395
2718404
2718416
2718447
2718450
2718465
2718482
2718523
2718530
2718541
2718577
2718588
2718596
2718626
2718634
2718660
2718678
2718693
2718717
2718738
2718746
2718763
2718791
2718800
2718813
2718832
2718854
2718881
2718897
2718905
2718943
2718951
2718979
2719004
2719031
2719047
2719119
2719126
2719134
2719155
2719160
2719178
2719187
2719205
2719220
2719237
2719243
2719251
2719266
2719284
2719300
2719313
2719325
2719332
2719354
2719411
2719422
2719474
2719489
2719490
2719509
2719517
2719524
2719538
2719552
2719563
2719668
2719670
2719694
2719702
2719715
2719730
2719741
2719759
2719764
2719796
2719814
2719827
2719839
2719853
2719862
2719871
2719886
2719907
2719910
2719956
2719972
2719983
2720000
2720025
2720032
2720069
2720076
2720102
2720115
2720159
2720164
2720188
2720196
2720224
2720238
2720252
2720263
2720275
2720291
2720329
2720365
2720382
2720398
2720406
2720412
2720433
2720449
2720457
2720468
2720494
2720520
2720543
2720551
2720636
2720658
2720689
2720690
2720726
2720734
2720742
2720787
2720810
2720828
2720844
2720856
2720861
2720872
2720883
2720908
2720986
2720995
2721019
2721034
2721042
2721060
2721078
2721087
2721104
2721116
2721129
2721131
2721147
2721165
2721173
2721182
2721198
2721276
2721281
2721305
2721318
2721337
2721343
2721392
2721408
2721414
2721427
2721453
2721486
2721495
2721512
2721521
2721533
2721557
2721568
2721570
2721585
2721609
2721638
2721646
2721652
2721680
2721707
2721710
2721756
2721822
2721836
2721845
2721874
2721889
2721902
2721915
2721941
2721977
2721988
2721996
2722016
2722031
2722065
2722073
2722098
2722126
2722160
2722178
2722187
2722205
2722220
2722237
2722279
2722300
2722332
2722348
2722354
2722403
2722411
2722422
2722436
2722458
2722490
2722509
2722517
2722538
2722546
2722552
2722563
2722591
2722606
2722612
2722633
2722649
2722657
2722668
2722670
2722694
2722702
2722723
2722730
2722741
2722759
2722764
2722777
2722796
2722808
2722814
2722827
2722839
2722840
2722862
2722871
2722895
2722907
2722935
2722944
2722956
2722983
2723011
2723058
2723067
2723157
2723168
2723170
2723256
2723261
2723283
2723340
2723362
2723371
2723395
2723404
2723429
2723447
2723450
2723473
2723482
2723502
2723515
2723523
2723541
2723588
2723596
2723634
2723642
2723687
2723693
2723717
2723724
2723738
2723775
2723780
2723813
2723825
2723832
2723854
2723881
2723897
2723905
2723918
2723937
2723943
2723966
2724002
2724015
2724030
2724041
2724088
2724096
2724216
2724247
2724273
2724282
2724298
2724309
2724317
2724324
2724352
2724380
2724407
2724410
2724428
2724435
2724456
2724472
2724483
2724503
2724522
2724536
2724545
2724590
2724618
2724643
2724651
2724666
2724692
2724708
2724740
2724753
2724771
2724786
2724795
2724806
2724812
2724868
2724885
2724894
2724919
2724934
2724955
2724993
2725008
2725014
2725039
2725040
2725053
2725071
2725095
2725109
2725117
2725138
2725146
2725163
2725191
2725202
2725215
2725223
2725264
2725277
2725288
2725303
2725311
2725336
2725358
2725367
2725389
2725419
2725460
2725478
2725487
2725493
2725510
2725528
2725535
2725544
2725561
2725583
2725629
2725631
2725647
2725650
2725673
2725706
2725721
2725733
2725843
2725866
2725879
2725892
2725900
2725913
2725925
2725969
2725981
2726021
2726033
2726049
2726057
2726085
2726094
2726111
2726189
2726190
2726227
2726239
2726286
2726295
2726307
2726310
2726344
2726356
2726399
2726413
2726432
2726454
2726476
2726519
2726555
2726578
2726615
2726641
2726659
2726688
2726705
2726718
2726751
2726792
2726804
2726816
2726829
2726831
2726865
2726873
2726882
2726898
2726924
2726938
2726946
2726963
2727007
2727028
2727072
2727083
2727099
2727137
2727143
2727151
2727166
2727234
2727242
2727278
2727287
2727293
2727312
2727368
2727402
2727423
2727430
2727459
2727464
2727477
2727496
2727508
2727527
2727562
2727586
2727595
2727600
2727625
2727648
2727654
2727669
2727676
2727681
2727703
2727711
2727722
2727758
2727767
2727774
2727817
2727824
2727863
2727875
2727891
2727950
2727965
2727982
2727998
2728043
2728066
2728079
2728107
2728110
2728128
2728206
2728221
2728249
2728268
2728270
2728285
2728294
2728301
2728326
2728342
2728355
2728378
2728424
2728452
2728491
2728532
2728554
2728581
2728608
2728614
2728639
2728653
2728671
2728704
2728716
2728729
2728747
2728750
2728773
2728798
2728823
2728841
2728888
2728896
2728903
2728922
2728958
2728967
2728974
2729017
2729024
2729038
2729046
2729052
2729063
2729075
2729108
2729114
2729139
2729153
2729195
2729203
2729236
2729245
2729274
2729323
2729330
2729388
2729396
2729451
2729466
2729479
2729492
2729504
2729529
2729550
2729565
2729573
2729582
2729607
2729628
2729644
2729699
2729700
2729713
2729725
2729748
2729754
2729781
2729797
2729819
2729834
2729906
2729921
2729970
2729985
2730011
2730022
2730036
2730045
2730058
2730074
2730089
2730106
2730112
2730133
2730149
2730170
2730185
2730207
2730210
2730244
2730256
2730272
2730299
2730314
2730327
2730339
2730395
2730465
2730473
2730530
2730541
2730564
2730577
2730588
2730619
2730626
2730634
2730655
2730660
2730678
2730687
2730717
2730724
2730738
2730746
2730752
2730780
2730813
2730825
2730832
2730854
2730869
2730905
2730918
2730920
2730943
2730951
2730966
2730992
2731009
2731046
2731052
2731063
2731080
2731114
2731139
2731140
2731153
2731162
2731171
2731186
2731195
2731203
2731211
2731236
2731245
2731258
2731267
2731274
2731289
2731302
2731359
2731364
2731396
2731405
2731418
2731437
2731466
2731479
2731484
2731492
2731504
2731516
2731529
2731531
2731550
2731565
2731656
2731699
2731700
2731713
2731725
2731732
2731754
2731769
2731776
2731781
2731801
2731834
2731842
2731855
2731878
2731949
2731957
2731968
2731970
2731985
2731994
2732008
2732040
2732053
2732086
2732109
2732117
2732138
2732163
2732175
2732180
2732191
2732215
2732223
2732241
2732264
2732277
2732296
2732303
2732322
2732336
2732345
2732358
2732367
2732374
2732389
2732390
2732401
2732419
2732434
2732455
2732493
2732507
2732561
2732572
2732616
2732647
2732650
2732665
2732673
2732682
2732706
2732712
2732733
2732757
2732770
2732794
2732805
2732851
2732866
2732879
2732884
2732900
2732913
2732925
2732932
2732981
2733001
2733019
2733026
2733042
2733078
2733087
2733116
2733129
2733150
2733165
2733173
2733198
2733213
2733232
2733248
2733281
2733318
2733337
2733343
2733351
2733384
2733440
2733471
2733512
2733521
2733568
2733594
2733609
2733617
2733646
2733663
2733675
2733680
2733707
2733710
2733728
2733772
2733783
2733799
2733822
2733836
2733867
2733889
2733930
2733959
2733964
2734006
2734021
2734049
2734068
2734094
2734103
2734136
2734145
2734167
2734190
2734227
2734271
2734295
2734307
2734310
2734328
2734335
2734356
2734361
2734399
2734400
2734413
2734432
2734448
2734454
2734481
2734526
2734587
2734593
2734602
2734623
2734641
2734664
2734688
2734696
2734718
2734720
2734779
2734792
2734804
2734816
2734829
2734847
2734850
2734865
2734917
2734924
2734938
2735020
2735043
2735051
2735084
2735092
2735110
2735128
2735135
2735144
2735156
2735183
2735199
2735206
2735233
2735249
2735268
2735270
2735285
2735294
2735301
2735326
2735355
2735378
2735417
2735424
2735452
2735463
2735475
2735480
2735500
2735548
2735554
2735597
2735627
2735653
2735695
2735704
2735716
2735747
2735782
2735798
2735815
2735830
2735841
2735888
2735896
2735903
2735922
2735945
2735989
2735990
2736029
2736047
2736050
2736065
2736073
2736101
2736119
2736134
2736155
2736160
2736178
2736193
2736205
2736266
2736284
2736300
2736313
2736325
2736348
2736354
2736376
2736381
2736411
2736422
2736489
2736490
2736509
2736517
2736580
2736612
2736621
2736649
2736657
2736670
2736730
2736741
2736759
2736764
2736777
2736796
2736808
2736853
2736886
2736910
2736935
2736972
2736983
2736999
2737000
2737013
2737025
2737069
2737076
2737159
2737164
2737177
2737188
2737217
2737252
2737263
2737275
2737291
2737304
2737316
2737329
2737347
2737350
2737365
2737373
2737382
2737398
2737412
2737421
2737433
2737485
2737494
2737518
2737543
2737551
2737579
2737592
2737645
2737658
2737667
2737674
2737690
2737701
2737726
2737734
2737742
2737755
2737807
2737883
2737899
2737908
2737914
2737927
2737939
2737962
2737986
2737995
2738002
2738015
2738041
2738059
2738077
2738088
2738125
2738132
2738148
2738154
2738169
2738197
2738204
2738250
2738265
2738273
2738282
2738298
2738317
2738324
2738338
2738346
2738352
2738363
2738391
2738435
2738456
2738472
2738483
2738499
2738545
2738558
2738589
2738590
2738605
2738618
2738637
2738643
2738666
2738684
2738708
2738714
2738739
2738753
2738812
2738821
2738833
2738857
2738868
2738870
2738894
2738919
2738955
2738960
2738987
2738993
2739007
2739010
2739035
2739099
2739105
2739118
2739137
2739143
2739179
2739192
2739219
2739234
2739255
2739260
2739293
2739321
2739357
2739385
2739415
2739441
2739459
2739464
2739488
2739514
2739527
2739539
2739540
2739553
2739571
2739595
2739600
2739632
2739711
2739736
2739758
2739789
2739790
2739809
2739824
2739846
2739863
2739880
2739904
2739916
2739931
2739947
2739950
2739965
2740014
2740053
2740062
2740071
2740095
2740117
2740124
2740138
2740180
2740264
2740296
2740303
2740311
2740345
2740358
2740374
2740419
2740426
2740434
2740442
2740455
2740478
2740487
2740493
2740507
2740535
2740561
2740599
2740616
2740650
2740665
2740698
2740706
2740721
2740749
2740770
2740785
2740837
2740851
2740866
2740925
2740948
2740954
2740976
2740997
2741012
2741021
2741057
2741068
2741085
2741094
2741136
2741145
2741167
2741189
2741208
2741239
2741253
2741262
2741295
2741310
2741328
2741335
2741344
2741399
2741413
2741425
2741454
2741469
2741476
2741497
2741519
2741526
2741534
2741593
2741615
2741630
2741641
2741664
2741696
2741718
2741737
2741743
2741751
2741766
2741816
2741850
2741865
2741873
2741898
2741917
2741924
2741946
2741963
2741975
2741980
2741991
2742011
2742045
2742058
2742074
2742089
2742106
2742121
2742157
2742170
2742185
2742207
2742235
2742272
2742314
2742353
2742362
2742371
2742386
2742395
2742429
2742447
2742473
2742482
2742523
2742559
2742577
2742588
2742596
2742619
2742626
2742634
2742642
2742655
2742687
2742717
2742724
2742738
2742746
2742752
2742780
2742791
2742825
2742854
2742881
2742897
2742905
2742920
2742937
2742951
2742966
2742992
2743004
2743016
2743031
2743050
2743065
2743098
2743119
2743134
2743155
2743160
2743178
2743187
2743193
2743218
2743220
2743237
2743279
2743300
2743325
2743332
2743354
2743369
2743381
2743397
2743411
2743436
2743445
2743490
2743509
2743524
2743563
2743575
2743580
2743633
2743649
2743657
2743694
2743715
2743723
2743759
2743764
2743814
2743827
2743853
2743862
2743871
2743895
2743907
2743910
2743928
2743935
2744009
2744038
2744046
2744108
2744114
2744139
2744162
2744171
2744186
2744203
2744211
2744222
2744236
2744258
2744267
2744323
2744330
2744341
2744364
2744377
2744388
2744418
2744420
2744437
2744443
2744466
2744484
2744529
2744531
2744547
2744550
2744565
2744582
2744607
2744628
2744635
2744644
2744656
2744661
2744683
2744713
2744725
2744732
2744781
2744797
2744826
2744855
2744912
2744949
2744957
2744968
2744970
2744985
2745000
2745048
2745054
2745069
2745076
2745102
2745141
2745177
2745188
2745209
2745224
2745238
2745246
2745252
2745280
2745304
2745316
2745365
2745382
2745398
2745406
2745412
2745421
2745457
2745468
2745494
2745518
2745566
2745579
2745592
2745611
2745636
2745645
2745742
2745755
2745807
2745835
2745861
2745872
2745883
2745899
2745908
2745914
2745953
2745962
2745971
2745986
2745995
2746001
2746042
2746078
2746087
2746093
2746116
2746129
2746147
2746165
2746173
2746198
2746213
2746225
2746248
2746254
2746269
2746276
2746305
2746351
2746366
2746384
2746392
2746414
2746427
2746439
2746462
2746495
2746512
2746521
2746557
2746594
2746617
2746624
2746638
2746652
2746663
2746707
2746710
2746756
2746761
2746772
2746811
2746822
2746858
2746867
2746890
2746902
2746915
2746930
2746941
2746964
2746988
2747020
2747043
2747066
2747079
2747084
2747128
2747135
2747144
2747156
2747161
2747199
2747212
2747221
2747257
2747285
2747301
2747319
2747334
2747342
2747387
2747393
2747424
2747438
2747446
2747452
2747463
2747475
2747500
2747525
2747532
2747581
2747597
2747614
2747640
2747686
2747729
2747765
2747798
2747815
2747823
2747830
2747859
2747877
2747888
2747903
2747911
2747922
2747945
2747958
2747990
2748007
2748010
2748035
2748061
2748083
2748105
2748118
2748120
2748137
2748143
2748151
2748166
2748179
2748184
2748201
2748219
2748226
2748234
2748306
2748312
2748321
2748333
2748349
2748385
2748394
2748415
2748423
2748464
2748477
2748488
2748508
2748514
2748527
2748539
2748540
2748553
2748571
2748600
2748625
2748669
2748676
2748697
2748711
2748758
2748767
2748790
2748809
2748838
2748846
2748863
2748880
2748891
2748931
2748947
2748965
2748973
2749002
2749015
2749041
2749059
2749077
2749088
2749096
2749125
2749148
2749154
2749176
2749181
2749216
2749231
2749265
2749273
2749298
2749352
2749391
2749407
2749428
2749435
2749444
2749461
2749472
2749511
2749567
2749590
2749605
2749620
2749679
2749692
2749708
2749714
2749739
2749753
2749786
2749795
2749849
2749857
2749870
2749885
2749901
2749934
2749960
2749978
2749993
2750016
2750029
2750031
2750047
2750050
2750073
2750098
2750134
2750142
2750155
2750178
2750187
2750193
2750243
2750251
2750292
2750313
2750381
2750397
2750411
2750422
2750436
2750490
2750509
2750546
2750552
2750575
2750580
2750591
2750606
2750612
2750621
2750633
2750649
2750657
2750668
2750670
2750694
2750723
2750741
2750759
2750764
2750777
2750796
2750808
2750814
2750839
2750862
2750871
2750907
2750910
2750928
2750935
2750956
2750983
2751002
2751023
2751030
2751041
2751059
2751064
2751077
2751088
2751096
2751125
2751132
2751148
2751169
2751181
2751197
2751204
2751216
2751229
2751247
2751265
2751273
2751309
2751317
2751346
2751352
2751363
2751375
2751380
2751391
2751407
2751410
2751428
2751435
2751461
2751472
2751503
2751545
2751558
2751574
2751590
2751618
2751643
2751651
2751684
2751692
2751708
2751714
2751740
2751753
2751771
2751795
2751812
2751821
2751833
2751849
2751870
2751894
2751919
2751934
2751955
2751978
2751987
2752000
2752025
2752032
2752048
2752069
2752115
2752141
2752164
2752177
2752188
2752217
2752224
2752238
2752246
2752252
2752280
2752291
2752316
2752350
2752373
2752382
2752421
2752457
2752485
2752494
2752505
2752537
2752551
2752566
2752579
2752592
2752603
2752611
2752636
2752667
2752674
2752689
2752690
2752742
2752787
2752807
2752810
2752828
2752835
2752856
2752872
2752939
2752986
2753006
2753021
2753049
2753057
2753070
2753094
2753103
2753145
2753158
2753174
2753189
2753227
2753253
2753295
2753310
2753361
2753383
2753425
2753454
2753476
2753481
2753501
2753534
2753560
2753578
2753587
2753593
2753602
2753623
2753641
2753659
2753677
2753718
2753720
2753737
2753743
2753751
2753831
2753847
2753873
2753898
2753946
2753952
2753975
2753991
2754019
2754042
2754087
2754104
2754116
2754147
2754150
2754165
2754198
2754200
2754213
2754232
2754269
2754297
2754305
2754343
2754366
2754379
2754408
2754414
2754427
2754453
2754462
2754486
2754495
2754512
2754521
2754533
2754549
2754557
2754585
2754594
2754609
2754617
2754675
2754680
2754691
2754707
2754710
2754728
2754756
2754761
2754772
2754822
2754858
2754915
2754930
2754941
2754996
2755007
2755010
2755035
2755061
2755072
2755083
2755099
2755118
2755120
2755143
2755179
2755201
2755219
2755226
2755234
2755260
2755312
2755321
2755333
2755357
2755370
2755385
2755394
2755415
2755423
2755459
2755477
2755514
2755527
2755553
2755571
2755613
2755625
2755632
2755648
2755654
2755669
2755681
2755697
2755722
2755774
2755809
2755817
2755824
2755838
2755846
2755852
2755863
2755929
2755931
2755947
2755965
2756011
2756067
2756074
2756089
2756106
2756121
2756133
2756157
2756170
2756194
2756207
2756210
2756235
2756261
2756272
2756283
2756308
2756371
2756386
2756404
2756416
2756429
2756431
2756447
2756450
2756465
2756502
2756530
2756564
2756634
2756678
2756693
2756709
2756717
2756775
2756780
2756791
2756800
2756813
2756869
2756876
2756897
2756918
2756920
2756966
2756979
2757008
2757027
2757039
2757053
2757086
2757191
2757215
2757223
2757296
2757303
2757311
2757336
2757374
2757401
2757419
2757455
2757460
2757478
2757487
2757493
2757507
2757510
2757528
2757544
2757561
2757583
2757604
2757616
2757629
2757650
2757673
2757698
2757706
2757712
2757721
2757749
2757768
2757770
2757794
2757820
2757837
2757843
2757866
2757884
2757900
2757925
2757932
2757948
2757976
2757981
2757997
2758038
2758046
2758052
2758063
2758075
2758080
2758108
2758153
2758162
2758171
2758195
2758236
2758258
2758267
2758290
2758302
2758330
2758341
2758359
2758388
2758420
2758451
2758479
2758484
2758529
2758531
2758547
2758550
2758598
2758607
2758635
2758683
2758700
2758725
2758748
2758754
2758776
2758781
2758801
2758826
2758855
2758887
2758893
2758906
2758933
2758949
2758957
2758968
2758970
2758985
2759018
2759037
2759079
2759107
2759110
2759128
2759135
2759144
2759161
2759183
2759206
2759212
2759233
2759249
2759257
2759268
2759285
2759294
2759301
2759319
2759378
2759393
2759417
2759446
2759491
2759500
2759525
2759548
2759554
2759569
2759608
2759627
2759639
2759640
2759653
2759662
2759731
2759747
2759765
2759773
2759782
2759802
2759815
2759864
2759896
2759911
2759989
2759990
2760012
2760021
2760033
2760057
2760068
2760070
2760085
2760103
2760111
2760145
2760167
2760174
2760189
2760208
2760214
2760227
2760240
2760271
2760286
2760307
2760310
2760328
2760335
2760361
2760372
2760400
2760469
2760476
2760481
2760501
2760519
2760526
2760534
2760542
2760560
2760578
2760587
2760593
2760602
2760615
2760623
2760641
2760677
2760718
2760720
2760743
2760751
2760779
2760784
2760792
2760831
2760847
2760882
2760898
2760917
2760938
2760946
2760952
2760963
2760975
2760980
2760991
2761020
2761037
2761051
2761079
2761128
2761135
2761156
2761172
2761212
2761221
2761233
2761249
2761268
2761270
2761285
2761326
2761334
2761360
2761387
2761409
2761424
2761463
2761480
2761554
2761569
2761581
2761608
2761662
2761671
2761716
2761747
2761773
2761798
2761830
2761877
2761888
2761896
2761936
2761958
2761974
2761989
2762007
2762028
2762044
2762061
2762072
2762118
2762179
2762192
2762201
2762260
2762278
2762306
2762333
2762349
2762368
2762385
2762402
2762415
2762430
2762553
2762562
2762586
2762595
2762625
2762632
2762648
2762676
2762681
2762703
2762722
2762736
2762745
2762758
2762774
2762817
2762863
2762875
2762916
2762931
2762950
2762965
2762973
2762982
2763059
2763064
2763100
2763125
2763132
2763148
2763169
2763176
2763231
2763250
2763265
2763298
2763317
2763324
2763346
2763352
2763363
2763391
2763407
2763428
2763511
2763567
2763574
2763590
2763605
2763620
2763637
2763666
2763684
2763692
2763739
2763771
2763795
2763806
2763812
2763821
2763868
2763870
2763901
2763919
2763942
2763955
2763960
2763978
2763987
2763993
2764003
2764036
2764045
2764121
2764133
2764149
2764170
2764194
2764210
2764256
2764261
2764272
2764314
2764339
2764340
2764386
2764404
2764416
2764429
2764473
2764498
2764502
2764515
2764523
2764530
2764541
2764559
2764588
2764596
2764619
2764634
2764642
2764678
2764687
2764693
2764717
2764724
2764738
2764752
2764780
2764813
2764825
2764832
2764869
2764876
2764881
2764897
2764937
2764943
2764951
2764979
2765017
2765024
2765038
2765046
2765063
2765075
2765080
2765091
2765108
2765127
2765139
2765186
2765203
2765222
2765245
2765274
2765290
2765323
2765330
2765341
2765364
2765377
2765405
2765418
2765420
2765443
2765451
2765484
2765492
2765504
2765529
2765531
2765565
2765573
2765582
2765607
2765644
2765656
2765700
2765748
2765754
2765776
2765826
2765842
2765860
2765968
2765970
2765985
2765994
2766013
2766054
2766097
2766102
2766115
2766123
2766130
2766159
2766177
2766196
2766209
2766217
2766224
2766238
2766252
2766331
2766350
2766373
2766382
2766412
2766421
2766433
2766449
2766457
2766485
2766494
2766518
2766543
2766566
2766579
2766584
2766592
2766603
2766622
2766645
2766689
2766726
2766742
2766760
2766828
2766844
2766856
2766861
2766883
2766899
2766908
2766914
2766927
2766939
2766953
2766971
2767004
2767016
2767047
2767073
2767082
2767101
2767134
2767142
2767155
2767160
2767178
2767187
2767193
2767220
2767237
2767279
2767284
2767292
2767300
2767332
2767348
2767381
2767403
2767411
2767436
2767445
2767489
2767490
2767517
2767538
2767546
2767552
2767563
2767575
2767591
2767612
2767621
2767649
2767657
2767685
2767702
2767759
2767788
2767839
2767840
2767853
2767862
2767871
2767886
2767895
2767928
2767944
2767956
2767972
2768019
2768026
2768042
2768087
2768093
2768129
2768131
2768147
2768182
2768198
2768200
2768225
2768232
2768248
2768254
2768276
2768297
2768305
2768318
2768337
2768351
2768379
2768384
2768440
2768471
2768495
2768521
2768549
2768557
2768568
2768585
2768594
2768609
2768617
2768638
2768652
2768675
2768680
2768735
2768744
2768772
2768783
2768799
2768811
2768822
2768858
2768902
2768915
2768923
2768930
2768964
2769040
2769062
2769109
2769163
2769191
2769202
2769215
2769241
2769259
2769264
2769296
2769322
2769336
2769345
2769358
2769367
2769419
2769426
2769455
2769478
2769487
2769507
2769510
2769528
2769599
2769604
2769616
2769647
2769712
2769721
2769749
2769785
2769794
2769805
2769820
2769837
2769843
2769851
2769925
2769948
2769954
2769969
2769976
2769981
2770019
2770034
2770042
2770055
2770060
2770078
2770093
2770116
2770165
2770173
2770200
2770232
2770248
2770343
2770379
2770408
2770414
2770427
2770440
2770453
2770462
2770495
2770506
2770512
2770549
2770557
2770568
2770570
2770594
2770624
2770638
2770646
2770663
2770680
2770691
2770707
2770710
2770735
2770744
2770761
2770799
2770811
2770822
2770836
2770874
2770889
2770890
2770923
2770930
2770941
2770959
2770964
2770977
2770988
2770996
2771035
2771118
2771151
2771166
2771184
2771192
2771201
2771226
2771278
2771333
2771349
2771357
2771370
2771394
2771402
2771415
2771423
2771477
2771496
2771508
2771540
2771571
2771586
2771595
2771632
2771654
2771676
2771697
2771711
2771722
2771736
2771758
2771774
2771789
2771790
2771809
2771817
2771838
2771846
2771880
2771929
2771931
2771950
2771965
2771973
2771998
2772005
2772037
2772051
2772066
2772084
2772107
2772110
2772183
2772199
2772212
2772233
2772270
2772301
2772334
2772342
2772355
2772360
2772387
2772409
2772424
2772438
2772446
2772452
2772463
2772475
2772532
2772548
2772554
2772569
2772576
2772581
2772597
2772627
2772639
2772640
2772662
2772716
2772729
2772731
2772750
2772765
2772773
2772782
2772802
2772815
2772841
2772877
2772888
2772903
2772911
2772922
2772945
2772958
2772974
2772989
2773009
2773024
2773063
2773080
2773091
2773108
2773114
2773127
2773140
2773162
2773171
2773195
2773203
2773211
2773236
2773289
2773290
2773315
2773330
2773341
2773377
2773388
2773418
2773451
2773492
2773504
2773531
2773573
2773607
2773628
2773656
2773672
2773683
2773699
2773700
2773732
2773754
2773769
2773776
2773781
2773797
2773801
2773826
2773855
2773860
2773878
2773887
2773893
2773906
2773912
2773921
2773933
2773949
2773957
2773968
2773994
2774004
2774016
2774050
2774126
2774160
2774178
2774193
2774218
2774237
2774266
2774279
2774284
2774292
2774313
2774325
2774381
2774403
2774422
2774436
2774474
2774489
2774490
2774517
2774524
2774546
2774563
2774575
2774580
2774591
2774612
2774633
2774649
2774670
2774702
2774730
2774759
2774788
2774796
2774827
2774840
2774853
2774871
2774895
2774907
2774910
2774944
2774956
2774972
2774983
2774999
2775059
2775096
2775100
2775113
2775125
2775132
2775176
2775181
2775197
2775229
2775247
2775265
2775273
2775282
2775309
2775324
2775352
2775410
2775428
2775435
2775444
2775461
2775472
2775503
2775522
2775574
2775589
2775605
2775618
2775637
2775643
2775651
2775666
2775679
2775684
2775708
2775740
2775753
2775795
2775821
2775901
2775926
2775942
2775955
2775960
2775978
2775987
2776008
2776027
2776039
2776086
2776095
2776109
2776124
2776138
2776146
2776163
2776180
2776202
2776215
2776241
2776277
2776296
2776311
2776322
2776367
2776374
2776390
2776401
2776419
2776426
2776434
2776460
2776487
2776493
2776507
2776510
2776535
2776583
2776604
2776629
2776631
2776650
2776673
2776682
2776721
2776733
2776757
2776768
2776770
2776794
2776805
2776837
2776843
2776866
2776892
2776948
2776954
2776976
2776997
2777003
2777011
2777036
2777045
2777074
2777089
2777106
2777112
2777121
2777133
2777149
2777170
2777185
2777194
2777207
2777210
2777272
2777299
2777308
2777314
2777327
2777339
2777340
2777353
2777362
2777371
2777395
2777431
2777482
2777502
2777523
2777559
2777588
2777596
2777601
2777619
2777642
2777655
2777660
2777687
2777709
2777724
2777746
2777763
2777780
2777791
2777800
2777825
2777848
2777854
2777869
2777897
2777905
2777943
2777979
2778006
2778012
2778033
2778049
2778068
2778085
2778167
2778190
2778208
2778239
2778240
2778253
2778262
2778286
2778310
2778328
2778356
2778361
2778372
2778400
2778448
2778469
2778476
2778497
2778501
2778526
2778534
2778555
2778593
2778615
2778641
2778677
2778705
2778743
2778751
2778792
2778816
2778829
2778831
2778847
2778850
2778865
2778898
2778917
2778924
2778938
2778946
2778952
2778963
2778991
2779000
2779025
2779054
2779069
2779076
2779081
2779115
2779123
2779130
2779159
2779164
2779177
2779188
2779209
2779217
2779252
2779263
2779275
2779280
2779291
2779316
2779412
2779421
2779449
2779470
2779485
2779494
2779505
2779520
2779543
2779551
2779603
2779611
2779645
2779658
2779667
2779674
2779690
2779719
2779726
2779734
2779755
2779778
2779787
2779807
2779810
2779828
2779856
2779861
2779872
2779883
2779899
2779908
2779939
2780038
2780046
2780052
2780063
2780080
2780108
2780114
2780127
2780153
2780171
2780186
2780195
2780211
2780267
2780274
2780323
2780330
2780341
2780377
2780396
2780418
2780420
2780437
2780466
2780479
2780492
2780529
2780582
2780598
2780607
2780628
2780644
2780656
2780699
2780713
2780725
2780754
2780769
2780781
2780797
2780801
2780819
2780826
2780834
2780855
2780878
2780887
2780893
2780912
2780933
2780949
2780957
2780968
2780994
2781013
2781025
2781048
2781054
2781069
2781081
2781097
2781102
2781115
2781123
2781130
2781141
2781159
2781164
2781177
2781196
2781209
2781238
2781275
2781291
2781304
2781316
2781329
2781331
2781350
2781365
2781382
2781406
2781412
2781421
2781433
2781457
2781468
2781470
2781485
2781505
2781518
2781537
2781543
2781566
2781579
2781584
2781592
2781611
2781645
2781658
2781667
2781674
2781719
2781734
2781742
2781778
2781787
2781807
2781828
2781835
2781844
2781856
2781872
2781883
2781899
2781908
2781914
2781940
2781953
2781962
2781971
2781986
2781995
2782002
2782015
2782023
2782059
2782077
2782100
2782113
2782125
2782132
2782181
2782197
2782204
2782216
2782231
2782250
2782298
2782309
2782317
2782324
2782338
2782352
2782375
2782410
2782428
2782435
2782444
2782456
2782483
2782499
2782503
2782511
2782522
2782536
2782567
2782589
2782605
2782620
2782637
2782643
2782651
2782666
2782679
2782708
2782714
2782727
2782740
2782771
2782833
2782849
2782857
2782868
2782885
2782919
2782934
2782942
2782955
2782987
2783007
2783010
2783105
2783118
2783143
2783151
2783166
2783201
2783242
2783260
2783278
2783287
2783293
2783321
2783349
2783370
2783394
2783415
2783423
2783488
2783514
2783553
2783562
2783625
2783632
2783654
2783669
2783676
2783697
2783711
2783758
2783774
2783790
2783817
2783824
2783846
2783863
2783875
2783904
2783929
2783931
2783950
2783973
2783982
2783998
2784014
2784027
2784039
2784040
2784071
2784086
2784095
2784109
2784117
2784138
2784146
2784163
2784175
2784180
2784191
2784241
2784259
2784296
2784303
2784367
2784374
2784419
2784426
2784455
2784460
2784487
2784493
2784507
2784510
2784528
2784535
2784556
2784561
2784583
2784616
2784629
2784650
2784665
2784698
2784706
2784721
2784733
2784757
2784770
2784785
2784805
2784820
2784843
2784851
2784866
2784969
2784976
2784981
2784997
2785006
2785021
2785033
2785057
2785070
2785103
2785111
2785122
2785136
2785158
2785189
2785214
2785239
2785240
2785295
2785328
2785335
2785356
2785361
2785372
2785399
2785400
2785413
2785425
2785481
2785501
2785519
2785542
2785555
2785560
2785578
2785593
2785615
2785641
2785659
2785705
2785766
2785779
2785784
2785829
2785847
2785850
2785882
2785898
2785917
2785938
2785946
2785952
2785975
2785980
2786005
2786018
2786037
2786043
2786079
2786128
2786135
2786156
2786161
2786172
2786212
2786233
2786249
2786285
2786334
2786355
2786387
2786393
2786409
2786463
2786475
2786532
2786554
2786569
2786581
2786597
2786614
2786662
2786704
2786716
2786731
2786747
2786750
2786765
2786773
2786782
2786802
2786815
2786823
2786830
2786864
2786877
2786888
2786896
2786922
2786945
2786967
2786989
2786990
2787001
2787019
2787026
2787042
2787055
2787078
2787087
2787093
2787200
2787213
2787225
2787254
2787281
2787305
2787318
2787320
2787343
2787379
2787384
2787392
2787408
2787427
2787453
2787462
2787486
2787506
2787521
2787557
2787585
2787609
2787617
2787624
2787646
2787652
2787680
2787691
2787710
2787728
2787735
2787744
2787761
2787772
2787783
2787803
2787811
2787845
2787867
2787890
2787902
2787923
2787941
2787977
2788029
2788031
2788050
2788065
2788073
2788082
2788098
2788101
2788119
2788126
2788155
2788187
2788193
2788205
2788220
2788237
2788243
2788251
2788266
2788284
2788300
2788348
2788369
2788376
2788403
2788411
2788436
2788467
2788474
2788509
2788517
2788524
2788546
2788552
2788580
2788606
2788649
2788657
2788668
2788670
2788694
2788702
2788723
2788764
2788808
2788814
2788827
2788871
2788895
2788907
2788910
2788935
2788944
2788956
2788983
2788999
2789003
2789022
2789045
2789067
2789074
2789090
2789121
2789157
2789168
2789170
2789185
2789210
2789244
2789272
2789283
2789339
2789340
2789353
2789362
2789395
2789404
2789416
2789429
2789431
2789465
2789515
2789530
2789541
2789577
2789588
2789596
2789619
2789634
2789642
2789655
2789660
2789687
2789693
2789709
2789746
2789763
2789813
2789848
2789854
2789869
2789881
2789905
2789920
2789951
2789979
2789984
2789992
2790007
2790010
2790035
2790072
2790099
2790105
2790120
2790137
2790143
2790151
2790179
2790192
2790201
2790219
2790226
2790234
2790242
2790255
2790278
2790287
2790306
2790321
2790333
2790349
2790357
2790368
2790385
2790394
2790415
2790423
2790464
2790477
2790488
2790508
2790553
2790562
2790586
2790613
2790654
2790681
2790722
2790736
2790758
2790767
2790774
2790790
2790809
2790838
2790875
2790880
2790904
2790916
2790929
2790931
2790947
2790965
2790998
2791003
2791022
2791036
2791074
2791106
2791121
2791149
2791170
2791185
2791194
2791207
2791210
2791244
2791256
2791272
2791283
2791308
2791314
2791339
2791340
2791362
2791371
2791386
2791404
2791429
2791447
2791450
2791465
2791482
2791502
2791564
2791577
2791588
2791619
2791634
2791655
2791660
2791693
2791709
2791724
2791746
2791752
2791775
2791780
2791825
2791869
2791918
2791966
2791984
2792012
2792070
2792085
2792111
2792122
2792136
2792189
2792239
2792271
2792286
2792295
2792335
2792356
2792361
2792413
2792432
2792448
2792481
2792497
2792501
2792519
2792526
2792542
2792602
2792615
2792623
2792641
2792659
2792664
2792688
2792720
2792737
2792743
2792779
2792792
2792804
2792873
2792882
2792909
2792917
2792924
2792938
2792952
2793000
2793025
2793081
2793102
2793115
2793123
2793130
2793141
2793164
2793196
2793209
2793217
2793246
2793347
2793350
2793412
2793433
2793449
2793457
2793485
2793518
2793520
2793537
2793566
2793592
2793603
2793611
2793622
2793636
2793689
2793690
2793719
2793726
2793734
2793742
2793787
2793793
2793807
2793810
2793828
2793856
2793872
2793908
2793939
2793940
2793971
2793986
2793995
2794005
2794018
2794020
2794037
2794051
2794079
2794128
2794144
2794161
2794183
2794257
2794268
2794285
2794294
2794301
2794326
2794334
2794342
2794360
2794387
2794393
2794417
2794446
2794491
2794513
2794532
2794554
2794576
2794597
2794608
2794640
2794653
2794695
2794731
2794773
2794782
2794798
2794815
2794877
2794888
2794896
2794911
2794958
2794967
2794974
2795004
2795016
2795031
2795065
2795082
2795101
2795126
2795155
2795160
2795178
2795187
2795193
2795205
2795218
2795220
2795266
2795284
2795332
2795348
2795369
2795381
2795403
2795411
2795422
2795436
2795445
2795467
2795474
2795489
2795509
2795517
2795546
2795552
2795563
2795575
2795580
2795606
2795612
2795668
2795685
2795694
2795730
2795741
2795759
2795788
2795808
2795814
2795827
2795840
2795862
2795895
2795907
2795910
2795944
2795956
2795961
2795972
2796002
2796015
2796023
2796030
2796077
2796088
2796096
2796169
2796176
2796197
2796204
2796229
2796247
2796250
2796282
2796298
2796309
2796317
2796324
2796346
2796410
2796428
2796456
2796483
2796503
2796511
2796522
2796536
2796558
2796574
2796666
2796679
2796692
2796795
2796806
2796812
2796821
2796833
2796849
2796868
2796870
2796885
2796901
2796919
2796955
2796978
2796993
2797017
2797046
2797052
2797063
2797075
2797080
2797091
2797108
2797114
2797211
2797236
2797245
2797267
2797274
2797290
2797315
2797341
2797359
2797377
2797388
2797418
2797420
2797437
2797443
2797466
2797492
2797504
2797516
2797529
2797531
2797565
2797573
2797582
2797628
2797656
2797661
2797672
2797700
2797732
2797748
2797781
2797797
2797801
2797855
2797860
2797878
2797893
2797921
2797957
2797985
2798027
2798039
2798040
2798053
2798071
2798086
2798095
2798117
2798124
2798152
2798163
2798180
2798191
2798223
2798288
2798303
2798322
2798345
2798367
2798390
2798419
2798426
2798434
2798460
2798510
2798528
2798544
2798556
2798572
2798583
2798604
2798616
2798647
2798706
2798721
2798768
2798785
2798794
2798805
2798837
2798843
2798851
2798892
2798900
2798932
2798948
2798976
2798981
2799001
2799034
2799042
2799055
2799060
2799078
2799116
2799147
2799150
2799165
2799198
2799200
2799213
2799225
2799269
2799276
2799281
2799318
2799320
2799351
2799379
2799384
2799392
2799408
2799414
2799427
2799439
2799453
2799471
2799486
2799495
2799506
2799512
2799549
2799568
2799570
2799585
2799617
2799624
2799680
2799691
2799707
2799710
2799728
2799735
2799744
2799761
2799772
2799799
2799803
2799836
2799874
2799889
2799890
2799915
2799941
2799964
2799977
