2700005
2700018
2700043
2700066
2700079
2700084
2700110
2700144
2700156
2700172
2700183
2700268
2700270
2700285
2700301
2700334
2700387
2700417
2700463
2700475
2700480
2700491
2700513
2700525
2700548
2700597
2700640
2700653
2700704
2700729
2700747
2700750
2700841
2700896
2700936
2700945
2700958
2700967
2700974
2700990
2701004
2701050
2701065
2701142
2701155
2701187
2701205
2701218
2701220
2701279
2701284
2701300
2701325
2701376
2701381
2701436
2701524
2701538
2701580
2701591
2701606
2701612
2701649
2701668
2701670
2701715
2701723
2701759
2701764
2701788
2701796
2701808
2701814
2701853
2701871
2701886
2701895
2701928
2701972
2701983
2702001
2702060
2702104
2702165
2702173
2702198
2702200
2702213
2702281
2702305
2702320
2702351
2702408
2702414
2702427
2702439
2702462
2702471
2702495
2702512
2702533
2702568
2702594
2702609
2702617
2702638
2702652
2702707
2702710
2702728
2702735
2702744
2702756
2702761
2702799
2702803
2702858
2702923
2702964
2703014
2703062
2703071
2703086
2703180
2703191
2703223
2703230
2703241
2703264
2703288
2703296
2703303
2703311
2703336
2703374
2703419
2703426
2703442
2703478
2703487
2703572
2703604
2703616
2703631
2703647
2703665
2703682
2703712
2703721
2703768
2703818
2703843
2703851
2703866
2703892
2703900
2703948
2703969
2703976
2704035
2704061
2704072
2704118
2704137
2704166
2704179
2704192
2704201
2704260
2704278
2704287
2704293
2704368
2704370
2704394
2704423
2704430
2704441
2704464
2704496
2704508
2704514
2704540
2704562
2704571
2704595
2704613
2704625
2704654
2704681
2704697
2704722
2704745
2704758
2704789
2704790
2704809
2704863
2704931
2704947
2704998
2705036
2705058
2705106
2705121
2705157
2705168
2705207
2705235
2705244
2705339
2705404
2705447
2705450
2705465
2705482
2705498
2705502
2705515
2705541
2705559
2705577
2705588
2705596
2705601
2705642
2705655
2705678
2705693
2705717
2705738
2705800
2705825
2705848
2705876
2705897
2705920
2705937
2705943
2705951
2706009
2706024
2706038
2706046
2706063
2706108
2706114
2706139
2706140
2706153
2706162
2706186
2706195
2706211
2706274
2706302
2706315
2706323
2706364
2706388
2706451
2706466
2706479
2706529
2706531
2706598
2706610
2706628
2706635
2706644
2706656
2706699
2706700
2706748
2706769
2706801
2706819
2706834
2706860
2706878
2706887
2706906
2706921
2706968
2706985
2706994
2707015
2707041
2707100
2707132
2707169
2707176
2707181
2707197
2707216
2707265
2707273
2707282
2707338
2707352
2707363
2707375
2707444
2707461
2707483
2707499
2707522
2707618
2707637
2707651
2707666
2707679
2707684
2707708
2707740
2707771
2707786
2707821
2707833
2707868
2707870
2707894
2707901
2707919
2707934
2707942
2707960
2708013
2708069
2708081
2708102
2708130
2708141
2708159
2708164
2708177
2708209
2708217
2708224
2708275
2708291
2708304
2708347
2708365
2708382
2708406
2708505
2708551
2708566
2708579
2708584
2708592
2708611
2708689
2708719
2708726
2708734
2708755
2708807
2708828
2708856
2708899
2708908
2708927
2708953
2708971
2709006
2709033
2709085
2709094
2709167
2709189
2709227
2709239
2709295
2709310
2709328
2709344
2709356
2709361
2709383
2709399
2709425
2709469
2709481
2709497
2709534
2709555
2709587
2709593
2709623
2709630
2709641
2709659
2709677
2709718
2709751
2709784
2709792
2709831
2709847
2709850
2709865
2709898
2709938
2709963
2709975
2709980
2709991
2710002
2710064
2710096
2710125
2710148
2710181
2710204
2710216
2710250
2710273
2710282
2710309
2710346
2710352
2710363
2710391
2710410
2710428
2710456
2710461
2710472
2710499
2710503
2710511
2710545
2710574
2710637
2710666
2710684
2710714
2710739
2710740
2710795
2710833
2710885
2710894
2710919
2710960
2710978
2711014
2711040
2711071
2711109
2711146
2711163
2711191
2711202
2711215
2711223
2711264
2711296
2711311
2711336
2711358
2711390
2711419
2711455
2711507
2711572
2711583
2711599
2711616
2711629
2711712
2711721
2711733
2711805
2711837
2711843
2711866
2711879
2711892
2711900
2711913
2711932
2711954
2712046
2712063
2712075
2712080
2712108
2712139
2712171
2712222
2712245
2712267
2712274
2712289
2712290
2712302
2712341
2712359
2712364
2712388
2712420
2712437
2712466
2712492
2712516
2712531
2712565
2712582
2712598
2712628
2712644
2712656
2712661
2712672
2712683
2712699
2712700
2712769
2712776
2712819
2712826
2712842
2712855
2712860
2712878
2712893
2712906
2712957
2712970
2713018
2713092
2713107
2713135
2713156
2713161
2713199
2713221
2713249
2713268
2713270
2713301
2713319
2713326
2713355
2713378
2713424
2713452
2713475
2713491
2713548
2713597
2713608
2713627
2713653
2713704
2713716
2713731
2713747
2713750
2713773
2713782
2713830
2713888
2713896
2713922
2713958
2713967
2713974
2713990
2714000
2714013
2714032
2714048
2714054
2714081
2714102
2714130
2714196
2714209
2714246
2714252
2714291
2714331
2714347
2714398
2714406
2714485
2714566
2714579
2714603
2714726
2714734
2714760
2714793
2714810
2714835
2714861
2714899
2714940
2714953
2714971
2715001
2715034
2715055
2715116
2715131
2715147
2715165
2715198
2715232
2715305
2715320
2715343
2715392
2715408
2715414
2715427
2715439
2715440
2715471
2715486
2715495
2715512
2715521
2715557
2715585
2715609
2715638
2715646
2715691
2715710
2715728
2715744
2715761
2715772
2715845
2715874
2715890
2715923
2715941
2715996
2716028
2716035
2716056
2716083
2716099
2716105
2716137
2716143
2716151
2716166
2716184
2716192
2716242
2716255
2716260
2716312
2716357
2716385
2716402
2716423
2716430
2716441
2716571
2716586
2716613
2716625
2716632
2716697
2716703
2716758
2716789
2716809
2716817
2716846
2716863
2716916
2716931
2716965
2716982
2717006
2717085
2717122
2717136
2717145
2717167
2717174
2717190
2717208
2717214
2717253
2717262
2717271
2717307
2717356
2717454
2717481
2717497
2717519
2717593
2717623
2717630
2717688
2717720
2717737
2717743
2717751
2717766
2717779
2717792
2717804
2717829
2717847
2717865
2717873
2717882
2717898
2717909
2717938
2717963
2718011
2718067
2718090
2718112
2718121
2718170
2718244
2718272
2718299
2718327
2718339
2718353
2718429
2718431
2718473
2718498
2718502
2718515
2718559
2718564
2718601
2718619
2718655
2718687
2718709
2718724
2718825
2718869
2718876
2718918
2718920
2718937
2719016
2719029
2719050
2719065
2719082
2719098
2719101
2719142
2719218
2719279
2719292
2719348
2719369
2719376
2719381
2719397
2719436
2719445
2719458
2719467
2719546
2719575
2719580
2719591
2719612
2719621
2719649
2719685
2719723
2719788
2719808
2719840
2719928
2719935
2719961
2719999
2720013
2720054
2720081
2720097
2720123
2720130
2720177
2720217
2720246
2720280
2720347
2720350
2720373
2720421
2720470
2720485
2720505
2720518
2720537
2720566
2720579
2720592
2720603
2720622
2720645
2720674
2720701
2720755
2720760
2720778
2720793
2720807
2720835
2720899
2720914
2720939
2720940
2720953
2720962
2720971
2721001
2721026
2721055
2721093
2721150
2721200
2721213
2721225
2721248
2721254
2721297
2721320
2721351
2721366
2721379
2721384
2721439
2721462
2721471
2721506
2721549
2721594
2721624
2721663
2721675
2721691
2721728
2721735
2721744
2721772
2721783
2721803
2721811
2721858
2721867
2721890
2721923
2721930
2721959
2721964
2722004
2722029
2722047
2722050
2722082
2722101
2722134
2722142
2722155
2722193
2722218
2722251
2722266
2722284
2722292
2722369
2722376
2722397
2722445
2722467
2722474
2722489
2722524
2722580
2722621
2722788
2722853
2722886
2722910
2722928
2722961
2722972
2722999
2723003
2723036
2723089
2723090
2723106
2723121
2723133
2723194
2723210
2723228
2723235
2723244
2723272
2723299
2723308
2723314
2723327
2723353
2723386
2723416
2723431
2723465
2723498
2723530
2723559
2723564
2723601
2723626
2723655
2723709
2723763
2723791
2723800
2723869
2723876
2723920
2723979
2723984
2723992
2724023
2724059
2724064
2724077
2724100
2724113
2724132
2724148
2724154
2724169
2724176
2724181
2724197
2724231
2724250
2724265
2724338
2724346
2724363
2724444
2724461
2724511
2724558
2724589
2724620
2724679
2724684
2724714
2724762
2724849
2724857
2724870
2724901
2724926
2724942
2724960
2724978
2724987
2725027
2725062
2725086
2725124
2725152
2725175
2725230
2725241
2725296
2725322
2725374
2725401
2725426
2725434
2725442
2725455
2725507
2725556
2725572
2725599
2725616
2725698
2725712
2725749
2725768
2725770
2725785
2725794
2725805
2725820
2725851
2725884
2725932
2725948
2725954
2725976
2725997
2726006
2726012
2726068
2726070
2726122
2726136
2726145
2726158
2726167
2726174
2726214
2726240
2726262
2726271
2726328
2726335
2726361
2726372
2726383
2726400
2726425
2726448
2726481
2726497
2726501
2726526
2726534
2726542
2726587
2726593
2726602
2726623
2726630
2726664
2726677
2726720
2726737
2726743
2726766
2726779
2726847
2726850
2726909
2726917
2726952
2726975
2726980
2726991
2727010
2727035
2727044
2727061
2727118
2727120
2727201
2727219
2727226
2727255
2727260
2727306
2727321
2727333
2727349
2727370
2727394
2727415
2727441
2727514
2727539
2727540
2727553
2727632
2727697
2727736
2727745
2727789
2727846
2727852
2727904
2727916
2727929
2727931
2727973
2728005
2728018
2728037
2728051
2728092
2728135
2728144
2728156
2728161
2728172
2728183
2728199
2728212
2728233
2728257
2728319
2728334
2728360
2728387
2728393
2728409
2728417
2728438
2728446
2728463
2728475
2728480
2728500
2728513
2728525
2728548
2728569
2728597
2728627
2728640
2728686
2728695
2728731
2728765
2728782
2728802
2728815
2728830
2728859
2728877
2728936
2728945
2728990
2729009
2729080
2729091
2729162
2729171
2729186
2729211
2729222
2729258
2729267
2729289
2729290
2729302
2729315
2729364
2729377
2729418
2729420
2729437
2729443
2729484
2729516
2729531
2729598
2729610
2729635
2729656
2729661
2729672
2729683
2729732
2729769
2729776
2729801
2729826
2729842
2729860
2729878
2729887
2729893
2729912
2729933
2729949
2729957
2729968
2729994
2730067
2730090
2730121
2730157
2730168
2730194
2730235
2730261
2730283
2730308
2730340
2730353
2730371
2730386
2730404
2730416
2730429
2730447
2730450
2730482
2730498
2730515
2730523
2730559
2730596
2730601
2730642
2730693
2730709
2730775
2730800
2730848
2730876
2730881
2730897
2730937
2730979
2730984
2731017
2731024
2731038
2731075
2731091
2731127
2731222
2731290
2731315
2731330
2731341
2731377
2731388
2731420
2731443
2731451
2731573
2731582
2731598
2731607
2731610
2731644
2731661
2731672
2731748
2731797
2731826
2731860
2731887
2731893
2731912
2731921
2731933
2732014
2732027
2732039
2732062
2732071
2732095
2732124
2732146
2732152
2732230
2732259
2732288
2732311
2732426
2732442
2732460
2732478
2732487
2732510
2732535
2732544
2732556
2732583
2732599
2732604
2732629
2732631
2732698
2732721
2732749
2732768
2732785
2732818
2732820
2732837
2732843
2732954
2732969
2732997
2733034
2733055
2733060
2733093
2733131
2733147
2733182
2733200
2733225
2733254
2733269
2733276
2733305
2733366
2733379
2733392
2733408
2733414
2733427
2733439
2733453
2733462
2733486
2733495
2733506
2733533
2733549
2733557
2733570
2733624
2733652
2733691
2733735
2733744
2733761
2733803
2733811
2733845
2733874
2733890
2733902
2733915
2733923
2733941
2733977
2733988
2733996
2734033
2734057
2734070
2734085
2734122
2734158
2734174
2734189
2734214
2734239
2734240
2734253
2734262
2734286
2734372
2734383
2734425
2734469
2734497
2734501
2734519
2734534
2734542
2734560
2734578
2734615
2734630
2734659
2734677
2734705
2734737
2734751
2734766
2734784
2734831
2734873
2734882
2734898
2734909
2734946
2734952
2734963
2734975
2734980
2734991
2735005
2735018
2735037
2735079
2735107
2735161
2735172
2735212
2735221
2735257
2735319
2735334
2735342
2735360
2735387
2735446
2735491
2735513
2735525
2735532
2735569
2735576
2735581
2735614
2735640
2735662
2735686
2735729
2735731
2735750
2735765
2735773
2735802
2735823
2735859
2735864
2735877
2735911
2735936
2735958
2735974
2736082
2736098
2736142
2736187
2736220
2736237
2736243
2736251
2736279
2736292
2736369
2736397
2736403
2736445
2736458
2736467
2736474
2736538
2736552
2736563
2736575
2736591
2736633
2736668
2736685
2736694
2736702
2736715
2736723
2736788
2736827
2736839
2736840
2736862
2736895
2736907
2736928
2736944
2736956
2736961
2737048
2737054
2737081
2737097
2737115
2737123
2737130
2737141
2737196
2737224
2737238
2737280
2737331
2737406
2737449
2737457
2737470
2737505
2737537
2737584
2737603
2737611
2737622
2737689
2737719
2737760
2737778
2737793
2737810
2737828
2737835
2737844
2737861
2737940
2737953
2737971
2738023
2738064
2738096
2738100
2738113
2738176
2738181
2738216
2738229
2738231
2738247
2738309
2738375
2738380
2738407
2738410
2738428
2738444
2738503
2738511
2738522
2738536
2738567
2738574
2738620
2738651
2738692
2738740
2738762
2738771
2738786
2738795
2738806
2738849
2738885
2738926
2738934
2738942
2738978
2739044
2739056
2739061
2739072
2739083
2739120
2739151
2739166
2739184
2739201
2739242
2739278
2739287
2739312
2739349
2739370
2739394
2739402
2739430
2739477
2739496
2739508
2739562
2739586
2739613
2739648
2739669
2739676
2739681
2739697
2739703
2739722
2739745
2739767
2739774
2739817
2739852
2739891
2739929
2739973
2739982
2739998
2740008
2740027
2740039
2740086
2740109
2740146
2740152
2740163
2740175
2740191
2740202
2740215
2740223
2740230
2740241
2740259
2740277
2740322
2740336
2740367
2740389
2740390
2740401
2740528
2740544
2740556
2740572
2740583
2740604
2740629
2740673
2740682
2740712
2740733
2740768
2740805
2740818
2740820
2740843
2740879
2740884
2740892
2740900
2740913
2740932
2740969
2740981
2741006
2741033
2741070
2741103
2741111
2741122
2741158
2741174
2741214
2741227
2741240
2741271
2741286
2741307
2741356
2741361
2741372
2741383
2741400
2741448
2741481
2741501
2741542
2741555
2741578
2741587
2741602
2741623
2741659
2741688
2741720
2741779
2741784
2741792
2741804
2741829
2741831
2741847
2741882
2741909
2742003
2742022
2742036
2742067
2742090
2742112
2742133
2742149
2742168
2742194
2742210
2742228
2742244
2742256
2742261
2742283
2742299
2742308
2742327
2742340
2742404
2742431
2742450
2742498
2742502
2742515
2742541
2742564
2742678
2742709
2742763
2742775
2742800
2742813
2742848
2742876
2742918
2742943
2742979
2742984
2743029
2743047
2743073
2743082
2743101
2743126
2743142
2743205
2743243
2743251
2743284
2743292
2743313
2743348
2743376
2743403
2743422
2743458
2743467
2743474
2743489
2743538
2743546
2743552
2743591
2743606
2743612
2743668
2743702
2743730
2743741
2743796
2743808
2743840
2743886
2743944
2743961
2743972
2743999
2744024
2744063
2744075
2744080
2744091
2744127
2744140
2744153
2744245
2744274
2744289
2744290
2744315
2744396
2744405
2744451
2744479
2744492
2744504
2744516
2744573
2744598
2744610
2744672
2744699
2744700
2744748
2744754
2744776
2744819
2744834
2744842
2744860
2744878
2744887
2744893
2744906
2744921
2744994
2745013
2745025
2745032
2745097
2745115
2745123
2745130
2745159
2745164
2745275
2745291
2745329
2745331
2745347
2745373
2745433
2745470
2745505
2745520
2745537
2745543
2745551
2745584
2745603
2745622
2745658
2745689
2745690
2745701
2745719
2745726
2745734
2745760
2745778
2745787
2745810
2745828
2745844
2745856
2745927
2745939
2745940
2746026
2746034
2746055
2746060
2746104
2746131
2746150
2746182
2746200
2746232
2746281
2746318
2746320
2746337
2746343
2746379
2746408
2746440
2746453
2746471
2746506
2746533
2746549
2746570
2746585
2746609
2746646
2746675
2746680
2746691
2746728
2746735
2746744
2746783
2746799
2746803
2746836
2746845
2746874
2746923
2746959
2746977
2746996
2747005
2747051
2747092
2747107
2747172
2747183
2747206
2747233
2747249
2747268
2747270
2747294
2747360
2747378
2747409
2747417
2747491
2747548
2747554
2747569
2747576
2747639
2747653
2747662
2747695
2747704
2747716
2747731
2747747
2747750
2747773
2747782
2747841
2747864
2747896
2747936
2747967
2747974
2747989
2748028
2748044
2748056
2748072
2748099
2748242
2748255
2748278
2748287
2748293
2748357
2748368
2748370
2748402
2748441
2748459
2748496
2748562
2748586
2748595
2748613
2748632
2748654
2748681
2748703
2748722
2748736
2748745
2748774
2748789
2748817
2748824
2748875
2748904
2748916
2748929
2748950
2748998
2749023
2749030
2749064
2749100
2749113
2749132
2749169
2749197
2749204
2749229
2749247
2749250
2749282
2749309
2749317
2749324
2749338
2749363
2749375
2749380
2749410
2749456
2749483
2749503
2749522
2749545
2749558
2749589
2749618
2749637
2749643
2749651
2749666
2749684
2749727
2749762
2749771
2749806
2749812
2749821
2749833
2749868
2749919
2749926
2749942
2749955
2749987
2750004
2750119
2750126
2750160
2750205
2750218
2750220
2750237
2750266
2750279
2750284
2750300
2750325
2750332
2750348
2750354
2750369
2750403
2750445
2750458
2750467
2750474
2750489
2750517
2750524
2750563
2750702
2750715
2750730
2750788
2750853
2750886
2750895
2750961
2751015
2751100
2751113
2751154
2751231
2751250
2751282
2751298
2751324
2751483
2751499
2751511
2751522
2751536
2751567
2751589
2751605
2751620
2751637
2751666
2751727
2751739
2751762
2751786
2751868
2751885
2751901
2751926
2751960
2751993
2752013
2752076
2752081
2752097
2752102
2752123
2752130
2752159
2752196
2752209
2752263
2752304
2752329
2752331
2752347
2752365
2752398
2752406
2752412
2752433
2752449
2752468
2752470
2752518
2752520
2752584
2752622
2752645
2752701
2752719
2752726
2752734
2752755
2752778
2752793
2752861
2752883
2752899
2752908
2752927
2752940
2752962
2752971
2752995
2753012
2753033
2753068
2753085
2753111
2753167
2753190
2753214
2753239
2753240
2753262
2753286
2753307
2753328
2753335
2753344
2753356
2753372
2753399
2753400
2753413
2753432
2753448
2753497
2753519
2753526
2753542
2753555
2753615
2753630
2753664
2753688
2753696
2753766
2753779
2753784
2753816
2753829
2753850
2753865
2753882
2753909
2753917
2753924
2753963
2753980
2754001
2754026
2754034
2754055
2754060
2754078
2754129
2754131
2754182
2754225
2754248
2754254
2754276
2754281
2754320
2754337
2754351
2754384
2754392
2754439
2754440
2754506
2754570
2754624
2754638
2754735
2754744
2754803
2754811
2754845
2754867
2754874
2754889
2754890
2754902
2754959
2754964
2754977
2755028
2755056
2755137
2755166
2755184
2755242
2755255
2755278
2755287
2755293
2755306
2755402
2755430
2755441
2755464
2755488
2755496
2755508
2755539
2755562
2755586
2755595
2755600
2755676
2755703
2755711
2755736
2755745
2755758
2755767
2755790
2755875
2755880
2755891
2755904
2755916
2755950
2755973
2755998
2756003
2756022
2756045
2756058
2756112
2756244
2756256
2756299
2756340
2756353
2756362
2756395
2756473
2756482
2756498
2756515
2756523
2756541
2756559
2756577
2756588
2756596
2756687
2756724
2756738
2756752
2756763
2756825
2756848
2756854
2756881
2756905
2756937
2756984
2756992
2757014
2757040
2757062
2757071
2757095
2757117
2757138
2757152
2757163
2757175
2757180
2757202
2757230
2757241
2757264
2757277
2757345
2757358
2757389
2757426
2757434
2757535
2757556
2757572
2757599
2757631
2757647
2757682
2757733
2757757
2757785
2757805
2757818
2757851
2757879
2757892
2757913
2757954
2758009
2758017
2758114
2758127
2758140
2758203
2758211
2758222
2758245
2758289
2758323
2758364
2758377
2758396
2758405
2758437
2758443
2758492
2758504
2758516
2758565
2758573
2758582
2758610
2758628
2758644
2758656
2758661
2758672
2758699
2758713
2758769
2758819
2758834
2758842
2758860
2758878
2758912
2758921
2759005
2759020
2759043
2759051
2759066
2759084
2759092
2759156
2759172
2759199
2759221
2759270
2759326
2759334
2759342
2759360
2759387
2759409
2759424
2759438
2759452
2759475
2759480
2759532
2759576
2759581
2759597
2759614
2759671
2759695
2759704
2759729
2759750
2759798
2759823
2759830
2759841
2759859
2759877
2759888
2759903
2759922
2759936
2759945
2759967
2759974
2760049
2760094
2760136
2760158
2760190
2760253
2760262
2760344
2760356
2760432
2760448
2760454
2760497
2760664
2760688
2760696
2760705
2760737
2760766
2760804
2760816
2760829
2760865
2760873
2760909
2760924
2761005
2761018
2761043
2761066
2761084
2761092
2761110
2761144
2761161
2761183
2761199
2761206
2761294
2761319
2761342
2761378
2761393
2761417
2761438
2761446
2761452
2761475
2761491
2761500
2761525
2761532
2761548
2761576
2761597
2761627
2761639
2761640
2761686
2761704
2761729
2761731
2761750
2761765
2761802
2761823
2761841
2761859
2761864
2761903
2761911
2761922
2761945
2761967
2761990
2762010
2762035
2762056
2762083
2762099
2762105
2762120
2762137
2762151
2762166
2762184
2762226
2762234
2762242
2762255
2762287
2762293
2762312
2762321
2762370
2762394
2762441
2762459
2762464
2762488
2762496
2762508
2762527
2762540
2762571
2762600
2762613
2762654
2762669
2762697
2762711
2762767
2762790
2762809
2762824
2762838
2762846
2762880
2762904
2762929
2762998
2763002
2763015
2763023
2763030
2763041
2763077
2763088
2763096
2763154
2763197
2763229
2763247
2763273
2763282
2763338
2763380
2763410
2763435
2763456
2763472
2763483
2763499
2763503
2763522
2763536
2763558
2763618
2763643
2763679
2763727
2763740
2763753
2763762
2763786
2763833
2763885
2763894
2763926
2764022
2764067
2764074
2764089
2764106
2764207
2764228
2764235
2764283
2764299
2764308
2764327
2764353
2764362
2764371
2764395
2764431
2764447
2764450
2764465
2764482
2764564
2764577
2764601
2764626
2764655
2764709
2764746
2764763
2764775
2764791
2764800
2764848
2764854
2764905
2764918
2764920
2764966
2764984
2764992
2765009
2765052
2765114
2765140
2765153
2765162
2765171
2765195
2765236
2765267
2765302
2765315
2765359
2765388
2765396
2765466
2765479
2765516
2765547
2765550
2765598
2765610
2765628
2765635
2765661
2765672
2765683
2765699
2765713
2765725
2765732
2765769
2765797
2765801
2765819
2765834
2765878
2765893
2765906
2765912
2765921
2765933
2765957
2766000
2766025
2766032
2766048
2766081
2766141
2766164
2766188
2766246
2766263
2766275
2766280
2766291
2766304
2766329
2766347
2766398
2766468
2766470
2766505
2766537
2766551
2766611
2766636
2766658
2766667
2766690
2766701
2766734
2766778
2766787
2766793
2766810
2766872
2766940
2766986
2766995
2767029
2767031
2767050
2767065
2767098
2767119
2767205
2767243
2767251
2767266
2767313
2767325
2767369
2767376
2767397
2767422
2767458
2767467
2767474
2767509
2767580
2767606
2767633
2767670
2767694
2767715
2767723
2767730
2767741
2767764
2767777
2767796
2767808
2767814
2767827
2767907
2767910
2767935
2767961
2767983
2767999
2768034
2768055
2768060
2768078
2768116
2768150
2768165
2768213
2768269
2768281
2768343
2768366
2768392
2768408
2768414
2768427
2768439
2768462
2768506
2768512
2768533
2768570
2768624
2768663
2768707
2768710
2768756
2768761
2768836
2768845
2768867
2768874
2768889
2768890
2768977
2768988
2769014
2769027
2769039
2769086
2769095
2769117
2769124
2769138
2769152
2769175
2769180
2769223
2769230
2769277
2769303
2769311
2769374
2769390
2769401
2769442
2769493
2769535
2769544
2769561
2769572
2769583
2769631
2769650
2769665
2769682
2769698
2769706
2769733
2769757
2769768
2769770
2769818
2769866
2769879
2769884
2769892
2769900
2769932
2770001
2770026
2770087
2770104
2770129
2770131
2770182
2770198
2770213
2770225
2770254
2770269
2770276
2770281
2770305
2770318
2770320
2770351
2770366
2770384
2770392
2770439
2770486
2770521
2770533
2770609
2770617
2770652
2770675
2770728
2770756
2770772
2770783
2770803
2770845
2770858
2770867
2770902
2770915
2771007
2771010
2771044
2771056
2771061
2771072
2771083
2771105
2771120
2771137
2771143
2771179
2771219
2771234
2771242
2771255
2771260
2771293
2771306
2771312
2771321
2771368
2771430
2771441
2771459
2771464
2771488
2771514
2771527
2771553
2771562
2771613
2771648
2771669
2771681
2771703
2771745
2771767
2771824
2771852
2771863
2771875
2771891
2771916
2771947
2771982
2772018
2772043
2772079
2772092
2772128
2772156
2772161
2772172
2772206
2772221
2772249
2772257
2772268
2772319
2772326
2772378
2772417
2772480
2772491
2772500
2772513
2772525
2772608
2772614
2772653
2772671
2772686
2772695
2772747
2772798
2772823
2772859
2772936
2772990
2773017
2773046
2773075
2773139
2773153
2773186
2773222
2773245
2773258
2773267
2773274
2773302
2773323
2773359
2773420
2773437
2773466
2773479
2773484
2773516
2773529
2773547
2773550
2773565
2773582
2773598
2773635
2773644
2773661
2773725
2773819
2773842
2773970
2773985
2774029
2774031
2774047
2774065
2774073
2774082
2774101
2774119
2774134
2774142
2774155
2774187
2774205
2774220
2774251
2774300
2774332
2774348
2774354
2774376
2774397
2774411
2774445
2774467
2774538
2774552
2774606
2774621
2774657
2774668
2774685
2774694
2774715
2774723
2774764
2774777
2774808
2774814
2774839
2774862
2774928
2774961
2775002
2775015
2775023
2775041
2775064
2775077
2775088
2775169
2775204
2775216
2775231
2775298
2775317
2775338
2775346
2775363
2775375
2775380
2775391
2775407
2775456
2775499
2775536
2775545
2775558
2775567
2775692
2775714
2775727
2775739
2775762
2775771
2775786
2775806
2775812
2775833
2775857
2775868
2775870
2775885
2775894
2775919
2775993
2776014
2776040
2776053
2776062
2776071
2776117
2776175
2776191
2776223
2776230
2776259
2776288
2776303
2776336
2776345
2776358
2776389
2776442
2776455
2776478
2776528
2776544
2776556
2776561
2776616
2776647
2776665
2776698
2776706
2776712
2776785
2776818
2776820
2776851
2776879
2776884
2776900
2776913
2776925
2776969
2776981
2777022
2777058
2777067
2777090
2777168
2777235
2777256
2777261
2777283
2777404
2777429
2777447
2777450
2777465
2777473
2777498
2777515
2777530
2777564
2777634
2777678
2777693
2777717
2777738
2777752
2777775
2777813
2777832
2777876
2777881
2777918
2777951
2777966
2777984
2777992
2778021
2778057
2778070
2778094
2778103
2778111
2778122
2778136
2778158
2778174
2778189
2778214
2778227
2778271
2778295
2778307
2778335
2778344
2778383
2778399
2778413
2778425
2778454
2778481
2778519
2778542
2778560
2778578
2778587
2778602
2778623
2778630
2778664
2778688
2778696
2778720
2778737
2778766
2778779
2778804
2778873
2778909
2778975
2778980
2779032
2779097
2779141
2779224
2779246
2779304
2779329
2779331
2779347
2779350
2779365
2779373
2779382
2779398
2779406
2779433
2779468
2779518
2779537
2779566
2779579
2779584
2779592
2779622
2779689
2779701
2779742
2779760
2779835
2779844
2779914
2779927
2779940
2779953
2779962
2779971
2779986
2779995
2780017
2780024
2780075
2780091
2780139
2780140
2780162
2780203
2780222
2780236
2780245
2780258
2780289
2780290
2780302
2780359
2780364
2780388
2780443
2780451
2780484
2780504
2780516
2780531
2780547
2780565
2780573
2780610
2780661
2780672
2780683
2780700
2780732
2780748
2780776
2780860
2780906
2780970
2781000
2781217
2781246
2781252
2781263
2781280
2781347
2781373
2781398
2781449
2781494
2781520
2781551
2781603
2781689
2781701
2781726
2781755
2781760
2781793
2781861
2781927
2781939
2782030
2782041
2782064
2782088
2782169
2782247
2782282
2782346
2782363
2782391
2782407
2782472
2782545
2782558
2782590
2782618
2782684
2782692
2782762
2782786
2782806
2782812
2782821
2782894
2782901
2782926
2782978
2783035
2783044
2783056
2783083
2783099
2783137
2783192
2783219
2783226
2783234
2783255
2783306
2783312
2783333
2783357
2783368
2783402
2783459
2783464
2783477
2783496
2783508
2783540
2783595
2783600
2783613
2783648
2783681
2783703
2783722
2783736
2783745
2783767
2783789
2783809
2783852
2783891
2783916
2783947
2784008
2784062
2784124
2784152
2784215
2784223
2784230
2784264
2784277
2784288
2784311
2784322
2784336
2784345
2784358
2784389
2784390
2784401
2784434
2784442
2784478
2784544
2784572
2784604
2784631
2784647
2784673
2784682
2784712
2784749
2784768
2784794
2784818
2784879
2784892
2784900
2784925
2784932
2784948
2785012
2785049
2785068
2785085
2785094
2785145
2785167
2785174
2785190
2785208
2785227
2785253
2785262
2785286
2785307
2785310
2785344
2785383
2785432
2785448
2785454
2785469
2785476
2785497
2785526
2785587
2785623
2785630
2785664
2785688
2785696
2785720
2785737
2785743
2785751
2785792
2785804
2785816
2785831
2785865
2785873
2785909
2785963
2785991
2786020
2786051
2786066
2786084
2786092
2786107
2786110
2786144
2786183
2786199
2786206
2786221
2786257
2786268
2786270
2786294
2786301
2786342
2786360
2786378
2786417
2786424
2786438
2786446
2786452
2786480
2786491
2786500
2786525
2786548
2786576
2786627
2786640
2786653
2786671
2786695
2786798
2786841
2786859
2786903
2786911
2786936
2786958
2786974
2787034
2787060
2787116
2787129
2787131
2787147
2787165
2787173
2787198
2787232
2787269
2787276
2787297
2787366
2787439
2787440
2787471
2787495
2787512
2787549
2787568
2787570
2787594
2787638
2787663
2787675
2787707
2787756
2787799
2787836
2787858
2787874
2787889
2787915
2787930
2787959
2787964
2787988
2787996
2788004
2788047
2788134
2788142
2788218
2788279
2788292
2788313
2788325
2788332
2788354
2788381
2788422
2788445
2788458
2788489
2788563
2788575
2788591
2788612
2788621
2788633
2788685
2788715
2788730
2788741
2788759
2788777
2788796
2788839
2788840
2788853
2788862
2788928
2788961
2789011
2789036
2789058
2789089
2789106
2789112
2789133
2789149
2789194
2789207
2789228
2789235
2789256
2789261
2789299
2789308
2789386
2789447
2789450
2789482
2789523
2789559
2789564
2789626
2789678
2789717
2789724
2789752
2789775
2789780
2789791
2789800
2789825
2789832
2789876
2789897
2789918
2789943
2789966
2790028
2790044
2790056
2790061
2790083
2790118
2790166
2790184
2790293
2790312
2790402
2790430
2790459
2790514
2790527
2790539
2790540
2790571
2790595
2790600
2790625
2790632
2790669
2790676
2790697
2790703
2790711
2790745
2790789
2790852
2790863
2790891
2790950
2790973
2790982
2791011
2791058
2791067
2791089
2791133
2791157
2791168
2791235
2791261
2791299
2791327
2791353
2791395
2791416
2791431
2791473
2791498
2791515
2791523
2791530
2791559
2791596
2791601
2791626
2791642
2791678
2791687
2791717
2791738
2791763
2791791
2791800
2791813
2791832
2791848
2791854
2791897
2791905
2791937
2791943
2791951
2791992
2792021
2792033
2792049
2792068
2792094
2792145
2792158
2792167
2792174
2792190
2792208
2792214
2792227
2792240
2792253
2792310
2792344
2792372
2792399
2792425
2792469
2792476
2792555
2792560
2792587
2792593
2792677
2792696
2792766
2792829
2792850
2792865
2792946
2792963
2792975
2792980
2793032
2793048
2793054
2793069
2793076
2793097
2793159
2793188
2793224
2793238
2793252
2793263
2793275
2793280
2793291
2793304
2793316
2793331
2793365
2793373
2793382
2793398
2793406
2793421
2793468
2793470
2793494
2793505
2793543
2793551
2793579
2793584
2793645
2793658
2793667
2793701
2793755
2793760
2793778
2793835
2793844
2793861
2793883
2793899
2793914
2793927
2793953
2793962
2794066
2794107
2794110
2794156
2794172
2794199
2794206
2794212
2794221
2794233
2794249
2794319
2794355
2794378
2794409
2794424
2794438
2794452
2794463
2794475
2794480
2794500
2794525
2794569
2794581
2794614
2794627
2794639
2794662
2794671
2794686
2794716
2794729
2794747
2794750
2794765
2794802
2794830
2794841
2794859
2794864
2794903
2794922
2794936
2794945
2794989
2794990
2795047
2795098
2795119
2795134
2795237
2795243
2795251
2795279
2795292
2795313
2795354
2795376
2795397
2795458
2795490
2795538
2795591
2795621
2795633
2795649
2795657
2795670
2795702
2795715
2795723
2795764
2795777
2795839
2795853
2795886
2795928
2795935
2795983
2795999
2796041
2796059
2796100
2796113
2796125
2796132
2796154
2796231
2796265
2796338
2796352
2796363
2796435
2796461
2796567
2796589
2796590
2796605
2796618
2796620
2796643
2796651
2796684
2796708
2796714
2796727
2796739
2796740
2796762
2796771
2796786
2796857
2796894
2796926
2796934
2796942
2796960
2796987
2797009
2797127
2797139
2797153
2797162
2797186
2797195
2797203
2797222
2797258
2797289
2797323
2797330
2797364
2797451
2797479
2797484
2797547
2797598
2797607
2797610
2797635
2797644
2797683
2797699
2797713
2797725
2797754
2797769
2797776
2797819
2797826
2797834
2797906
2797912
2797933
2797949
2797968
2797970
2797994
2798008
2798062
2798109
2798138
2798146
2798175
2798202
2798215
2798230
2798241
2798259
2798264
2798277
2798296
2798311
2798336
2798358
2798389
2798401
2798442
2798455
2798478
2798487
2798493
2798507
2798599
2798629
2798631
2798650
2798665
2798673
2798698
2798712
2798733
2798757
2798770
2798818
2798820
2798866
2798879
2798884
2798913
2798925
2798954
2798969
2798997
2799019
2799026
2799087
2799093
2799104
2799129
2799131
2799182
2799232
2799254
2799305
2799337
2799366
2799440
2799462
2799521
2799533
2799557
2799594
2799609
2799638
2799646
2799652
2799663
2799675
2799756
2799783
2799811
2799822
2799845
2799858
2799867
2799930
2799996
