2700005
2700018
2700020
2700037
2700043
2700051
2700066
2700079
2700084
2700092
2700107
2700110
2700128
2700135
2700144
2700156
2700161
2700172
2700183
2700199
2700206
2700212
2700221
2700249
2700257
2700268
2700270
2700285
2700294
2700301
2700319
2700326
2700334
2700342
2700355
2700360
2700378
2700387
2700393
2700409
2700417
2700424
2700438
2700446
2700452
2700463
2700475
2700480
2700491
2700500
2700513
2700525
2700532
2700548
2700554
2700576
2700581
2700597
2700608
2700614
2700639
2700640
2700653
2700662
2700671
2700686
2700695
2700704
2700729
2700747
2700750
2700765
2700773
2700782
2700798
2700802
2700823
2700830
2700841
2700859
2700864
2700877
2700888
2700896
2700936
2700945
2700958
2700967
2700974
2700990
2701004
2701016
2701031
2701047
2701050
2701065
2701073
2701082
2701101
2701119
2701126
2701134
2701142
2701155
2701187
2701205
2701218
2701220
2701237
2701243
2701251
2701266
2701279
2701284
2701300
2701313
2701325
2701332
2701348
2701354
2701369
2701376
2701381
2701397
2701403
2701422
2701436
2701445
2701458
2701467
2701474
2701489
2701490
2701509
2701517
2701524
2701538
2701546
2701552
2701563
2701575
2701580
2701591
2701606
2701612
2701621
2701633
2701649
2701668
2701670
2701685
2701694
2701702
2701715
2701723
2701730
2701741
2701759
2701764
2701777
2701788
2701796
2701808
2701814
2701827
2701839
2701840
2701853
2701871
2701886
2701895
2701907
2701910
2701928
2701935
2701944
2701956
2701961
2701972
2701983
2701999
2702001
2702026
2702034
2702042
2702055
2702060
2702078
2702093
2702104
2702116
2702129
2702131
2702147
2702150
2702165
2702173
2702198
2702200
2702213
2702225
2702232
2702269
2702276
2702281
2702297
2702305
2702318
2702320
2702351
2702366
2702379
2702384
2702392
2702408
2702414
2702427
2702439
2702440
2702453
2702462
2702471
2702486
2702495
2702506
2702512
2702521
2702533
2702549
2702557
2702568
2702570
2702585
2702594
2702609
2702617
2702638
2702652
2702675
2702707
2702710
2702728
2702735
2702744
2702756
2702761
2702772
2702783
2702799
2702803
2702811
2702822
2702845
2702858
2702867
2702874
2702889
2702890
2702902
2702915
2702923
2702930
2702964
2702977
2702988
2702996
2703008
2703014
2703027
2703039
2703040
2703053
2703062
2703071
2703086
2703095
2703117
2703124
2703138
2703146
2703152
2703163
2703180
2703191
2703202
2703215
2703223
2703230
2703241
2703259
2703264
2703277
2703288
2703296
2703303
2703311
2703322
2703336
2703345
2703358
2703367
2703374
2703389
2703390
2703401
2703419
2703426
2703434
2703442
2703478
2703487
2703507
2703510
2703528
2703544
2703556
2703572
2703583
2703599
2703604
2703616
2703629
2703631
2703647
2703650
2703665
2703682
2703698
2703706
2703712
2703721
2703733
2703749
2703768
2703770
2703785
2703805
2703818
2703843
2703851
2703866
2703892
2703900
2703913
2703925
2703932
2703948
2703954
2703969
2703976
2703981
2703997
2704007
2704010
2704028
2704035
2704044
2704056
2704061
2704072
2704083
2704099
2704105
2704118
2704120
2704137
2704143
2704151
2704166
2704179
2704184
2704192
2704201
2704219
2704226
2704234
2704242
2704255
2704260
2704278
2704287
2704293
2704312
2704321
2704333
2704349
2704357
2704368
2704370
2704385
2704394
2704402
2704415
2704423
2704430
2704441
2704459
2704464
2704477
2704488
2704496
2704508
2704514
2704527
2704539
2704540
2704553
2704562
2704571
2704595
2704600
2704613
2704625
2704632
2704648
2704654
2704669
2704676
2704681
2704697
2704703
2704711
2704722
2704736
2704745
2704758
2704767
2704774
2704789
2704790
2704809
2704817
2704824
2704838
2704846
2704852
2704863
2704880
2704891
2704904
2704929
2704931
2704947
2704950
2704965
2704973
2704998
2705003
2705011
2705036
2705045
2705058
2705106
2705112
2705121
2705133
2705157
2705168
2705170
2705185
2705194
2705207
2705228
2705235
2705244
2705272
2705283
2705299
2705308
2705314
2705327
2705339
2705340
2705353
2705362
2705371
2705386
2705395
2705404
2705429
2705431
2705447
2705450
2705465
2705473
2705482
2705498
2705502
2705515
2705523
2705530
2705541
2705559
2705564
2705577
2705588
2705596
2705601
2705619
2705626
2705634
2705642
2705655
2705660
2705678
2705687
2705693
2705709
2705717
2705724
2705738
2705746
2705752
2705763
2705780
2705791
2705800
2705813
2705825
2705832
2705848
2705854
2705869
2705876
2705881
2705897
2705905
2705918
2705920
2705937
2705943
2705951
2705966
2705979
2705984
2705992
2706009
2706017
2706024
2706038
2706046
2706052
2706063
2706075
2706080
2706091
2706108
2706114
2706127
2706139
2706140
2706153
2706162
2706171
2706186
2706195
2706211
2706222
2706236
2706245
2706258
2706267
2706274
2706289
2706302
2706315
2706323
2706341
2706359
2706364
2706377
2706388
2706405
2706420
2706437
2706443
2706451
2706466
2706479
2706484
2706492
2706516
2706529
2706531
2706550
2706573
2706582
2706598
2706607
2706610
2706628
2706635
2706644
2706656
2706661
2706672
2706683
2706699
2706700
2706713
2706725
2706732
2706748
2706769
2706776
2706781
2706797
2706801
2706819
2706826
2706834
2706855
2706860
2706878
2706887
2706893
2706906
2706912
2706921
2706933
2706968
2706970
2706985
2706994
2707015
2707023
2707030
2707041
2707059
2707064
2707077
2707088
2707100
2707113
2707125
2707132
2707148
2707154
2707169
2707176
2707181
2707197
2707216
2707229
2707231
2707247
2707250
2707265
2707273
2707282
2707309
2707317
2707338
2707346
2707352
2707363
2707375
2707380
2707391
2707407
2707410
2707428
2707435
2707444
2707456
2707461
2707472
2707483
2707499
2707503
2707522
2707536
2707545
2707558
2707567
2707574
2707590
2707605
2707618
2707620
2707637
2707643
2707651
2707666
2707679
2707684
2707692
2707708
2707714
2707727
2707739
2707740
2707753
2707762
2707771
2707786
2707806
2707812
2707821
2707833
2707849
2707868
2707870
2707885
2707894
2707901
2707919
2707926
2707934
2707942
2707955
2707960
2707978
2707987
2707993
2708000
2708013
2708025
2708032
2708048
2708054
2708069
2708076
2708081
2708097
2708102
2708115
2708123
2708130
2708141
2708159
2708164
2708177
2708188
2708196
2708209
2708217
2708224
2708238
2708246
2708252
2708263
2708275
2708291
2708304
2708329
2708347
2708350
2708365
2708373
2708382
2708398
2708406
2708412
2708433
2708449
2708457
2708468
2708470
2708485
2708505
2708518
2708520
2708537
2708543
2708551
2708566
2708579
2708584
2708592
2708603
2708611
2708622
2708645
2708658
2708667
2708674
2708689
2708690
2708701
2708719
2708726
2708734
2708742
2708755
2708760
2708778
2708787
2708793
2708807
2708810
2708828
2708835
2708844
2708856
2708861
2708872
2708883
2708899
2708908
2708927
2708939
2708940
2708953
2708962
2708971
2708986
2708995
2709006
2709012
2709033
2709049
2709057
2709068
2709070
2709085
2709094
2709103
2709111
2709122
2709136
2709158
2709167
2709174
2709189
2709190
2709208
2709214
2709227
2709239
2709240
2709253
2709262
2709271
2709286
2709295
2709310
2709328
2709335
2709344
2709356
2709361
2709383
2709399
2709400
2709413
2709425
2709432
2709448
2709454
2709469
2709476
2709481
2709497
2709501
2709519
2709526
2709534
2709542
2709555
2709560
2709578
2709587
2709593
2709602
2709615
2709623
2709630
2709641
2709659
2709664
2709677
2709696
2709705
2709718
2709737
2709743
2709751
2709766
2709784
2709792
2709804
2709829
2709831
2709847
2709850
2709865
2709873
2709882
2709898
2709909
2709917
2709924
2709938
2709946
2709952
2709963
2709975
2709980
2709991
2710002
2710015
2710023
2710030
2710041
2710064
2710077
2710088
2710096
2710100
2710113
2710125
2710148
2710154
2710169
2710181
2710197
2710204
2710216
2710229
2710231
2710247
2710250
2710265
2710273
2710282
2710298
2710309
2710317
2710324
2710346
2710352
2710363
2710375
2710391
2710407
2710410
2710428
2710435
2710444
2710456
2710461
2710472
2710483
2710499
2710503
2710511
2710522
2710545
2710558
2710567
2710574
2710589
2710590
2710605
2710618
2710620
2710637
2710651
2710666
2710679
2710684
2710692
2710708
2710714
2710727
2710739
2710740
2710753
2710771
2710786
2710795
2710806
2710812
2710821
2710833
2710849
2710857
2710868
2710885
2710894
2710901
2710919
2710926
2710934
2710960
2710978
2710987
2711008
2711014
2711027
2711039
2711040
2711053
2711062
2711071
2711086
2711095
2711109
2711117
2711124
2711138
2711146
2711152
2711163
2711175
2711191
2711202
2711215
2711223
2711241
2711259
2711264
2711277
2711288
2711296
2711303
2711311
2711322
2711336
2711358
2711367
2711374
2711389
2711390
2711401
2711419
2711426
2711442
2711455
2711460
2711478
2711487
2711493
2711507
2711510
2711528
2711535
2711544
2711556
2711561
2711572
2711583
2711599
2711604
2711616
2711629
2711631
2711647
2711650
2711665
2711673
2711682
2711706
2711712
2711721
2711733
2711749
2711768
2711770
2711785
2711794
2711805
2711820
2711837
2711843
2711851
2711866
2711879
2711884
2711892
2711900
2711913
2711925
2711932
2711948
2711954
2711969
2711976
2711981
2711997
2712009
2712017
2712024
2712038
2712046
2712052
2712063
2712075
2712080
2712091
2712108
2712114
2712127
2712139
2712140
2712153
2712162
2712171
2712186
2712195
2712203
2712222
2712245
2712258
2712267
2712274
2712289
2712290
2712302
2712315
2712323
2712330
2712341
2712359
2712364
2712377
2712388
2712396
2712405
2712418
2712420
2712437
2712443
2712466
2712479
2712484
2712492
2712504
2712516
2712529
2712531
2712547
2712550
2712565
2712573
2712582
2712598
2712607
2712610
2712628
2712635
2712644
2712656
2712661
2712672
2712683
2712699
2712700
2712725
2712732
2712748
2712754
2712769
2712776
2712781
2712797
2712801
2712819
2712826
2712834
2712842
2712855
2712860
2712878
2712887
2712893
2712906
2712912
2712921
2712933
2712949
2712957
2712970
2712994
2713005
2713018
2713020
2713037
2713043
2713051
2713066
2713079
2713084
2713092
2713107
2713110
2713128
2713135
2713144
2713156
2713161
2713172
2713199
2713206
2713221
2713233
2713249
2713257
2713268
2713270
2713285
2713301
2713319
2713326
2713334
2713342
2713355
2713360
2713378
2713387
2713393
2713409
2713417
2713424
2713438
2713446
2713452
2713463
2713475
2713491
2713500
2713513
2713525
2713532
2713548
2713554
2713569
2713576
2713581
2713597
2713608
2713614
2713627
2713639
2713640
2713653
2713671
2713686
2713695
2713704
2713716
2713729
2713731
2713747
2713750
2713765
2713773
2713782
2713798
2713802
2713815
2713823
2713830
2713841
2713864
2713877
2713888
2713896
2713903
2713922
2713936
2713945
2713958
2713967
2713974
2713989
2713990
2714000
2714013
2714025
2714032
2714048
2714054
2714076
2714081
2714102
2714115
2714123
2714130
2714159
2714164
2714177
2714196
2714209
2714217
2714224
2714246
2714252
2714263
2714275
2714280
2714291
2714304
2714316
2714329
2714331
2714347
2714350
2714365
2714373
2714382
2714398
2714406
2714421
2714449
2714457
2714468
2714470
2714485
2714494
2714505
2714518
2714520
2714537
2714551
2714566
2714579
2714584
2714592
2714603
2714611
2714622
2714636
2714645
2714658
2714674
2714689
2714690
2714701
2714719
2714726
2714734
2714755
2714760
2714787
2714793
2714807
2714810
2714828
2714835
2714856
2714861
2714872
2714883
2714899
2714908
2714914
2714927
2714939
2714940
2714953
2714962
2714971
2714986
2714995
2715001
2715019
2715026
2715034
2715055
2715060
2715078
2715087
2715093
2715116
2715129
2715131
2715147
2715150
2715165
2715173
2715182
2715198
2715200
2715213
2715225
2715232
2715254
2715269
2715276
2715281
2715305
2715318
2715320
2715337
2715343
2715366
2715392
2715408
2715414
2715427
2715439
2715440
2715453
2715462
2715471
2715486
2715495
2715506
2715512
2715521
2715549
2715557
2715568
2715570
2715585
2715594
2715609
2715617
2715624
2715638
2715646
2715652
2715663
2715680
2715691
2715707
2715710
2715728
2715735
2715744
2715756
2715761
2715772
2715783
2715799
2715803
2715822
2715845
2715858
2715867
2715874
2715889
2715890
2715902
2715915
2715923
2715930
2715941
2715959
2715964
2715988
2715996
2716010
2716028
2716035
2716044
2716056
2716061
2716072
2716083
2716099
2716105
2716137
2716143
2716151
2716166
2716179
2716184
2716192
2716219
2716226
2716234
2716242
2716255
2716260
2716278
2716287
2716293
2716306
2716312
2716321
2716333
2716349
2716357
2716370
2716385
2716402
2716415
2716423
2716430
2716441
2716459
2716464
2716477
2716488
2716496
2716508
2716514
2716527
2716539
2716540
2716553
2716562
2716571
2716586
2716595
2716600
2716613
2716625
2716632
2716648
2716654
2716669
2716676
2716681
2716697
2716703
2716711
2716722
2716736
2716745
2716758
2716767
2716774
2716789
2716790
2716809
2716817
2716824
2716838
2716846
2716852
2716863
2716875
2716880
2716891
2716904
2716916
2716931
2716947
2716950
2716965
2716973
2716982
2716998
2717006
2717012
2717021
2717033
2717057
2717068
2717070
2717085
2717094
2717103
2717111
2717122
2717136
2717145
2717158
2717167
2717174
2717190
2717208
2717214
2717227
2717239
2717240
2717253
2717262
2717271
2717286
2717295
2717307
2717310
2717328
2717335
2717344
2717356
2717361
2717372
2717383
2717399
2717400
2717413
2717425
2717432
2717454
2717469
2717476
2717481
2717497
2717501
2717519
2717526
2717534
2717542
2717555
2717578
2717593
2717602
2717615
2717623
2717630
2717641
2717664
2717677
2717688
2717696
2717705
2717718
2717720
2717737
2717743
2717751
2717766
2717779
2717784
2717792
2717804
2717816
2717829
2717831
2717847
2717850
2717865
2717873
2717882
2717898
2717909
2717917
2717924
2717938
2717946
2717952
2717963
2717975
2717980
2717991
2718003
2718011
2718022
2718045
2718058
2718067
2718074
2718089
2718090
2718106
2718112
2718121
2718133
2718157
2718170
2718185
2718194
2718207
2718210
2718228
2718235
2718244
2718272
2718283
2718299
2718308
2718327
2718339
2718340
2718353
2718362
2718371
2718386
2718395
2718404
2718416
2718429
2718431
2718447
2718450
2718465
2718473
2718482
2718498
2718502
2718515
2718523
2718530
2718541
2718559
2718564
2718577
2718588
2718596
2718601
2718619
2718626
2718634
2718655
2718660
2718678
2718687
2718693
2718709
2718717
2718724
2718738
2718746
2718763
2718791
2718800
2718813
2718825
2718832
2718854
2718869
2718876
2718881
2718897
2718905
2718918
2718920
2718937
2718943
2718951
2718979
2719004
2719016
2719029
2719031
2719047
2719050
2719065
2719082
2719098
2719101
2719119
2719126
2719134
2719142
2719155
2719160
2719178
2719187
2719205
2719218
2719220
2719237
2719243
2719251
2719266
2719279
2719284
2719292
2719300
2719313
2719325
2719332
2719348
2719354
2719369
2719376
2719381
2719397
2719411
2719422
2719436
2719445
2719458
2719467
2719474
2719489
2719490
2719509
2719517
2719524
2719538
2719546
2719552
2719563
2719575
2719580
2719591
2719612
2719621
2719649
2719668
2719670
2719685
2719694
2719702
2719715
2719723
2719730
2719741
2719759
2719764
2719788
2719796
2719808
2719814
2719827
2719839
2719840
2719853
2719862
2719871
2719886
2719907
2719910
2719928
2719935
2719956
2719961
2719972
2719983
2719999
2720000
2720013
2720025
2720032
2720054
2720069
2720076
2720081
2720097
2720102
2720115
2720123
2720130
2720159
2720164
2720177
2720188
2720196
2720217
2720224
2720238
2720246
2720252
2720263
2720275
2720280
2720291
2720329
2720347
2720350
2720365
2720373
2720382
2720398
2720406
2720412
2720421
2720433
2720449
2720457
2720468
2720470
2720485
2720494
2720505
2720518
2720520
2720537
2720543
2720551
2720566
2720579
2720592
2720603
2720622
2720636
2720645
2720658
2720674
2720689
2720690
2720701
2720726
2720734
2720742
2720755
2720760
2720778
2720787
2720793
2720807
2720810
2720828
2720835
2720844
2720856
2720861
2720872
2720883
2720899
2720908
2720914
2720939
2720940
2720953
2720962
2720971
2720986
2720995
2721001
2721019
2721026
2721034
2721042
2721055
2721060
2721078
2721087
2721093
2721104
2721116
2721129
2721131
2721147
2721150
2721165
2721173
2721182
2721198
2721200
2721213
2721225
2721248
2721254
2721276
2721281
2721297
2721305
2721318
2721320
2721337
2721343
2721351
2721366
2721379
2721384
2721392
2721408
2721414
2721427
2721439
2721453
2721462
2721471
2721486
2721495
2721506
2721512
2721521
2721533
2721549
2721557
2721568
2721570
2721585
2721594
2721609
2721624
2721638
2721646
2721652
2721663
2721675
2721680
2721691
2721707
2721710
2721728
2721735
2721744
2721756
2721772
2721783
2721803
2721811
2721822
2721836
2721845
2721858
2721867
2721874
2721889
2721890
2721902
2721915
2721923
2721930
2721941
2721959
2721964
2721977
2721988
2721996
2722004
2722016
2722029
2722031
2722047
2722050
2722065
2722073
2722082
2722098
2722101
2722126
2722134
2722142
2722155
2722160
2722178
2722187
2722193
2722205
2722218
2722220
2722237
2722251
2722266
2722279
2722284
2722292
2722300
2722332
2722348
2722354
2722369
2722376
2722397
2722403
2722411
2722422
2722436
2722445
2722458
2722467
2722474
2722489
2722490
2722509
2722517
2722524
2722538
2722546
2722552
2722563
2722580
2722591
2722606
2722612
2722621
2722633
2722649
2722657
2722668
2722670
2722694
2722702
2722723
2722730
2722741
2722759
2722764
2722777
2722788
2722796
2722808
2722814
2722827
2722839
2722840
2722853
2722862
2722871
2722886
2722895
2722907
2722910
2722928
2722935
2722944
2722956
2722961
2722972
2722983
2722999
2723003
2723011
2723036
2723058
2723067
2723089
2723090
2723106
2723121
2723133
2723157
2723168
2723170
2723194
2723210
2723228
2723235
2723244
2723256
2723261
2723272
2723283
2723299
2723308
2723314
2723327
2723340
2723353
2723362
2723371
2723386
2723395
2723404
2723416
2723429
2723431
2723447
2723450
2723465
2723473
2723482
2723498
2723502
2723515
2723523
2723530
2723541
2723559
2723564
2723588
2723596
2723601
2723626
2723634
2723642
2723655
2723687
2723693
2723709
2723717
2723724
2723738
2723763
2723775
2723780
2723791
2723800
2723813
2723825
2723832
2723854
2723869
2723876
2723881
2723897
2723905
2723918
2723920
2723937
2723943
2723966
2723979
2723984
2723992
2724002
2724015
2724023
2724030
2724041
2724059
2724064
2724077
2724088
2724096
2724100
2724113
2724132
2724148
2724154
2724169
2724176
2724181
2724197
2724216
2724231
2724247
2724250
2724265
2724273
2724282
2724298
2724309
2724317
2724324
2724338
2724346
2724352
2724363
2724380
2724407
2724410
2724428
2724435
2724444
2724456
2724461
2724472
2724483
2724503
2724511
2724522
2724536
2724545
2724558
2724589
2724590
2724618
2724620
2724643
2724651
2724666
2724679
2724684
2724692
2724708
2724714
2724740
2724753
2724762
2724771
2724786
2724795
2724806
2724812
2724849
2724857
2724868
2724870
2724885
2724894
2724901
2724919
2724926
2724934
2724942
2724955
2724960
2724978
2724987
2724993
2725008
2725014
2725027
2725039
2725040
2725053
2725062
2725071
2725086
2725095
2725109
2725117
2725124
2725138
2725146
2725152
2725163
2725175
2725191
2725202
2725215
2725223
2725230
2725241
2725264
2725277
2725288
2725296
2725303
2725311
2725322
2725336
2725358
2725367
2725374
2725389
2725401
2725419
2725426
2725434
2725442
2725455
2725460
2725478
2725487
2725493
2725507
2725510
2725528
2725535
2725544
2725556
2725561
2725572
2725583
2725599
2725616
2725629
2725631
2725647
2725650
2725673
2725698
2725706
2725712
2725721
2725733
2725749
2725768
2725770
2725785
2725794
2725805
2725820
2725843
2725851
2725866
2725879
2725884
2725892
2725900
2725913
2725925
2725932
2725948
2725954
2725969
2725976
2725981
2725997
2726006
2726012
2726021
2726033
2726049
2726057
2726068
2726070
2726085
2726094
2726111
2726122
2726136
2726145
2726158
2726167
2726174
2726189
2726190
2726214
2726227
2726239
2726240
2726262
2726271
2726286
2726295
2726307
2726310
2726328
2726335
2726344
2726356
2726361
2726372
2726383
2726399
2726400
2726413
2726425
2726432
2726448
2726454
2726476
2726481
2726497
2726501
2726519
2726526
2726534
2726542
2726555
2726578
2726587
2726593
2726602
2726615
2726623
2726630
2726641
2726659
2726664
2726677
2726688
2726705
2726718
2726720
2726737
2726743
2726751
2726766
2726779
2726792
2726804
2726816
2726829
2726831
2726847
2726850
2726865
2726873
2726882
2726898
2726909
2726917
2726924
2726938
2726946
2726952
2726963
2726975
2726980
2726991
2727007
2727010
2727028
2727035
2727044
2727061
2727072
2727083
2727099
2727118
2727120
2727137
2727143
2727151
2727166
2727201
2727219
2727226
2727234
2727242
2727255
2727260
2727278
2727287
2727293
2727306
2727312
2727321
2727333
2727349
2727368
2727370
2727394
2727402
2727415
2727423
2727430
2727441
2727459
2727464
2727477
2727496
2727508
2727514
2727527
2727539
2727540
2727553
2727562
2727586
2727595
2727600
2727625
2727632
2727648
2727654
2727669
2727676
2727681
2727697
2727703
2727711
2727722
2727736
2727745
2727758
2727767
2727774
2727789
2727817
2727824
2727846
2727852
2727863
2727875
2727891
2727904
2727916
2727929
2727931
2727950
2727965
2727973
2727982
2727998
2728005
2728018
2728037
2728043
2728051
2728066
2728079
2728092
2728107
2728110
2728128
2728135
2728144
2728156
2728161
2728172
2728183
2728199
2728206
2728212
2728221
2728233
2728249
2728257
2728268
2728270
2728285
2728294
2728301
2728319
2728326
2728334
2728342
2728355
2728360
2728378
2728387
2728393
2728409
2728417
2728424
2728438
2728446
2728452
2728463
2728475
2728480
2728491
2728500
2728513
2728525
2728532
2728548
2728554
2728569
2728581
2728597
2728608
2728614
2728627
2728639
2728640
2728653
2728671
2728686
2728695
2728704
2728716
2728729
2728731
2728747
2728750
2728765
2728773
2728782
2728798
2728802
2728815
2728823
2728830
2728841
2728859
2728877
2728888
2728896
2728903
2728922
2728936
2728945
2728958
2728967
2728974
2728990
2729009
2729017
2729024
2729038
2729046
2729052
2729063
2729075
2729080
2729091
2729108
2729114
2729139
2729153
2729162
2729171
2729186
2729195
2729203
2729211
2729222
2729236
2729245
2729258
2729267
2729274
2729289
2729290
2729302
2729315
2729323
2729330
2729364
2729377
2729388
2729396
2729418
2729420
2729437
2729443
2729451
2729466
2729479
2729484
2729492
2729504
2729516
2729529
2729531
2729550
2729565
2729573
2729582
2729598
2729607
2729610
2729628
2729635
2729644
2729656
2729661
2729672
2729683
2729699
2729700
2729713
2729725
2729732
2729748
2729754
2729769
2729776
2729781
2729797
2729801
2729819
2729826
2729834
2729842
2729860
2729878
2729887
2729893
2729906
2729912
2729921
2729933
2729949
2729957
2729968
2729970
2729985
2729994
2730011
2730022
2730036
2730045
2730058
2730067
2730074
2730089
2730090
2730106
2730112
2730121
2730133
2730149
2730157
2730168
2730170
2730185
2730194
2730207
2730210
2730235
2730244
2730256
2730261
2730272
2730283
2730299
2730308
2730314
2730327
2730339
2730340
2730353
2730371
2730386
2730395
2730404
2730416
2730429
2730447
2730450
2730465
2730473
2730482
2730498
2730515
2730523
2730530
2730541
2730559
2730564
2730577
2730588
2730596
2730601
2730619
2730626
2730634
2730642
2730655
2730660
2730678
2730687
2730693
2730709
2730717
2730724
2730738
2730746
2730752
2730775
2730780
2730800
2730813
2730825
2730832
2730848
2730854
2730869
2730876
2730881
2730897
2730905
2730918
2730920
2730937
2730943
2730951
2730966
2730979
2730984
2730992
2731009
2731017
2731024
2731038
2731046
2731052
2731063
2731075
2731080
2731091
2731114
2731127
2731139
2731140
2731153
2731162
2731171
2731186
2731195
2731203
2731211
2731222
2731236
2731245
2731258
2731267
2731274
2731289
2731290
2731302
2731315
2731330
2731341
2731359
2731364
2731377
2731388
2731396
2731405
2731418
2731420
2731437
2731443
2731451
2731466
2731479
2731484
2731492
2731504
2731516
2731529
2731531
2731550
2731565
2731573
2731582
2731598
2731607
2731610
2731644
2731656
2731661
2731672
2731699
2731700
2731713
2731725
2731732
2731748
2731754
2731769
2731776
2731781
2731797
2731801
2731826
2731834
2731842
2731855
2731860
2731878
2731887
2731893
2731912
2731921
2731933
2731949
2731957
2731968
2731970
2731985
2731994
2732008
2732014
2732027
2732039
2732040
2732053
2732062
2732071
2732086
2732095
2732109
2732117
2732124
2732138
2732146
2732152
2732163
2732175
2732180
2732191
2732215
2732223
2732230
2732241
2732259
2732264
2732277
2732288
2732296
2732303
2732311
2732322
2732336
2732345
2732358
2732367
2732374
2732389
2732390
2732401
2732419
2732426
2732434
2732442
2732455
2732460
2732478
2732487
2732493
2732507
2732510
2732535
2732544
2732556
2732561
2732572
2732583
2732599
2732604
2732616
2732629
2732631
2732647
2732650
2732665
2732673
2732682
2732698
2732706
2732712
2732721
2732733
2732749
2732757
2732768
2732770
2732785
2732794
2732805
2732818
2732820
2732837
2732843
2732851
2732866
2732879
2732884
2732900
2732913
2732925
2732932
2732954
2732969
2732981
2732997
2733001
2733019
2733026
2733034
2733042
2733055
2733060
2733078
2733087
2733093
2733116
2733129
2733131
2733147
2733150
2733165
2733173
2733182
2733198
2733200
2733213
2733225
2733232
2733248
2733254
2733269
2733276
2733281
2733305
2733318
2733337
2733343
2733351
2733366
2733379
2733384
2733392
2733408
2733414
2733427
2733439
2733440
2733453
2733462
2733471
2733486
2733495
2733506
2733512
2733521
2733533
2733549
2733557
2733568
2733570
2733594
2733609
2733617
2733624
2733646
2733652
2733663
2733675
2733680
2733691
2733707
2733710
2733728
2733735
2733744
2733761
2733772
2733783
2733799
2733803
2733811
2733822
2733836
2733845
2733867
2733874
2733889
2733890
2733902
2733915
2733923
2733930
2733941
2733959
2733964
2733977
2733988
2733996
2734006
2734021
2734033
2734049
2734057
2734068
2734070
2734085
2734094
2734103
2734122
2734136
2734145
2734158
2734167
2734174
2734189
2734190
2734214
2734227
2734239
2734240
2734253
2734262
2734271
2734286
2734295
2734307
2734310
2734328
2734335
2734356
2734361
2734372
2734383
2734399
2734400
2734413
2734425
2734432
2734448
2734454
2734469
2734481
2734497
2734501
2734519
2734526
2734534
2734542
2734560
2734578
2734587
2734593
2734602
2734615
2734623
2734630
2734641
2734659
2734664
2734677
2734688
2734696
2734705
2734718
2734720
2734737
2734751
2734766
2734779
2734784
2734792
2734804
2734816
2734829
2734831
2734847
2734850
2734865
2734873
2734882
2734898
2734909
2734917
2734924
2734938
2734946
2734952
2734963
2734975
2734980
2734991
2735005
2735018
2735020
2735037
2735043
2735051
2735079
2735084
2735092
2735107
2735110
2735128
2735135
2735144
2735156
2735161
2735172
2735183
2735199
2735206
2735212
2735221
2735233
2735249
2735257
2735268
2735270
2735285
2735294
2735301
2735319
2735326
2735334
2735342
2735355
2735360
2735378
2735387
2735417
2735424
2735446
2735452
2735463
2735475
2735480
2735491
2735500
2735513
2735525
2735532
2735548
2735554
2735569
2735576
2735581
2735597
2735614
2735627
2735640
2735653
2735662
2735686
2735695
2735704
2735716
2735729
2735731
2735747
2735750
2735765
2735773
2735782
2735798
2735802
2735815
2735823
2735830
2735841
2735859
2735864
2735877
2735888
2735896
2735903
2735911
2735922
2735936
2735945
2735958
2735974
2735989
2735990
2736029
2736047
2736050
2736065
2736073
2736082
2736098
2736101
2736119
2736134
2736142
2736155
2736160
2736178
2736187
2736193
2736205
2736220
2736237
2736243
2736251
2736266
2736279
2736284
2736292
2736300
2736313
2736325
2736348
2736354
2736369
2736376
2736381
2736397
2736403
2736411
2736422
2736445
2736458
2736467
2736474
2736489
2736490
2736509
2736517
2736538
2736552
2736563
2736575
2736580
2736591
2736612
2736621
2736633
2736649
2736657
2736668
2736670
2736685
2736694
2736702
2736715
2736723
2736730
2736741
2736759
2736764
2736777
2736788
2736796
2736808
2736827
2736839
2736840
2736853
2736862
2736886
2736895
2736907
2736910
2736928
2736935
2736944
2736956
2736961
2736972
2736983
2736999
2737000
2737013
2737025
2737048
2737054
2737069
2737076
2737081
2737097
2737115
2737123
2737130
2737141
2737159
2737164
2737177
2737188
2737196
2737217
2737224
2737238
2737252
2737263
2737275
2737280
2737291
2737304
2737316
2737329
2737331
2737347
2737350
2737365
2737373
2737382
2737398
2737406
2737412
2737421
2737433
2737449
2737457
2737470
2737485
2737494
2737505
2737518
2737537
2737543
2737551
2737579
2737584
2737592
2737603
2737611
2737622
2737645
2737658
2737667
2737674
2737689
2737690
2737701
2737719
2737726
2737734
2737742
2737755
2737760
2737778
2737793
2737807
2737810
2737828
2737835
2737844
2737861
2737883
2737899
2737908
2737914
2737927
2737939
2737940
2737953
2737962
2737971
2737986
2737995
2738002
2738015
2738023
2738041
2738059
2738064
2738077
2738088
2738096
2738100
2738113
2738125
2738132
2738148
2738154
2738169
2738176
2738181
2738197
2738204
2738216
2738229
2738231
2738247
2738250
2738265
2738273
2738282
2738298
2738309
2738317
2738324
2738338
2738346
2738352
2738363
2738375
2738380
2738391
2738407
2738410
2738428
2738435
2738444
2738456
2738472
2738483
2738499
2738503
2738511
2738522
2738536
2738545
2738558
2738567
2738574
2738589
2738590
2738605
2738618
2738620
2738637
2738643
2738651
2738666
2738684
2738692
2738708
2738714
2738739
2738740
2738753
2738762
2738771
2738786
2738795
2738806
2738812
2738821
2738833
2738849
2738857
2738868
2738870
2738885
2738894
2738919
2738926
2738934
2738942
2738955
2738960
2738978
2738987
2738993
2739007
2739010
2739035
2739044
2739056
2739061
2739072
2739083
2739099
2739105
2739118
2739120
2739137
2739143
2739151
2739166
2739179
2739184
2739192
2739201
2739219
2739234
2739242
2739255
2739260
2739278
2739287
2739293
2739312
2739321
2739349
2739357
2739370
2739385
2739394
2739402
2739415
2739430
2739441
2739459
2739464
2739477
2739488
2739496
2739508
2739514
2739527
2739539
2739540
2739553
2739562
2739571
2739586
2739595
2739600
2739613
2739632
2739648
2739669
2739676
2739681
2739697
2739703
2739711
2739722
2739736
2739745
2739758
2739767
2739774
2739789
2739790
2739809
2739817
2739824
2739846
2739852
2739863
2739880
2739891
2739904
2739916
2739929
2739931
2739947
2739950
2739965
2739973
2739982
2739998
2740008
2740014
2740027
2740039
2740053
2740062
2740071
2740086
2740095
2740109
2740117
2740124
2740138
2740146
2740152
2740163
2740175
2740180
2740191
2740202
2740215
2740223
2740230
2740241
2740259
2740264
2740277
2740296
2740303
2740311
2740322
2740336
2740345
2740358
2740367
2740374
2740389
2740390
2740401
2740419
2740426
2740434
2740442
2740455
2740478
2740487
2740493
2740507
2740528
2740535
2740544
2740556
2740561
2740572
2740583
2740599
2740604
2740616
2740629
2740650
2740665
2740673
2740682
2740698
2740706
2740712
2740721
2740733
2740749
2740768
2740770
2740785
2740805
2740818
2740820
2740837
2740843
2740851
2740866
2740879
2740884
2740892
2740900
2740913
2740925
2740932
2740948
2740954
2740969
2740976
2740981
2740997
2741006
2741012
2741021
2741033
2741057
2741068
2741070
2741085
2741094
2741103
2741111
2741122
2741136
2741145
2741158
2741167
2741174
2741189
2741208
2741214
2741227
2741239
2741240
2741253
2741262
2741271
2741286
2741295
2741307
2741310
2741328
2741335
2741344
2741356
2741361
2741372
2741383
2741399
2741400
2741413
2741425
2741448
2741454
2741469
2741476
2741481
2741497
2741501
2741519
2741526
2741534
2741542
2741555
2741578
2741587
2741593
2741602
2741615
2741623
2741630
2741641
2741659
2741664
2741688
2741696
2741718
2741720
2741737
2741743
2741751
2741766
2741779
2741784
2741792
2741804
2741816
2741829
2741831
2741847
2741850
2741865
2741873
2741882
2741898
2741909
2741917
2741924
2741946
2741963
2741975
2741980
2741991
2742003
2742011
2742022
2742036
2742045
2742058
2742067
2742074
2742089
2742090
2742106
2742112
2742121
2742133
2742149
2742157
2742168
2742170
2742185
2742194
2742207
2742210
2742228
2742235
2742244
2742256
2742261
2742272
2742283
2742299
2742308
2742314
2742327
2742340
2742353
2742362
2742371
2742386
2742395
2742404
2742429
2742431
2742447
2742450
2742473
2742482
2742498
2742502
2742515
2742523
2742541
2742559
2742564
2742577
2742588
2742596
2742619
2742626
2742634
2742642
2742655
2742678
2742687
2742709
2742717
2742724
2742738
2742746
2742752
2742763
2742775
2742780
2742791
2742800
2742813
2742825
2742848
2742854
2742876
2742881
2742897
2742905
2742918
2742920
2742937
2742943
2742951
2742966
2742979
2742984
2742992
2743004
2743016
2743029
2743031
2743047
2743050
2743065
2743073
2743082
2743098
2743101
2743119
2743126
2743134
2743142
2743155
2743160
2743178
2743187
2743193
2743205
2743218
2743220
2743237
2743243
2743251
2743279
2743284
2743292
2743300
2743313
2743325
2743332
2743348
2743354
2743369
2743376
2743381
2743397
2743403
2743411
2743422
2743436
2743445
2743458
2743467
2743474
2743489
2743490
2743509
2743524
2743538
2743546
2743552
2743563
2743575
2743580
2743591
2743606
2743612
2743633
2743649
2743657
2743668
2743694
2743702
2743715
2743723
2743730
2743741
2743759
2743764
2743796
2743808
2743814
2743827
2743840
2743853
2743862
2743871
2743886
2743895
2743907
2743910
2743928
2743935
2743944
2743961
2743972
2743999
2744009
2744024
2744038
2744046
2744063
2744075
2744080
2744091
2744108
2744114
2744127
2744139
2744140
2744153
2744162
2744171
2744186
2744203
2744211
2744222
2744236
2744245
2744258
2744267
2744274
2744289
2744290
2744315
2744323
2744330
2744341
2744364
2744377
2744388
2744396
2744405
2744418
2744420
2744437
2744443
2744451
2744466
2744479
2744484
2744492
2744504
2744516
2744529
2744531
2744547
2744550
2744565
2744573
2744582
2744598
2744607
2744610
2744628
2744635
2744644
2744656
2744661
2744672
2744683
2744699
2744700
2744713
2744725
2744732
2744748
2744754
2744776
2744781
2744797
2744819
2744826
2744834
2744842
2744855
2744860
2744878
2744887
2744893
2744906
2744912
2744921
2744949
2744957
2744968
2744970
2744985
2744994
2745000
2745013
2745025
2745032
2745048
2745054
2745069
2745076
2745097
2745102
2745115
2745123
2745130
2745141
2745159
2745164
2745177
2745188
2745209
2745224
2745238
2745246
2745252
2745275
2745280
2745291
2745304
2745316
2745329
2745331
2745347
2745365
2745373
2745382
2745398
2745406
2745412
2745421
2745433
2745457
2745468
2745470
2745494
2745505
2745518
2745520
2745537
2745543
2745551
2745566
2745579
2745584
2745592
2745603
2745611
2745622
2745636
2745645
2745658
2745689
2745690
2745701
2745719
2745726
2745734
2745742
2745755
2745760
2745778
2745787
2745807
2745810
2745828
2745835
2745844
2745856
2745861
2745872
2745883
2745899
2745908
2745914
2745927
2745939
2745940
2745953
2745962
2745971
2745986
2745995
2746001
2746026
2746034
2746042
2746055
2746060
2746078
2746087
2746093
2746104
2746116
2746129
2746131
2746147
2746150
2746165
2746173
2746182
2746198
2746200
2746213
2746225
2746232
2746248
2746254
2746269
2746276
2746281
2746305
2746318
2746320
2746337
2746343
2746351
2746366
2746379
2746384
2746392
2746408
2746414
2746427
2746439
2746440
2746453
2746462
2746471
2746495
2746506
2746512
2746521
2746533
2746549
2746557
2746570
2746585
2746594
2746609
2746617
2746624
2746638
2746646
2746652
2746663
2746675
2746680
2746691
2746707
2746710
2746728
2746735
2746744
2746756
2746761
2746772
2746783
2746799
2746803
2746811
2746822
2746836
2746845
2746858
2746867
2746874
2746890
2746902
2746915
2746923
2746930
2746941
2746959
2746964
2746977
2746988
2746996
2747005
2747020
2747043
2747051
2747066
2747079
2747084
2747092
2747107
2747128
2747135
2747144
2747156
2747161
2747172
2747183
2747199
2747206
2747212
2747221
2747233
2747249
2747257
2747268
2747270
2747285
2747294
2747301
2747319
2747334
2747342
2747360
2747378
2747387
2747393
2747409
2747417
2747424
2747438
2747446
2747452
2747463
2747475
2747491
2747500
2747525
2747532
2747548
2747554
2747569
2747576
2747581
2747597
2747614
2747639
2747640
2747653
2747662
2747686
2747695
2747704
2747716
2747729
2747731
2747747
2747750
2747765
2747773
2747782
2747798
2747815
2747823
2747830
2747841
2747859
2747864
2747877
2747888
2747896
2747903
2747911
2747922
2747936
2747945
2747958
2747967
2747974
2747989
2747990
2748007
2748010
2748028
2748035
2748044
2748056
2748061
2748072
2748083
2748099
2748105
2748118
2748120
2748137
2748143
2748151
2748166
2748179
2748184
2748201
2748219
2748226
2748234
2748242
2748255
2748278
2748287
2748293
2748306
2748312
2748321
2748333
2748349
2748357
2748368
2748370
2748385
2748394
2748402
2748415
2748423
2748441
2748459
2748464
2748477
2748488
2748496
2748508
2748514
2748527
2748539
2748540
2748553
2748562
2748571
2748586
2748595
2748600
2748613
2748625
2748632
2748654
2748669
2748676
2748681
2748697
2748703
2748711
2748722
2748736
2748745
2748758
2748767
2748774
2748789
2748790
2748809
2748817
2748824
2748838
2748846
2748863
2748875
2748880
2748891
2748904
2748916
2748929
2748931
2748947
2748950
2748965
2748973
2748998
2749002
2749015
2749023
2749030
2749041
2749059
2749064
2749077
2749088
2749096
2749100
2749113
2749125
2749132
2749148
2749154
2749169
2749176
2749181
2749197
2749204
2749216
2749229
2749231
2749247
2749250
2749265
2749273
2749282
2749298
2749309
2749317
2749324
2749338
2749352
2749363
2749375
2749380
2749391
2749407
2749410
2749428
2749435
2749444
2749456
2749461
2749472
2749483
2749503
2749511
2749522
2749545
2749558
2749567
2749589
2749590
2749605
2749618
2749620
2749637
2749643
2749651
2749666
2749679
2749684
2749692
2749708
2749714
2749727
2749739
2749753
2749762
2749771
2749786
2749795
2749806
2749812
2749821
2749833
2749849
2749857
2749868
2749870
2749885
2749901
2749919
2749926
2749934
2749942
2749955
2749960
2749978
2749987
2749993
2750004
2750016
2750029
2750031
2750047
2750050
2750073
2750098
2750119
2750126
2750134
2750142
2750155
2750160
2750178
2750187
2750193
2750205
2750218
2750220
2750237
2750243
2750251
2750266
2750279
2750284
2750292
2750300
2750313
2750325
2750332
2750348
2750354
2750369
2750381
2750397
2750403
2750411
2750422
2750436
2750445
2750458
2750467
2750474
2750489
2750490
2750509
2750517
2750524
2750546
2750552
2750563
2750575
2750580
2750591
2750606
2750612
2750621
2750633
2750649
2750657
2750668
2750670
2750694
2750702
2750715
2750723
2750730
2750741
2750759
2750764
2750777
2750788
2750796
2750808
2750814
2750839
2750853
2750862
2750871
2750886
2750895
2750907
2750910
2750928
2750935
2750956
2750961
2750983
2751002
2751015
2751023
2751030
2751041
2751059
2751064
2751077
2751088
2751096
2751100
2751113
2751125
2751132
2751148
2751154
2751169
2751181
2751197
2751204
2751216
2751229
2751231
2751247
2751250
2751265
2751273
2751282
2751298
2751309
2751317
2751324
2751346
2751352
2751363
2751375
2751380
2751391
2751407
2751410
2751428
2751435
2751461
2751472
2751483
2751499
2751503
2751511
2751522
2751536
2751545
2751558
2751567
2751574
2751589
2751590
2751605
2751618
2751620
2751637
2751643
2751651
2751666
2751684
2751692
2751708
2751714
2751727
2751739
2751740
2751753
2751762
2751771
2751786
2751795
2751812
2751821
2751833
2751849
2751868
2751870
2751885
2751894
2751901
2751919
2751926
2751934
2751955
2751960
2751978
2751987
2751993
2752000
2752013
2752025
2752032
2752048
2752069
2752076
2752081
2752097
2752102
2752115
2752123
2752130
2752141
2752159
2752164
2752177
2752188
2752196
2752209
2752217
2752224
2752238
2752246
2752252
2752263
2752280
2752291
2752304
2752316
2752329
2752331
2752347
2752350
2752365
2752373
2752382
2752398
2752406
2752412
2752421
2752433
2752449
2752457
2752468
2752470
2752485
2752494
2752505
2752518
2752520
2752537
2752551
2752566
2752579
2752584
2752592
2752603
2752611
2752622
2752636
2752645
2752667
2752674
2752689
2752690
2752701
2752719
2752726
2752734
2752742
2752755
2752778
2752787
2752793
2752807
2752810
2752828
2752835
2752856
2752861
2752872
2752883
2752899
2752908
2752927
2752939
2752940
2752962
2752971
2752986
2752995
2753006
2753012
2753021
2753033
2753049
2753057
2753068
2753070
2753085
2753094
2753103
2753111
2753145
2753158
2753167
2753174
2753189
2753190
2753214
2753227
2753239
2753240
2753253
2753262
2753286
2753295
2753307
2753310
2753328
2753335
2753344
2753356
2753361
2753372
2753383
2753399
2753400
2753413
2753425
2753432
2753448
2753454
2753476
2753481
2753497
2753501
2753519
2753526
2753534
2753542
2753555
2753560
2753578
2753587
2753593
2753602
2753615
2753623
2753630
2753641
2753659
2753664
2753677
2753688
2753696
2753718
2753720
2753737
2753743
2753751
2753766
2753779
2753784
2753816
2753829
2753831
2753847
2753850
2753865
2753873
2753882
2753898
2753909
2753917
2753924
2753946
2753952
2753963
2753975
2753980
2753991
2754001
2754019
2754026
2754034
2754042
2754055
2754060
2754078
2754087
2754104
2754116
2754129
2754131
2754147
2754150
2754165
2754182
2754198
2754200
2754213
2754225
2754232
2754248
2754254
2754269
2754276
2754281
2754297
2754305
2754320
2754337
2754343
2754351
2754366
2754379
2754384
2754392
2754408
2754414
2754427
2754439
2754440
2754453
2754462
2754486
2754495
2754506
2754512
2754521
2754533
2754549
2754557
2754570
2754585
2754594
2754609
2754617
2754624
2754638
2754675
2754680
2754691
2754707
2754710
2754728
2754735
2754744
2754756
2754761
2754772
2754803
2754811
2754822
2754845
2754858
2754867
2754874
2754889
2754890
2754902
2754915
2754930
2754941
2754959
2754964
2754977
2754996
2755007
2755010
2755028
2755035
2755056
2755061
2755072
2755083
2755099
2755118
2755120
2755137
2755143
2755166
2755179
2755184
2755201
2755219
2755226
2755234
2755242
2755255
2755260
2755278
2755287
2755293
2755306
2755312
2755321
2755333
2755357
2755370
2755385
2755394
2755402
2755415
2755423
2755430
2755441
2755459
2755464
2755477
2755488
2755496
2755508
2755514
2755527
2755539
2755553
2755562
2755571
2755586
2755595
2755600
2755613
2755625
2755632
2755648
2755654
2755669
2755676
2755681
2755697
2755703
2755711
2755722
2755736
2755745
2755758
2755767
2755774
2755790
2755809
2755817
2755824
2755838
2755846
2755852
2755863
2755875
2755880
2755891
2755904
2755916
2755929
2755931
2755947
2755950
2755965
2755973
2755998
2756003
2756011
2756022
2756045
2756058
2756067
2756074
2756089
2756106
2756112
2756121
2756133
2756157
2756170
2756194
2756207
2756210
2756235
2756244
2756256
2756261
2756272
2756283
2756299
2756308
2756340
2756353
2756362
2756371
2756386
2756395
2756404
2756416
2756429
2756431
2756447
2756450
2756465
2756473
2756482
2756498
2756502
2756515
2756523
2756530
2756541
2756559
2756564
2756577
2756588
2756596
2756634
2756678
2756687
2756693
2756709
2756717
2756724
2756738
2756752
2756763
2756775
2756780
2756791
2756800
2756813
2756825
2756848
2756854
2756869
2756876
2756881
2756897
2756905
2756918
2756920
2756937
2756966
2756979
2756984
2756992
2757008
2757014
2757027
2757039
2757040
2757053
2757062
2757071
2757086
2757095
2757117
2757138
2757152
2757163
2757175
2757180
2757191
2757202
2757215
2757223
2757230
2757241
2757264
2757277
2757296
2757303
2757311
2757336
2757345
2757358
2757374
2757389
2757401
2757419
2757426
2757434
2757455
2757460
2757478
2757487
2757493
2757507
2757510
2757528
2757535
2757544
2757556
2757561
2757572
2757583
2757599
2757604
2757616
2757629
2757631
2757647
2757650
2757673
2757682
2757698
2757706
2757712
2757721
2757733
2757749
2757757
2757768
2757770
2757785
2757794
2757805
2757818
2757820
2757837
2757843
2757851
2757866
2757879
2757884
2757892
2757900
2757913
2757925
2757932
2757948
2757954
2757976
2757981
2757997
2758009
2758017
2758038
2758046
2758052
2758063
2758075
2758080
2758108
2758114
2758127
2758140
2758153
2758162
2758171
2758195
2758203
2758211
2758222
2758236
2758245
2758258
2758267
2758289
2758290
2758302
2758323
2758330
2758341
2758359
2758364
2758377
2758388
2758396
2758405
2758420
2758437
2758443
2758451
2758479
2758484
2758492
2758504
2758516
2758529
2758531
2758547
2758550
2758565
2758573
2758582
2758598
2758607
2758610
2758628
2758635
2758644
2758656
2758661
2758672
2758683
2758699
2758700
2758713
2758725
2758748
2758754
2758769
2758776
2758781
2758801
2758819
2758826
2758834
2758842
2758855
2758860
2758878
2758887
2758893
2758906
2758912
2758921
2758933
2758949
2758957
2758968
2758970
2758985
2759005
2759018
2759020
2759037
2759043
2759051
2759066
2759079
2759084
2759092
2759107
2759110
2759128
2759135
2759144
2759156
2759161
2759172
2759183
2759199
2759206
2759212
2759221
2759233
2759249
2759257
2759268
2759270
2759285
2759294
2759301
2759319
2759326
2759334
2759342
2759360
2759378
2759387
2759393
2759409
2759417
2759424
2759438
2759446
2759452
2759475
2759480
2759491
2759500
2759525
2759532
2759548
2759554
2759569
2759576
2759581
2759597
2759608
2759614
2759627
2759639
2759640
2759653
2759662
2759671
2759695
2759704
2759729
2759731
2759747
2759750
2759765
2759773
2759782
2759798
2759802
2759815
2759823
2759830
2759841
2759859
2759864
2759877
2759888
2759896
2759903
2759911
2759922
2759936
2759945
2759967
2759974
2759989
2759990
2760012
2760021
2760033
2760049
2760057
2760068
2760070
2760085
2760094
2760103
2760111
2760136
2760145
2760158
2760167
2760174
2760189
2760190
2760208
2760214
2760227
2760240
2760253
2760262
2760271
2760286
2760307
2760310
2760328
2760335
2760344
2760356
2760361
2760372
2760400
2760432
2760448
2760454
2760469
2760476
2760481
2760497
2760501
2760519
2760526
2760534
2760542
2760560
2760578
2760587
2760593
2760602
2760615
2760623
2760641
2760664
2760677
2760688
2760696
2760705
2760718
2760720
2760737
2760743
2760751
2760766
2760779
2760784
2760792
2760804
2760816
2760829
2760831
2760847
2760865
2760873
2760882
2760898
2760909
2760917
2760924
2760938
2760946
2760952
2760963
2760975
2760980
2760991
2761005
2761018
2761020
2761037
2761043
2761051
2761066
2761079
2761084
2761092
2761110
2761128
2761135
2761144
2761156
2761161
2761172
2761183
2761199
2761206
2761212
2761221
2761233
2761249
2761268
2761270
2761285
2761294
2761319
2761326
2761334
2761342
2761360
2761378
2761387
2761393
2761409
2761417
2761424
2761438
2761446
2761452
2761463
2761475
2761480
2761491
2761500
2761525
2761532
2761548
2761554
2761569
2761576
2761581
2761597
2761608
2761627
2761639
2761640
2761662
2761671
2761686
2761704
2761716
2761729
2761731
2761747
2761750
2761765
2761773
2761798
2761802
2761823
2761830
2761841
2761859
2761864
2761877
2761888
2761896
2761903
2761911
2761922
2761936
2761945
2761958
2761967
2761974
2761989
2761990
2762007
2762010
2762028
2762035
2762044
2762056
2762061
2762072
2762083
2762099
2762105
2762118
2762120
2762137
2762151
2762166
2762179
2762184
2762192
2762201
2762226
2762234
2762242
2762255
2762260
2762278
2762287
2762293
2762306
2762312
2762321
2762333
2762349
2762368
2762370
2762385
2762394
2762402
2762415
2762430
2762441
2762459
2762464
2762488
2762496
2762508
2762527
2762540
2762553
2762562
2762571
2762586
2762595
2762600
2762613
2762625
2762632
2762648
2762654
2762669
2762676
2762681
2762697
2762703
2762711
2762722
2762736
2762745
2762758
2762767
2762774
2762790
2762809
2762817
2762824
2762838
2762846
2762863
2762875
2762880
2762904
2762916
2762929
2762931
2762950
2762965
2762973
2762982
2762998
2763002
2763015
2763023
2763030
2763041
2763059
2763064
2763077
2763088
2763096
2763100
2763125
2763132
2763148
2763154
2763169
2763176
2763197
2763229
2763231
2763247
2763250
2763265
2763273
2763282
2763298
2763317
2763324
2763338
2763346
2763352
2763363
2763380
2763391
2763407
2763410
2763428
2763435
2763456
2763472
2763483
2763499
2763503
2763511
2763522
2763536
2763558
2763567
2763574
2763590
2763605
2763618
2763620
2763637
2763643
2763666
2763679
2763684
2763692
2763727
2763739
2763740
2763753
2763762
2763771
2763786
2763795
2763806
2763812
2763821
2763833
2763868
2763870
2763885
2763894
2763901
2763919
2763926
2763942
2763955
2763960
2763978
2763987
2763993
2764003
2764022
2764036
2764045
2764067
2764074
2764089
2764106
2764121
2764133
2764149
2764170
2764194
2764207
2764210
2764228
2764235
2764256
2764261
2764272
2764283
2764299
2764308
2764314
2764327
2764339
2764340
2764353
2764362
2764371
2764386
2764395
2764404
2764416
2764429
2764431
2764447
2764450
2764465
2764473
2764482
2764498
2764502
2764515
2764523
2764530
2764541
2764559
2764564
2764577
2764588
2764596
2764601
2764619
2764626
2764634
2764642
2764655
2764678
2764687
2764693
2764709
2764717
2764724
2764738
2764746
2764752
2764763
2764775
2764780
2764791
2764800
2764813
2764825
2764832
2764848
2764854
2764869
2764876
2764881
2764897
2764905
2764918
2764920
2764937
2764943
2764951
2764966
2764979
2764984
2764992
2765009
2765017
2765024
2765038
2765046
2765052
2765063
2765075
2765080
2765091
2765108
2765114
2765127
2765139
2765140
2765153
2765162
2765171
2765186
2765195
2765203
2765222
2765236
2765245
2765267
2765274
2765290
2765302
2765315
2765323
2765330
2765341
2765359
2765364
2765377
2765388
2765396
2765405
2765418
2765420
2765443
2765451
2765466
2765479
2765484
2765492
2765504
2765516
2765529
2765531
2765547
2765550
2765565
2765573
2765582
2765598
2765607
2765610
2765628
2765635
2765644
2765656
2765661
2765672
2765683
2765699
2765700
2765713
2765725
2765732
2765748
2765754
2765769
2765776
2765797
2765801
2765819
2765826
2765834
2765842
2765860
2765878
2765893
2765906
2765912
2765921
2765933
2765957
2765968
2765970
2765985
2765994
2766000
2766013
2766025
2766032
2766048
2766054
2766081
2766097
2766102
2766115
2766123
2766130
2766141
2766159
2766164
2766177
2766188
2766196
2766209
2766217
2766224
2766238
2766246
2766252
2766263
2766275
2766280
2766291
2766304
2766329
2766331
2766347
2766350
2766373
2766382
2766398
2766412
2766421
2766433
2766449
2766457
2766468
2766470
2766485
2766494
2766505
2766518
2766537
2766543
2766551
2766566
2766579
2766584
2766592
2766603
2766611
2766622
2766636
2766645
2766658
2766667
2766689
2766690
2766701
2766726
2766734
2766742
2766760
2766778
2766787
2766793
2766810
2766828
2766844
2766856
2766861
2766872
2766883
2766899
2766908
2766914
2766927
2766939
2766940
2766953
2766971
2766986
2766995
2767004
2767016
2767029
2767031
2767047
2767050
2767065
2767073
2767082
2767098
2767101
2767119
2767134
2767142
2767155
2767160
2767178
2767187
2767193
2767205
2767220
2767237
2767243
2767251
2767266
2767279
2767284
2767292
2767300
2767313
2767325
2767332
2767348
2767369
2767376
2767381
2767397
2767403
2767411
2767422
2767436
2767445
2767458
2767467
2767474
2767489
2767490
2767509
2767517
2767538
2767546
2767552
2767563
2767575
2767580
2767591
2767606
2767612
2767621
2767633
2767649
2767657
2767670
2767685
2767694
2767702
2767715
2767723
2767730
2767741
2767759
2767764
2767777
2767788
2767796
2767808
2767814
2767827
2767839
2767840
2767853
2767862
2767871
2767886
2767895
2767907
2767910
2767928
2767935
2767944
2767956
2767961
2767972
2767983
2767999
2768019
2768026
2768034
2768042
2768055
2768060
2768078
2768087
2768093
2768116
2768129
2768131
2768147
2768150
2768165
2768182
2768198
2768200
2768213
2768225
2768232
2768248
2768254
2768269
2768276
2768281
2768297
2768305
2768318
2768337
2768343
2768351
2768366
2768379
2768384
2768392
2768408
2768414
2768427
2768439
2768440
2768462
2768471
2768495
2768506
2768512
2768521
2768533
2768549
2768557
2768568
2768570
2768585
2768594
2768609
2768617
2768624
2768638
2768652
2768663
2768675
2768680
2768707
2768710
2768735
2768744
2768756
2768761
2768772
2768783
2768799
2768811
2768822
2768836
2768845
2768858
2768867
2768874
2768889
2768890
2768902
2768915
2768923
2768930
2768964
2768977
2768988
2769014
2769027
2769039
2769040
2769062
2769086
2769095
2769109
2769117
2769124
2769138
2769152
2769163
2769175
2769180
2769191
2769202
2769215
2769223
2769230
2769241
2769259
2769264
2769277
2769296
2769303
2769311
2769322
2769336
2769345
2769358
2769367
2769374
2769390
2769401
2769419
2769426
2769442
2769455
2769478
2769487
2769493
2769507
2769510
2769528
2769535
2769544
2769561
2769572
2769583
2769599
2769604
2769616
2769631
2769647
2769650
2769665
2769682
2769698
2769706
2769712
2769721
2769733
2769749
2769757
2769768
2769770
2769785
2769794
2769805
2769818
2769820
2769837
2769843
2769851
2769866
2769879
2769884
2769892
2769900
2769925
2769932
2769948
2769954
2769969
2769976
2769981
2770001
2770019
2770026
2770034
2770042
2770055
2770060
2770078
2770087
2770093
2770104
2770116
2770129
2770131
2770165
2770173
2770182
2770198
2770200
2770213
2770225
2770232
2770248
2770254
2770269
2770276
2770281
2770305
2770318
2770320
2770343
2770351
2770366
2770379
2770384
2770392
2770408
2770414
2770427
2770439
2770440
2770453
2770462
2770486
2770495
2770506
2770512
2770521
2770533
2770549
2770557
2770568
2770570
2770594
2770609
2770617
2770624
2770638
2770646
2770652
2770663
2770675
2770680
2770691
2770707
2770710
2770728
2770735
2770744
2770756
2770761
2770772
2770783
2770799
2770803
2770811
2770822
2770836
2770845
2770858
2770867
2770874
2770889
2770890
2770902
2770915
2770923
2770930
2770941
2770959
2770964
2770977
2770988
2770996
2771007
2771010
2771035
2771044
2771056
2771061
2771072
2771083
2771105
2771118
2771120
2771137
2771143
2771151
2771166
2771179
2771184
2771192
2771201
2771219
2771226
2771234
2771242
2771255
2771260
2771278
2771293
2771306
2771312
2771321
2771333
2771349
2771357
2771368
2771370
2771394
2771402
2771415
2771423
2771430
2771441
2771459
2771464
2771477
2771488
2771496
2771508
2771514
2771527
2771540
2771553
2771562
2771571
2771586
2771595
2771613
2771632
2771648
2771654
2771669
2771676
2771681
2771697
2771703
2771711
2771722
2771736
2771745
2771758
2771767
2771774
2771789
2771790
2771809
2771817
2771824
2771838
2771846
2771852
2771863
2771875
2771880
2771891
2771916
2771929
2771931
2771947
2771950
2771965
2771973
2771982
2771998
2772005
2772018
2772037
2772043
2772051
2772066
2772079
2772084
2772092
2772107
2772110
2772128
2772156
2772161
2772172
2772183
2772199
2772206
2772212
2772221
2772233
2772249
2772257
2772268
2772270
2772301
2772319
2772326
2772334
2772342
2772355
2772360
2772378
2772387
2772409
2772417
2772424
2772438
2772446
2772452
2772463
2772475
2772480
2772491
2772500
2772513
2772525
2772532
2772548
2772554
2772569
2772576
2772581
2772597
2772608
2772614
2772627
2772639
2772640
2772653
2772662
2772671
2772686
2772695
2772716
2772729
2772731
2772747
2772750
2772765
2772773
2772782
2772798
2772802
2772815
2772823
2772841
2772859
2772877
2772888
2772903
2772911
2772922
2772936
2772945
2772958
2772974
2772989
2772990
2773009
2773017
2773024
2773046
2773063
2773075
2773080
2773091
2773108
2773114
2773127
2773139
2773140
2773153
2773162
2773171
2773186
2773195
2773203
2773211
2773222
2773236
2773245
2773258
2773267
2773274
2773289
2773290
2773302
2773315
2773323
2773330
2773341
2773359
2773377
2773388
2773418
2773420
2773437
2773451
2773466
2773479
2773484
2773492
2773504
2773516
2773529
2773531
2773547
2773550
2773565
2773573
2773582
2773598
2773607
2773628
2773635
2773644
2773656
2773661
2773672
2773683
2773699
2773700
2773725
2773732
2773754
2773769
2773776
2773781
2773797
2773801
2773819
2773826
2773842
2773855
2773860
2773878
2773887
2773893
2773906
2773912
2773921
2773933
2773949
2773957
2773968
2773970
2773985
2773994
2774004
2774016
2774029
2774031
2774047
2774050
2774065
2774073
2774082
2774101
2774119
2774126
2774134
2774142
2774155
2774160
2774178
2774187
2774193
2774205
2774218
2774220
2774237
2774251
2774266
2774279
2774284
2774292
2774300
2774313
2774325
2774332
2774348
2774354
2774376
2774381
2774397
2774403
2774411
2774422
2774436
2774445
2774467
2774474
2774489
2774490
2774517
2774524
2774538
2774546
2774552
2774563
2774575
2774580
2774591
2774606
2774612
2774621
2774633
2774649
2774657
2774668
2774670
2774685
2774694
2774702
2774715
2774723
2774730
2774759
2774764
2774777
2774788
2774796
2774808
2774814
2774827
2774839
2774840
2774853
2774862
2774871
2774895
2774907
2774910
2774928
2774944
2774956
2774961
2774972
2774983
2774999
2775002
2775015
2775023
2775041
2775059
2775064
2775077
2775088
2775096
2775100
2775113
2775125
2775132
2775169
2775176
2775181
2775197
2775204
2775216
2775229
2775231
2775247
2775265
2775273
2775282
2775298
2775309
2775317
2775324
2775338
2775346
2775352
2775363
2775375
2775380
2775391
2775407
2775410
2775428
2775435
2775444
2775456
2775461
2775472
2775499
2775503
2775522
2775536
2775545
2775558
2775567
2775574
2775589
2775605
2775618
2775637
2775643
2775651
2775666
2775679
2775684
2775692
2775708
2775714
2775727
2775739
2775740
2775753
2775762
2775771
2775786
2775795
2775806
2775812
2775821
2775833
2775857
2775868
2775870
2775885
2775894
2775901
2775919
2775926
2775942
2775955
2775960
2775978
2775987
2775993
2776008
2776014
2776027
2776039
2776040
2776053
2776062
2776071
2776086
2776095
2776109
2776117
2776124
2776138
2776146
2776163
2776175
2776180
2776191
2776202
2776215
2776223
2776230
2776241
2776259
2776277
2776288
2776296
2776303
2776311
2776322
2776336
2776345
2776358
2776367
2776374
2776389
2776390
2776401
2776419
2776426
2776434
2776442
2776455
2776460
2776478
2776487
2776493
2776507
2776510
2776528
2776535
2776544
2776556
2776561
2776583
2776604
2776616
2776629
2776631
2776647
2776650
2776665
2776673
2776682
2776698
2776706
2776712
2776721
2776733
2776757
2776768
2776770
2776785
2776794
2776805
2776818
2776820
2776837
2776843
2776851
2776866
2776879
2776884
2776892
2776900
2776913
2776925
2776948
2776954
2776969
2776976
2776981
2776997
2777003
2777011
2777022
2777036
2777045
2777058
2777067
2777074
2777089
2777090
2777106
2777112
2777121
2777133
2777149
2777168
2777170
2777185
2777194
2777207
2777210
2777235
2777256
2777261
2777272
2777283
2777299
2777308
2777314
2777327
2777339
2777340
2777353
2777362
2777371
2777395
2777404
2777429
2777431
2777447
2777450
2777465
2777473
2777482
2777498
2777502
2777515
2777523
2777530
2777559
2777564
2777588
2777596
2777601
2777619
2777634
2777642
2777655
2777660
2777678
2777687
2777693
2777709
2777717
2777724
2777738
2777746
2777752
2777763
2777775
2777780
2777791
2777800
2777813
2777825
2777832
2777848
2777854
2777869
2777876
2777881
2777897
2777905
2777918
2777943
2777951
2777966
2777979
2777984
2777992
2778006
2778012
2778021
2778033
2778049
2778057
2778068
2778070
2778085
2778094
2778103
2778111
2778122
2778136
2778158
2778167
2778174
2778189
2778190
2778208
2778214
2778227
2778239
2778240
2778253
2778262
2778271
2778286
2778295
2778307
2778310
2778328
2778335
2778344
2778356
2778361
2778372
2778383
2778399
2778400
2778413
2778425
2778448
2778454
2778469
2778476
2778481
2778497
2778501
2778519
2778526
2778534
2778542
2778555
2778560
2778578
2778587
2778593
2778602
2778615
2778623
2778630
2778641
2778664
2778677
2778688
2778696
2778705
2778720
2778737
2778743
2778751
2778766
2778779
2778792
2778804
2778816
2778829
2778831
2778847
2778850
2778865
2778873
2778898
2778909
2778917
2778924
2778938
2778946
2778952
2778963
2778975
2778980
2778991
2779000
2779025
2779032
2779054
2779069
2779076
2779081
2779097
2779115
2779123
2779130
2779141
2779159
2779164
2779177
2779188
2779209
2779217
2779224
2779246
2779252
2779263
2779275
2779280
2779291
2779304
2779316
2779329
2779331
2779347
2779350
2779365
2779373
2779382
2779398
2779406
2779412
2779421
2779433
2779449
2779468
2779470
2779485
2779494
2779505
2779518
2779520
2779537
2779543
2779551
2779566
2779579
2779584
2779592
2779603
2779611
2779622
2779645
2779658
2779667
2779674
2779689
2779690
2779701
2779719
2779726
2779734
2779742
2779755
2779760
2779778
2779787
2779807
2779810
2779828
2779835
2779844
2779856
2779861
2779872
2779883
2779899
2779908
2779914
2779927
2779939
2779940
2779953
2779962
2779971
2779986
2779995
2780017
2780024
2780038
2780046
2780052
2780063
2780075
2780080
2780091
2780108
2780114
2780127
2780139
2780140
2780153
2780162
2780171
2780186
2780195
2780203
2780211
2780222
2780236
2780245
2780258
2780267
2780274
2780289
2780290
2780302
2780323
2780330
2780341
2780359
2780364
2780377
2780388
2780396
2780418
2780420
2780437
2780443
2780451
2780466
2780479
2780484
2780492
2780504
2780516
2780529
2780531
2780547
2780565
2780573
2780582
2780598
2780607
2780610
2780628
2780644
2780656
2780661
2780672
2780683
2780699
2780700
2780713
2780725
2780732
2780748
2780754
2780769
2780776
2780781
2780797
2780801
2780819
2780826
2780834
2780855
2780860
2780878
2780887
2780893
2780906
2780912
2780933
2780949
2780957
2780968
2780970
2780994
2781000
2781013
2781025
2781048
2781054
2781069
2781081
2781097
2781102
2781115
2781123
2781130
2781141
2781159
2781164
2781177
2781196
2781209
2781217
2781238
2781246
2781252
2781263
2781275
2781280
2781291
2781304
2781316
2781329
2781331
2781347
2781350
2781365
2781373
2781382
2781398
2781406
2781412
2781421
2781433
2781449
2781457
2781468
2781470
2781485
2781494
2781505
2781518
2781520
2781537
2781543
2781551
2781566
2781579
2781584
2781592
2781603
2781611
2781645
2781658
2781667
2781674
2781689
2781701
2781719
2781726
2781734
2781742
2781755
2781760
2781778
2781787
2781793
2781807
2781828
2781835
2781844
2781856
2781861
2781872
2781883
2781899
2781908
2781914
2781927
2781939
2781940
2781953
2781962
2781971
2781986
2781995
2782002
2782015
2782023
2782030
2782041
2782059
2782064
2782077
2782088
2782100
2782113
2782125
2782132
2782169
2782181
2782197
2782204
2782216
2782231
2782247
2782250
2782282
2782298
2782309
2782317
2782324
2782338
2782346
2782352
2782363
2782375
2782391
2782407
2782410
2782428
2782435
2782444
2782456
2782472
2782483
2782499
2782503
2782511
2782522
2782536
2782545
2782558
2782567
2782589
2782590
2782605
2782618
2782620
2782637
2782643
2782651
2782666
2782679
2782684
2782692
2782708
2782714
2782727
2782740
2782762
2782771
2782786
2782806
2782812
2782821
2782833
2782849
2782857
2782868
2782885
2782894
2782901
2782919
2782926
2782934
2782942
2782955
2782978
2782987
2783007
2783010
2783035
2783044
2783056
2783083
2783099
2783105
2783118
2783137
2783143
2783151
2783166
2783192
2783201
2783219
2783226
2783234
2783242
2783255
2783260
2783278
2783287
2783293
2783306
2783312
2783321
2783333
2783349
2783357
2783368
2783370
2783394
2783402
2783415
2783423
2783459
2783464
2783477
2783488
2783496
2783508
2783514
2783540
2783553
2783562
2783595
2783600
2783613
2783625
2783632
2783648
2783654
2783669
2783676
2783681
2783697
2783703
2783711
2783722
2783736
2783745
2783758
2783767
2783774
2783789
2783790
2783809
2783817
2783824
2783846
2783852
2783863
2783875
2783891
2783904
2783916
2783929
2783931
2783947
2783950
2783973
2783982
2783998
2784008
2784014
2784027
2784039
2784040
2784062
2784071
2784086
2784095
2784109
2784117
2784124
2784138
2784146
2784152
2784163
2784175
2784180
2784191
2784215
2784223
2784230
2784241
2784259
2784264
2784277
2784288
2784296
2784303
2784311
2784322
2784336
2784345
2784358
2784367
2784374
2784389
2784390
2784401
2784419
2784426
2784434
2784442
2784455
2784460
2784478
2784487
2784493
2784507
2784510
2784528
2784535
2784544
2784556
2784561
2784572
2784583
2784604
2784616
2784629
2784631
2784647
2784650
2784665
2784673
2784682
2784698
2784706
2784712
2784721
2784733
2784749
2784757
2784768
2784770
2784785
2784794
2784805
2784818
2784820
2784843
2784851
2784866
2784879
2784892
2784900
2784925
2784932
2784948
2784969
2784976
2784981
2784997
2785006
2785012
2785021
2785033
2785049
2785057
2785068
2785070
2785085
2785094
2785103
2785111
2785122
2785136
2785145
2785158
2785167
2785174
2785189
2785190
2785208
2785214
2785227
2785239
2785240
2785253
2785262
2785286
2785295
2785307
2785310
2785328
2785335
2785344
2785356
2785361
2785372
2785383
2785399
2785400
2785413
2785425
2785432
2785448
2785454
2785469
2785476
2785481
2785497
2785501
2785519
2785526
2785542
2785555
2785560
2785578
2785587
2785593
2785615
2785623
2785630
2785641
2785659
2785664
2785688
2785696
2785705
2785720
2785737
2785743
2785751
2785766
2785779
2785784
2785792
2785804
2785816
2785829
2785831
2785847
2785850
2785865
2785873
2785882
2785898
2785909
2785917
2785938
2785946
2785952
2785963
2785975
2785980
2785991
2786005
2786018
2786020
2786037
2786043
2786051
2786066
2786079
2786084
2786092
2786107
2786110
2786128
2786135
2786144
2786156
2786161
2786172
2786183
2786199
2786206
2786212
2786221
2786233
2786249
2786257
2786268
2786270
2786285
2786294
2786301
2786334
2786342
2786355
2786360
2786378
2786387
2786393
2786409
2786417
2786424
2786438
2786446
2786452
2786463
2786475
2786480
2786491
2786500
2786525
2786532
2786548
2786554
2786569
2786576
2786581
2786597
2786614
2786627
2786640
2786653
2786662
2786671
2786695
2786704
2786716
2786731
2786747
2786750
2786765
2786773
2786782
2786798
2786802
2786815
2786823
2786830
2786841
2786859
2786864
2786877
2786888
2786896
2786903
2786911
2786922
2786936
2786945
2786958
2786967
2786974
2786989
2786990
2787001
2787019
2787026
2787034
2787042
2787055
2787060
2787078
2787087
2787093
2787116
2787129
2787131
2787147
2787165
2787173
2787198
2787200
2787213
2787225
2787232
2787254
2787269
2787276
2787281
2787297
2787305
2787318
2787320
2787343
2787366
2787379
2787384
2787392
2787408
2787427
2787439
2787440
2787453
2787462
2787471
2787486
2787495
2787506
2787512
2787521
2787549
2787557
2787568
2787570
2787585
2787594
2787609
2787617
2787624
2787638
2787646
2787652
2787663
2787675
2787680
2787691
2787707
2787710
2787728
2787735
2787744
2787756
2787761
2787772
2787783
2787799
2787803
2787811
2787836
2787845
2787858
2787867
2787874
2787889
2787890
2787902
2787915
2787923
2787930
2787941
2787959
2787964
2787977
2787988
2787996
2788004
2788029
2788031
2788047
2788050
2788065
2788073
2788082
2788098
2788101
2788119
2788126
2788134
2788142
2788155
2788187
2788193
2788205
2788218
2788220
2788237
2788243
2788251
2788266
2788279
2788284
2788292
2788300
2788313
2788325
2788332
2788348
2788354
2788369
2788376
2788381
2788403
2788411
2788422
2788436
2788445
2788458
2788467
2788474
2788489
2788509
2788517
2788524
2788546
2788552
2788563
2788575
2788580
2788591
2788606
2788612
2788621
2788633
2788649
2788657
2788668
2788670
2788685
2788694
2788702
2788715
2788723
2788730
2788741
2788759
2788764
2788777
2788796
2788808
2788814
2788827
2788839
2788840
2788853
2788862
2788871
2788895
2788907
2788910
2788928
2788935
2788944
2788956
2788961
2788983
2788999
2789003
2789011
2789022
2789036
2789045
2789058
2789067
2789074
2789089
2789090
2789106
2789112
2789121
2789133
2789149
2789157
2789168
2789170
2789185
2789194
2789207
2789210
2789228
2789235
2789244
2789256
2789261
2789272
2789283
2789299
2789308
2789339
2789340
2789353
2789362
2789386
2789395
2789404
2789416
2789429
2789431
2789447
2789450
2789465
2789482
2789515
2789523
2789530
2789541
2789559
2789564
2789577
2789588
2789596
2789619
2789626
2789634
2789642
2789655
2789660
2789678
2789687
2789693
2789709
2789717
2789724
2789746
2789752
2789763
2789775
2789780
2789791
2789800
2789813
2789825
2789832
2789848
2789854
2789869
2789876
2789881
2789897
2789905
2789918
2789920
2789943
2789951
2789966
2789979
2789984
2789992
2790007
2790010
2790028
2790035
2790044
2790056
2790061
2790072
2790083
2790099
2790105
2790118
2790120
2790137
2790143
2790151
2790166
2790179
2790184
2790192
2790201
2790219
2790226
2790234
2790242
2790255
2790278
2790287
2790293
2790306
2790312
2790321
2790333
2790349
2790357
2790368
2790385
2790394
2790402
2790415
2790423
2790430
2790459
2790464
2790477
2790488
2790508
2790514
2790527
2790539
2790540
2790553
2790562
2790571
2790586
2790595
2790600
2790613
2790625
2790632
2790654
2790669
2790676
2790681
2790697
2790703
2790711
2790722
2790736
2790745
2790758
2790767
2790774
2790789
2790790
2790809
2790838
2790852
2790863
2790875
2790880
2790891
2790904
2790916
2790929
2790931
2790947
2790950
2790965
2790973
2790982
2790998
2791003
2791011
2791022
2791036
2791058
2791067
2791074
2791089
2791106
2791121
2791133
2791149
2791157
2791168
2791170
2791185
2791194
2791207
2791210
2791235
2791244
2791256
2791261
2791272
2791283
2791299
2791308
2791314
2791327
2791339
2791340
2791353
2791362
2791371
2791386
2791395
2791404
2791416
2791429
2791431
2791447
2791450
2791465
2791473
2791482
2791498
2791502
2791515
2791523
2791530
2791559
2791564
2791577
2791588
2791596
2791601
2791619
2791626
2791634
2791642
2791655
2791660
2791678
2791687
2791693
2791709
2791717
2791724
2791738
2791746
2791752
2791763
2791775
2791780
2791791
2791800
2791813
2791825
2791832
2791848
2791854
2791869
2791897
2791905
2791918
2791937
2791943
2791951
2791966
2791984
2791992
2792012
2792021
2792033
2792049
2792068
2792070
2792085
2792094
2792111
2792122
2792136
2792145
2792158
2792167
2792174
2792189
2792190
2792208
2792214
2792227
2792239
2792240
2792253
2792271
2792286
2792295
2792310
2792335
2792344
2792356
2792361
2792372
2792399
2792413
2792425
2792432
2792448
2792469
2792476
2792481
2792497
2792501
2792519
2792526
2792542
2792555
2792560
2792587
2792593
2792602
2792615
2792623
2792641
2792659
2792664
2792677
2792688
2792696
2792720
2792737
2792743
2792766
2792779
2792792
2792804
2792829
2792850
2792865
2792873
2792882
2792909
2792917
2792924
2792938
2792946
2792952
2792963
2792975
2792980
2793000
2793025
2793032
2793048
2793054
2793069
2793076
2793081
2793097
2793102
2793115
2793123
2793130
2793141
2793159
2793164
2793188
2793196
2793209
2793217
2793224
2793238
2793246
2793252
2793263
2793275
2793280
2793291
2793304
2793316
2793331
2793347
2793350
2793365
2793373
2793382
2793398
2793406
2793412
2793421
2793433
2793449
2793457
2793468
2793470
2793485
2793494
2793505
2793518
2793520
2793537
2793543
2793551
2793566
2793579
2793584
2793592
2793603
2793611
2793622
2793636
2793645
2793658
2793667
2793689
2793690
2793701
2793719
2793726
2793734
2793742
2793755
2793760
2793778
2793787
2793793
2793807
2793810
2793828
2793835
2793844
2793856
2793861
2793872
2793883
2793899
2793908
2793914
2793927
2793939
2793940
2793953
2793962
2793971
2793986
2793995
2794005
2794018
2794020
2794037
2794051
2794066
2794079
2794107
2794110
2794128
2794144
2794156
2794161
2794172
2794183
2794199
2794206
2794212
2794221
2794233
2794249
2794257
2794268
2794285
2794294
2794301
2794319
2794326
2794334
2794342
2794355
2794360
2794378
2794387
2794393
2794409
2794417
2794424
2794438
2794446
2794452
2794463
2794475
2794480
2794491
2794500
2794513
2794532
2794554
2794569
2794576
2794581
2794597
2794608
2794614
2794627
2794639
2794640
2794653
2794662
2794671
2794686
2794695
2794716
2794729
2794731
2794747
2794750
2794765
2794773
2794782
2794798
2794802
2794815
2794830
2794841
2794859
2794864
2794877
2794888
2794896
2794903
2794911
2794922
2794936
2794945
2794958
2794967
2794974
2794989
2794990
2795004
2795016
2795031
2795047
2795065
2795082
2795098
2795101
2795119
2795126
2795134
2795155
2795160
2795178
2795187
2795193
2795205
2795218
2795220
2795237
2795243
2795251
2795266
2795279
2795284
2795292
2795313
2795332
2795348
2795354
2795369
2795376
2795381
2795397
2795403
2795411
2795422
2795436
2795445
2795458
2795467
2795474
2795489
2795490
2795509
2795517
2795538
2795546
2795552
2795563
2795575
2795580
2795591
2795606
2795612
2795621
2795633
2795649
2795657
2795668
2795670
2795685
2795694
2795702
2795715
2795723
2795730
2795741
2795759
2795764
2795777
2795788
2795808
2795814
2795827
2795839
2795840
2795853
2795862
2795886
2795895
2795907
2795910
2795928
2795935
2795944
2795956
2795961
2795972
2795983
2795999
2796002
2796015
2796023
2796030
2796041
2796059
2796077
2796088
2796096
2796100
2796113
2796125
2796132
2796154
2796169
2796176
2796197
2796204
2796229
2796231
2796247
2796250
2796265
2796282
2796298
2796309
2796317
2796324
2796338
2796346
2796352
2796363
2796410
2796428
2796435
2796456
2796461
2796483
2796503
2796511
2796522
2796536
2796558
2796567
2796574
2796589
2796590
2796605
2796618
2796620
2796643
2796651
2796666
2796679
2796684
2796692
2796708
2796714
2796727
2796739
2796740
2796762
2796771
2796786
2796795
2796806
2796812
2796821
2796833
2796849
2796857
2796868
2796870
2796885
2796894
2796901
2796919
2796926
2796934
2796942
2796955
2796960
2796978
2796987
2796993
2797009
2797017
2797046
2797052
2797063
2797075
2797080
2797091
2797108
2797114
2797127
2797139
2797153
2797162
2797186
2797195
2797203
2797211
2797222
2797236
2797245
2797258
2797267
2797274
2797289
2797290
2797315
2797323
2797330
2797341
2797359
2797364
2797377
2797388
2797418
2797420
2797437
2797443
2797451
2797466
2797479
2797484
2797492
2797504
2797516
2797529
2797531
2797547
2797565
2797573
2797582
2797598
2797607
2797610
2797628
2797635
2797644
2797656
2797661
2797672
2797683
2797699
2797700
2797713
2797725
2797732
2797748
2797754
2797769
2797776
2797781
2797797
2797801
2797819
2797826
2797834
2797855
2797860
2797878
2797893
2797906
2797912
2797921
2797933
2797949
2797957
2797968
2797970
2797985
2797994
2798008
2798027
2798039
2798040
2798053
2798062
2798071
2798086
2798095
2798109
2798117
2798124
2798138
2798146
2798152
2798163
2798175
2798180
2798191
2798202
2798215
2798223
2798230
2798241
2798259
2798264
2798277
2798288
2798296
2798303
2798311
2798322
2798336
2798345
2798358
2798367
2798389
2798390
2798401
2798419
2798426
2798434
2798442
2798455
2798460
2798478
2798487
2798493
2798507
2798510
2798528
2798544
2798556
2798572
2798583
2798599
2798604
2798616
2798629
2798631
2798647
2798650
2798665
2798673
2798698
2798706
2798712
2798721
2798733
2798757
2798768
2798770
2798785
2798794
2798805
2798818
2798820
2798837
2798843
2798851
2798866
2798879
2798884
2798892
2798900
2798913
2798925
2798932
2798948
2798954
2798969
2798976
2798981
2798997
2799001
2799019
2799026
2799034
2799042
2799055
2799060
2799078
2799087
2799093
2799104
2799116
2799129
2799131
2799147
2799150
2799165
2799182
2799198
2799200
2799213
2799225
2799232
2799254
2799269
2799276
2799281
2799305
2799318
2799320
2799337
2799351
2799366
2799379
2799384
2799392
2799408
2799414
2799427
2799439
2799440
2799453
2799462
2799471
2799486
2799495
2799506
2799512
2799521
2799533
2799549
2799557
2799568
2799570
2799585
2799594
2799609
2799617
2799624
2799638
2799646
2799652
2799663
2799675
2799680
2799691
2799707
2799710
2799728
2799735
2799744
2799756
2799761
2799772
2799783
2799799
2799803
2799811
2799822
2799836
2799845
2799858
2799867
2799874
2799889
2799890
2799915
2799930
2799941
2799964
2799977
2799996
