4900012
4900021
4900033
4900049
4900057
4900068
4900085
4900094
4900103
4900111
4900122
4900136
4900145
4900158
4900167
4900189
4900190
4900208
4900214
4900227
4900239
4900240
4900253
4900262
4900271
4900286
4900295
4900328
4900335
4900344
4900356
4900361
4900372
4900383
4900399
4900400
4900413
4900432
4900448
4900454
4900469
4900476
4900481
4900497
4900519
4900526
4900534
4900555
4900578
4900587
4900593
4900602
4900615
4900623
4900630
4900641
4900664
4900677
4900688
4900696
4900705
4900718
4900720
4900737
4900743
4900751
4900766
4900779
4900784
4900792
4900804
4900816
4900829
4900831
4900850
4900865
4900873
4900882
4900898
4900909
4900917
4900938
4900946
4900952
4900963
4900975
4900980
4900991
4901005
4901018
4901020
4901037
4901043
4901051
4901066
4901079
4901084
4901092
4901107
4901110
4901128
4901135
4901144
4901156
4901161
4901183
4901199
4901206
4901212
4901221
4901233
4901249
4901257
4901268
4901270
4901294
4901301
4901319
4901326
4901334
4901342
4901355
4901360
4901378
4901387
4901393
4901409
4901417
4901424
4901438
4901446
4901452
4901463
4901475
4901480
4901491
4901500
4901513
4901525
4901532
4901548
4901554
4901569
4901576
4901581
4901597
4901608
4901627
4901639
4901640
4901653
4901662
4901671
4901686
4901695
4901704
4901716
4901729
4901731
4901747
4901750
4901765
4901773
4901782
4901798
4901802
4901815
4901823
4901830
4901841
4901859
4901864
4901877
4901888
4901896
4901903
4901911
4901922
4901936
4901945
4901958
4901967
4901974
4901989
4901990
4902007
4902010
4902028
4902035
4902044
4902056
4902061
4902072
4902083
4902099
4902105
4902120
4902137
4902143
4902151
4902166
4902179
4902184
4902192
4902201
4902219
4902226
4902234
4902242
4902255
4902260
4902278
4902287
4902293
4902306
4902312
4902321
4902333
4902349
4902357
4902368
4902370
4902385
4902394
4902402
4902415
4902423
4902430
4902441
4902459
4902477
4902496
4902508
4902514
4902527
4902539
4902540
4902553
4902562
4902571
4902586
4902600
4902613
4902625
4902632
4902648
4902654
4902669
4902676
4902681
4902697
4902703
4902711
4902722
4902736
4902745
4902758
4902767
4902774
4902789
4902790
4902809
4902817
4902824
4902838
4902846
4902852
4902863
4902875
4902880
4902891
4902904
4902916
4902929
4902931
4902947
4902965
4902973
4902982
4902998
4903002
4903015
4903023
4903030
4903041
4903064
4903077
4903088
4903096
4903100
4903113
4903125
4903132
4903148
4903154
4903169
4903176
4903181
4903197
4903204
4903216
4903231
4903247
4903250
4903265
4903273
4903282
4903309
4903317
4903324
4903338
4903346
4903352
4903363
4903375
4903380
4903407
4903410
4903428
4903435
4903444
4903456
4903472
4903483
4903499
4903503
4903511
4903522
4903536
4903545
4903558
4903567
4903574
4903590
4903605
4903618
4903637
4903643
4903651
4903666
4903692
4903714
4903727
4903739
4903740
4903762
4903771
4903786
4903795
4903812
4903821
4903833
4903849
4903857
4903868
4903870
4903894
4903901
4903919
4903926
4903934
4903942
4903955
4903960
4903978
4903987
4904003
4904011
4904045
4904058
4904067
4904074
4904089
4904090
4904106
4904112
4904121
4904133
4904157
4904168
4904170
4904185
4904194
4904207
4904210
4904228
4904235
4904244
4904256
4904261
4904272
4904283
4904308
4904314
4904327
4904339
4904340
4904362
4904386
4904395
4904404
4904416
4904429
4904431
4904447
4904465
4904473
4904482
4904498
4904502
4904523
4904530
4904559
4904564
4904588
4904596
4904601
4904619
4904626
4904634
4904642
4904655
4904660
4904678
4904687
4904693
4904709
4904717
4904724
4904738
4904746
4904775
4904780
4904791
4904800
4904825
4904832
4904848
4904854
4904869
4904876
4904881
4904897
4904905
4904918
4904937
4904943
4904951
4904966
4904979
4904984
4904992
4905009
4905024
4905038
4905046
4905052
4905063
4905075
4905080
4905091
4905108
4905114
4905127
4905139
4905140
4905162
4905171
4905186
4905195
4905203
4905211
4905222
4905236
4905245
4905258
4905267
4905274
4905289
4905290
4905302
4905315
4905323
4905330
4905341
4905359
4905364
4905377
4905388
4905396
4905405
4905418
4905420
4905437
4905451
4905466
4905479
4905484
4905492
4905516
4905529
4905531
4905547
4905565
4905573
4905582
4905598
4905607
4905610
4905628
4905635
4905644
4905656
4905661
4905672
4905683
4905700
4905713
4905725
4905732
4905748
4905754
4905769
4905776
4905797
4905801
4905819
4905826
4905834
4905842
4905860
4905878
4905887
4905893
4905906
4905912
4905921
4905933
4905949
4905957
4905968
4905970
4905985
4905994
4906000
4906013
4906025
4906032
4906048
4906054
4906069
4906076
4906081
4906097
4906102
4906115
4906123
4906130
4906141
4906159
4906164
4906177
4906188
4906196
4906209
4906217
4906224
4906238
4906246
4906252
4906263
4906275
4906280
4906291
4906304
4906316
4906329
4906331
4906350
4906365
4906373
4906382
4906398
4906406
4906412
4906421
4906433
4906449
4906457
4906468
4906470
4906485
4906494
4906505
4906518
4906537
4906543
4906551
4906566
4906579
4906584
4906592
4906603
4906611
4906622
4906636
4906645
4906658
4906667
4906674
4906701
4906726
4906734
4906742
4906755
4906760
4906778
4906787
4906793
4906810
4906828
4906835
4906844
4906856
4906861
4906872
4906883
4906899
4906908
4906914
4906927
4906939
4906940
4906953
4906962
4906971
4906986
4906995
4907004
4907016
4907029
4907031
4907047
4907050
4907065
4907073
4907082
4907098
4907101
4907119
4907126
4907134
4907142
4907155
4907160
4907178
4907187
4907193
4907205
4907218
4907220
4907237
4907243
4907251
4907266
4907279
4907284
4907292
4907300
4907313
4907325
4907332
4907354
4907369
4907376
4907381
4907397
4907403
4907411
4907422
4907436
4907445
4907458
4907467
4907474
4907489
4907490
4907509
4907517
4907524
4907546
4907552
4907563
4907575
4907580
4907591
4907606
4907612
4907621
4907649
4907657
4907668
4907670
4907685
4907694
4907702
4907715
4907723
4907730
4907741
4907759
4907764
4907777
4907788
4907796
4907808
4907814
4907827
4907839
4907840
4907853
4907862
4907871
4907886
4907895
4907907
4907910
4907928
4907935
4907944
4907956
4907961
4907972
4907983
4907999
4908001
4908019
4908026
4908034
4908042
4908055
4908060
4908078
4908087
4908093
4908104
4908129
4908131
4908150
4908165
4908173
4908182
4908198
4908200
4908213
4908225
4908232
4908248
4908254
4908269
4908276
4908281
4908297
4908318
4908320
4908337
4908343
4908351
4908366
4908379
4908384
4908408
4908414
4908427
4908439
4908440
4908453
4908471
4908486
4908495
4908506
4908512
4908521
4908549
4908568
4908570
4908585
4908594
4908609
4908617
4908624
4908638
4908646
4908652
4908663
4908675
4908680
4908691
4908707
4908710
4908728
4908735
4908744
4908756
4908761
4908783
4908799
4908803
4908811
4908822
4908836
4908845
4908858
4908874
4908889
4908890
4908902
4908923
4908941
4908959
4908964
4908977
4908988
4908996
4909008
4909014
4909027
4909039
4909040
4909053
4909062
4909071
4909086
4909095
4909109
4909117
4909124
4909138
4909146
4909152
4909175
4909202
4909215
4909223
4909230
4909241
4909259
4909264
4909277
4909288
4909296
4909303
4909311
4909322
4909336
4909345
4909367
4909374
4909390
4909401
4909419
4909426
4909434
4909442
4909455
4909460
4909478
4909487
4909510
4909528
4909535
4909544
4909556
4909561
4909572
4909583
4909599
4909604
4909616
4909629
4909631
4909647
4909650
4909665
4909673
4909682
4909698
4909706
4909712
4909721
4909733
4909749
4909757
4909768
4909770
4909785
4909794
4909805
4909818
4909820
4909837
4909843
4909851
4909866
4909879
4909884
4909892
4909900
4909913
4909925
4909932
4909948
4909969
4909976
4909981
4909997
4910004
4910029
4910031
4910047
4910050
4910065
4910073
4910082
4910098
4910119
4910126
4910134
4910142
4910155
4910160
4910178
4910187
4910193
4910205
4910218
4910237
4910243
4910251
4910266
4910279
4910284
4910292
4910300
4910313
4910325
4910332
4910348
4910354
4910369
4910376
4910381
4910397
4910403
4910411
4910422
4910436
4910445
4910458
4910467
4910474
4910490
4910509
4910517
4910524
4910538
4910546
4910552
4910563
4910575
4910580
4910591
4910606
4910612
4910621
4910633
4910649
4910657
4910668
4910670
4910685
4910702
4910715
4910723
4910730
4910741
4910759
4910764
4910777
4910788
4910796
4910808
4910814
4910827
4910839
4910840
4910853
4910862
4910886
4910895
4910907
4910910
4910928
4910935
4910944
4910956
4910961
4910972
4910983
4910999
4911002
4911015
4911023
4911030
4911041
4911064
4911077
4911088
4911096
4911100
4911113
4911125
4911132
4911148
4911154
4911169
4911176
4911181
4911204
4911216
4911229
4911231
4911247
4911250
4911265
4911282
4911298
4911309
4911317
4911338
4911346
4911352
4911363
4911375
4911391
4911407
4911410
4911428
4911435
4911444
4911461
4911472
4911483
4911499
4911503
4911522
4911536
4911545
4911558
4911574
4911589
4911590
4911605
4911618
4911620
4911643
4911651
4911666
4911679
4911684
4911692
4911708
4911714
4911727
4911739
4911740
4911753
4911762
4911771
4911786
4911795
4911806
4911812
4911821
4911849
4911857
4911868
4911870
4911885
4911894
4911901
4911919
4911926
4911934
4911942
4911955
4911960
4911978
4911987
4911993
4912000
4912013
4912025
4912032
4912048
4912054
4912069
4912081
4912097
4912102
4912115
4912130
4912141
4912159
4912164
4912177
4912188
4912209
4912217
4912224
4912238
4912246
4912252
4912263
4912275
4912280
4912291
4912304
4912316
4912329
4912331
4912347
4912350
4912365
4912373
4912382
4912398
4912406
4912412
4912421
4912433
4912449
4912457
4912468
4912470
4912485
4912494
4912505
4912518
4912520
4912537
4912543
4912551
4912566
4912579
4912584
4912592
4912603
4912611
4912622
4912636
4912645
4912658
4912667
4912689
4912690
4912701
4912719
4912726
4912734
4912742
4912755
4912760
4912778
4912787
4912793
4912807
4912810
4912828
4912835
4912844
4912856
4912861
4912872
4912883
4912899
4912908
4912914
4912927
4912939
4912940
4912953
4912962
4912971
4912986
4912995
4913006
4913012
4913021
4913033
4913049
4913057
4913068
4913070
4913085
4913094
4913103
4913111
4913122
4913136
4913145
4913158
4913167
4913174
4913189
4913190
4913208
4913214
4913227
4913239
4913240
4913253
4913271
4913286
4913295
4913310
4913328
4913335
4913344
4913356
4913383
4913399
4913400
4913413
4913425
4913432
4913448
4913454
4913469
4913476
4913481
4913497
4913501
4913519
4913526
4913534
4913542
4913555
4913560
4913578
4913587
4913593
4913602
4913615
4913623
4913630
4913641
4913659
4913664
4913677
4913688
4913705
4913718
4913720
4913737
4913743
4913751
4913766
4913779
4913784
4913792
4913804
4913816
4913829
4913831
4913847
4913850
4913865
4913873
4913882
4913898
4913909
4913917
4913924
4913938
4913946
4913952
4913963
4913975
4913980
4913991
4914001
4914019
4914026
4914034
4914042
4914055
4914060
4914078
4914087
4914093
4914104
4914116
4914129
4914131
4914147
4914150
4914173
4914182
4914198
4914225
4914232
4914248
4914254
4914276
4914281
4914297
4914305
4914318
4914320
4914337
4914343
4914351
4914366
4914379
4914384
4914392
4914408
4914414
4914427
4914439
4914440
4914453
4914462
4914471
4914486
4914495
4914506
4914512
4914521
4914533
4914549
4914557
4914568
4914570
4914585
4914609
4914617
4914624
4914646
4914652
4914663
4914675
4914680
4914691
4914710
4914728
4914735
4914744
4914756
4914772
4914783
4914799
4914803
4914811
4914822
4914836
4914845
4914858
4914867
4914874
4914889
4914890
4914902
4914915
4914923
4914930
4914959
4914964
4914977
4914988
4914996
4915010
4915028
4915044
4915056
4915061
4915072
4915083
4915099
4915105
4915118
4915120
4915137
4915143
4915151
4915166
4915179
4915184
4915192
4915219
4915226
4915234
4915242
4915255
4915260
4915278
4915293
4915306
4915312
4915321
4915333
4915357
4915368
4915370
4915385
4915394
4915402
4915415
4915423
4915430
4915441
4915459
4915464
4915477
4915488
4915496
4915508
4915514
4915527
4915539
4915540
4915553
4915562
4915571
4915586
4915595
4915600
4915613
4915632
4915648
4915654
4915669
4915676
4915681
4915697
4915703
4915711
4915722
4915736
4915745
4915758
4915767
4915774
4915789
4915817
4915824
4915838
4915846
4915852
4915863
4915875
4915880
4915891
4915904
4915916
4915929
4915931
4915947
4915950
4915965
4915973
4915982
4915998
4916003
4916011
4916022
4916036
4916045
4916058
4916067
4916074
4916089
4916090
4916106
4916112
4916121
4916133
4916157
4916168
4916170
4916185
4916194
4916207
4916210
4916235
4916244
4916256
4916261
4916272
4916283
4916299
4916308
4916314
4916327
4916339
4916340
4916353
4916362
4916371
4916386
4916395
4916404
4916416
4916429
4916447
4916450
4916465
4916473
4916482
4916498
4916502
4916515
4916523
4916530
4916541
4916559
4916564
4916577
4916588
4916596
4916601
4916619
4916626
4916634
4916642
4916655
4916660
4916678
4916687
4916693
4916709
4916717
4916738
4916746
4916763
4916775
4916780
4916800
4916813
4916825
4916832
4916848
4916854
4916869
4916881
4916897
4916905
4916918
4916920
4916937
4916943
4916951
4916966
4916979
4916992
4917008
4917014
4917027
4917039
4917040
4917062
4917071
4917086
4917095
4917109
4917117
4917124
4917138
4917146
4917152
4917163
4917175
4917180
4917191
4917202
4917215
4917223
4917230
4917241
4917259
4917264
4917277
4917288
4917296
4917311
4917322
4917336
4917345
4917367
4917374
4917389
4917390
4917401
4917419
4917426
4917434
4917442
4917455
4917460
4917478
4917487
4917493
4917507
4917510
4917528
4917535
4917544
4917556
4917561
4917572
4917583
4917599
4917604
4917616
4917629
4917631
4917647
4917650
4917665
4917673
4917682
4917706
4917712
4917721
4917733
4917749
4917757
4917768
4917785
4917794
4917805
4917818
4917820
4917837
4917843
4917851
4917866
4917884
4917892
4917900
4917913
4917925
4917932
4917948
4917954
4917969
4917976
4917997
4918009
4918017
4918024
4918038
4918046
4918052
4918063
4918075
4918080
4918108
4918127
4918139
4918140
4918153
4918162
4918171
4918186
4918195
4918203
4918211
4918222
4918245
4918267
4918274
4918289
4918290
4918302
4918315
4918323
4918330
4918341
4918364
4918396
4918405
4918418
4918420
4918443
4918451
4918466
4918479
4918484
4918504
4918516
4918529
4918547
4918550
4918565
4918573
4918582
4918598
4918607
4918628
4918644
4918656
4918661
4918672
4918683
4918699
4918700
4918713
4918732
4918748
4918754
4918769
4918776
4918781
4918797
4918801
4918819
4918826
4918834
4918842
4918860
4918878
4918887
4918893
4918906
4918912
4918933
4918949
4918957
4918968
4918970
4918994
4919005
4919037
4919043
4919051
4919066
4919079
4919092
4919107
4919110
4919128
4919135
4919144
4919161
4919172
4919183
4919199
4919206
4919212
4919221
4919233
4919249
4919257
4919268
4919270
4919285
4919294
4919301
4919319
4919326
4919334
4919342
4919355
4919360
4919378
4919387
4919393
4919409
4919417
4919424
4919438
4919446
4919452
4919463
4919475
4919480
4919491
4919500
4919513
4919525
4919532
4919548
4919554
4919569
4919576
4919581
4919614
4919640
4919653
4919686
4919695
4919704
4919716
4919729
4919731
4919750
4919765
4919773
4919782
4919798
4919802
4919815
4919830
4919841
4919859
4919864
4919877
4919888
4919896
4919903
4919911
4919922
4919936
4919945
4919958
4919974
4919989
4919990
4920001
4920019
4920026
4920042
4920055
4920060
4920078
4920087
4920093
4920104
4920116
4920129
4920131
4920147
4920150
4920173
4920198
4920200
4920213
4920232
4920248
4920254
4920269
4920276
4920281
4920297
4920305
4920318
4920320
4920337
4920343
4920351
4920366
4920379
4920384
4920392
4920408
4920414
4920427
4920439
4920440
4920453
4920462
4920471
4920486
4920495
4920506
4920512
4920533
4920549
4920557
4920568
4920570
4920585
4920594
4920609
4920624
4920638
4920646
4920652
4920663
4920675
4920680
4920691
4920707
4920710
4920728
4920735
4920756
4920761
4920772
4920799
4920803
4920811
4920822
4920836
4920845
4920858
4920867
4920874
4920889
4920890
4920902
4920915
4920923
4920930
4920941
4920959
4920964
4920977
4920988
4920996
4921007
4921010
4921028
4921035
4921044
4921056
4921061
4921072
4921083
4921099
4921105
4921120
4921137
4921143
4921151
4921166
4921179
4921184
4921192
4921201
4921219
4921226
4921234
4921242
4921255
4921260
4921278
4921287
4921293
4921306
4921312
4921321
4921333
4921349
4921357
4921368
4921370
4921385
4921394
4921402
4921423
4921441
4921459
4921464
4921477
4921488
4921496
4921508
4921514
4921527
4921539
4921540
4921553
4921562
4921571
4921595
4921600
4921613
4921625
4921632
4921648
4921654
4921669
4921676
4921681
4921703
4921711
4921722
4921736
4921745
4921758
4921767
4921789
4921790
4921817
4921824
4921838
4921846
4921852
4921863
4921880
4921891
4921904
4921916
4921929
4921931
4921947
4921950
4921965
4921973
4921982
4921998
4922005
4922018
4922020
4922037
4922079
4922092
4922107
4922110
4922128
4922135
4922144
4922156
4922161
4922172
4922183
4922199
4922206
4922212
4922221
4922233
4922249
4922257
4922268
4922270
4922285
4922294
4922301
4922326
4922334
4922342
4922355
4922360
4922378
4922387
4922393
4922409
4922417
4922424
4922438
4922446
4922452
4922463
4922475
4922480
4922491
4922500
4922525
4922532
4922554
4922569
4922581
4922597
4922608
4922614
4922627
4922639
4922640
4922653
4922662
4922671
4922686
4922704
4922716
4922729
4922731
4922747
4922750
4922765
4922798
4922802
4922815
4922823
4922830
4922841
4922859
4922864
4922877
4922888
4922896
4922903
4922922
4922945
4922958
4922967
4922974
4922989
4923009
4923017
4923024
4923038
4923046
4923052
4923063
4923075
4923091
4923108
4923114
4923127
4923140
4923153
4923162
4923171
4923186
4923195
4923203
4923211
4923222
4923236
4923245
4923258
4923267
4923274
4923290
4923302
4923315
4923323
4923330
4923341
4923359
4923364
4923377
4923388
4923405
4923420
4923437
4923443
4923451
4923466
4923479
4923484
4923492
4923504
4923516
4923529
4923547
4923550
4923565
4923573
4923582
4923598
4923607
4923610
4923628
4923635
4923644
4923656
4923661
4923672
4923683
4923700
4923713
4923725
4923732
4923748
4923754
4923769
4923776
4923781
4923797
4923801
4923826
4923834
4923842
4923855
4923860
4923878
4923887
4923893
4923906
4923912
4923921
4923933
4923949
4923957
4923968
4923970
4923994
4924016
4924029
4924031
4924047
4924050
4924065
4924073
4924082
4924098
4924101
4924119
4924126
4924134
4924142
4924155
4924160
4924178
4924187
4924205
4924218
4924220
4924237
4924243
4924251
4924266
4924279
4924292
4924313
4924332
4924348
4924354
4924369
4924376
4924381
4924397
4924403
4924411
4924436
4924445
4924458
4924467
4924474
4924489
4924490
4924517
4924524
4924538
4924546
4924575
4924580
4924591
4924606
4924612
4924621
4924633
4924649
4924657
4924668
4924670
4924685
4924694
4924702
4924715
4924723
4924730
4924741
4924764
4924777
4924788
4924796
4924808
4924814
4924827
4924839
4924840
4924853
4924862
4924871
4924886
4924895
4924907
4924910
4924935
4924944
4924956
4924961
4924972
4924983
4924999
4925002
4925015
4925023
4925030
4925041
4925059
4925064
4925088
4925100
4925113
4925125
4925132
4925176
4925181
4925197
4925204
4925216
4925229
4925231
4925247
4925250
4925265
4925273
4925282
4925298
4925309
4925317
4925324
4925338
4925352
4925375
4925380
4925391
4925407
4925410
4925428
4925435
4925444
4925456
4925461
4925483
4925499
4925503
4925511
4925522
4925536
4925545
4925558
4925567
4925574
4925590
4925605
4925618
4925620
4925637
4925643
4925651
4925666
4925679
4925684
4925692
4925714
4925727
4925739
4925740
4925753
4925762
4925771
4925786
4925795
4925806
4925812
4925833
4925857
4925868
4925870
4925885
4925894
4925901
4925919
4925926
4925934
4925942
4925955
4925960
4925978
4925987
4925993
4926008
4926039
4926040
4926053
4926071
4926086
4926095
4926109
4926117
4926138
4926146
4926152
4926163
4926175
4926180
4926191
4926202
4926223
4926230
4926241
4926259
4926264
4926277
4926288
4926296
4926303
4926311
4926322
4926336
4926345
4926358
4926367
4926374
4926389
4926401
4926419
4926426
4926434
4926442
4926455
4926460
4926478
4926487
4926493
4926507
4926528
4926535
4926544
4926556
4926561
4926572
4926583
4926599
4926604
4926629
4926631
4926647
4926650
4926673
4926682
4926698
4926706
4926712
4926721
4926733
4926749
4926757
4926768
4926770
4926785
4926805
4926818
4926820
4926837
4926843
4926851
4926866
4926879
4926884
4926892
4926900
4926913
4926925
4926932
4926948
4926954
4926969
4926976
4926981
4926997
4927003
4927011
4927022
4927036
4927045
4927058
4927067
4927074
4927089
4927090
4927106
4927112
4927121
4927133
4927149
4927157
4927168
4927170
4927185
4927194
4927207
4927210
4927228
4927244
4927256
4927261
4927272
4927283
4927299
4927314
4927327
4927339
4927340
4927353
4927362
4927371
4927386
4927395
4927404
4927416
4927429
4927431
4927447
4927450
4927465
4927473
4927482
4927498
4927515
4927523
4927530
4927541
4927559
4927564
4927577
4927596
4927601
4927619
4927626
4927634
4927642
4927655
4927660
4927678
4927687
4927693
4927709
4927724
4927738
4927746
4927752
4927763
4927775
4927791
4927800
4927813
4927825
4927848
4927854
4927869
4927876
4927881
4927897
4927905
4927920
4927937
4927943
4927951
4927979
4927984
4927992
4928006
4928012
4928021
4928033
4928049
4928057
4928068
4928070
4928085
4928094
4928103
4928111
4928122
4928136
4928158
4928174
4928189
4928208
4928214
4928239
4928240
4928253
4928262
4928271
4928286
4928295
4928307
4928328
4928335
4928344
4928356
4928361
4928372
4928383
4928400
4928413
4928432
4928448
4928454
4928469
4928476
4928481
4928497
4928501
4928519
4928526
4928534
4928542
4928555
4928560
4928578
4928587
4928593
4928602
4928615
4928630
4928659
4928664
4928677
4928688
4928696
4928705
4928720
4928737
4928743
4928751
4928766
4928779
4928784
4928792
4928816
4928829
4928831
4928847
4928865
4928873
4928882
4928898
4928909
4928917
4928924
4928938
4928952
4928963
4928975
4928980
4928991
4929000
4929013
4929025
4929048
4929069
4929076
4929097
4929102
4929115
4929123
4929130
4929141
4929159
4929164
4929188
4929196
4929209
4929217
4929224
4929238
4929246
4929252
4929263
4929280
4929291
4929304
4929316
4929331
4929347
4929350
4929365
4929382
4929398
4929406
4929421
4929433
4929449
4929457
4929470
4929485
4929494
4929505
4929518
4929520
4929537
4929543
4929551
4929566
4929579
4929584
4929592
4929603
4929611
4929622
4929636
4929645
4929658
4929667
4929674
4929690
4929701
4929719
4929726
4929734
4929742
4929755
4929760
4929778
4929787
4929793
4929807
4929810
4929828
4929835
4929844
4929856
4929861
4929872
4929883
4929899
4929908
4929914
4929927
4929939
4929953
4929962
4929986
4929995
4930009
4930017
4930024
4930038
4930046
4930052
4930063
4930075
4930080
4930091
4930114
4930127
4930140
4930153
4930162
4930171
4930186
4930195
4930203
4930211
4930236
4930245
4930258
4930267
4930274
4930290
4930315
4930323
4930330
4930341
4930359
4930364
4930377
4930388
4930405
4930418
4930420
4930437
4930443
4930451
4930479
4930492
4930504
4930516
4930529
4930531
4930547
4930550
4930565
4930573
4930582
4930607
4930610
4930628
4930635
4930644
4930656
4930661
4930672
4930683
4930699
4930700
4930713
4930725
4930732
4930748
4930754
4930769
4930776
4930781
4930801
4930826
4930834
4930842
4930855
4930860
4930893
4930906
4930912
4930921
4930933
4930949
4930957
4930968
4930985
4930994
4931000
4931013
4931032
4931048
4931054
4931069
4931076
4931081
4931097
4931102
4931123
4931130
4931159
4931164
4931177
4931188
4931196
4931209
4931217
4931224
4931238
4931246
4931252
4931263
4931291
4931304
4931316
4931329
4931331
4931347
4931350
4931365
4931398
4931406
4931412
4931421
4931433
4931449
4931457
4931468
4931470
4931494
4931518
4931520
4931537
4931543
4931551
4931566
4931579
4931584
4931592
4931603
4931611
4931622
4931636
4931645
4931658
4931674
4931690
4931701
4931719
4931726
4931734
4931742
4931755
4931760
4931810
4931828
4931835
4931844
4931856
4931861
4931872
4931883
4931899
4931908
4931914
4931927
4931939
4931940
4931953
4931962
4931971
4932002
4932023
4932030
4932041
4932059
4932064
4932077
4932088
4932096
4932100
4932113
4932125
4932132
4932148
4932154
4932169
4932181
4932197
4932204
4932216
4932229
4932231
4932247
4932250
4932273
4932282
4932298
4932309
4932317
4932324
4932338
4932346
4932352
4932363
4932375
4932391
4932407
4932410
4932428
4932435
4932444
4932456
4932461
4932472
4932483
4932499
4932503
4932511
4932522
4932536
4932545
4932567
4932589
4932590
4932605
4932620
4932637
4932643
4932651
4932666
4932679
4932684
4932692
4932708
4932714
4932727
4932739
4932740
4932753
4932762
4932771
4932786
4932795
4932806
4932812
4932821
4932833
4932849
4932857
4932868
4932894
4932901
4932919
4932926
4932934
4932942
4932960
4932978
4932987
4932993
4933007
4933010
4933028
4933035
4933056
4933061
4933072
4933083
4933099
4933105
4933118
4933120
4933137
4933143
4933151
4933166
4933179
4933184
4933192
4933201
4933219
4933226
4933234
4933242
4933255
4933260
4933287
4933293
4933306
4933312
4933321
4933357
4933368
4933370
4933385
4933402
4933415
4933423
4933430
4933441
4933459
4933464
4933477
4933488
4933496
4933514
4933539
4933553
4933562
4933571
4933586
4933595
4933600
4933613
4933625
4933632
4933648
4933654
4933669
4933676
4933697
4933703
4933722
4933736
4933745
4933758
4933767
4933774
4933789
4933790
4933809
4933817
4933824
4933838
4933846
4933852
4933863
4933875
4933880
4933891
4933904
4933916
4933929
4933947
4933950
4933965
4933973
4933982
4933998
4934008
4934014
4934027
4934039
4934053
4934062
4934071
4934086
4934095
4934109
4934117
4934124
4934138
4934146
4934152
4934163
4934175
4934180
4934191
4934202
4934215
4934223
4934230
4934259
4934264
4934277
4934296
4934303
4934311
4934322
4934336
4934345
4934358
4934374
4934389
4934390
4934401
4934419
4934426
4934434
4934442
4934455
4934460
4934478
4934487
4934493
4934507
4934510
4934528
4934535
4934544
4934556
4934561
4934599
4934616
4934629
4934631
4934647
4934650
4934665
4934673
4934682
4934698
4934706
4934712
4934733
4934757
4934768
4934770
4934785
4934794
4934805
4934818
4934820
4934837
4934843
4934851
4934866
4934879
4934892
4934900
4934925
4934932
4934948
4934954
4934969
4934976
4934981
4934997
4935006
4935012
4935021
4935033
4935049
4935057
4935068
4935070
4935085
4935094
4935103
4935111
4935122
4935136
4935145
4935158
4935167
4935174
4935189
4935190
4935208
4935214
4935227
4935239
4935240
4935253
4935262
4935271
4935286
4935295
4935307
4935310
4935328
4935335
4935344
4935356
4935372
4935383
4935399
4935413
4935425
4935432
4935448
4935454
4935469
4935476
4935481
4935501
4935526
4935534
4935542
4935555
4935560
4935578
4935587
4935593
4935602
4935615
4935630
4935641
4935659
4935664
4935677
4935688
4935696
4935705
4935718
4935720
4935737
4935743
4935751
4935766
4935779
4935784
4935792
4935804
4935829
4935831
4935847
4935850
4935865
4935873
4935882
4935898
4935909
4935917
4935924
4935938
4935946
4935952
4935963
4935975
4935980
4935991
4936005
4936018
4936020
4936037
4936043
4936051
4936066
4936079
4936084
4936092
4936107
4936110
4936128
4936135
4936144
4936156
4936161
4936172
4936183
4936199
4936206
4936212
4936221
4936233
4936257
4936268
4936270
4936285
4936294
4936301
4936319
4936326
4936334
4936342
4936355
4936378
4936387
4936393
4936409
4936417
4936438
4936452
4936463
4936475
4936480
4936491
4936500
4936513
4936525
4936532
4936548
4936554
4936569
4936576
4936581
4936597
4936608
4936614
4936640
4936653
4936671
4936686
4936695
4936716
4936729
4936731
4936747
4936750
4936765
4936773
4936782
4936798
4936802
4936815
4936823
4936830
4936841
4936859
4936877
4936888
4936911
4936922
4936936
4936958
4936967
4936974
4936989
4936990
4937001
4937019
4937026
4937042
4937055
4937060
4937078
4937087
4937093
4937131
4937147
4937150
4937165
4937173
4937182
4937198
4937200
4937213
4937225
4937232
4937248
4937254
4937269
4937276
4937281
4937297
4937305
4937320
4937337
4937343
4937351
4937366
4937379
4937384
4937392
4937408
4937414
4937427
4937439
4937440
4937453
4937462
4937471
4937486
4937495
4937506
4937512
4937521
4937533
4937549
4937557
4937568
4937570
4937585
4937617
4937646
4937652
4937663
4937675
4937680
4937691
4937707
4937710
4937728
4937735
4937744
4937756
4937761
4937772
4937783
4937799
4937803
4937811
4937822
4937836
4937845
4937858
4937867
4937874
4937889
4937902
4937915
4937923
4937930
4937941
4937959
4937964
4937977
4937988
4937996
4938004
4938016
4938029
4938031
4938047
4938050
4938065
4938073
4938082
4938098
4938101
4938119
4938126
4938134
4938142
4938155
4938160
4938178
4938187
4938193
4938205
4938218
4938220
4938237
4938243
4938251
4938266
4938279
4938284
4938292
4938300
4938313
4938325
4938332
4938348
4938354
4938369
4938376
4938381
4938397
4938403
4938422
4938436
4938445
4938458
4938467
4938474
4938489
4938490
4938509
4938517
4938524
4938538
4938546
4938552
4938563
4938575
4938580
4938591
4938606
4938612
4938621
4938633
4938649
4938657
4938668
4938670
4938694
4938702
4938715
4938723
4938730
4938741
4938764
4938777
4938788
4938796
4938808
4938814
4938839
4938840
4938853
4938862
4938871
4938886
4938895
4938907
4938910
4938928
4938935
4938944
4938956
4938961
4938972
4938983
4938999
4939003
4939011
4939022
4939036
4939045
4939058
4939067
4939074
4939089
4939090
4939106
4939112
4939121
4939133
4939149
4939157
4939168
4939170
4939185
4939194
4939207
4939210
4939228
4939235
4939244
4939256
4939261
4939272
4939283
4939299
4939308
4939314
4939327
4939339
4939340
4939353
4939362
4939371
4939386
4939395
4939404
4939429
4939431
4939447
4939450
4939465
4939473
4939482
4939498
4939502
4939515
4939523
4939530
4939541
4939559
4939588
4939596
4939601
4939619
4939626
4939634
4939642
4939655
4939687
4939693
4939709
4939717
4939724
4939738
4939746
4939752
4939763
4939775
4939780
4939791
4939800
4939813
4939825
4939832
4939848
4939854
4939869
4939876
4939897
4939905
4939918
4939920
4939937
4939943
4939951
4939966
4939979
4939984
4939992
4940002
4940015
4940023
4940030
4940059
4940064
4940077
4940088
4940096
4940100
4940113
4940125
4940132
4940148
4940154
4940169
4940176
4940181
4940197
4940204
4940216
4940229
4940247
4940265
4940273
4940282
4940298
4940309
4940317
4940324
4940338
4940346
4940352
4940363
4940375
4940380
4940391
4940407
4940410
4940428
4940435
4940444
4940456
4940461
4940472
4940483
4940503
4940511
4940522
4940536
4940545
4940558
4940567
4940574
4940589
4940590
4940605
4940618
4940620
4940637
4940643
4940651
4940666
4940679
4940684
4940692
4940708
4940727
4940739
4940740
4940753
4940762
4940771
4940786
4940795
4940806
4940821
4940833
4940849
4940857
4940870
4940894
4940901
4940919
4940926
4940934
4940942
4940955
4940960
4940978
4940987
4940993
4941014
4941027
4941039
4941040
4941053
4941062
4941071
4941086
4941095
4941109
4941117
4941124
4941146
4941152
4941163
4941175
4941180
4941191
4941202
4941215
4941223
4941230
4941241
4941259
4941264
4941277
4941288
4941303
4941322
4941336
4941345
4941358
4941367
4941374
4941389
4941390
4941401
4941419
4941426
4941434
4941442
4941455
4941460
4941478
4941487
4941507
4941510
4941528
4941535
4941544
4941556
4941561
4941572
4941583
4941599
4941604
4941616
4941629
4941631
4941647
4941650
4941665
4941673
4941682
4941698
4941706
4941712
4941721
4941733
4941749
4941757
4941768
4941785
4941794
4941805
4941818
4941820
4941837
4941843
4941851
4941866
4941879
4941884
4941913
4941925
4941948
4941969
4941976
4941981
4941997
4942009
4942017
4942024
4942038
4942046
4942052
4942063
4942075
4942080
4942091
4942127
4942139
4942140
4942153
4942162
4942171
4942186
4942195
4942203
4942211
4942222
4942236
4942245
4942258
4942267
4942274
4942289
4942290
4942302
4942315
4942323
4942330
4942341
4942359
4942364
4942377
4942388
4942396
4942405
4942418
4942420
4942437
4942443
4942451
4942466
4942479
4942484
4942492
4942504
4942516
4942529
4942531
4942547
4942550
4942565
4942573
4942582
4942598
4942607
4942610
4942628
4942635
4942644
4942656
4942661
4942672
4942683
4942699
4942700
4942713
4942725
4942748
4942754
4942769
4942776
4942781
4942797
4942801
4942826
4942842
4942855
4942860
4942878
4942887
4942906
4942912
4942921
4942933
4942949
4942957
4942968
4942970
4942985
4942994
4943005
4943018
4943020
4943037
4943043
4943051
4943066
4943079
4943084
4943092
4943107
4943110
4943128
4943135
4943144
4943156
4943161
4943172
4943183
4943199
4943206
4943221
4943233
4943249
4943257
4943268
4943294
4943301
4943319
4943326
4943334
4943342
4943355
4943360
4943393
4943409
4943417
4943424
4943438
4943446
4943452
4943463
4943475
4943480
4943491
4943513
4943525
4943532
4943548
4943554
4943576
4943581
4943597
4943608
4943614
4943627
4943639
4943640
4943653
4943662
4943686
4943695
4943704
4943716
4943729
4943731
4943747
4943750
4943765
4943773
4943782
4943798
4943802
4943815
4943823
4943841
4943859
4943864
4943877
4943888
4943903
4943911
4943922
4943936
4943945
4943958
4943967
4943974
4943989
4943990
4944000
4944013
4944025
4944032
4944048
4944054
4944069
4944076
4944081
4944097
4944102
4944115
4944123
4944130
4944141
4944159
4944164
4944188
4944196
4944209
4944238
4944246
4944252
4944263
4944275
4944304
4944329
4944331
4944350
4944365
4944373
4944382
4944398
4944406
4944412
4944421
4944433
4944449
4944457
4944468
4944485
4944494
4944505
4944518
4944520
4944537
4944543
4944551
4944566
4944579
4944584
4944592
4944603
4944611
4944622
4944636
4944645
4944658
4944667
4944674
4944689
4944690
4944701
4944719
4944726
4944734
4944755
4944760
4944778
4944787
4944793
4944807
4944810
4944828
4944835
4944856
4944861
4944872
4944883
4944899
4944908
4944914
4944927
4944939
4944940
4944953
4944962
4944971
4944986
4944995
4945001
4945019
4945026
4945034
4945042
4945055
4945060
4945078
4945093
4945104
4945116
4945129
4945131
4945147
4945150
4945165
4945173
4945198
4945200
4945213
4945225
4945232
4945248
4945254
4945269
4945276
4945281
4945297
4945305
4945318
4945337
4945343
4945351
4945379
4945384
4945392
4945408
4945414
4945427
4945439
4945440
4945453
4945462
4945471
4945486
4945495
4945512
4945521
4945533
4945549
4945557
4945568
4945570
4945585
4945594
4945609
4945617
4945624
4945638
4945646
4945652
4945675
4945680
4945691
4945707
4945710
4945735
4945744
4945756
4945761
4945772
4945783
4945799
4945803
4945811
4945822
4945836
4945845
4945858
4945867
4945874
4945889
4945890
4945902
4945915
4945923
4945930
4945941
4945959
4945964
4945977
4945988
4945996
4946007
4946010
4946028
4946035
4946044
4946061
4946072
4946083
4946099
4946118
4946120
4946137
4946143
4946151
4946166
4946184
4946192
4946201
4946219
4946226
4946234
4946242
4946255
4946260
4946278
4946287
4946293
4946306
4946312
4946321
4946349
4946357
4946368
4946370
4946385
4946394
4946402
4946415
4946423
4946430
4946441
4946459
4946464
4946477
4946488
4946496
4946508
4946514
4946527
4946539
4946540
4946562
4946586
4946600
4946613
4946625
4946648
4946654
4946669
4946676
4946681
4946697
4946703
4946711
4946722
4946736
4946745
4946758
4946767
4946774
4946789
4946790
4946809
4946817
4946824
4946846
4946852
4946863
4946875
4946880
4946891
4946904
4946916
4946929
4946947
4946950
4946965
4946973
4946998
4947012
4947021
4947033
4947049
4947057
4947068
4947070
4947094
4947103
4947111
4947122
4947136
4947145
4947167
4947174
4947208
4947214
4947239
4947240
4947253
4947262
4947271
4947286
4947295
4947307
4947328
4947335
4947356
4947361
4947372
4947383
4947399
4947400
4947413
4947425
4947432
4947448
4947454
4947469
4947481
4947497
4947501
4947519
4947526
4947534
4947542
4947555
4947560
4947578
4947587
4947593
4947602
4947615
4947623
4947641
4947659
4947664
4947677
4947688
4947696
4947705
4947718
4947720
4947737
4947743
4947751
4947766
4947779
4947784
4947792
4947804
4947816
4947829
4947831
4947847
4947850
4947865
4947873
4947882
4947898
4947909
4947917
4947924
4947938
4947946
4947952
4947975
4947980
4947991
4948003
4948011
4948022
4948036
4948045
4948058
4948067
4948074
4948089
4948090
4948106
4948112
4948121
4948133
4948149
4948157
4948168
4948170
4948185
4948194
4948228
4948235
4948244
4948261
4948272
4948283
4948299
4948314
4948327
4948339
4948340
4948353
4948362
4948371
4948386
4948395
4948404
4948416
4948429
4948431
4948447
4948450
4948465
4948473
4948482
4948498
4948502
4948515
4948523
4948530
4948559
4948564
4948577
4948588
4948596
4948601
4948619
4948626
4948634
4948642
4948655
4948660
4948678
4948687
4948693
4948709
4948717
4948724
4948738
4948746
4948763
4948775
4948780
4948791
4948800
4948813
4948825
4948848
4948854
4948869
4948876
4948897
4948918
4948920
4948937
4948943
4948951
4948979
4948984
4948992
4949004
4949016
4949029
4949047
4949050
4949065
4949073
4949082
4949098
4949101
4949119
4949126
4949134
4949142
4949155
4949160
4949178
4949187
4949193
4949205
4949218
4949220
4949237
4949243
4949251
4949266
4949279
4949284
4949292
4949313
4949325
4949332
4949348
4949354
4949376
4949381
4949397
4949403
4949411
4949422
4949436
4949445
4949458
4949467
4949474
4949489
4949490
4949509
4949517
4949524
4949538
4949546
4949552
4949563
4949575
4949591
4949606
4949612
4949621
4949633
4949649
4949657
4949668
4949670
4949685
4949702
4949715
4949723
4949730
4949741
4949764
4949777
4949796
4949808
4949814
4949827
4949839
4949840
4949853
4949862
4949871
4949895
4949907
4949910
4949928
4949935
4949944
4949956
4949961
4949972
4949999
4950005
4950018
4950020
4950037
4950043
4950051
4950066
4950079
4950084
4950092
4950107
4950110
4950135
4950144
4950156
4950161
4950172
4950183
4950199
4950206
4950212
4950221
4950233
4950257
4950268
4950270
4950285
4950294
4950301
4950319
4950326
4950334
4950342
4950355
4950360
4950378
4950387
4950393
4950409
4950417
4950424
4950438
4950446
4950452
4950463
4950475
4950480
4950491
4950500
4950513
4950525
4950532
4950548
4950554
4950576
4950597
4950608
4950614
4950639
4950653
4950671
4950686
4950695
4950704
4950729
4950731
4950747
4950750
4950765
4950773
4950782
4950798
4950802
4950815
4950830
4950841
4950877
4950888
4950896
4950911
4950936
4950945
4950958
4950967
4950989
4950990
4951004
4951016
4951029
4951031
4951047
4951050
4951073
4951082
4951098
4951126
4951134
4951142
4951155
4951160
4951178
4951187
4951193
4951205
4951218
4951220
4951237
4951243
4951251
4951279
4951284
4951292
4951300
4951313
4951325
4951332
4951348
4951354
4951369
4951376
4951381
4951411
4951422
4951458
4951467
4951474
4951489
4951490
4951509
4951517
4951524
4951538
4951546
4951552
4951563
4951575
4951580
4951591
4951606
4951612
4951621
4951633
4951649
4951657
4951668
4951670
4951694
4951715
4951723
4951730
4951741
4951759
4951764
4951777
4951788
4951796
4951808
4951814
4951839
4951840
4951862
4951871
4951886
4951895
4951907
4951910
4951935
4951944
4951956
4951961
4951972
4951983
4951999
4952001
4952019
4952026
4952042
4952055
4952060
4952087
4952093
4952104
4952116
4952129
4952131
4952147
4952150
4952165
4952173
4952182
4952198
4952200
4952213
4952225
4952232
4952248
4952254
4952269
4952276
4952281
4952297
4952318
4952343
4952351
4952366
4952379
4952392
4952408
4952414
4952439
4952440
4952453
4952462
4952471
4952486
4952506
4952512
4952521
4952533
4952549
4952557
4952568
4952570
4952585
4952609
4952617
4952624
4952638
4952646
4952663
4952675
4952680
4952691
4952707
4952710
4952728
4952735
4952744
4952756
4952761
4952772
4952783
4952799
4952811
4952822
4952836
4952845
4952858
4952867
4952874
4952889
4952890
4952902
4952915
4952923
4952941
4952964
4952977
4952988
4952996
4953008
4953014
4953027
4953039
4953040
4953053
4953062
4953071
4953086
4953095
4953109
4953117
4953124
4953138
4953146
4953152
4953163
4953180
4953191
4953202
4953215
4953230
4953259
4953264
4953277
4953288
4953296
4953303
4953311
4953322
4953336
4953345
4953358
4953367
4953374
4953389
4953390
4953401
4953419
4953426
4953434
4953442
4953455
4953460
4953478
4953487
4953493
4953507
4953510
4953535
4953556
4953572
4953583
4953599
4953604
4953616
4953629
4953631
4953647
4953650
4953665
4953673
4953682
4953698
4953706
4953712
4953721
4953749
4953757
4953768
4953770
4953785
4953794
4953805
4953818
4953820
4953837
4953843
4953851
4953866
4953879
4953884
4953892
4953900
4953913
4953925
4953932
4953954
4953969
4953981
4953997
4954007
4954010
4954028
4954044
4954056
4954061
4954072
4954083
4954099
4954105
4954120
4954137
4954143
4954151
4954179
4954184
4954192
4954201
4954219
4954226
4954234
4954242
4954255
4954260
4954278
4954287
4954293
4954306
4954312
4954321
4954333
4954349
4954357
4954368
4954402
4954415
4954423
4954430
4954441
4954459
4954464
4954488
4954496
4954508
4954514
4954527
4954539
4954540
4954553
4954562
4954571
4954586
4954595
4954600
4954625
4954632
4954648
4954654
4954669
4954676
4954681
4954697
4954703
4954711
4954722
4954736
4954745
4954758
4954767
4954774
4954789
4954790
4954809
4954817
4954824
4954846
4954852
4954863
4954875
4954880
4954891
4954904
4954916
4954929
4954931
4954947
4954973
4954982
4954998
4955003
4955011
4955022
4955036
4955045
4955058
4955067
4955074
4955089
4955090
4955106
4955112
4955121
4955133
4955149
4955157
4955168
4955185
4955194
4955207
4955210
4955228
4955235
4955244
4955256
4955261
4955283
4955299
4955308
4955314
4955327
4955339
4955340
4955353
4955362
4955371
4955386
4955395
4955404
4955416
4955429
4955431
4955447
4955450
4955465
4955473
4955482
4955498
4955515
4955523
4955530
4955541
4955559
4955564
4955577
4955588
4955601
4955619
4955626
4955634
4955642
4955655
4955660
4955678
4955687
4955693
4955709
4955724
4955738
4955746
4955752
4955763
4955775
4955780
4955791
4955800
4955813
4955825
4955832
4955854
4955876
4955881
4955897
4955905
4955918
4955920
4955937
4955943
4955951
4955966
4955979
4955984
4955992
4956009
4956017
4956024
4956038
4956046
4956052
4956063
4956075
4956080
4956091
4956114
4956127
4956139
4956140
4956153
4956162
4956171
4956186
4956195
4956211
4956222
4956236
4956245
4956258
4956267
4956274
4956290
4956302
4956315
4956323
4956330
4956341
4956359
4956364
4956377
4956388
4956396
4956405
4956418
4956420
4956437
4956443
4956451
4956466
4956479
4956492
4956516
4956531
4956547
4956550
4956565
4956573
4956582
4956598
4956607
4956610
4956635
4956644
4956656
4956661
4956672
4956683
4956699
4956700
4956713
4956725
4956732
4956748
4956754
4956776
4956781
4956797
4956801
4956819
4956826
4956834
4956842
4956855
4956860
4956878
4956887
4956912
4956921
4956933
4956949
4956957
4956968
4956970
4956985
4956994
4957002
4957015
4957023
4957030
4957041
4957059
4957064
4957077
4957088
4957100
4957113
4957125
4957132
4957148
4957154
4957169
4957176
4957181
4957197
4957204
4957216
4957229
4957231
4957247
4957250
4957265
4957273
4957282
4957298
4957309
4957317
4957324
4957346
4957352
4957363
4957375
4957380
4957407
4957410
4957428
4957435
4957444
4957461
4957483
4957499
4957503
4957511
4957522
4957536
4957545
4957567
4957574
4957589
4957590
4957618
4957620
4957637
4957643
4957666
4957679
4957684
4957692
4957708
4957714
4957727
4957739
4957740
4957753
4957762
4957771
4957795
4957812
4957821
4957849
4957857
4957868
4957870
4957919
4957926
4957934
4957942
4957955
4957960
4957987
4957993
4958000
4958013
4958025
4958032
4958048
4958054
4958069
4958076
4958097
4958102
4958115
4958123
4958130
4958141
4958159
4958164
4958177
4958188
4958196
4958209
4958217
4958224
4958238
4958246
4958263
4958275
4958280
4958291
4958304
4958329
4958331
4958347
4958350
4958365
4958398
4958406
4958412
4958421
4958433
4958449
4958457
4958468
4958470
4958485
4958494
4958518
4958520
4958543
4958551
4958566
4958579
4958592
4958603
4958611
4958622
4958636
4958645
4958658
4958667
4958674
4958689
4958690
4958701
4958719
4958726
4958742
4958755
4958760
4958778
4958787
4958793
4958810
4958828
4958844
4958856
4958861
4958872
4958883
4958899
4958908
4958914
4958927
4958939
4958940
4958953
4958962
4958971
4958986
4958995
4959006
4959033
4959049
4959057
4959070
4959094
4959103
4959111
4959122
4959136
4959145
4959158
4959167
4959174
4959189
4959208
4959214
4959227
4959239
4959240
4959253
4959262
4959271
4959286
4959295
4959307
4959310
4959328
4959335
4959344
4959356
4959372
4959383
4959400
4959413
4959425
4959432
4959448
4959454
4959469
4959476
4959481
4959497
4959501
4959519
4959526
4959534
4959542
4959555
4959560
4959587
4959593
4959602
4959615
4959623
4959630
4959641
4959659
4959664
4959677
4959688
4959705
4959718
4959720
4959743
4959751
4959766
4959779
4959784
4959792
4959804
4959816
4959829
4959831
4959847
4959850
4959865
4959898
4959909
4959917
4959924
4959938
4959946
4959952
4959975
4959991
4960008
4960014
4960027
4960039
4960040
4960053
4960062
4960071
4960086
4960095
4960109
4960117
4960124
4960146
4960152
4960163
4960202
4960223
4960241
4960264
4960277
4960288
4960311
4960322
4960336
4960345
4960358
4960367
4960374
4960389
4960390
4960401
4960419
4960426
4960434
4960442
4960455
4960460
4960478
4960487
4960493
4960507
4960510
4960528
4960535
4960544
4960556
4960561
4960572
4960583
4960599
4960604
4960616
4960629
4960631
4960647
4960665
4960673
4960682
4960698
4960706
4960712
4960749
4960757
4960768
4960770
4960785
4960794
4960805
4960818
4960820
4960837
4960843
4960851
4960866
4960879
4960884
4960892
4960913
4960925
4960932
4960948
4960969
4960976
4960981
4960997
4961006
4961012
4961057
4961068
4961070
4961085
4961094
4961111
4961122
4961136
4961145
4961158
4961167
4961174
4961189
4961208
4961214
4961227
4961240
4961253
4961262
4961286
4961295
4961307
4961310
4961328
4961335
4961344
4961356
4961361
4961372
4961383
4961399
4961400
4961413
4961425
4961432
4961448
4961454
4961469
4961476
4961481
4961497
4961501
4961519
4961526
4961534
4961542
4961555
4961560
4961578
4961587
4961593
4961602
4961615
4961630
4961641
4961659
4961664
4961677
4961688
4961696
4961705
4961718
4961737
4961743
4961751
4961766
4961779
4961784
4961792
4961804
4961816
4961829
4961831
4961847
4961850
4961865
4961873
4961882
4961898
4961909
4961917
4961924
4961938
4961946
4961952
4961963
4961975
4961980
4961991
4962003
4962011
4962022
4962036
4962045
4962058
4962067
4962074
4962089
4962090
4962106
4962121
4962133
4962157
4962168
4962170
4962185
4962194
4962207
4962210
4962228
4962235
4962256
4962261
4962272
4962299
4962308
4962314
4962327
4962339
4962340
4962362
4962386
4962395
4962404
4962416
4962429
4962431
4962447
4962450
4962465
4962473
4962482
4962502
4962515
4962523
4962530
4962541
4962559
4962564
4962577
4962588
4962596
4962601
4962619
4962626
4962634
4962642
4962660
4962678
4962687
4962693
4962709
4962717
4962724
4962738
4962746
4962752
4962763
4962775
4962780
4962791
4962813
4962825
4962832
4962848
4962854
4962869
4962876
4962881
4962897
4962905
4962918
4962920
4962937
4962943
4962951
4962966
4962984
4962992
4963004
4963016
4963029
4963031
4963047
4963050
4963065
4963073
4963082
4963098
4963101
4963126
4963142
4963155
4963160
4963187
4963205
4963220
4963243
4963251
4963266
4963279
4963284
4963300
4963313
4963325
4963332
4963348
4963354
4963369
4963376
4963381
4963397
4963403
4963422
4963436
4963445
4963458
4963467
4963474
4963489
4963509
4963517
4963538
4963552
4963563
4963575
4963580
4963591
4963606
4963612
4963621
4963633
4963649
4963657
4963668
4963670
4963685
4963694
4963702
4963715
4963730
4963741
4963759
4963764
4963777
4963788
4963808
4963814
4963827
4963839
4963840
4963862
4963871
4963886
4963895
4963907
4963935
4963944
4963956
4963961
4963972
4963983
4963999
4964009
4964017
4964024
4964046
4964052
4964063
4964075
4964080
4964091
4964108
4964114
4964127
4964139
4964140
4964153
4964162
4964171
4964186
4964211
4964222
4964236
4964245
4964258
4964267
4964274
4964289
4964302
4964323
4964330
4964341
4964364
4964377
4964388
4964396
4964405
4964418
4964420
4964437
4964443
4964451
4964466
4964479
4964484
4964492
4964504
4964516
4964529
4964531
4964550
4964565
4964582
4964598
4964607
4964610
4964628
4964635
4964644
4964661
4964672
4964683
4964699
4964700
4964713
4964725
4964732
4964748
4964769
4964776
4964781
4964797
4964801
4964819
4964826
4964834
4964842
4964855
4964860
4964878
4964887
4964893
4964921
4964933
4964949
4964957
4964968
4964970
4964985
4964994
4965000
4965013
4965025
4965032
4965048
4965054
4965069
4965076
4965081
4965102
4965115
4965123
4965130
4965141
4965159
4965164
4965177
4965188
4965196
4965209
4965217
4965224
4965238
4965246
4965252
4965263
4965280
4965291
4965304
4965316
4965329
4965331
4965350
4965365
4965373
4965382
4965398
4965406
4965421
4965433
4965449
4965457
4965470
4965485
4965494
4965505
4965518
4965520
4965537
4965551
4965566
4965579
4965584
4965592
4965603
4965622
4965645
4965658
4965674
4965689
4965690
4965701
4965719
4965726
4965734
4965742
4965755
4965760
4965778
4965787
4965793
4965807
4965810
4965828
4965835
4965844
4965856
4965861
4965872
4965883
4965899
4965908
4965927
4965939
4965940
4965953
4965962
4965971
4965986
4965995
4966001
4966019
4966034
4966042
4966055
4966060
4966078
4966087
4966093
4966104
4966116
4966129
4966131
4966147
4966150
4966165
4966173
4966182
4966198
4966200
4966225
4966232
4966248
4966254
4966269
4966276
4966281
4966297
4966305
4966318
4966320
4966343
4966351
4966366
4966379
4966392
4966408
4966427
4966439
4966453
4966462
4966471
4966486
4966495
4966506
4966521
4966533
4966549
4966557
4966568
4966570
4966585
4966594
4966609
4966617
4966624
4966638
4966646
4966652
4966675
4966680
4966691
4966707
4966710
4966728
4966735
4966744
4966756
4966761
4966772
4966783
4966799
4966803
4966811
4966822
4966836
4966845
4966858
4966867
4966874
4966889
4966890
4966902
4966915
4966923
4966930
4966941
4966959
4966964
4966977
4966988
4966996
4967005
4967037
4967043
4967051
4967066
4967079
4967084
4967092
4967107
4967110
4967128
4967135
4967144
4967156
4967161
4967183
4967206
4967212
4967221
4967233
4967249
4967257
4967268
4967285
4967294
4967301
4967326
4967334
4967342
4967355
4967360
4967378
4967387
4967393
4967409
4967417
4967424
4967438
4967452
4967463
4967475
4967480
4967491
4967525
4967532
4967548
4967554
4967569
4967581
4967597
4967608
4967614
4967627
4967639
4967640
4967653
4967662
4967671
4967686
4967704
4967716
4967729
4967731
4967747
4967750
4967765
4967773
4967782
4967798
4967802
4967815
4967823
4967830
4967841
4967859
4967864
4967877
4967888
4967896
4967903
4967911
4967922
4967936
4967945
4967967
4967974
4967989
4967990
4968007
4968010
4968028
4968035
4968044
4968056
4968072
4968083
4968099
4968105
4968118
4968120
4968137
4968143
4968151
4968166
4968179
4968184
4968192
4968201
4968219
4968226
4968242
4968255
4968260
4968278
4968293
4968312
4968321
4968333
4968349
4968357
4968370
4968385
4968394
4968402
4968423
4968430
4968441
4968459
4968464
4968477
4968488
4968496
4968508
4968514
4968527
4968539
4968540
4968553
4968562
4968571
4968586
4968595
4968600
4968613
4968625
4968632
4968648
4968654
4968669
4968681
4968703
4968711
4968722
4968736
4968758
4968767
4968774
4968789
4968790
4968809
4968817
4968824
4968838
4968846
4968852
4968863
4968875
4968880
4968891
4968904
4968916
4968929
4968950
4968965
4968973
4968982
4968998
4969002
4969015
4969023
4969030
4969041
4969059
4969064
4969077
4969088
4969096
4969113
4969125
4969132
4969148
4969154
4969169
4969176
4969181
4969197
4969204
4969216
4969229
4969231
4969247
4969273
4969282
4969298
4969309
4969317
4969324
4969338
4969352
4969363
4969375
4969380
4969391
4969407
4969410
4969428
4969444
4969456
4969461
4969472
4969483
4969499
4969503
4969522
4969536
4969545
4969558
4969567
4969574
4969589
4969618
4969620
4969637
4969643
4969651
4969666
4969679
4969684
4969692
4969708
4969714
4969727
4969740
4969753
4969762
4969771
4969786
4969795
4969806
4969821
4969833
4969849
4969857
4969868
4969870
4969885
4969894
4969919
4969926
4969934
4969955
4969978
4969987
4969993
4970007
4970010
4970028
4970035
4970044
4970056
4970061
4970072
4970083
4970099
4970105
4970118
4970120
4970151
4970166
4970179
4970184
4970192
4970201
4970219
4970226
4970234
4970242
4970260
4970278
4970287
4970293
4970306
4970312
4970333
4970349
4970357
4970368
4970370
4970385
4970394
4970415
4970423
4970430
4970441
4970459
4970464
4970488
4970496
4970508
4970514
4970527
4970539
4970540
4970553
4970562
4970571
4970586
4970595
4970600
4970625
4970632
4970648
4970654
4970669
4970676
4970681
4970697
4970703
4970711
4970722
4970736
4970758
4970767
4970774
4970789
4970790
4970809
4970817
4970824
4970846
4970852
4970863
4970875
4970880
4970891
4970904
4970931
4970947
4970973
4970982
4970998
4971003
4971022
4971036
4971045
4971058
4971067
4971074
4971089
4971090
4971106
4971112
4971121
4971133
4971149
4971157
4971168
4971170
4971185
4971194
4971207
4971210
4971228
4971235
4971244
4971256
4971261
4971272
4971299
4971308
4971314
4971327
4971339
4971340
4971353
4971371
4971386
4971395
4971416
4971429
4971431
4971447
4971450
4971465
4971473
4971482
4971498
4971502
4971515
4971523
4971530
4971541
4971559
4971564
4971577
4971588
4971596
4971601
4971619
4971626
4971634
4971642
4971655
4971660
4971678
4971687
4971693
4971709
4971717
4971724
4971738
4971746
4971752
4971763
4971775
4971780
4971791
4971800
4971813
4971825
4971832
4971848
4971854
4971869
4971876
4971881
4971897
4971920
4971937
4971943
4971966
4971979
4971984
4971992
4972012
4972021
4972033
4972049
4972057
4972068
4972070
4972085
4972094
4972103
4972111
4972122
4972136
4972145
4972158
4972167
4972174
4972189
4972190
4972208
4972214
4972227
4972239
4972240
4972253
4972271
4972286
4972295
4972307
4972310
4972328
4972335
4972344
4972356
4972361
4972372
4972383
4972399
4972400
4972413
4972425
4972448
4972454
4972469
4972476
4972481
4972497
4972501
4972519
4972526
4972534
4972542
4972555
4972560
4972578
4972587
4972593
4972602
4972615
4972623
4972630
4972641
4972664
4972677
4972688
4972696
4972705
4972718
4972720
4972737
4972743
4972751
4972766
4972779
4972784
4972792
4972804
4972816
4972829
4972847
4972865
4972873
4972882
4972909
4972917
4972924
4972938
4972946
4972952
4972975
4972980
4972991
4973013
4973025
4973048
4973054
4973069
4973076
4973081
4973097
4973102
4973115
4973123
4973130
4973141
4973159
4973164
4973177
4973188
4973196
4973209
4973217
4973224
4973238
4973246
4973252
4973263
4973280
4973291
4973304
4973316
4973329
4973331
4973347
4973350
4973365
4973373
4973382
4973398
4973406
4973412
4973421
4973433
4973449
4973457
4973468
4973470
4973485
4973494
4973505
4973518
4973520
4973537
4973543
4973566
4973579
4973584
4973592
4973611
4973622
4973636
4973645
4973658
4973667
4973674
4973689
4973690
4973701
4973719
4973726
4973734
4973742
4973755
4973760
4973778
4973787
4973793
4973807
4973810
4973828
4973835
4973844
4973856
4973872
4973883
4973899
4973908
4973914
4973927
4973939
4973940
4973953
4973962
4973971
4973986
4973995
4974005
4974018
4974020
4974037
4974043
4974051
4974066
4974079
4974084
4974092
4974107
4974110
4974128
4974135
4974144
4974156
4974161
4974172
4974183
4974199
4974212
4974233
4974249
4974257
4974268
4974270
4974285
4974294
4974301
4974326
4974334
4974342
4974355
4974360
4974378
4974387
4974393
4974409
4974417
4974424
4974438
4974446
4974452
4974463
4974480
4974491
4974500
4974513
4974525
4974532
4974548
4974554
4974569
4974576
4974581
4974597
4974608
4974614
4974627
4974639
4974640
4974653
4974662
4974686
4974695
4974704
4974716
4974729
4974747
4974750
4974765
4974773
4974782
4974798
4974802
4974815
4974823
4974830
4974841
4974859
4974877
4974896
4974903
4974911
4974922
4974936
4974958
4974967
4974974
4974989
4974990
4975004
4975016
4975029
4975031
4975047
4975050
4975065
4975073
4975082
4975098
4975101
4975119
4975126
4975134
4975142
4975155
4975160
4975178
4975187
4975193
4975205
4975218
4975220
4975237
4975251
4975266
4975279
4975284
4975292
4975300
4975313
4975325
4975332
4975348
4975369
4975376
4975381
4975397
4975403
4975436
4975445
4975458
4975467
4975474
4975489
4975509
4975517
4975524
4975538
4975546
4975552
4975563
4975575
4975580
4975591
4975606
4975612
4975621
4975633
4975657
4975668
4975670
4975685
4975702
4975715
4975723
4975730
4975741
4975759
4975764
4975777
4975788
4975796
4975808
4975814
4975827
4975840
4975853
4975862
4975871
4975886
4975895
4975907
4975910
4975928
4975935
4975944
4975956
4975961
4975972
4975983
4976002
4976015
4976023
4976030
4976041
4976059
4976064
4976096
4976100
4976113
4976125
4976132
4976148
4976154
4976169
4976176
4976181
4976197
4976204
4976216
4976229
4976231
4976247
4976250
4976265
4976273
4976282
4976298
4976309
4976317
4976324
4976338
4976346
4976352
4976363
4976375
4976380
4976391
4976407
4976410
4976428
4976435
4976444
4976456
4976461
4976472
4976483
4976499
4976503
4976511
4976522
4976536
4976545
4976558
4976567
4976574
4976589
4976590
4976605
4976618
4976620
4976643
4976651
4976666
4976679
4976684
4976692
4976708
4976714
4976727
4976739
4976740
4976762
4976771
4976786
4976795
4976806
4976812
4976821
4976833
4976857
4976868
4976870
4976885
4976894
4976901
4976926
4976934
4976942
4976955
4976960
4976978
4976987
4976993
4977009
4977024
4977038
4977046
4977052
4977063
4977075
4977080
4977091
4977108
4977114
4977127
4977139
4977140
4977153
4977171
4977186
4977195
4977203
4977211
4977222
4977236
4977245
4977258
4977289
4977290
4977315
4977323
4977341
4977359
4977364
4977377
4977388
4977396
4977405
4977418
4977420
4977437
4977443
4977451
4977466
4977479
4977484
4977492
4977504
4977516
4977529
4977531
4977547
4977550
4977565
4977573
4977582
4977598
4977607
4977610
4977628
4977635
4977644
4977656
4977661
4977672
4977683
4977699
4977700
4977713
4977725
4977732
4977748
4977754
4977769
4977776
4977797
4977801
4977819
4977826
4977834
4977842
4977855
4977860
4977878
4977887
4977893
4977906
4977912
4977921
4977933
4977957
4977968
4977985
4977994
4978008
4978014
4978027
4978039
4978040
4978053
4978062
4978071
4978086
4978095
4978109
4978117
4978124
4978138
4978146
4978152
4978163
4978175
4978180
4978191
4978202
4978215
4978223
4978230
4978241
4978259
4978264
4978277
4978288
4978296
4978303
4978311
4978322
4978336
4978345
4978358
4978367
4978389
4978390
4978401
4978419
4978426
4978434
4978442
4978455
4978460
4978478
4978487
4978493
4978510
4978528
4978535
4978544
4978556
4978561
4978572
4978583
4978599
4978604
4978616
4978629
4978631
4978647
4978650
4978665
4978673
4978682
4978698
4978706
4978721
4978733
4978749
4978757
4978768
4978770
4978785
4978794
4978805
4978818
4978837
4978843
4978851
4978866
4978879
4978884
4978892
4978900
4978913
4978925
4978932
4978948
4978954
4978969
4978976
4978997
4979019
4979026
4979034
4979042
4979055
4979078
4979087
4979093
4979104
4979116
4979129
4979131
4979147
4979150
4979165
4979173
4979182
4979198
4979213
4979225
4979232
4979248
4979254
4979276
4979281
4979297
4979305
4979318
4979320
4979337
4979351
4979366
4979379
4979384
4979392
4979408
4979414
4979427
4979439
4979440
4979453
4979462
4979471
4979495
4979512
4979521
4979533
4979549
4979557
4979568
4979570
4979585
4979594
4979617
4979624
4979638
4979646
4979652
4979663
4979680
4979691
4979707
4979710
4979728
4979735
4979744
4979756
4979761
4979772
4979783
4979799
4979803
4979811
4979836
4979845
4979858
4979867
4979889
4979890
4979902
4979915
4979923
4979930
4979941
4979964
4979988
4979996
4980000
4980025
4980032
4980048
4980069
4980076
4980081
4980097
4980102
4980115
4980123
4980130
4980141
4980159
4980164
4980177
4980188
4980196
4980209
4980217
4980224
4980246
4980252
4980263
4980275
4980280
4980291
4980304
4980316
4980329
4980331
4980347
4980350
4980365
4980373
4980382
4980398
4980406
4980412
4980421
4980433
4980449
4980457
4980468
4980470
4980485
4980494
4980505
4980518
4980520
4980537
4980543
4980551
4980566
4980579
4980584
4980592
4980603
4980611
4980622
4980645
4980658
4980667
4980674
4980689
4980690
4980701
4980719
4980726
4980734
4980742
4980755
4980760
4980778
4980787
4980793
4980807
4980810
4980828
4980835
4980844
4980856
4980872
4980883
4980899
4980908
4980914
4980927
4980939
4980940
4980953
4980971
4980986
4980995
4981019
4981026
4981034
4981042
4981055
4981060
4981078
4981087
4981093
4981116
4981129
4981131
4981147
4981173
4981198
4981200
4981213
4981225
4981232
4981248
4981254
4981269
4981276
4981281
4981297
4981305
4981318
4981337
4981343
4981366
4981384
4981392
4981408
4981414
4981427
4981439
4981440
4981453
4981462
4981471
4981486
4981495
4981506
4981512
4981521
4981533
4981549
4981557
4981568
4981570
4981594
4981609
4981617
4981624
4981638
4981646
4981652
4981663
4981675
4981680
4981691
4981707
4981710
4981728
4981735
4981744
4981756
4981761
4981772
4981783
4981799
4981811
4981822
4981836
4981858
4981867
4981874
4981889
4981890
4981915
4981923
4981930
4981941
4981959
4981964
4981988
4982004
4982016
4982029
4982031
4982047
4982050
4982065
4982073
4982082
4982101
4982119
4982126
4982134
4982142
4982155
4982160
4982187
4982193
4982205
4982218
4982220
4982237
4982243
4982251
4982266
4982279
4982284
4982292
4982300
4982313
4982332
4982348
4982354
4982369
4982376
4982381
4982397
4982403
4982422
4982445
4982458
4982474
4982489
4982490
4982517
4982524
4982538
4982546
4982552
4982563
4982575
4982580
4982591
4982606
4982612
4982621
4982633
4982649
4982668
4982670
4982685
4982694
4982702
4982715
4982723
4982730
4982741
4982764
4982777
4982788
4982796
4982808
4982814
4982827
4982839
4982840
4982853
4982862
4982871
4982886
4982895
4982907
4982910
4982928
4982935
4982944
4982956
4982961
4982983
4982999
4983003
4983011
4983022
4983036
4983045
4983058
4983067
4983089
4983090
4983106
4983112
4983121
4983133
4983149
4983157
4983168
4983170
4983185
4983194
4983207
4983210
4983228
4983235
4983244
4983256
4983261
4983272
4983299
4983314
4983327
4983339
4983340
4983353
4983362
4983371
4983386
4983395
4983404
4983416
4983429
4983431
4983447
4983450
4983465
4983473
4983482
4983498
4983502
4983515
4983523
4983530
4983541
4983559
4983577
4983588
4983596
4983601
4983619
4983626
4983634
4983642
4983655
4983660
4983678
4983687
4983693
4983709
4983717
4983724
4983738
4983746
4983752
4983763
4983800
4983813
4983825
4983832
4983848
4983869
4983876
4983881
4983897
4983905
4983918
4983920
4983937
4983951
4983979
4983984
4984002
4984015
4984023
4984030
4984041
4984064
4984077
4984088
4984096
4984100
4984113
4984125
4984132
4984148
4984154
4984169
4984176
4984181
4984197
4984204
4984216
4984229
4984231
4984247
4984250
4984265
4984273
4984282
4984298
4984309
4984317
4984324
4984346
4984352
4984363
4984375
4984380
4984391
4984407
4984410
4984428
4984435
4984444
4984456
4984461
4984472
4984483
4984503
4984511
4984522
4984536
4984545
4984558
4984567
4984574
4984589
4984590
4984605
4984620
4984637
4984643
4984651
4984666
4984679
4984684
4984692
4984708
4984714
4984727
4984739
4984740
4984753
4984762
4984771
4984786
4984795
4984806
4984812
4984821
4984833
4984849
4984857
4984868
4984870
4984885
4984894
4984901
4984919
4984926
4984934
4984955
4984960
4984978
4984987
4984993
4985008
4985014
4985027
4985039
4985040
4985053
4985062
4985071
4985086
4985095
4985109
4985124
4985138
4985146
4985152
4985163
4985175
4985180
4985202
4985215
4985223
4985230
4985241
4985259
4985264
4985277
4985288
4985296
4985303
4985311
4985322
4985336
4985345
4985358
4985367
4985374
4985389
4985390
4985401
4985426
4985434
4985442
4985455
4985460
4985478
4985487
4985493
4985507
4985510
4985528
4985535
4985544
4985556
4985561
4985572
4985583
4985599
4985604
4985616
4985629
4985631
4985647
4985650
4985665
4985673
4985682
4985698
4985706
4985712
4985721
4985733
4985757
4985768
4985770
4985785
4985794
4985805
4985818
4985820
4985837
4985843
4985851
4985866
4985879
4985884
4985892
4985900
4985913
4985925
4985932
4985948
4985954
4985969
4985981
4985997
4986006
4986012
4986021
4986033
4986049
4986057
4986068
4986070
4986085
4986094
4986103
4986111
4986122
4986136
4986145
4986158
4986167
4986174
4986189
4986190
4986208
4986214
4986227
4986239
4986240
4986262
4986271
4986286
4986295
4986307
4986310
4986328
4986335
4986344
4986356
4986361
4986383
4986399
4986400
4986413
4986425
4986432
4986448
4986454
4986469
4986476
4986481
4986497
4986501
4986519
4986526
4986534
4986542
4986555
4986560
4986578
4986587
4986593
4986602
4986615
4986623
4986630
4986641
4986659
4986664
4986677
4986688
4986696
4986705
4986718
4986720
4986743
4986751
4986766
4986779
4986784
4986792
4986816
4986829
4986831
4986847
4986850
4986865
4986873
4986882
4986898
4986909
4986938
4986946
4986952
4986963
4986975
4986980
4986991
4987007
4987010
4987028
4987035
4987044
4987056
4987061
4987072
4987083
4987099
4987105
4987118
4987120
4987143
4987151
4987166
4987179
4987184
4987192
4987201
4987219
4987226
4987234
4987242
4987255
4987260
4987278
4987287
4987293
4987306
4987321
4987333
4987349
4987357
4987368
4987370
4987385
4987394
4987402
4987415
4987423
4987430
4987441
4987464
4987477
4987488
4987496
4987508
4987514
4987527
4987539
4987553
4987562
4987571
4987586
4987600
4987613
4987625
4987654
4987669
4987676
4987681
4987697
4987703
4987711
4987722
4987745
4987758
4987767
4987774
4987789
4987790
4987817
4987824
4987838
4987846
4987852
4987863
4987875
4987880
4987891
4987904
4987916
4987929
4987950
4987965
4987973
4987982
4987998
4988005
4988020
4988037
4988043
4988066
4988079
4988084
4988107
4988110
4988128
4988135
4988144
4988156
4988161
4988172
4988183
4988199
4988206
4988212
4988221
4988233
4988249
4988257
4988268
4988270
4988285
4988301
4988319
4988326
4988334
4988342
4988355
4988360
4988378
4988387
4988393
4988409
4988417
4988424
4988438
4988446
4988452
4988463
4988475
4988480
4988491
4988500
4988513
4988525
4988532
4988554
4988569
4988576
4988581
4988597
4988608
4988627
4988639
4988640
4988653
4988662
4988671
4988686
4988695
4988704
4988716
4988731
4988747
4988750
4988765
4988773
4988782
4988798
4988802
4988815
4988823
4988830
4988841
4988859
4988864
4988877
4988888
4988896
4988903
4988911
4988936
4988945
4988967
4988974
4988989
4988990
4989017
4989024
4989038
4989046
4989052
4989063
4989075
4989080
4989108
4989127
4989139
4989140
4989153
4989162
4989171
4989186
4989203
4989211
4989222
4989236
4989245
4989258
4989267
4989274
4989289
4989290
4989302
4989315
4989323
4989341
4989359
4989364
4989377
4989388
4989396
4989405
4989418
4989420
4989437
4989443
4989451
4989466
4989479
4989484
4989492
4989504
4989516
4989529
4989547
4989550
4989565
4989573
4989582
4989598
4989607
4989610
4989628
4989635
4989644
4989656
4989661
4989683
4989700
4989713
4989725
4989732
4989748
4989754
4989769
4989776
4989781
4989797
4989801
4989826
4989834
4989842
4989855
4989860
4989878
4989887
4989893
4989906
4989912
4989921
4989933
4989949
4989957
4989968
4989970
4989985
4989994
4990003
4990011
4990022
4990036
4990045
4990058
4990067
4990074
4990089
4990090
4990106
4990112
4990121
4990133
4990149
4990157
4990168
4990170
4990185
4990194
4990207
4990210
4990228
4990235
4990244
4990256
4990261
4990272
4990283
4990299
4990308
4990314
4990327
4990339
4990340
4990353
4990362
4990386
4990395
4990404
4990416
4990429
4990431
4990447
4990450
4990465
4990473
4990482
4990498
4990523
4990530
4990541
4990559
4990564
4990577
4990588
4990596
4990601
4990619
4990626
4990634
4990642
4990660
4990678
4990687
4990693
4990709
4990717
4990724
4990738
4990746
4990752
4990763
4990775
4990780
4990791
4990800
4990813
4990825
4990832
4990848
4990854
4990869
4990876
4990881
4990897
4990905
4990918
4990920
4990943
4990951
4990966
4990979
4990992
4991009
4991017
4991024
4991038
4991046
4991052
4991063
4991075
4991091
4991108
4991114
4991127
4991139
4991140
4991162
4991171
4991186
4991195
4991203
4991211
4991222
4991236
4991245
4991258
4991267
4991274
4991289
4991290
4991302
4991315
4991323
4991330
4991341
4991364
4991388
4991396
4991405
4991418
4991420
4991437
4991443
4991451
4991466
4991479
4991484
4991492
4991504
4991516
4991529
4991531
4991547
4991550
4991565
4991573
4991582
4991598
4991610
4991628
4991635
4991644
4991656
4991661
4991672
4991683
4991699
4991700
4991713
4991732
4991748
4991754
4991776
4991781
4991797
4991801
4991819
4991826
4991834
4991842
4991860
4991878
4991887
4991906
4991912
4991921
4991933
4991949
4991957
4991968
4991970
4991985
4991994
4992008
4992014
4992027
4992039
4992040
4992062
4992071
4992086
4992095
4992109
4992117
4992124
4992138
4992146
4992152
4992163
4992175
4992180
4992191
4992202
4992215
4992223
4992230
4992241
4992259
4992264
4992277
4992288
4992296
4992303
4992311
4992322
4992345
4992358
4992367
4992374
4992389
4992390
4992401
4992419
4992426
4992434
4992442
4992455
4992460
4992478
4992487
4992493
4992507
4992510
4992528
4992535
4992544
4992556
4992561
4992572
4992583
4992599
4992604
4992616
4992629
4992631
4992647
4992650
4992665
4992673
4992682
4992698
4992706
4992712
4992721
4992733
4992749
4992768
4992770
4992785
4992805
4992818
4992820
4992837
4992843
4992851
4992866
4992879
4992884
4992892
4992900
4992913
4992925
4992932
4992948
4992954
4992969
4992976
4992981
4992997
4993001
4993019
4993026
4993034
4993042
4993055
4993060
4993078
4993087
4993093
4993104
4993116
4993147
4993150
4993165
4993173
4993182
4993198
4993200
4993213
4993225
4993232
4993248
4993254
4993269
4993276
4993281
4993297
4993305
4993318
4993320
4993337
4993343
4993351
4993366
4993384
4993392
4993414
4993427
4993439
4993440
4993453
4993462
4993471
4993486
4993495
4993521
4993549
4993557
4993568
4993570
4993585
4993594
4993609
4993617
4993638
4993646
4993652
4993663
4993675
4993680
4993691
4993707
4993710
4993735
4993744
4993756
4993761
4993783
4993803
4993811
4993822
4993836
4993845
4993858
4993867
4993874
4993889
4993890
4993902
4993915
4993923
4993930
4993941
4993959
4993964
4993977
4993988
4993996
4994006
4994012
4994021
4994033
4994049
4994057
4994068
4994111
4994122
4994145
4994158
4994167
4994174
4994189
4994190
4994214
4994239
4994240
4994262
4994271
4994286
4994295
4994307
4994310
4994328
4994335
4994344
4994361
4994372
4994383
4994399
4994400
4994413
4994425
4994432
4994448
4994454
4994469
4994476
4994481
4994497
4994501
4994519
4994526
4994534
4994542
4994555
4994560
4994578
4994587
4994593
4994602
4994615
4994623
4994630
4994641
4994664
4994677
4994688
4994696
4994705
4994718
4994720
4994737
4994743
4994751
4994766
4994779
4994784
4994792
4994804
4994816
4994829
4994831
4994847
4994850
4994865
4994873
4994882
4994898
4994917
4994924
4994938
4994946
4994952
4994963
4994975
4994980
4994991
4995005
4995018
4995020
4995037
4995043
4995051
4995066
4995079
4995084
4995092
4995107
4995110
4995135
4995144
4995156
4995161
4995172
4995183
4995199
4995206
4995212
4995221
4995233
4995249
4995257
4995268
4995270
4995285
4995294
4995319
4995326
4995334
4995342
4995355
4995360
4995378
4995393
4995409
4995417
4995424
4995438
4995452
4995463
4995475
4995480
4995491
4995525
4995532
4995548
4995554
4995569
4995576
4995581
4995597
4995608
4995614
4995627
4995639
4995640
4995653
4995662
4995671
4995695
4995704
4995716
4995729
4995747
4995750
4995765
4995773
4995782
4995798
4995815
4995823
4995830
4995841
4995859
4995864
4995877
4995888
4995896
4995911
4995922
4995936
4995945
4995958
4995967
4995974
4995989
4995990
4996004
4996016
4996029
4996031
4996047
4996050
4996065
4996073
4996082
4996098
4996101
4996119
4996126
4996134
4996142
4996155
4996160
4996178
4996187
4996193
4996205
4996218
4996220
4996237
4996243
4996251
4996266
4996279
4996284
4996292
4996300
4996313
4996325
4996332
4996348
4996354
4996369
4996376
4996381
4996397
4996403
4996411
4996422
4996436
4996445
4996458
4996467
4996474
4996489
4996490
4996509
4996517
4996524
4996538
4996552
4996563
4996575
4996580
4996606
4996612
4996621
4996668
4996670
4996685
4996694
4996702
4996715
4996723
4996730
4996741
4996759
4996764
4996777
4996788
4996796
4996808
4996814
4996827
4996840
4996853
4996862
4996871
4996886
4996895
4996907
4996928
4996935
4996944
4996956
4996961
4996983
4996999
4997000
4997013
4997025
4997032
4997048
4997054
4997069
4997076
4997081
4997097
4997102
4997115
4997123
4997130
4997141
4997159
4997164
4997177
4997188
4997196
4997209
4997217
4997224
4997238
4997246
4997252
4997263
4997280
4997291
4997316
4997329
4997331
4997347
4997350
4997365
4997373
4997382
4997398
4997406
4997412
4997421
4997433
4997449
4997457
4997468
4997470
4997494
4997505
4997518
4997520
4997537
4997543
4997551
4997566
4997579
4997584
4997592
4997603
4997611
4997622
4997636
4997645
4997658
4997667
4997689
4997690
4997701
4997719
4997726
4997734
4997742
4997755
4997760
4997778
4997787
4997793
4997807
4997810
4997828
4997835
4997844
4997861
4997883
4997899
4997908
4997914
4997927
4997939
4997940
4997953
4997962
4997971
4997995
4998002
4998015
4998023
4998030
4998041
4998059
4998064
4998077
4998088
4998096
4998100
4998113
4998132
4998148
4998169
4998176
4998181
4998197
4998204
4998216
4998229
4998247
4998250
4998265
4998282
4998298
4998309
4998324
4998338
4998346
4998352
4998363
4998375
4998380
4998391
4998407
4998410
4998428
4998435
4998444
4998456
4998472
4998483
4998499
4998503
4998511
4998522
4998536
4998545
4998558
4998567
4998574
4998589
4998605
4998618
4998620
4998637
4998651
4998666
4998679
4998684
4998708
4998714
4998727
4998739
4998740
4998753
4998762
4998771
4998786
4998795
4998806
4998812
4998821
4998833
4998849
4998857
4998868
4998894
4998919
4998926
4998934
4998942
4998955
4998960
4998978
4998987
4998993
4999007
4999010
4999028
4999035
4999044
4999056
4999072
4999083
4999099
4999118
4999120
4999137
4999143
4999151
4999166
4999179
4999184
4999192
4999201
4999219
4999226
4999234
4999242
4999255
4999260
4999278
4999287
4999293
4999306
4999312
4999321
4999333
4999349
4999357
4999368
4999370
4999385
4999394
4999402
4999415
4999423
4999430
4999441
4999459
4999464
4999477
4999488
4999496
4999508
4999514
4999527
4999539
4999540
4999553
4999562
4999571
4999586
4999595
4999600
4999613
4999625
4999632
4999648
4999654
4999669
4999676
4999681
4999697
4999703
4999711
4999722
4999736
4999745
4999758
4999767
4999774
4999789
4999817
4999824
4999846
4999852
4999863
4999875
4999880
4999891
4999904
4999929
4999931
4999947
4999950
4999965
4999973
4999982
4999998
