4900012
4900033
4900068
4900085
4900103
4900111
4900122
4900158
4900167
4900190
4900240
4900253
4900271
4900335
4900356
4900361
4900399
4900413
4900432
4900454
4900469
4900497
4900519
4900534
4900555
4900587
4900593
4900602
4900615
4900623
4900677
4900718
4900743
4900766
4900784
4900831
4900882
4900946
4900952
4900975
4901037
4901043
4901051
4901079
4901144
4901156
4901161
4901183
4901199
4901221
4901233
4901294
4901301
4901319
4901326
4901342
4901409
4901417
4901446
4901463
4901491
4901532
4901608
4901639
4901671
4901695
4901704
4901729
4901765
4901773
4901782
4901815
4901823
4901830
4901877
4901903
4901936
4901989
4902007
4902010
4902028
4902056
4902083
4902120
4902166
4902219
4902255
4902260
4902306
4902333
4902349
4902357
4902368
4902385
4902394
4902423
4902508
4902539
4902553
4902571
4902613
4902676
4902681
4902703
4902711
4902722
4902745
4902758
4902767
4902817
4902852
4902863
4902875
4902880
4902931
4902947
4902965
4902998
4903002
4903030
4903064
4903077
4903088
4903113
4903132
4903176
4903250
4903317
4903324
4903338
4903346
4903410
4903435
4903483
4903499
4903503
4903536
4903567
4903574
4903643
4903651
4903727
4903762
4903795
4903812
4903833
4903870
4903919
4903942
4903955
4903978
4904011
4904058
4904089
4904090
4904170
4904235
4904244
4904256
4904283
4904339
4904395
4904429
4904447
4904502
4904523
4904564
4904596
4904619
4904626
4904634
4904655
4904687
4904693
4904717
4904746
4904775
4904800
4904825
4904832
4904854
4904869
4904876
4904897
4904918
4904979
4904992
4905024
4905046
4905052
4905080
4905162
4905171
4905186
4905222
4905258
4905289
4905290
4905315
4905405
4905437
4905451
4905466
4905479
4905492
4905529
4905531
4905607
4905610
4905628
4905656
4905672
4905700
4905725
4905797
4905801
4905842
4905878
4905887
4906000
4906025
4906076
4906097
4906123
4906130
4906164
4906177
4906217
4906246
4906252
4906275
4906280
4906316
4906331
4906350
4906406
4906412
4906433
4906457
4906505
4906537
4906551
4906566
4906579
4906584
4906611
4906636
4906701
4906778
4906810
4906856
4906914
4906953
4906971
4907004
4907016
4907029
4907050
4907065
4907073
4907082
4907101
4907142
4907160
4907178
4907205
4907237
4907266
4907279
4907284
4907292
4907313
4907332
4907354
4907369
4907381
4907422
4907436
4907445
4907458
4907467
4907509
4907657
4907723
4907777
4907788
4907796
4907808
4907814
4907827
4907839
4907862
4907910
4907961
4907983
4907999
4908019
4908026
4908034
4908042
4908055
4908087
4908129
4908150
4908165
4908198
4908213
4908269
4908276
4908318
4908320
4908337
4908351
4908379
4908408
4908427
4908439
4908471
4908486
4908495
4908512
4908521
4908549
4908570
4908585
4908594
4908609
4908617
4908624
4908638
4908646
4908652
4908663
4908744
4908761
4908811
4908822
4908836
4908845
4908874
4908889
4908890
4908977
4908988
4909039
4909040
4909053
4909071
4909086
4909095
4909124
4909223
4909230
4909241
4909264
4909277
4909296
4909303
4909336
4909419
4909426
4909442
4909455
4909487
4909510
4909535
4909544
4909556
4909572
4909604
4909650
4909673
4909682
4909706
4909712
4909733
4909749
4909768
4909785
4909805
4909851
4909866
4909879
4909892
4909900
4909932
4909976
4909981
4909997
4910004
4910031
4910050
4910065
4910073
4910082
4910098
4910119
4910126
4910134
4910155
4910178
4910193
4910284
4910300
4910313
4910376
4910422
4910436
4910445
4910509
4910538
4910546
4910552
4910575
4910591
4910606
4910621
4910657
4910668
4910670
4910685
4910702
4910759
4910777
4910788
4910796
4910808
4910839
4910853
4910862
4910886
4910910
4910972
4910999
4911002
4911015
4911030
4911041
4911088
4911132
4911154
4911169
4911176
4911181
4911204
4911216
4911250
4911282
4911298
4911338
4911346
4911375
4911407
4911435
4911461
4911472
4911483
4911522
4911558
4911574
4911605
4911618
4911643
4911679
4911684
4911692
4911714
4911753
4911806
4911812
4911821
4911849
4911857
4911868
4911870
4911885
4911901
4911942
4911987
4912013
4912048
4912054
4912069
4912097
4912102
4912141
4912188
4912209
4912217
4912263
4912275
4912316
4912347
4912365
4912406
4912421
4912457
4912468
4912470
4912485
4912505
4912518
4912537
4912551
4912579
4912584
4912603
4912636
4912658
4912667
4912689
4912701
4912742
4912760
4912778
4912807
4912828
4912835
4912844
4912856
4912861
4912908
4912940
4912971
4913049
4913068
4913070
4913103
4913158
4913189
4913190
4913214
4913227
4913239
4913286
4913328
4913356
4913383
4913413
4913432
4913454
4913469
4913481
4913526
4913542
4913560
4913578
4913593
4913615
4913630
4913641
4913688
4913705
4913718
4913766
4913784
4913792
4913816
4913847
4913850
4913873
4913898
4913924
4913946
4913952
4913963
4913975
4913980
4913991
4914026
4914042
4914078
4914087
4914093
4914116
4914147
4914173
4914225
4914248
4914254
4914276
4914281
4914305
4914320
4914343
4914366
4914379
4914453
4914495
4914549
4914557
4914568
4914570
4914585
4914617
4914624
4914646
4914652
4914675
4914691
4914744
4914772
4914803
4914822
4914836
4914858
4914867
4914890
4914915
4914923
4914964
4914977
4914988
4914996
4915028
4915044
4915056
4915072
4915083
4915099
4915118
4915120
4915137
4915143
4915179
4915184
4915192
4915219
4915234
4915293
4915306
4915312
4915321
4915368
4915402
4915415
4915423
4915441
4915459
4915477
4915496
4915508
4915539
4915595
4915600
4915632
4915648
4915654
4915669
4915676
4915681
4915711
4915722
4915736
4915745
4915758
4915863
4915904
4915929
4915965
4915973
4915982
4916106
4916112
4916133
4916168
4916170
4916185
4916244
4916256
4916261
4916283
4916308
4916395
4916465
4916515
4916530
4916564
4916588
4916660
4916709
4916738
4916775
4916825
4916832
4916881
4916897
4916918
4916979
4916992
4917014
4917071
4917124
4917146
4917152
4917163
4917202
4917215
4917223
4917230
4917241
4917264
4917277
4917311
4917367
4917374
4917389
4917401
4917419
4917426
4917434
4917442
4917455
4917460
4917478
4917487
4917493
4917507
4917561
4917599
4917629
4917647
4917706
4917712
4917721
4917749
4917805
4917820
4917837
4917851
4917866
4917884
4917913
4917954
4917969
4917976
4918009
4918038
4918075
4918080
4918108
4918127
4918139
4918140
4918153
4918195
4918203
4918211
4918245
4918289
4918302
4918330
4918341
4918405
4918420
4918443
4918516
4918547
4918550
4918565
4918573
4918628
4918644
4918672
4918683
4918748
4918781
4918797
4918801
4918842
4918887
4918906
4918968
4918970
4918994
4919051
4919092
4919107
4919161
4919172
4919183
4919199
4919221
4919257
4919294
4919301
4919326
4919342
4919355
4919360
4919446
4919463
4919491
4919525
4919581
4919614
4919640
4919695
4919731
4919782
4919798
4919802
4919859
4919877
4919896
4919903
4919922
4919958
4919974
4919990
4920019
4920042
4920055
4920060
4920078
4920104
4920131
4920232
4920254
4920276
4920297
4920305
4920318
4920320
4920343
4920351
4920379
4920439
4920495
4920506
4920549
4920557
4920568
4920585
4920594
4920646
4920652
4920675
4920691
4920707
4920761
4920772
4920803
4920811
4920822
4920867
4920874
4920890
4920902
4920915
4920941
4920959
4920977
4921007
4921028
4921035
4921056
4921072
4921083
4921105
4921120
4921143
4921201
4921242
4921260
4921278
4921293
4921306
4921312
4921349
4921385
4921394
4921402
4921441
4921459
4921464
4921477
4921496
4921508
4921540
4921553
4921562
4921571
4921600
4921632
4921654
4921669
4921676
4921722
4921736
4921745
4921758
4921767
4921789
4921838
4921846
4921852
4921863
4921880
4921929
4921973
4922005
4922110
4922128
4922135
4922156
4922161
4922172
4922183
4922233
4922249
4922268
4922285
4922301
4922355
4922360
4922378
4922417
4922438
4922475
4922532
4922614
4922639
4922653
4922671
4922704
4922747
4922823
4922830
4922841
4922859
4922864
4922922
4922967
4922989
4923017
4923024
4923038
4923046
4923052
4923091
4923108
4923114
4923127
4923140
4923162
4923171
4923203
4923211
4923222
4923236
4923258
4923274
4923290
4923359
4923405
4923420
4923451
4923466
4923492
4923516
4923529
4923547
4923582
4923598
4923628
4923672
4923683
4923700
4923769
4923834
4923878
4923887
4923906
4923949
4924082
4924126
4924160
4924205
4924237
4924243
4924266
4924348
4924369
4924397
4924445
4924458
4924467
4924489
4924490
4924538
4924546
4924591
4924612
4924657
4924685
4924694
4924723
4924741
4924788
4924808
4924827
4924839
4924840
4924862
4924871
4924895
4924907
4924935
4924956
4924999
4925002
4925064
4925125
4925132
4925181
4925197
4925231
4925247
4925273
4925298
4925317
4925324
4925338
4925380
4925391
4925407
4925435
4925605
4925643
4925684
4925739
4925786
4925795
4925812
4925868
4925885
4925894
4925901
4925926
4925942
4925955
4925987
4926040
4926071
4926086
4926095
4926117
4926138
4926146
4926163
4926191
4926223
4926230
4926241
4926277
4926336
4926345
4926401
4926426
4926442
4926460
4926478
4926487
4926535
4926561
4926572
4926604
4926631
4926673
4926682
4926706
4926757
4926770
4926785
4926805
4926879
4926892
4926954
4926969
4927003
4927011
4927036
4927067
4927074
4927090
4927106
4927168
4927210
4927244
4927314
4927339
4927340
4927386
4927416
4927429
4927450
4927465
4927473
4927523
4927530
4927541
4927559
4927564
4927577
4927678
4927693
4927709
4927738
4927746
4927791
4927813
4927848
4927869
4927897
4927920
4927951
4928085
4928111
4928158
4928189
4928239
4928253
4928262
4928295
4928307
4928328
4928344
4928361
4928372
4928383
4928413
4928432
4928454
4928476
4928481
4928501
4928534
4928542
4928587
4928593
4928630
4928696
4928705
4928720
4928743
4928766
4928784
4928792
4928816
4928829
4928831
4928847
4928865
4928882
4928917
4929000
4929013
4929025
4929048
4929069
4929076
4929097
4929115
4929123
4929141
4929159
4929164
4929196
4929217
4929224
4929280
4929291
4929304
4929331
4929347
4929365
4929382
4929398
4929449
4929457
4929520
4929566
4929579
4929592
4929611
4929622
4929658
4929726
4929734
4929760
4929787
4929807
4929844
4929856
4929908
4929927
4929995
4930017
4930046
4930052
4930080
4930091
4930127
4930153
4930171
4930186
4930236
4930245
4930258
4930267
4930274
4930323
4930341
4930364
4930388
4930437
4930451
4930479
4930492
4930529
4930531
4930565
4930582
4930607
4930628
4930635
4930644
4930656
4930661
4930683
4930713
4930725
4930754
4930769
4930781
4930855
4930893
4930906
4930912
4930949
4931032
4931054
4931069
4931076
4931081
4931097
4931123
4931130
4931159
4931164
4931177
4931196
4931209
4931217
4931263
4931316
4931350
4931365
4931398
4931421
4931449
4931457
4931470
4931494
4931579
4931603
4931611
4931645
4931658
4931690
4931760
4931828
4931844
4931856
4931883
4931899
4931908
4931953
4932041
4932059
4932064
4932100
4932113
4932132
4932148
4932154
4932197
4932204
4932231
4932247
4932273
4932282
4932298
4932407
4932410
4932461
4932472
4932483
4932589
4932590
4932620
4932637
4932651
4932762
4932786
4932812
4932821
4932833
4932849
4932857
4932894
4932919
4932934
4932960
4932993
4933010
4933035
4933056
4933061
4933105
4933151
4933242
4933255
4933260
4933306
4933357
4933368
4933402
4933430
4933441
4933464
4933562
4933595
4933600
4933625
4933632
4933648
4933654
4933669
4933722
4933736
4933758
4933767
4933774
4933809
4933838
4933846
4933852
4933916
4933929
4933947
4933973
4934086
4934095
4934109
4934117
4934138
4934152
4934163
4934175
4934215
4934230
4934259
4934264
4934277
4934296
4934303
4934322
4934336
4934345
4934374
4934390
4934442
4934455
4934507
4934535
4934561
4934616
4934629
4934650
4934682
4934768
4934785
4934794
4934818
4934820
4934866
4934900
4934932
4934948
4934981
4935033
4935049
4935070
4935094
4935158
4935167
4935189
4935214
4935227
4935253
4935310
4935328
4935335
4935399
4935413
4935425
4935469
4935476
4935481
4935578
4935587
4935615
4935659
4935737
4935792
4935804
4935829
4935831
4935850
4935873
4935882
4935917
4935975
4935991
4936020
4936051
4936066
4936079
4936084
4936107
4936172
4936221
4936233
4936285
4936294
4936301
4936319
4936334
4936342
4936378
4936438
4936452
4936463
4936480
4936554
4936569
4936608
4936614
4936640
4936653
4936671
4936686
4936729
4936731
4936802
4936815
4936841
4936859
4936877
4936888
4936911
4936936
4936958
4936974
4936989
4937026
4937042
4937055
4937060
4937087
4937147
4937150
4937173
4937182
4937198
4937213
4937232
4937248
4937269
4937281
4937297
4937305
4937343
4937351
4937392
4937462
4937495
4937512
4937533
4937557
4937568
4937585
4937646
4937663
4937691
4937707
4937735
4937744
4937761
4937783
4937799
4937803
4937811
4937836
4937858
4937902
4937915
4937930
4937941
4937988
4938004
4938029
4938031
4938050
4938065
4938082
4938126
4938134
4938155
4938178
4938193
4938205
4938243
4938292
4938313
4938325
4938332
4938354
4938376
4938422
4938458
4938490
4938517
4938580
4938606
4938633
4938764
4938796
4938814
4938839
4938840
4938853
4938907
4938935
4938944
4938972
4938999
4939003
4939045
4939058
4939090
4939106
4939112
4939121
4939133
4939149
4939157
4939168
4939170
4939194
4939207
4939210
4939228
4939235
4939244
4939308
4939327
4939339
4939340
4939395
4939404
4939429
4939450
4939473
4939523
4939559
4939596
4939619
4939626
4939634
4939717
4939724
4939775
4939800
4939825
4939869
4939876
4939897
4939905
4939920
4939937
4939951
4939966
4939984
4940030
4940064
4940096
4940100
4940132
4940148
4940176
4940197
4940216
4940229
4940247
4940282
4940309
4940324
4940338
4940352
4940375
4940380
4940407
4940410
4940428
4940456
4940472
4940522
4940567
4940574
4940589
4940618
4940651
4940679
4940727
4940739
4940740
4940762
4940771
4940786
4940806
4940870
4940894
4940901
4940926
4940934
4940960
4940978
4940987
4941039
4941071
4941117
4941163
4941191
4941202
4941230
4941241
4941264
4941288
4941303
4941358
4941374
4941419
4941442
4941487
4941507
4941510
4941544
4941572
4941629
4941631
4941682
4941698
4941712
4941757
4941785
4941794
4941805
4941820
4941837
4941851
4941866
4941879
4941913
4941925
4942017
4942052
4942063
4942075
4942080
4942127
4942140
4942162
4942186
4942195
4942203
4942211
4942236
4942267
4942274
4942289
4942290
4942302
4942315
4942323
4942341
4942359
4942405
4942443
4942466
4942479
4942529
4942547
4942565
4942573
4942582
4942598
4942607
4942635
4942644
4942661
4942699
4942700
4942754
4942769
4942776
4942781
4942797
4942801
4942842
4942860
4942906
4942970
4942985
4942994
4943005
4943018
4943020
4943043
4943079
4943092
4943144
4943156
4943161
4943172
4943206
4943257
4943294
4943301
4943334
4943342
4943393
4943417
4943438
4943446
4943452
4943463
4943525
4943532
4943548
4943554
4943576
4943581
4943608
4943639
4943653
4943662
4943686
4943695
4943750
4943765
4943782
4943815
4943823
4943841
4943888
4943922
4943958
4943990
4944000
4944025
4944048
4944054
4944081
4944102
4944141
4944159
4944246
4944275
4944329
4944331
4944350
4944365
4944398
4944406
4944412
4944421
4944457
4944468
4944485
4944518
4944543
4944579
4944592
4944636
4944658
4944674
4944719
4944760
4944778
4944793
4944807
4944810
4944883
4944899
4944927
4944939
4944971
4944986
4944995
4945093
4945104
4945131
4945150
4945225
4945232
4945248
4945281
4945318
4945343
4945379
4945392
4945414
4945439
4945453
4945462
4945486
4945495
4945512
4945533
4945549
4945557
4945568
4945585
4945609
4945638
4945646
4945652
4945675
4945680
4945691
4945756
4945772
4945811
4945845
4945867
4945902
4945915
4945959
4945988
4945996
4946007
4946010
4946044
4946061
4946083
4946118
4946143
4946184
4946201
4946219
4946226
4946234
4946255
4946260
4946278
4946306
4946349
4946385
4946394
4946415
4946430
4946464
4946477
4946488
4946514
4946586
4946600
4946745
4946767
4946824
4946852
4946863
4946880
4946904
4946965
4946998
4947012
4947094
4947103
4947136
4947208
4947214
4947240
4947295
4947328
4947361
4947372
4947399
4947425
4947448
4947469
4947481
4947501
4947519
4947534
4947560
4947593
4947602
4947659
4947677
4947705
4947718
4947737
4947743
4947766
4947784
4947792
4947829
4947847
4947865
4947917
4947946
4947975
4947991
4948022
4948036
4948089
4948090
4948106
4948133
4948168
4948170
4948235
4948244
4948272
4948283
4948327
4948339
4948362
4948371
4948404
4948431
4948473
4948523
4948530
4948564
4948588
4948601
4948634
4948642
4948655
4948660
4948678
4948717
4948724
4948738
4948780
4948800
4948848
4948854
4948869
4948876
4948897
4948979
4949047
4949050
4949065
4949073
4949101
4949119
4949178
4949243
4949266
4949279
4949292
4949313
4949325
4949354
4949376
4949381
4949403
4949411
4949436
4949445
4949458
4949474
4949490
4949538
4949575
4949591
4949612
4949649
4949657
4949670
4949685
4949702
4949715
4949730
4949839
4949871
4949895
4949910
4949928
4949956
4949961
4949972
4950037
4950043
4950079
4950084
4950156
4950183
4950221
4950233
4950268
4950270
4950334
4950342
4950424
4950452
4950475
4950491
4950500
4950548
4950614
4950639
4950704
4950750
4950765
4950773
4950802
4950815
4950830
4950841
4950877
4950896
4950936
4950958
4950990
4951016
4951029
4951047
4951050
4951073
4951082
4951126
4951155
4951178
4951193
4951218
4951220
4951243
4951284
4951292
4951300
4951332
4951348
4951458
4951467
4951489
4951490
4951517
4951538
4951552
4951575
4951580
4951606
4951633
4951649
4951668
4951670
4951694
4951759
4951808
4951871
4951910
4951935
4951944
4951956
4951961
4951983
4952026
4952042
4952055
4952060
4952087
4952104
4952150
4952165
4952173
4952182
4952198
4952200
4952232
4952276
4952297
4952351
4952379
4952392
4952408
4952439
4952440
4952521
4952557
4952568
4952570
4952609
4952617
4952707
4952735
4952756
4952761
4952772
4952783
4952836
4952845
4952858
4952874
4952915
4952941
4952988
4952996
4953008
4953027
4953039
4953053
4953109
4953138
4953146
4953163
4953191
4953259
4953277
4953296
4953311
4953322
4953336
4953401
4953455
4953460
4953487
4953493
4953510
4953535
4953572
4953583
4953599
4953616
4953629
4953631
4953665
4953721
4953749
4953785
4953805
4953837
4953851
4953884
4953981
4954007
4954056
4954072
4954192
4954242
4954255
4954278
4954293
4954312
4954321
4954349
4954357
4954368
4954402
4954423
4954459
4954464
4954496
4954508
4954514
4954527
4954539
4954540
4954553
4954562
4954571
4954669
4954681
4954697
4954703
4954736
4954745
4954758
4954789
4954824
4954846
4954852
4954863
4954875
4954904
4954916
4954947
4954973
4954998
4955003
4955011
4955036
4955045
4955106
4955112
4955149
4955194
4955210
4955244
4955308
4955314
4955362
4955371
4955386
4955395
4955429
4955431
4955465
4955523
4955530
4955541
4955564
4955577
4955619
4955655
4955660
4955687
4955709
4955724
4955738
4955775
4955780
4955791
4955813
4955881
4955920
4955937
4955943
4955951
4955966
4955992
4956024
4956038
4956046
4956052
4956114
4956162
4956186
4956195
4956222
4956236
4956245
4956258
4956267
4956274
4956290
4956302
4956323
4956330
4956341
4956364
4956405
4956420
4956492
4956516
4956582
4956661
4956672
4956683
4956713
4956732
4956748
4956754
4956781
4956826
4956842
4956855
4956878
4956887
4956912
4956921
4956968
4956970
4956985
4957023
4957064
4957100
4957148
4957216
4957250
4957265
4957273
4957298
4957309
4957324
4957363
4957375
4957407
4957444
4957503
4957511
4957522
4957536
4957545
4957567
4957574
4957618
4957637
4957692
4957708
4957727
4957753
4957795
4957821
4957849
4957857
4957868
4957870
4957919
4957926
4957934
4957955
4957987
4957993
4958025
4958048
4958069
4958097
4958102
4958130
4958188
4958238
4958263
4958280
4958291
4958365
4958398
4958406
4958470
4958485
4958518
4958520
4958543
4958579
4958592
4958645
4958658
4958667
4958690
4958701
4958742
4958755
4958760
4958778
4958872
4958883
4958939
4958971
4958986
4959006
4959057
4959094
4959122
4959158
4959208
4959239
4959286
4959295
4959310
4959400
4959413
4959448
4959469
4959481
4959519
4959587
4959602
4959641
4959659
4959664
4959720
4959743
4959766
4959784
4959792
4959829
4959831
4959847
4959898
4959917
4959938
4959952
4959975
4960053
4960071
4960086
4960095
4960109
4960146
4960152
4960264
4960322
4960336
4960390
4960401
4960419
4960426
4960544
4960561
4960572
4960616
4960647
4960673
4960698
4960757
4960770
4960794
4960805
4960820
4960866
4960892
4960913
4960981
4961012
4961057
4961068
4961085
4961111
4961122
4961167
4961208
4961214
4961227
4961240
4961253
4961262
4961286
4961295
4961307
4961310
4961328
4961335
4961344
4961399
4961400
4961425
4961432
4961469
4961476
4961497
4961519
4961560
4961602
4961630
4961641
4961705
4961737
4961751
4961779
4961792
4961804
4961816
4961829
4961850
4961898
4961909
4961938
4961946
4961975
4961991
4962003
4962011
4962022
4962058
4962067
4962089
4962121
4962168
4962185
4962194
4962207
4962228
4962235
4962261
4962308
4962314
4962340
4962395
4962404
4962431
4962450
4962465
4962502
4962515
4962541
4962564
4962577
4962588
4962601
4962626
4962634
4962687
4962709
4962738
4962775
4962825
4962832
4962869
4962905
4962920
4962943
4962951
4962984
4963004
4963029
4963098
4963243
4963332
4963369
4963397
4963403
4963436
4963445
4963458
4963509
4963517
4963552
4963591
4963621
4963657
4963668
4963670
4963694
4963715
4963741
4963759
4963777
4963814
4963827
4963840
4963871
4963907
4963935
4963956
4963972
4963983
4963999
4964009
4964063
4964080
4964108
4964211
4964222
4964258
4964289
4964302
4964377
4964388
4964405
4964420
4964443
4964466
4964479
4964484
4964492
4964504
4964516
4964529
4964531
4964565
4964582
4964598
4964628
4964644
4964672
4964683
4964713
4964725
4964732
4964781
4964797
4964801
4964855
4964860
4964878
4964887
4964933
4964949
4964970
4964985
4965054
4965069
4965076
4965081
4965102
4965141
4965164
4965177
4965196
4965217
4965291
4965304
4965331
4965373
4965382
4965398
4965406
4965421
4965470
4965518
4965566
4965579
4965584
4965592
4965658
4965674
4965689
4965701
4965726
4965742
4965755
4965810
4965835
4965844
4965861
4965927
4965939
4965953
4965971
4965986
4966019
4966055
4966060
4966078
4966147
4966182
4966225
4966232
4966269
4966276
4966297
4966305
4966320
4966343
4966427
4966462
4966471
4966521
4966570
4966594
4966609
4966624
4966646
4966675
4966680
4966707
4966735
4966744
4966761
4966783
4966803
4966858
4966867
4966889
4966902
4966915
4966923
4966930
4966959
4967084
4967135
4967156
4967161
4967221
4967233
4967355
4967409
4967438
4967480
4967548
4967554
4967704
4967716
4967731
4967750
4967773
4967798
4967864
4967877
4967888
4967911
4967922
4967936
4968035
4968044
4968099
4968118
4968120
4968143
4968166
4968184
4968192
4968201
4968242
4968278
4968321
4968349
4968370
4968402
4968423
4968430
4968488
4968527
4968539
4968540
4968553
4968571
4968600
4968613
4968625
4968632
4968654
4968681
4968758
4968767
4968789
4968824
4968846
4968891
4968904
4968965
4968973
4969002
4969015
4969023
4969030
4969064
4969088
4969113
4969132
4969176
4969204
4969216
4969229
4969231
4969282
4969298
4969324
4969338
4969363
4969407
4969444
4969472
4969483
4969499
4969522
4969558
4969589
4969618
4969637
4969666
4969692
4969753
4969762
4969771
4969806
4969849
4969894
4969919
4969926
4969934
4969987
4969993
4970010
4970056
4970083
4970105
4970120
4970151
4970179
4970184
4970201
4970219
4970226
4970242
4970287
4970293
4970306
4970312
4970357
4970368
4970394
4970415
4970430
4970441
4970464
4970496
4970514
4970527
4970539
4970553
4970571
4970586
4970600
4970625
4970703
4970722
4970736
4970758
4970767
4970774
4970809
4970817
4970863
4970880
4970891
4970904
4970931
4970998
4971003
4971022
4971036
4971058
4971089
4971112
4971121
4971133
4971149
4971170
4971185
4971256
4971339
4971353
4971386
4971395
4971465
4971482
4971523
4971541
4971564
4971619
4971634
4971655
4971660
4971678
4971687
4971693
4971717
4971738
4971746
4971752
4971848
4971869
4971897
4971943
4971979
4971992
4972021
4972033
4972049
4972111
4972136
4972158
4972167
4972189
4972227
4972253
4972295
4972328
4972335
4972356
4972372
4972383
4972413
4972454
4972476
4972497
4972501
4972519
4972534
4972542
4972593
4972615
4972623
4972641
4972677
4972720
4972737
4972743
4972751
4972766
4972779
4972784
4972816
4972829
4972865
4972882
4972917
4972924
4972946
4972952
4973013
4973025
4973069
4973076
4973097
4973115
4973141
4973159
4973164
4973217
4973238
4973252
4973263
4973280
4973291
4973316
4973329
4973331
4973347
4973382
4973406
4973421
4973470
4973494
4973537
4973584
4973658
4973667
4973674
4973689
4973690
4973701
4973755
4973787
4973793
4973807
4973844
4973883
4973899
4973908
4973939
4973953
4974128
4974135
4974156
4974161
4974172
4974199
4974212
4974233
4974257
4974285
4974301
4974326
4974360
4974378
4974387
4974409
4974417
4974491
4974532
4974554
4974627
4974639
4974686
4974695
4974729
4974802
4974877
4975047
4975065
4975073
4975082
4975098
4975101
4975134
4975142
4975155
4975187
4975205
4975218
4975369
4975397
4975403
4975445
4975467
4975489
4975524
4975546
4975552
4975563
4975580
4975591
4975621
4975633
4975657
4975670
4975685
4975702
4975715
4975723
4975741
4975759
4975777
4975788
4975796
4975808
4975814
4975935
4975944
4975983
4976041
4976096
4976125
4976154
4976176
4976231
4976247
4976265
4976282
4976298
4976346
4976363
4976380
4976410
4976428
4976435
4976456
4976461
4976483
4976499
4976503
4976522
4976536
4976545
4976589
4976605
4976618
4976620
4976666
4976679
4976692
4976708
4976714
4976727
4976739
4976771
4976795
4976806
4976812
4976821
4976857
4976894
4976942
4976987
4976993
4977024
4977063
4977075
4977080
4977108
4977127
4977153
4977211
4977222
4977245
4977290
4977323
4977388
4977443
4977451
4977466
4977479
4977492
4977504
4977531
4977547
4977573
4977607
4977610
4977628
4977644
4977672
4977683
4977699
4977713
4977769
4977776
4977797
4977819
4977826
4977834
4977842
4977860
4977878
4977887
4977906
4977912
4977933
4977968
4978014
4978027
4978039
4978040
4978086
4978138
4978152
4978163
4978202
4978223
4978277
4978296
4978303
4978345
4978367
4978389
4978401
4978419
4978442
4978455
4978460
4978478
4978493
4978528
4978535
4978544
4978561
4978599
4978631
4978698
4978721
4978749
4978757
4978794
4978805
4978837
4978851
4978866
4978976
4978997
4979019
4979042
4979093
4979147
4979150
4979198
4979213
4979232
4979276
4979384
4979392
4979414
4979453
4979471
4979495
4979521
4979549
4979624
4979663
4979710
4979728
4979735
4979744
4979845
4979890
4979902
4979930
4979964
4979988
4980000
4980048
4980069
4980076
4980115
4980123
4980130
4980164
4980177
4980196
4980209
4980246
4980275
4980291
4980304
4980329
4980347
4980350
4980365
4980412
4980421
4980457
4980468
4980470
4980494
4980505
4980520
4980537
4980543
4980551
4980566
4980584
4980603
4980622
4980658
4980667
4980689
4980690
4980719
4980742
4980755
4980787
4980793
4980810
4980835
4980844
4980883
4980899
4980940
4980953
4980995
4981019
4981034
4981055
4981060
4981078
4981087
4981093
4981129
4981131
4981213
4981225
4981337
4981384
4981408
4981427
4981439
4981521
4981570
4981594
4981609
4981624
4981646
4981652
4981680
4981691
4981707
4981728
4981756
4981761
4981772
4981799
4981822
4981858
4981874
4981889
4981890
4981930
4981941
4981964
4981988
4982004
4982029
4982050
4982082
4982119
4982142
4982155
4982160
4982187
4982205
4982237
4982243
4982266
4982292
4982300
4982332
4982348
4982381
4982397
4982490
4982524
4982546
4982575
4982606
4982621
4982649
4982670
4982694
4982702
4982715
4982741
4982764
4982796
4982808
4982840
4982862
4982928
4982935
4982956
4982983
4982999
4983036
4983090
4983121
4983149
4983157
4983168
4983194
4983210
4983244
4983386
4983431
4983465
4983473
4983498
4983502
4983515
4983530
4983541
4983559
4983577
4983588
4983596
4983601
4983678
4983693
4983717
4983724
4983752
4983763
4983825
4983832
4983848
4983869
4983876
4983979
4984030
4984064
4984100
4984197
4984229
4984247
4984265
4984273
4984282
4984309
4984317
4984352
4984375
4984391
4984410
4984428
4984435
4984444
4984456
4984461
4984483
4984522
4984536
4984558
4984574
4984589
4984605
4984620
4984643
4984651
4984692
4984771
4984786
4984795
4984812
4984849
4984868
4984894
4984901
4984919
4984926
4984934
4984978
4984987
4984993
4985008
4985027
4985040
4985062
4985124
4985175
4985223
4985241
4985322
4985345
4985367
4985374
4985389
4985390
4985401
4985426
4985434
4985460
4985544
4985556
4985561
4985583
4985616
4985650
4985665
4985673
4985682
4985706
4985757
4985768
4985785
4985805
4985820
4985837
4985851
4985866
4985925
4985948
4985969
4985981
4986012
4986021
4986033
4986049
4986057
4986085
4986158
4986189
4986214
4986227
4986239
4986295
4986335
4986399
4986400
4986432
4986476
4986481
4986497
4986501
4986519
4986526
4986534
4986542
4986593
4986615
4986630
4986641
4986677
4986696
4986751
4986779
4986784
4986792
4986816
4986829
4986831
4986847
4986850
4986909
4986946
4986975
4986980
4986991
4987028
4987035
4987083
4987118
4987120
4987179
4987184
4987201
4987255
4987278
4987293
4987306
4987321
4987333
4987349
4987357
4987368
4987385
4987394
4987423
4987477
4987488
4987527
4987539
4987562
4987586
4987600
4987613
4987669
4987676
4987697
4987722
4987745
4987774
4987789
4987817
4987891
4987929
4987950
4988005
4988037
4988079
4988084
4988107
4988128
4988135
4988144
4988156
4988199
4988212
4988221
4988233
4988257
4988326
4988342
4988355
4988360
4988387
4988393
4988409
4988417
4988438
4988480
4988491
4988500
4988597
4988608
4988627
4988639
4988640
4988671
4988695
4988704
4988731
4988747
4988750
4988782
4988798
4988802
4988815
4988823
4988864
4988877
4988888
4988903
4988911
4988945
4988989
4988990
4989024
4989038
4989046
4989075
4989127
4989139
4989153
4989171
4989211
4989258
4989267
4989302
4989323
4989341
4989364
4989388
4989405
4989420
4989443
4989466
4989484
4989504
4989516
4989529
4989550
4989565
4989582
4989598
4989610
4989635
4989656
4989725
4989781
4989860
4989878
4989906
4989933
4989949
4989957
4989970
4990022
4990036
4990058
4990074
4990089
4990090
4990157
4990194
4990228
4990235
4990244
4990283
4990308
4990314
4990327
4990362
4990386
4990404
4990416
4990429
4990431
4990447
4990482
4990498
4990541
4990559
4990596
4990601
4990619
4990626
4990642
4990660
4990687
4990717
4990724
4990738
4990746
4990763
4990780
4990791
4990800
4990813
4990854
4990881
4990920
4990951
4990992
4991009
4991017
4991024
4991063
4991108
4991127
4991140
4991162
4991203
4991211
4991302
4991315
4991330
4991341
4991396
4991405
4991420
4991437
4991479
4991492
4991531
4991550
4991573
4991610
4991635
4991644
4991661
4991683
4991699
4991732
4991781
4991819
4991834
4991842
4991860
4991878
4991887
4991906
4991970
4992008
4992027
4992039
4992062
4992071
4992117
4992124
4992138
4992152
4992163
4992175
4992202
4992223
4992241
4992264
4992277
4992288
4992296
4992303
4992322
4992345
4992374
4992390
4992419
4992426
4992434
4992442
4992455
4992493
4992507
4992535
4992544
4992556
4992561
4992572
4992616
4992629
4992665
4992673
4992682
4992706
4992712
4992721
4992768
4992770
4992818
4992837
4992843
4992879
4992892
4992925
4992932
4992969
4992976
4992981
4992997
4993034
4993078
4993147
4993173
4993182
4993200
4993276
4993305
4993320
4993337
4993343
4993351
4993392
4993439
4993462
4993471
4993486
4993549
4993609
4993638
4993646
4993675
4993756
4993803
4993822
4993845
4993867
4993890
4993930
4993959
4993988
4993996
4994006
4994012
4994033
4994049
4994111
4994145
4994158
4994174
4994189
4994239
4994286
4994295
4994310
4994328
4994335
4994372
4994383
4994399
4994425
4994448
4994454
4994476
4994497
4994501
4994534
4994542
4994602
4994615
4994630
4994664
4994718
4994737
4994751
4994779
4994816
4994829
4994831
4994882
4994898
4994975
4995018
4995037
4995051
4995066
4995084
4995135
4995144
4995156
4995257
4995270
4995294
4995319
4995360
4995409
4995417
4995424
4995452
4995463
4995475
4995491
4995532
4995548
4995554
4995576
4995581
4995597
4995608
4995640
4995662
4995716
4995729
4995750
4995782
4995798
4995815
4995830
4995877
4995888
4995945
4995990
4996004
4996016
4996031
4996065
4996119
4996142
4996178
4996187
4996193
4996237
4996243
4996251
4996266
4996279
4996284
4996292
4996300
4996313
4996332
4996348
4996397
4996403
4996411
4996436
4996467
4996489
4996490
4996509
4996517
4996538
4996552
4996575
4996612
4996723
4996777
4996796
4996808
4996827
4996871
4996886
4996935
4996999
4997000
4997013
4997069
4997081
4997097
4997102
4997130
4997159
4997188
4997209
4997224
4997238
4997252
4997280
4997329
4997331
4997347
4997398
4997412
4997421
4997449
4997518
4997566
4997584
4997658
4997667
4997689
4997690
4997701
4997719
4997760
4997778
4997787
4997793
4997807
4997828
4997844
4997914
4997927
4997953
4997962
4997995
4998002
4998015
4998023
4998041
4998059
4998096
4998113
4998132
4998148
4998169
4998181
4998250
4998265
4998352
4998363
4998375
4998380
4998391
4998407
4998428
4998444
4998472
4998483
4998499
4998503
4998522
4998536
4998567
4998574
4998618
4998620
4998651
4998666
4998714
4998739
4998753
4998786
4998795
4998849
4998857
4998868
4998894
4998919
4998955
4998987
4999007
4999010
4999028
4999035
4999056
4999072
4999099
4999118
4999120
4999137
4999143
4999179
4999192
4999219
4999226
4999255
4999260
4999287
4999293
4999306
4999312
4999349
4999368
4999370
4999394
4999402
4999441
4999459
4999477
4999488
4999508
4999514
4999553
4999571
4999586
4999595
4999613
4999625
4999654
4999676
4999681
4999697
4999703
4999711
4999736
4999774
4999846
4999863
4999875
4999880
4999891
4999904
4999931
4999965
4999982
