1600109
1600419
1600460
1600510
1600544
1600572
1600629
1600948
1601335
1601476
1601766
1602157
1602228
1602283
1602327
1602523
1602577
1602897
1603126
1603237
1603313
1603563
1603633
1603853
1603886
1604195
1604699
1604985
1605141
1605382
1605645
1606198
1606337
1606549
1606675
1606744
1606845
1606890
1607037
1607110
1607257
1607417
1607452
1607686
1607704
1607773
1607958
1608105
1608402
1608441
1608681
1608863
1608965
1609096
1609176
1609363
1609380
1609545
1609708
1609762
1610334
1610548
1610695
1610782
1610990
1611155
1611243
1611266
1611279
1611517
1611546
1611715
1611956
1612147
1612150
1612173
1612343
1612414
1612506
1612521
1612570
1612594
1612609
1612624
1612728
1612744
1612811
1612930
1612941
1613138
1613296
1613599
1613647
1613749
1613768
1613900
1613925
1614120
1614368
1614496
1614514
1614586
1614703
1615011
1615235
1615314
1615353
1615825
1615881
1616153
1616211
1616359
1616504
1616826
1616933
1617059
1617096
1617273
1617375
1617511
1617567
1617589
1617857
1618246
1618275
1618543
1618835
1618986
1619688
1620007
1620137
1620278
1620402
1620553
1620632
1620998
1621450
1621465
1621825
1621897
1622033
1622085
1622253
1622413
1622555
1622705
1622737
1622882
1622963
1623505
1623689
1623755
1623856
1623953
1623971
1624355
1624500
1624782
1624958
1625073
1625397
1625489
1625715
1626096
1626113
1626176
1626204
1626231
1626265
1626666
1626857
1626960
1627114
1627153
1627211
1627302
1627330
1627443
1627466
1627529
1627531
1627725
1628794
1628925
1629104
1629131
1629366
1629427
1629646
1629652
1629691
1629783
1629988
1630076
1630115
1630177
1630291
1630537
1630584
1630611
1630674
1630701
1630726
1631213
1631495
1631735
1631890
1632031
1632155
1632220
1632237
1632292
1632944
1633210
1633308
1633465
1633473
1633523
1633660
1633678
1633746
1634030
1634169
1634324
1634536
1634821
1634868
1634919
1635014
1635202
1635215
1635426
1635528
1635572
1635682
1635721
1635794
1636240
1636307
1636413
1636425
1636469
1636481
1636578
1636963
1637312
1637540
1638107
1638128
1638135
1638199
1638257
1638301
1638378
1638438
1638475
1638576
1638815
1639267
1639405
1639484
1639531
1639661
1639842
1639933
1640031
1640050
1640563
1640685
1640827
1641545
1641618
1641666
1642048
1642069
1642177
1642188
1642217
1642914
1643070
1643145
1643214
1643240
1643641
1643909
1643975
1644453
1644594
1644735
1644889
1644959
1645321
1645357
1645415
1645496
1645514
1645571
1645669
1645817
1645875
1646067
1646244
1646429
1646577
1646943
1646966
1647311
1647390
1647616
1647647
1647650
1647925
1648024
1648153
1648302
1648443
1648550
1648610
1648985
1649107
1649110
1649257
1649285
1649378
1649475
1649695
1649765
1649798
1649841
1650253
1650262
1650356
1650372
1650469
1650615
1650975
1651183
1651268
1651334
1651409
1651491
1651608
1651802
1651815
1652184
1652192
1652260
1652312
1652488
1652586
1652722
1652824
1652973
1653041
1653113
1653204
1653978
1654089
1654121
1654170
1654194
1654256
1654634
1654775
1654918
1655091
1655171
1655290
1655418
1655492
1655826
1655968
1656013
1656115
1656224
1656316
1656622
1656778
1656856
1657243
1657292
1657313
1657376
1657403
1657474
1657517
1657928
1658213
1658384
1658439
1658440
1658923
1659095
1659374
1659419
1659583
1659749
1659997
1660148
1660265
1660590
1660620
1660714
1660753
1661374
1661493
1661561
1662236
1662267
1662341
1662466
1662573
1662607
1662628
1662699
1662732
1662968
1662985
1663020
1663199
1663480
1663491
1663729
1663877
1663945
1663989
1664115
1664421
1664537
1664566
1664787
1664793
1664844
1665060
1665617
1665761
1666072
1666083
1666312
1666349
1666477
1666697
1667383
1667476
1667602
1667677
1667779
1667917
1668089
1668473
1668596
1668601
1668660
1668813
1668943
1669509
1669741
1669862
1669961
1670157
1670272
1670431
1670502
1670530
1670678
1670717
1670800
1670876
1671063
1671195
1671222
1671323
1671364
1671420
1671672
1671683
1672124
1672241
1672259
1672556
1672599
1672604
1672749
1672884
1672892
1672925
1673213
1673248
1673254
1673439
1673568
1673874
1673890
1674335
1674873
1675257
1675268
1675378
1675569
1676445
1676489
1676524
1676670
1676723
1676788
1676886
1676895
1677076
1677164
1677406
1677433
1677449
1677579
1677726
1677778
1678023
1678064
1678197
1678229
1678265
1678410
1678483
1679192
1679201
1679464
1679838
1680060
1680182
1680276
1680414
1680462
1680506
1681072
1681349
1681385
1681441
1681496
1681711
1681931
1682092
1682285
1682393
1682671
1682750
1682830
1683114
1683127
1683550
1683801
1684403
1684445
1684489
1684668
1684928
1684961
1685041
1685410
1685483
1685605
1685618
1686027
1686086
1686146
1686180
1686296
1686820
1687207
1687261
1687327
1687502
1687619
1687655
1687881
1688122
1688214
1688344
1688587
1688865
1689188
1689196
1689412
1689494
1689636
1690075
1690091
1690114
1690139
1690222
1690245
1690443
1690547
1691097
1691130
1691246
1691373
1691468
1691505
1691520
1691674
1691872
1691899
1692002
1692023
1692077
1692100
1692472
1692666
1692942
1693118
1693120
1693234
1693260
1693287
1693562
1693654
1693817
1694053
1694117
1694138
1694419
1694455
1694631
1694698
1694706
1695006
1695145
1695271
1695432
1695519
1695664
1695718
1695865
1695873
1695882
1695952
1696051
1696257
1696326
1696491
1696525
1696750
1697165
1697320
1697427
1697836
1697959
1697988
1698101
1698205
1698218
1698474
1698670
1698827
1698871
1699133
1699340
1699763
1699979
1601481
1603031
1603381
1603723
1604968
1605246
1607156
1610128
1611910
1613892
1617472
1618701
1619006
1620394
1620648
1620736
1621256
1623494
1624695
1624990
1626795
1627186
1628303
1630398
1630636
1630689
1633791
1635665
1636208
1637105
1637402
1637571
1637669
1639203
1639418
1640325
1640376
1641030
1641338
1644570
1644710
1644744
1648038
1648330
1649221
1649569
1649974
1652357
1652402
1653708
1653739
1654207
1654596
1654937
1655038
1658638
1659805
1661768
1662582
1663990
1666242
1667816
1671826
1673087
1673624
1673756
1673803
1673902
1673996
1677899
1677962
1678273
1680034
1680744
1680772
1681477
1681586
1683245
1686487
1688189
1688831
1689209
1689398
1690466
1691518
1692708
1693179
1694191
1694367
1694768
1694976
1695917
1695980
1696079
1696532
1699235
1699596
1699687
1600014
1600053
1600062
1600086
1600095
1600124
1600138
1600146
1600163
1600191
1600202
1600230
1600259
1600288
1600303
1600311
1600322
1600336
1600345
1600358
1600389
1600401
1600442
1600455
1600487
1600556
1600561
1600604
1600631
1600647
1600673
1600698
1600706
1600712
1600757
1600805
1600820
1600843
1600851
1600866
1600879
1600925
1600932
1600954
1600969
1600976
1601006
1601021
1601033
1601057
1601070
1601085
1601111
1601189
1601208
1601240
1601286
1601328
1601344
1601356
1601383
1601413
1601425
1601501
1601542
1601555
1601560
1601615
1601623
1601641
1601659
1601664
1601688
1601696
1601718
1601720
1601779
1601804
1601829
1601850
1601865
1601882
1601909
1601924
1601946
1601952
1601980
1602003
1602022
1602036
1602058
1602074
1602112
1602121
1602149
1602170
1602207
1602210
1602235
1602244
1602308
1602314
1602339
1602340
1602386
1602498
1602601
1602619
1602642
1602660
1602678
1602687
1602724
1602746
1602752
1602791
1602813
1602848
1602905
1602920
1602943
1602966
1602979
1603004
1603016
1603047
1603050
1603065
1603073
1603082
1603142
1603160
1603178
1603193
1603205
1603218
1603266
1603279
1603292
1603325
1603348
1603403
1603422
1603445
1603490
1603517
1603524
1603538
1603580
1603591
1603606
1603621
1603649
1603657
1603668
1603670
1603741
1603764
1603777
1603814
1603840
1603907
1603910
1603928
1603935
1603944
1603956
1603961
1603972
1603983
1603999
1604009
1604024
1604038
1604063
1604080
1604091
1604108
1604127
1604139
1604162
1604171
1604186
1604222
1604236
1604245
1604258
1604274
1604290
1604302
1604315
1604323
1604364
1604377
1604405
1604437
1604443
1604451
1604479
1604492
1604504
1604516
1604529
1604531
1604550
1604582
1604598
1604607
1604610
1604635
1604644
1604656
1604683
1604748
1604754
1604776
1604801
1604819
1604834
1604855
1604921
1604933
1604949
1604957
1604994
1605000
1605025
1605048
1605069
1605097
1605102
1605115
1605159
1605196
1605217
1605252
1605280
1605316
1605329
1605373
1605406
1605449
1605468
1605485
1605505
1605520
1605537
1605566
1605579
1605584
1605592
1605622
1605690
1605719
1605726
1605742
1605755
1605828
1605856
1605861
1605872
1605883
1605899
1605927
1605971
1606001
1606019
1606026
1606034
1606060
1606087
1606116
1606129
1606131
1606147
1606150
1606182
1606200
1606213
1606225
1606232
1606248
1606269
1606276
1606297
1606318
1606384
1606408
1606414
1606439
1606453
1606471
1606486
1606506
1606521
1606557
1606568
1606570
1606609
1606663
1606680
1606691
1606707
1606756
1606761
1606783
1606799
1606803
1606836
1606867
1606889
1606902
1606915
1606930
1606959
1606988
1606996
1607005
1607066
1607084
1607092
1607107
1607128
1607206
1607212
1607221
1607233
1607249
1607268
1607270
1607285
1607294
1607301
1607319
1607326
1607334
1607387
1607393
1607424
1607480
1607491
1607513
1607525
1607569
1607576
1607597
1607627
1607639
1607640
1607653
1607671
1607695
1607729
1607750
1607802
1607815
1607830
1607864
1607877
1607888
1607896
1607903
1607911
1607945
1607967
1608010
1608056
1608083
1608118
1608120
1608137
1608151
1608184
1608192
1608201
1608226
1608234
1608242
1608278
1608287
1608293
1608306
1608312
1608321
1608357
1608368
1608394
1608423
1608430
1608459
1608496
1608508
1608514
1608527
1608539
1608562
1608586
1608613
1608625
1608632
1608648
1608654
1608669
1608711
1608736
1608745
1608758
1608767
1608789
1608838
1608846
1608852
1608880
1608904
1608929
1608931
1608973
1608982
1609015
1609030
1609041
1609064
1609113
1609132
1609148
1609229
1609247
1609265
1609282
1609352
1609391
1609428
1609435
1609444
1609511
1609558
1609567
1609589
1609590
1609605
1609618
1609620
1609637
1609643
1609666
1609679
1609739
1609771
1609795
1609806
1609821
1609849
1609857
1609901
1609955
1609978
1609987
1610005
1610018
1610020
1610037
1610092
1610107
1610110
1610135
1610144
1610156
1610161
1610199
1610206
1610257
1610285
1610319
1610355
1610378
1610387
1610393
1610417
1610438
1610452
1610463
1610525
1610532
1610554
1610576
1610627
1610671
1610704
1610716
1610750
1610773
1610798
1610802
1610823
1610841
1610864
1610896
1610911
1610945
1610958
1610967
1610974
1610989
1611004
1611016
1611047
1611073
1611082
1611119
1611126
1611142
1611178
1611292
1611325
1611381
1611397
1611445
1611458
1611467
1611474
1611490
1611509
1611563
1611575
1611606
1611621
1611633
1611657
1611670
1611723
1611759
1611764
1611777
1611788
1611808
1611814
1611827
1611839
1611840
1611853
1611871
1611886
1611895
1611944
1611961
1611972
1611999
1612001
1612060
1612087
1612129
1612165
1612182
1612200
1612248
1612269
1612297
1612318
1612320
1612337
1612379
1612392
1612427
1612439
1612512
1612533
1612617
1612638
1612646
1612663
1612675
1612691
1612710
1612756
1612799
1612836
1612845
1612915
1612988
1612996
1613008
1613039
1613062
1613071
1613109
1613117
1613146
1613152
1613163
1613180
1613215
1613241
1613264
1613277
1613311
1613322
1613336
1613374
1613389
1613419
1613426
1613434
1613442
1613455
1613487
1613507
1613510
1613535
1613556
1613616
1613629
1613631
1613650
1613673
1613682
1613698
1613770
1613794
1613818
1613837
1613843
1613851
1613866
1613948
1613954
1613976
1613981
1614028
1614035
1614044
1614056
1614061
1614083
1614118
1614151
1614179
1614184
1614192
1614219
1614278
1614293
1614312
1614321
1614357
1614423
1614430
1614459
1614464
1614477
1614488
1614539
1614540
1614553
1614600
1614625
1614669
1614697
1614711
1614758
1614767
1614774
1614789
1614790
1614824
1614846
1614875
1614891
1614916
1614929
1614965
1614973
1614998
1615003
1615022
1615045
1615058
1615067
1615089
1615112
1615121
1615133
1615149
1615168
1615170
1615194
1615210
1615228
1615244
1615308
1615362
1615386
1615429
1615447
1615465
1615482
1615502
1615530
1615541
1615559
1615564
1615596
1615619
1615626
1615642
1615724
1615738
1615746
1615763
1615780
1615832
1615897
1615943
1615966
1615979
1615984
1615992
1616038
1616046
1616063
1616080
1616114
1616140
1616203
1616236
1616245
1616258
1616274
1616289
1616290
1616302
1616323
1616330
1616388
1616396
1616405
1616418
1616420
1616443
1616451
1616484
1616492
1616516
1616529
1616531
1616565
1616573
1616582
1616607
1616656
1616661
1616672
1616683
1616700
1616732
1616754
1616776
1616855
1616893
1616912
1616921
1616957
1616968
1617002
1617015
1617064
1617100
1617148
1617154
1617176
1617181
1617216
1617231
1617247
1617265
1617282
1617298
1617317
1617352
1617363
1617380
1617407
1617435
1617444
1617456
1617503
1617522
1617545
1617558
1617574
1617637
1617684
1617708
1617739
1617740
1617795
1617806
1617812
1617868
1617926
1617934
1617942
1617960
1617978
1618000
1618013
1618081
1618097
1618123
1618130
1618159
1618177
1618188
1618209
1618217
1618280
1618316
1618331
1618347
1618350
1618382
1618421
1618449
1618494
1618505
1618520
1618537
1618579
1618584
1618645
1618658
1618674
1618689
1618719
1618726
1618734
1618760
1618778
1618787
1618793
1618807
1618810
1618828
1618844
1618883
1618939
1618995
1619012
1619057
1619068
1619070
1619085
1619103
1619167
1619174
1619189
1619190
1619214
1619227
1619253
1619262
1619295
1619307
1619328
1619361
1619372
1619400
1619425
1619448
1619454
1619469
1619476
1619481
1619497
1619519
1619555
1619560
1619587
1619593
1619641
1619659
1619664
1619718
1619743
1619766
1619779
1619792
1619804
1619816
1619831
1619847
1619850
1619873
1619882
1619898
1619917
1619924
1619938
1619963
1619975
1619980
1620010
1620035
1620044
1620056
1620083
1620120
1620143
1620151
1620184
1620192
1620219
1620312
1620349
1620357
1620370
1620415
1620423
1620430
1620477
1620488
1620496
1620514
1620540
1620571
1620586
1620600
1620613
1620625
1620697
1620711
1620722
1620745
1620767
1620774
1620790
1620817
1620824
1620852
1620863
1620891
1620904
1620929
1620931
1620947
1620950
1621003
1621045
1621090
1621112
1621121
1621194
1621207
1621228
1621235
1621261
1621272
1621283
1621327
1621339
1621340
1621386
1621429
1621447
1621502
1621515
1621523
1621530
1621564
1621619
1621626
1621634
1621660
1621687
1621693
1621709
1621746
1621832
1621848
1621992
1622006
1622049
1622057
1622094
1622122
1622145
1622174
1622189
1622227
1622262
1622271
1622286
1622310
1622356
1622383
1622469
1622578
1622587
1622602
1622623
1622641
1622659
1622677
1622696
1622766
1622784
1622792
1622816
1622847
1622850
1622865
1622873
1622909
1622924
1622938
1622946
1622975
1622980
1622991
1623054
1623069
1623076
1623097
1623102
1623123
1623141
1623164
1623196
1623217
1623246
1623252
1623263
1623275
1623280
1623291
1623329
1623331
1623347
1623350
1623382
1623398
1623433
1623457
1623468
1623518
1623537
1623543
1623566
1623584
1623658
1623667
1623674
1623701
1623726
1623734
1623742
1623760
1623787
1623828
1623835
1623844
1623861
1623883
1623899
1623927
1623939
1623962
1623995
1624020
1624037
1624084
1624128
1624199
1624221
1624268
1624270
1624285
1624334
1624378
1624409
1624417
1624424
1624438
1624446
1624463
1624475
1624491
1624513
1624525
1624532
1624569
1624581
1624614
1624662
1624686
1624704
1624731
1624747
1624765
1624802
1624815
1624830
1624841
1624859
1624877
1624888
1624903
1624936
1624945
1624967
1624974
1625004
1625029
1625031
1625047
1625065
1625082
1625126
1625142
1625155
1625160
1625187
1625193
1625218
1625243
1625251
1625284
1625313
1625332
1625376
1625381
1625411
1625436
1625445
1625467
1625490
1625509
1625524
1625538
1625563
1625575
1625606
1625633
1625657
1625670
1625702
1625759
1625788
1625814
1625871
1625886
1625907
1625910
1625928
1625935
1625956
1625961
1625972
1626002
1626041
1626059
1626064
1626100
1626125
1626197
1626216
1626250
1626273
1626298
1626309
1626317
1626338
1626346
1626363
1626428
1626444
1626461
1626472
1626511
1626536
1626558
1626567
1626589
1626590
1626605
1626679
1626708
1626727
1626771
1626868
1626885
1626894
1626901
1626934
1626942
1626955
1626978
1626987
1627038
1627046
1627052
1627080
1627108
1627127
1627171
1627195
1627203
1627222
1627258
1627274
1627289
1627290
1627315
1627364
1627388
1627420
1627451
1627492
1627504
1627547
1627565
1627607
1627610
1627635
1627644
1627661
1627672
1627683
1627769
1627797
1627860
1627878
1627887
1627921
1627949
1627970
1628027
1628039
1628109
1628117
1628124
1628163
1628175
1628180
1628191
1628202
1628215
1628241
1628259
1628277
1628288
1628336
1628358
1628389
1628401
1628434
1628442
1628455
1628487
1628507
1628510
1628535
1628544
1628556
1628561
1628599
1628604
1628629
1628647
1628650
1628665
1628698
1628721
1628733
1628757
1628820
1628837
1628851
1628879
1628884
1628900
1628913
1628932
1628997
1629019
1629026
1629034
1629078
1629087
1629093
1629116
1629129
1629198
1629200
1629213
1629232
1629254
1629276
1629281
1629297
1629392
1629408
1629512
1629533
1629549
1629570
1629585
1629617
1629624
1629680
1629735
1629756
1629761
1629799
1629822
1629858
1629867
1629874
1629964
1630013
1630025
1630069
1630081
1630123
1630130
1630141
1630159
1630188
1630196
1630275
1630280
1630350
1630365
1630382
1630421
1630433
1630457
1630485
1630505
1630520
1630551
1630645
1630658
1630690
1630734
1630778
1630787
1630793
1630807
1630810
1630861
1630872
1630883
1630899
1631026
1631087
1631116
1631129
1631131
1631147
1631150
1631173
1631182
1631198
1631248
1631320
1631337
1631343
1631366
1631392
1631408
1631439
1631453
1631512
1631521
1631557
1631638
1631675
1631680
1631691
1631707
1631710
1631761
1631772
1631822
1631858
1631874
1631889
1631930
1631959
1631964
1632119
1632134
1632142
1632160
1632178
1632187
1632243
1632251
1632313
1632332
1632354
1632376
1632381
1632422
1632445
1632467
1632490
1632524
1632538
1632546
1632552
1632563
1632591
1632612
1632702
1632730
1632741
1632788
1632796
1632840
1632862
1632871
1632907
1632910
1632961
1632999
1633022
1633036
1633067
1633074
1633089
1633090
1633106
1633112
1633157
1633168
1633170
1633185
1633207
1633235
1633256
1633261
1633283
1633314
1633327
1633339
1633416
1633429
1633447
1633450
1633502
1633515
1633530
1633541
1633559
1633588
1633619
1633642
1633693
1633709
1633717
1633752
1633775
1633780
1633800
1633813
1633832
1633876
1633881
1633897
1633937
1633951
1633979
1633984
1634002
1634023
1634041
1634064
1634088
1634148
1634154
1634216
1634229
1634250
1634265
1634298
1634338
1634346
1634352
1634363
1634375
1634456
1634472
1634499
1634511
1634522
1634545
1634567
1634589
1634605
1634620
1634666
1634679
1634684
1634771
1634786
1634795
1634833
1634849
1634885
1634934
1634960
1635008
1635027
1635039
1635040
1635053
1635086
1635109
1635117
1635223
1635259
1635277
1635296
1635311
1635322
1635358
1635374
1635390
1635419
1635434
1635455
1635460
1635478
1635487
1635507
1635535
1635583
1635599
1635629
1635631
1635673
1635698
1635706
1635712
1635733
1635749
1635768
1635770
1635785
1635837
1635843
1635851
1635884
1635925
1635932
1635954
1635969
1635981
1635997
1636006
1636021
1636049
1636057
1636103
1636158
1636167
1636174
1636239
1636253
1636262
1636271
1636295
1636310
1636328
1636335
1636344
1636372
1636383
1636448
1636497
1636501
1636519
1636555
1636587
1636602
1636641
1636688
1636705
1636737
1636751
1636766
1636831
1636898
1636924
1636938
1636975
1636980
1636991
1637007
1637010
1637028
1637035
1637044
1637061
1637072
1637099
1637118
1637120
1637137
1637166
1637192
1637234
1637306
1637333
1637385
1637423
1637508
1637514
1637527
1637539
1637553
1637586
1637613
1637632
1637654
1637676
1637681
1637745
1637758
1637767
1637774
1637790
1637809
1637824
1637838
1637852
1637904
1637947
1637950
1637973
1637982
1638005
1638018
1638020
1638037
1638051
1638066
1638110
1638144
1638156
1638172
1638221
1638249
1638285
1638342
1638360
1638417
1638424
1638500
1638513
1638532
1638548
1638608
1638627
1638653
1638686
1638731
1638747
1638773
1638798
1638802
1638830
1638877
1638903
1638911
1638936
1638967
1638990
1639017
1639024
1639038
1639075
1639108
1639127
1639153
1639171
1639211
1639245
1639274
1639290
1639302
1639341
1639377
1639396
1639420
1639437
1639443
1639451
1639492
1639529
1639547
1639550
1639565
1639573
1639582
1639598
1639628
1639635
1639644
1639700
1639754
1639819
1639826
1639855
1639878
1639949
1639968
1639970
1639985
1639994
1640004
1640029
1640065
1640082
1640098
1640101
1640119
1640126
1640134
1640142
1640155
1640160
1640187
1640205
1640218
1640237
1640243
1640348
1640354
1640369
1640403
1640422
1640445
1640458
1640467
1640474
1640509
1640517
1640538
1640546
1640575
1640606
1640633
1640649
1640657
1640668
1640694
1640730
1640741
1640759
1640764
1640814
1640886
1640910
1640928
1640944
1640972
1640983
1641002
1641100
1641132
1641148
1641154
1641181
1641231
1641247
1641250
1641273
1641282
1641298
1641309
1641317
1641346
1641352
1641363
1641375
1641380
1641391
1641407
1641410
1641435
1641444
1641456
1641483
1641499
1641536
1641558
1641589
1641605
1641643
1641651
1641679
1641692
1641727
1641739
1641740
1641753
1641771
1641795
1641806
1641812
1641833
1641849
1641857
1641885
1641901
1641942
1641955
1641978
1641993
1642025
1642054
1642076
1642081
1642097
1642102
1642115
1642209
1642275
1642304
1642329
1642331
1642347
1642373
1642382
1642412
1642421
1642449
1642470
1642505
1642518
1642520
1642566
1642603
1642611
1642622
1642645
1642658
1642667
1642689
1642719
1642755
1642793
1642844
1642883
1642908
1642939
1642962
1643006
1643012
1643085
1643094
1643103
1643122
1643158
1643167
1643208
1643262
1643271
1643286
1643328
1643372
1643454
1643469
1643501
1643534
1643542
1643560
1643593
1643615
1643623
1643659
1643688
1643696
1643705
1643718
1643779
1643784
1643804
1643816
1643829
1643847
1643850
1643865
1643882
1643917
1643938
1643952
1643980
1643991
1644001
1644034
1644042
1644055
1644093
1644104
1644150
1644173
1644182
1644200
1644248
1644254
1644269
1644276
1644305
1644320
1644379
1644384
1644392
1644414
1644439
1644440
1644462
1644486
1644495
1644506
1644512
1644533
1644549
1644557
1644585
1644624
1644638
1644646
1644652
1644675
1644761
1644799
1644822
1644858
1644867
1644890
1644915
1644930
1644941
1644988
1645010
1645028
1645035
1645044
1645072
1645099
1645105
1645118
1645143
1645151
1645166
1645179
1645184
1645219
1645242
1645255
1645278
1645287
1645312
1645333
1645423
1645430
1645464
1645477
1645488
1645539
1645553
1645586
1645595
1645600
1645613
1645625
1645632
1645703
1645711
1645722
1645736
1645758
1645767
1645789
1645790
1645809
1645824
1645838
1645904
1645916
1645929
1645931
1645965
1645973
1646003
1646036
1646074
1646090
1646112
1646121
1646133
1646149
1646157
1646194
1646207
1646228
1646261
1646283
1646299
1646327
1646340
1646353
1646362
1646386
1646416
1646502
1646515
1646541
1646596
1646601
1646619
1646660
1646678
1646717
1646724
1646746
1646775
1646800
1646813
1646832
1646876
1646897
1646937
1646992
1647008
1647027
1647040
1647053
1647071
1647086
1647117
1647138
1647163
1647175
1647180
1647215
1647223
1647288
1647303
1647322
1647345
1647358
1647367
1647374
1647442
1647478
1647493
1647507
1647510
1647528
1647535
1647544
1647556
1647572
1647583
1647599
1647604
1647631
1647665
1647673
1647682
1647706
1647712
1647721
1647749
1647757
1647770
1647794
1647818
1647837
1647843
1647866
1647884
1647892
1647948
1647969
1647997
1648052
1648080
1648091
1648127
1648139
1648162
1648186
1648236
1648267
1648289
1648290
1648315
1648364
1648377
1648388
1648405
1648504
1648516
1648547
1648573
1648582
1648635
1648661
1648672
1648713
1648776
1648797
1648887
1648906
1648912
1648968
1649005
1649018
1649020
1649051
1649079
1649092
1649128
1649172
1649183
1649199
1649249
1649270
1649301
1649319
1649326
1649438
1649452
1649463
1649532
1649576
1649581
1649614
1649627
1649639
1649640
1649671
1649686
1649729
1649731
1649747
1649782
1649802
1649815
1649830
1649859
1649888
1649896
1649903
1649911
1649922
1649967
1650006
1650021
1650033
1650085
1650111
1650122
1650136
1650190
1650208
1650214
1650239
1650240
1650271
1650286
1650295
1650307
1650328
1650335
1650344
1650361
1650399
1650432
1650454
1650476
1650501
1650534
1650542
1650560
1650578
1650593
1650602
1650623
1650630
1650659
1650664
1650677
1650688
1650737
1650751
1650779
1650784
1650792
1650804
1650829
1650831
1650850
1650917
1650924
1650991
1651018
1651037
1651051
1651066
1651092
1651172
1651206
1651212
1651233
1651270
1651326
1651342
1651378
1651438
1651463
1651500
1651513
1651525
1651554
1651581
1651597
1651614
1651627
1651639
1651640
1651686
1651716
1651729
1651731
1651747
1651765
1651773
1651798
1651823
1651830
1651859
1651896
1651903
1651911
1651922
1651936
1651945
1651990
1652035
1652044
1652072
1652083
1652105
1652118
1652137
1652179
1652201
1652219
1652278
1652287
1652306
1652321
1652333
1652385
1652415
1652423
1652430
1652441
1652459
1652477
1652508
1652514
1652527
1652571
1652595
1652613
1652625
1652648
1652654
1652681
1652736
1652745
1652758
1652789
1652809
1652838
1652863
1652904
1652916
1652929
1652931
1652965
1652998
1653002
1653015
1653023
1653077
1653088
1653096
1653125
1653176
1653197
1653216
1653231
1653273
1653282
1653309
1653317
1653324
1653338
1653346
1653363
1653375
1653380
1653410
1653435
1653456
1653472
1653499
1653503
1653511
1653574
1653590
1653637
1653714
1653753
1653786
1653821
1653833
1653870
1653901
1653934
1653987
1653993
1654036
1654045
1654058
1654067
1654074
1654106
1654112
1654149
1654210
1654228
1654235
1654244
1654261
1654308
1654327
1654339
1654340
1654353
1654404
1654429
1654447
1654465
1654498
1654502
1654577
1654655
1654687
1654693
1654717
1654724
1654738
1654763
1654780
1654800
1654825
1654832
1654848
1654854
1654881
1654920
1654966
1655009
1655024
1655046
1655075
1655108
1655140
1655153
1655186
1655195
1655211
1655236
1655245
1655267
1655359
1655364
1655377
1655388
1655405
1655420
1655443
1655451
1655479
1655484
1655516
1655529
1655531
1655547
1655550
1655573
1655598
1655607
1655610
1655628
1655635
1655656
1655683
1655699
1655713
1655769
1655776
1655801
1655819
1655834
1655842
1655887
1655893
1655912
1655921
1655933
1655994
1656025
1656032
1656069
1656097
1656102
1656123
1656141
1656209
1656217
1656238
1656263
1656275
1656347
1656365
1656382
1656406
1656412
1656421
1656468
1656470
1656494
1656505
1656520
1656537
1656543
1656584
1656592
1656603
1656611
1656636
1656658
1656674
1656726
1656787
1656828
1656835
1656861
1656908
1656940
1656962
1656971
1656986
1657029
1657050
1657065
1657119
1657126
1657134
1657142
1657178
1657193
1657218
1657220
1657251
1657300
1657325
1657332
1657354
1657381
1657422
1657436
1657445
1657524
1657546
1657552
1657575
1657591
1657621
1657649
1657668
1657670
1657702
1657715
1657723
1657730
1657741
1657759
1657764
1657777
1657808
1657814
1657871
1657895
1657907
1657910
1657961
1657972
1657983
1658001
1658019
1658026
1658034
1658042
1658055
1658087
1658093
1658116
1658129
1658131
1658150
1658173
1658198
1658225
1658232
1658254
1658276
1658297
1658305
1658318
1658320
1658337
1658343
1658366
1658379
1658392
1658462
1658471
1658506
1658549
1658557
1658570
1658585
1658594
1658609
1658617
1658624
1658710
1658728
1658735
1658756
1658761
1658803
1658811
1658836
1658858
1658867
1658890
1658902
1658915
1658930
1658964
1659008
1659027
1659039
1659040
1659053
1659062
1659086
1659109
1659117
1659124
1659138
1659146
1659152
1659175
1659191
1659202
1659215
1659241
1659259
1659264
1659288
1659303
1659322
1659336
1659345
1659358
1659367
1659434
1659455
1659478
1659487
1659493
1659507
1659510
1659535
1659561
1659629
1659631
1659665
1659682
1659698
1659706
1659721
1659757
1659770
1659820
1659837
1659851
1659892
1659900
1659932
1659954
1659976
1659981
1660002
1660015
1660023
1660030
1660077
1660096
1660100
1660132
1660154
1660169
1660204
1660247
1660317
1660338
1660346
1660363
1660391
1660407
1660444
1660456
1660483
1660499
1660522
1660536
1660558
1660567
1660574
1660605
1660637
1660651
1660666
1660679
1660684
1660739
1660795
1660821
1660833
1660857
1660868
1660885
1660901
1660919
1660926
1660955
1660987
1660993
1661008
1661053
1661071
1661138
1661163
1661191
1661215
1661230
1661288
1661296
1661303
1661345
1661367
1661389
1661390
1661426
1661434
1661442
1661455
1661478
1661487
1661544
1661556
1661572
1661583
1661604
1661616
1661629
1661631
1661650
1661673
1661698
1661749
1661770
1661805
1661818
1661837
1661843
1661866
1661925
1661932
1661954
1661969
1661976
1661997
1662024
1662052
1662075
1662091
1662108
1662139
1662140
1662186
1662195
1662245
1662289
1662330
1662359
1662364
1662377
1662388
1662418
1662420
1662437
1662451
1662484
1662492
1662504
1662531
1662565
1662598
1662635
1662661
1662672
1662683
1662700
1662725
1662769
1662781
1662819
1662834
1662842
1662855
1662878
1662933
1662949
1662957
1663005
1663018
1663051
1663084
1663092
1663110
1663135
1663161
1663206
1663270
1663285
1663294
1663301
1663319
1663326
1663334
1663342
1663355
1663378
1663409
1663417
1663438
1663446
1663463
1663475
1663500
1663513
1663548
1663576
1663608
1663639
1663704
1663716
1663747
1663765
1663782
1663798
1663802
1663815
1663830
1663859
1663888
1663896
1664000
1664069
1664102
1664164
1664177
1664188
1664217
1664252
1664263
1664275
1664280
1664291
1664316
1664329
1664365
1664373
1664406
1664412
1664449
1664468
1664494
1664505
1664579
1664584
1664592
1664636
1664689
1664690
1664734
1664742
1664810
1664835
1664861
1664899
1664908
1664953
1664971
1665001
1665019
1665026
1665034
1665042
1665078
1665087
1665093
1665131
1665165
1665200
1665213
1665225
1665232
1665248
1665254
1665276
1665297
1665318
1665320
1665379
1665384
1665392
1665414
1665471
1665506
1665521
1665568
1665585
1665594
1665609
1665638
1665663
1665675
1665680
1665691
1665707
1665710
1665744
1665783
1665803
1665811
1665845
1665902
1665915
1665941
1665996
1666010
1666028
1666044
1666056
1666061
1666105
1666120
1666179
1666192
1666219
1666293
1666385
1666423
1666430
1666441
1666514
1666553
1666571
1666586
1666613
1666648
1666711
1666722
1666736
1666758
1666767
1666789
1666790
1666809
1666824
1666846
1666863
1666875
1666929
1666931
1666982
1666998
1667012
1667021
1667033
1667057
1667094
1667103
1667111
1667136
1667167
1667174
1667189
1667190
1667214
1667227
1667239
1667262
1667271
1667286
1667295
1667307
1667310
1667328
1667335
1667372
1667448
1667519
1667555
1667593
1667641
1667659
1667664
1667718
1667743
1667751
1667784
1667804
1667865
1667873
1667898
1667938
1667963
1667980
1668022
1668036
1668058
1668067
1668090
1668106
1668121
1668133
1668149
1668168
1668170
1668185
1668207
1668210
1668235
1668272
1668283
1668299
1668308
1668314
1668327
1668339
1668340
1668353
1668371
1668386
1668416
1668429
1668431
1668447
1668465
1668530
1668541
1668564
1668619
1668626
1668634
1668642
1668709
1668724
1668746
1668763
1668780
1668800
1668825
1668848
1668876
1668897
1668920
1668937
1668992
1669004
1669016
1669029
1669031
1669050
1669065
1669073
1669082
1669098
1669134
1669142
1669160
1669178
1669193
1669218
1669220
1669237
1669251
1669266
1669284
1669292
1669325
1669348
1669369
1669397
1669403
1669422
1669445
1669458
1669489
1669490
1669517
1669552
1669591
1669612
1669649
1669657
1669670
1669685
1669702
1669759
1669764
1669777
1669788
1669796
1669814
1669840
1669871
1669886
1669895
1669910
1669944
1669956
1669999
1670011
1670045
1670058
1670067
1670089
1670106
1670112
1670168
1670207
1670210
1670235
1670244
1670327
1670340
1670362
1670386
1670395
1670416
1670429
1670465
1670498
1670577
1670596
1670601
1670619
1670660
1670687
1670724
1670746
1670752
1670780
1670848
1670869
1670905
1670951
1670979
1670984
1671009
1671017
1671024
1671038
1671052
1671080
1671108
1671153
1671203
1671245
1671274
1671290
1671302
1671315
1671341
1671359
1671388
1671396
1671405
1671437
1671451
1671466
1671492
1671531
1671607
1671610
1671628
1671635
1671644
1671656
1671700
1671713
1671725
1671776
1671781
1671842
1671906
1671912
1671933
1671957
1671985
1672014
1672027
1672040
1672053
1672071
1672117
1672146
1672152
1672163
1672180
1672215
1672288
1672311
1672322
1672374
1672390
1672401
1672419
1672434
1672487
1672493
1672544
1672583
1672616
1672647
1672650
1672673
1672706
1672712
1672721
1672733
1672770
1672785
1672818
1672837
1672843
1672851
1672900
1672913
1672976
1672981
1673001
1673026
1673042
1673055
1673060
1673093
1673104
1673116
1673129
1673131
1673147
1673150
1673165
1673173
1673182
1673198
1673232
1673297
1673305
1673318
1673320
1673337
1673351
1673392
1673440
1673462
1673471
1673486
1673506
1673521
1673557
1673570
1673594
1673646
1673652
1673663
1673675
1673710
1673735
1673799
1673811
1673822
1673858
1673867
1673941
1673964
1673977
1674021
1674033
1674049
1674057
1674111
1674122
1674145
1674158
1674189
1674190
1674208
1674214
1674227
1674271
1674286
1674307
1674310
1674413
1674425
1674432
1674481
1674497
1674501
1674542
1674593
1674602
1674615
1674630
1674641
1674664
1674688
1674696
1674720
1674737
1674792
1674816
1674865
1674898
1674909
1674917
1674924
1674952
1674963
1674975
1674980
1674991
1675005
1675020
1675037
1675066
1675079
1675092
1675107
1675110
1675135
1675156
1675249
1675270
1675319
1675342
1675355
1675360
1675387
1675417
1675424
1675446
1675463
1675475
1675480
1675513
1675532
1675548
1675554
1675608
1675653
1675662
1675686
1675695
1675704
1675731
1675750
1675773
1675830
1675841
1675859
1675864
1675877
1675888
1675896
1675922
1675945
1675967
1675989
1675990
1676016
1676073
1676126
1676155
1676187
1676218
1676220
1676237
1676243
1676266
1676279
1676348
1676381
1676397
1676403
1676411
1676422
1676436
1676458
1676467
1676474
1676490
1676538
1676563
1676591
1676612
1676633
1676649
1676657
1676668
1676685
1676694
1676702
1676759
1676764
1676777
1676808
1676839
1676853
1676907
1676910
1676935
1676961
1676983
1677097
1677130
1677177
1677188
1677196
1677209
1677217
1677238
1677246
1677263
1677280
1677329
1677347
1677365
1677373
1677398
1677421
1677457
1677468
1677485
1677494
1677505
1677537
1677543
1677566
1677584
1677603
1677645
1677658
1677667
1677689
1677690
1677701
1677760
1677810
1677828
1677835
1677856
1677861
1677927
1677953
1677986
1678002
1678030
1678096
1678100
1678113
1678125
1678176
1678204
1678231
1678247
1678250
1678346
1678363
1678375
1678380
1678391
1678407
1678428
1678435
1678461
1678499
1678511
1678545
1678558
1678590
1678637
1678651
1678679
1678771
1678795
1678806
1678812
1678833
1678857
1678868
1678885
1678894
1678901
1678919
1678934
1678960
1678978
1678987
1679028
1679035
1679083
1679099
1679105
1679120
1679151
1679166
1679184
1679226
1679260
1679278
1679312
1679333
1679349
1679357
1679368
1679370
1679402
1679430
1679477
1679508
1679539
1679540
1679600
1679613
1679676
1679711
1679722
1679745
1679767
1679790
1679809
1679817
1679846
1679852
1679891
1679929
1679947
1679965
1679998
1680078
1680087
1680093
1680116
1680129
1680147
1680165
1680198
1680248
1680281
1680318
1680337
1680392
1680408
1680427
1680453
1680512
1680533
1680557
1680568
1680594
1680609
1680617
1680646
1680680
1680728
1680735
1680756
1680761
1680811
1680845
1680858
1680923
1680941
1680959
1680977
1680988
1680996
1681010
1681028
1681035
1681056
1681061
1681083
1681118
1681143
1681151
1681166
1681179
1681184
1681192
1681201
1681219
1681226
1681260
1681278
1681312
1681321
1681333
1681357
1681370
1681430
1681459
1681464
1681488
1681539
1681540
1681553
1681562
1681571
1681669
1681676
1681722
1681745
1681790
1681809
1681838
1681875
1681891
1681904
1681916
1681947
1681950
1681973
1681998
1682018
1682037
1682066
1682107
1682110
1682128
1682135
1682144
1682161
1682212
1682221
1682249
1682268
1682270
1682294
1682319
1682326
1682334
1682342
1682360
1682378
1682409
1682417
1682424
1682438
1682446
1682463
1682475
1682491
1682500
1682532
1682548
1682554
1682569
1682576
1682581
1682597
1682608
1682614
1682640
1682716
1682731
1682747
1682765
1682773
1682782
1682798
1682859
1682877
1682888
1682903
1682911
1682922
1682967
1682974
1682989
1683017
1683052
1683080
1683108
1683139
1683153
1683162
1683171
1683222
1683236
1683289
1683290
1683302
1683315
1683330
1683341
1683364
1683377
1683405
1683418
1683420
1683437
1683466
1683479
1683484
1683504
1683531
1683547
1683565
1683573
1683598
1683610
1683644
1683656
1683683
1683700
1683748
1683781
1683797
1683819
1683834
1683842
1683860
1683878
1683912
1683921
1683933
1683949
1683970
1683985
1683994
1684050
1684098
1684101
1684119
1684155
1684237
1684243
1684266
1684292
1684300
1684313
1684325
1684348
1684397
1684436
1684467
1684474
1684509
1684517
1684524
1684538
1684563
1684580
1684591
1684633
1684657
1684730
1684741
1684764
1684777
1684788
1684808
1684827
1684839
1684840
1684862
1684871
1684886
1684895
1684907
1684944
1684956
1685015
1685064
1685077
1685088
1685100
1685132
1685169
1685176
1685265
1685273
1685282
1685309
1685317
1685324
1685407
1685444
1685456
1685511
1685522
1685558
1685589
1685590
1685637
1685643
1685666
1685679
1685692
1685714
1685727
1685740
1685753
1685762
1685771
1685786
1685795
1685821
1685857
1685868
1685885
1685894
1685926
1685960
1685993
1686008
1686014
1686039
1686040
1686062
1686117
1686152
1686191
1686215
1686223
1686241
1686277
1686303
1686311
1686322
1686336
1686345
1686367
1686374
1686389
1686442
1686455
1686528
1686544
1686647
1686650
1686682
1686706
1686712
1686721
1686733
1686749
1686785
1686805
1686837
1686851
1686879
1686892
1686913
1686948
1686954
1686976
1687022
1687036
1687045
1687067
1687089
1687121
1687133
1687149
1687185
1687235
1687256
1687299
1687308
1687314
1687339
1687362
1687371
1687416
1687431
1687447
1687450
1687515
1687523
1687559
1687588
1687596
1687634
1687642
1687678
1687717
1687791
1687800
1687813
1687825
1687832
1687869
1687876
1687920
1687937
1687966
1687979
1687984
1687992
1688021
1688033
1688057
1688103
1688111
1688136
1688167
1688208
1688227
1688239
1688240
1688253
1688271
1688328
1688361
1688372
1688399
1688400
1688432
1688469
1688497
1688501
1688519
1688534
1688560
1688578
1688593
1688602
1688623
1688630
1688641
1688659
1688664
1688718
1688792
1688804
1688816
1688829
1688850
1688898
1688924
1688946
1688975
1688980
1689000
1689013
1689032
1689048
1689054
1689097
1689102
1689115
1689123
1689141
1689177
1689246
1689263
1689291
1689329
1689347
1689373
1689406
1689433
1689468
1689485
1689505
1689543
1689551
1689566
1689584
1689592
1689603
1689622
1689658
1689667
1689690
1689760
1689787
1689793
1689828
1689883
1689927
1689939
1689971
1689986
1689995
1690009
1690017
1690024
1690038
1690080
1690108
1690127
1690186
1690211
1690258
1690274
1690290
1690359
1690364
1690377
1690396
1690405
1690484
1690531
1690550
1690573
1690598
1690607
1690644
1690656
1690661
1690672
1690713
1690725
1690776
1690781
1690797
1690834
1690842
1690855
1690893
1690906
1690912
1690921
1690957
1690968
1690970
1691000
1691013
1691032
1691081
1691102
1691115
1691159
1691164
1691177
1691217
1691280
1691291
1691316
1691331
1691347
1691382
1691398
1691412
1691433
1691449
1691470
1691494
1691543
1691551
1691566
1691611
1691622
1691645
1691658
1691667
1691690
1691701
1691726
1691742
1691755
1691787
1691807
1691810
1691828
1691835
1691844
1691856
1691861
1691953
1691971
1691995
1692015
1692030
1692041
1692088
1692154
1692169
1692181
1692247
1692282
1692298
1692309
1692324
1692363
1692375
1692391
1692461
1692483
1692499
1692522
1692545
1692574
1692589
1692590
1692643
1692651
1692684
1692727
1692739
1692753
1692762
1692771
1692806
1692857
1692868
1692870
1692894
1692901
1692960
1693028
1693061
1693083
1693099
1693151
1693166
1693184
1693192
1693312
1693349
1693357
1693368
1693370
1693385
1693394
1693402
1693430
1693441
1693459
1693477
1693508
1693527
1693553
1693571
1693586
1693595
1693600
1693613
1693625
1693632
1693669
1693703
1693711
1693852
1693863
1693875
1693880
1693929
1693998
1694008
1694014
1694027
1694039
1694086
1694163
1694175
1694241
1694259
1694277
1694303
1694336
1694345
1694390
1694401
1694442
1694460
1694487
1694493
1694510
1694535
1694572
1694599
1694629
1694647
1694650
1694673
1694733
1694757
1694770
1694805
1694843
1694866
1694879
1694892
1694913
1694925
1694932
1694948
1694954
1694997
1695012
1695021
1695122
1695136
1695158
1695167
1695174
1695208
1695227
1695240
1695262
1695295
1695307
1695310
1695356
1695361
1695383
1695400
1695425
1695454
1695481
1695501
1695542
1695555
1695587
1695602
1695615
1695696
1695705
1695720
1695766
1695779
1695784
1695792
1695816
1695847
1695850
1695898
1695946
1696005
1696084
1696107
1696110
1696156
1696161
1696172
1696183
1696206
1696212
1696268
1696285
1696294
1696334
1696342
1696393
1696409
1696424
1696475
1696480
1696500
1696513
1696554
1696576
1696608
1696627
1696640
1696653
1696686
1696704
1696716
1696729
1696731
1696747
1696773
1696798
1696802
1696830
1696841
1696859
1696888
1696903
1696911
1696945
1696974
1696989
1697019
1697026
1697060
1697078
1697087
1697104
1697116
1697129
1697147
1697150
1697182
1697198
1697200
1697232
1697248
1697254
1697269
1697281
1697337
1697379
1697392
1697414
1697512
1697533
1697557
1697570
1697609
1697617
1697624
1697638
1697663
1697675
1697680
1697710
1697744
1697756
1697772
1697783
1697811
1697845
1697858
1697867
1697874
1697923
1697996
1698004
1698029
1698050
1698065
1698098
1698155
1698193
1698237
1698243
1698279
1698284
1698300
1698313
1698332
1698348
1698369
1698381
1698397
1698403
1698422
1698436
1698524
1698538
1698552
1698563
1698575
1698612
1698657
1698685
1698694
1698702
1698715
1698759
1698764
1698788
1698862
1698907
1698910
1698935
1698956
1698961
1698972
1698983
1698999
1699003
1699011
1699022
1699036
1699058
1699149
1699168
1699170
1699185
1699194
1699210
1699228
1699244
1699299
1699314
1699327
1699395
1699404
1699429
1699473
1699482
1699502
1699515
1699523
1699559
1699588
1699642
1699655
1699660
1699693
1699738
1699752
1699813
1699825
1699854
1699869
1699881
1699897
1699905
1699918
1699937
1600008
1600027
1600039
1600040
1600071
1600117
1600180
1600215
1600241
1600264
1600277
1600296
1600367
1600374
1600390
1600426
1600434
1600478
1600493
1600507
1600528
1600583
1600616
1600650
1600682
1600721
1600733
1600749
1600768
1600770
1600785
1600794
1600818
1600837
1600892
1600913
1600981
1600997
1601012
1601049
1601068
1601103
1601122
1601145
1601158
1601167
1601214
1601239
1601253
1601262
1601271
1601307
1601310
1601361
1601372
1601399
1601400
1601448
1601454
1601469
1601497
1601519
1601534
1601587
1601593
1601602
1601677
1601737
1601743
1601751
1601792
1601831
1601847
1601873
1601898
1601917
1601963
1601975
1601991
1602045
1602089
1602090
1602133
1602168
1602194
1602256
1602272
1602353
1602362
1602371
1602404
1602416
1602431
1602473
1602482
1602502
1602515
1602530
1602541
1602564
1602588
1602596
1602626
1602634
1602655
1602709
1602717
1602738
1602763
1602775
1602780
1602825
1602832
1602854
1602869
1602876
1602881
1602918
1602937
1602951
1602984
1602992
1603029
1603098
1603101
1603119
1603134
1603155
1603187
1603243
1603284
1603300
1603332
1603354
1603369
1603397
1603411
1603436
1603467
1603489
1603509
1603552
1603575
1603612
1603685
1603702
1603715
1603730
1603759
1603796
1603808
1603827
1603839
1603862
1603871
1603895
1604017
1604046
1604052
1604075
1604140
1604153
1604211
1604267
1604289
1604330
1604341
1604388
1604396
1604418
1604420
1604466
1604484
1604547
1604565
1604573
1604628
1604661
1604672
1604700
1604713
1604725
1604769
1604781
1604797
1604826
1604842
1604860
1604878
1604887
1604893
1604906
1604912
1604970
1605013
1605032
1605054
1605076
1605081
1605123
1605130
1605164
1605177
1605188
1605209
1605224
1605238
1605263
1605291
1605304
1605331
1605347
1605365
1605398
1605412
1605421
1605433
1605457
1605518
1605543
1605551
1605603
1605636
1605658
1605667
1605674
1605760
1605778
1605787
1605793
1605807
1605835
1605844
1605908
1605914
1605939
1605940
1605953
1605986
1605995
1606042
1606055
1606078
1606093
1606104
1606173
1606254
1606281
1606305
1606320
1606351
1606366
1606379
1606392
1606427
1606440
1606462
1606495
1606512
1606585
1606594
1606624
1606638
1606646
1606652
1606728
1606735
1606772
1606811
1606822
1606858
1606874
1606923
1606941
1606964
1606977
1607018
1607043
1607079
1607135
1607144
1607161
1607172
1607183
1607199
1607342
1607360
1607378
1607409
1607438
1607463
1607475
1607500
1607548
1607554
1607581
1607608
1607662
1607716
1607731
1607747
1607782
1607798
1607823
1607841
1607859
1607936
1607974
1607990
1608007
1608028
1608035
1608044
1608061
1608072
1608099
1608143
1608255
1608260
1608333
1608370
1608385
1608477
1608540
1608553
1608571
1608595
1608600
1608676
1608697
1608722
1608774
1608790
1608817
1608824
1608875
1608891
1608916
1608998
1609002
1609059
1609088
1609125
1609154
1609169
1609204
1609216
1609231
1609250
1609273
1609298
1609309
1609317
1609324
1609346
1609375
1609407
1609456
1609461
1609472
1609503
1609522
1609536
1609574
1609651
1609684
1609692
1609714
1609740
1609753
1609786
1609812
1609868
1609870
1609885
1609894
1609919
1609934
1609942
1609993
1610051
1610066
1610079
1610084
1610172
1610183
1610212
1610221
1610233
1610249
1610268
1610294
1610301
1610326
1610342
1610360
1610409
1610424
1610446
1610480
1610491
1610500
1610513
1610569
1610581
1610597
1610608
1610639
1610640
1610653
1610662
1610686
1610729
1610747
1610765
1610859
1610877
1610888
1610903
1610922
1610936
1611029
1611031
1611050
1611065
1611098
1611101
1611134
1611160
1611187
1611193
1611205
1611220
1611237
1611284
1611300
1611313
1611332
1611348
1611354
1611369
1611376
1611403
1611422
1611436
1611489
1611524
1611538
1611552
1611580
1611591
1611649
1611668
1611685
1611694
1611702
1611741
1611796
1611928
1612019
1612026
1612034
1612042
1612055
1612078
1612093
1612116
1612131
1612198
1612213
1612225
1612232
1612254
1612276
1612281
1612305
1612351
1612366
1612384
1612440
1612453
1612462
1612471
1612495
1612549
1612557
1612568
1612585
1612652
1612680
1612707
1612735
1612761
1612783
1612822
1612858
1612867
1612874
1612889
1612902
1612923
1612959
1612964
1612977
1613014
1613027
1613040
1613053
1613086
1613095
1613124
1613175
1613191
1613202
1613223
1613230
1613259
1613288
1613303
1613345
1613358
1613367
1613390
1613401
1613460
1613478
1613493
1613528
1613544
1613561
1613583
1613712
1613721
1613733
1613785
1613805
1613820
1613879
1613913
1613932
1613997
1614007
1614010
1614099
1614137
1614143
1614166
1614201
1614226
1614234
1614242
1614255
1614260
1614287
1614306
1614333
1614349
1614370
1614394
1614402
1614415
1614441
1614562
1614571
1614613
1614632
1614648
1614654
1614676
1614722
1614736
1614745
1614809
1614817
1614838
1614852
1614863
1614904
1614931
1614947
1614950
1614982
1615036
1615074
1615090
1615106
1615157
1615185
1615207
1615261
1615272
1615283
1615299
1615339
1615340
1615371
1615395
1615404
1615416
1615431
1615473
1615498
1615523
1615577
1615588
1615601
1615634
1615655
1615660
1615687
1615693
1615717
1615752
1615775
1615791
1615813
1615854
1615869
1615876
1615918
1615920
1615951
1616009
1616024
1616052
1616075
1616091
1616108
1616127
1616162
1616171
1616186
1616195
1616267
1616364
1616377
1616437
1616466
1616479
1616547
1616598
1616628
1616635
1616644
1616699
1616725
1616748
1616769
1616781
1616797
1616801
1616834
1616842
1616860
1616878
1616887
1616906
1616949
1616970
1616985
1617023
1617030
1617041
1617088
1617113
1617125
1617132
1617169
1617197
1617204
1617229
1617250
1617309
1617324
1617338
1617346
1617391
1617410
1617428
1617461
1617483
1617536
1617590
1617605
1617618
1617620
1617643
1617651
1617666
1617727
1617753
1617771
1617786
1617821
1617833
1617849
1617870
1617885
1617894
1617901
1617919
1617955
1617993
1618025
1618032
1618048
1618054
1618069
1618102
1618141
1618164
1618196
1618224
1618238
1618252
1618263
1618291
1618304
1618329
1618365
1618373
1618412
1618433
1618457
1618485
1618518
1618551
1618566
1618592
1618603
1618611
1618622
1618690
1618742
1618755
1618856
1618861
1618872
1618914
1618927
1618940
1618953
1618971
1619021
1619033
1619049
1619094
1619111
1619122
1619136
1619145
1619158
1619208
1619239
1619271
1619286
1619310
1619335
1619356
1619383
1619432
1619501
1619526
1619534
1619542
1619602
1619615
1619677
1619696
1619705
1619737
1619751
1619865
1619909
1619946
1620028
1620061
1620072
1620105
1620118
1620166
1620179
1620226
1620234
1620242
1620255
1620287
1620293
1620306
1620333
1620368
1620385
1620441
1620459
1620464
1620508
1620527
1620562
1620595
1620654
1620669
1620676
1620681
1620703
1620789
1620838
1620846
1620875
1620880
1620973
1620982
1621011
1621022
1621036
1621058
1621067
1621074
1621089
1621106
1621133
1621168
1621170
1621185
1621210
1621244
1621299
1621308
1621314
1621353
1621362
1621395
1621404
1621416
1621431
1621473
1621482
1621541
1621559
1621577
1621588
1621596
1621601
1621642
1621655
1621678
1621724
1621738
1621752
1621775
1621791
1621813
1621876
1621881
1621905
1621918
1621920
1621937
1621943
1621951
1621966
1621979
1622012
1622021
1622068
1622070
1622111
1622136
1622190
1622208
1622239
1622295
1622328
1622344
1622361
1622372
1622425
1622432
1622448
1622454
1622476
1622481
1622497
1622501
1622519
1622526
1622542
1622560
1622593
1622615
1622630
1622718
1622720
1622743
1622751
1622779
1622804
1622829
1622831
1622898
1622917
1622952
1623000
1623013
1623025
1623032
1623048
1623081
1623115
1623159
1623177
1623188
1623209
1623238
1623304
1623316
1623365
1623373
1623406
1623412
1623470
1623520
1623551
1623603
1623611
1623622
1623636
1623690
1623719
1623793
1623807
1623872
1623908
1623914
1623940
1623986
1624005
1624018
1624043
1624066
1624079
1624092
1624110
1624135
1624144
1624156
1624161
1624183
1624212
1624233
1624249
1624257
1624294
1624301
1624319
1624342
1624360
1624387
1624393
1624452
1624480
1624548
1624554
1624576
1624597
1624608
1624639
1624640
1624671
1624716
1624729
1624750
1624773
1624798
1624823
1624864
1624896
1624911
1624922
1624989
1625016
1625050
1625098
1625119
1625134
1625178
1625205
1625220
1625266
1625279
1625292
1625300
1625325
1625348
1625369
1625403
1625422
1625517
1625546
1625552
1625580
1625591
1625612
1625621
1625649
1625668
1625685
1625694
1625723
1625741
1625764
1625777
1625796
1625808
1625839
1625840
1625853
1625862
1625895
1625944
1625983
1625999
1626015
1626023
1626077
1626132
1626148
1626154
1626169
1626229
1626282
1626324
1626380
1626391
1626410
1626435
1626456
1626483
1626503
1626522
1626545
1626574
1626618
1626620
1626637
1626651
1626692
1626714
1626739
1626753
1626762
1626786
1626812
1626821
1626849
1626870
1626919
1626926
1626993
1627009
1627017
1627024
1627063
1627091
1627162
1627236
1627323
1627341
1627377
1627396
1627418
1627437
1627484
1627516
1627550
1627573
1627582
1627598
1627628
1627699
1627700
1627713
1627754
1627776
1627801
1627819
1627826
1627834
1627842
1627855
1627893
1627912
1627933
1627957
1627968
1627985
1627994
1628014
1628040
1628053
1628062
1628071
1628086
1628095
1628146
1628223
1628264
1628296
1628311
1628322
1628345
1628367
1628419
1628426
1628460
1628478
1628528
1628572
1628583
1628616
1628631
1628673
1628706
1628712
1628749
1628770
1628785
1628805
1628843
1628892
1628948
1628954
1628969
1628976
1628981
1629001
1629042
1629055
1629060
1629147
1629165
1629173
1629182
1629225
1629248
1629269
1629305
1629318
1629337
1629343
1629351
1629379
1629384
1629439
1629440
1629471
1629495
1629506
1629521
1629557
1629568
1629663
1629707
1629710
1629728
1629772
1629836
1629890
1629902
1629923
1629930
1629941
1629959
1629977
1630000
1630032
1630048
1630054
1630097
1630102
1630164
1630209
1630217
1630238
1630246
1630252
1630263
1630316
1630329
1630347
1630373
1630406
1630449
1630468
1630470
1630494
1630518
1630566
1630579
1630592
1630603
1630622
1630719
1630742
1630755
1630760
1630828
1630835
1630856
1630908
1630914
1630927
1630939
1630940
1630953
1630962
1630971
1630986
1630995
1631001
1631019
1631042
1631055
1631060
1631078
1631093
1631200
1631225
1631232
1631254
1631269
1631281
1631297
1631305
1631318
1631351
1631379
1631414
1631462
1631471
1631486
1631506
1631533
1631549
1631568
1631570
1631585
1631594
1631609
1631624
1631652
1631663
1631728
1631744
1631756
1631783
1631799
1631803
1631811
1631836
1631845
1631867
1631902
1631915
1631923
1631941
1631977
1631996
1632004
1632016
1632029
1632047
1632050
1632065
1632073
1632082
1632101
1632126
1632193
1632266
1632284
1632325
1632411
1632436
1632458
1632474
1632489
1632509
1632517
1632575
1632580
1632606
1632621
1632649
1632657
1632668
1632670
1632685
1632694
1632715
1632723
1632759
1632764
1632777
1632808
1632814
1632827
1632839
1632853
1632886
1632895
1632928
1632935
1632956
1632972
1632983
1633045
1633121
1633133
1633149
1633228
1633244
1633272
1633299
1633340
1633353
1633362
1633386
1633395
1633404
1633431
1633482
1633498
1633564
1633577
1633596
1633601
1633626
1633634
1633655
1633687
1633763
1633825
1633848
1633854
1633905
1633918
1633920
1633943
1633992
1634015
1634059
1634077
1634096
1634100
1634113
1634125
1634132
1634176
1634181
1634197
1634231
1634247
1634273
1634282
1634309
1634317
1634380
1634407
1634410
1634428
1634444
1634461
1634590
1634637
1634651
1634692
1634708
1634714
1634727
1634739
1634740
1634753
1634806
1634812
1634857
1634870
1634894
1634901
1634926
1634942
1634955
1634978
1634987
1634993
1635071
1635095
1635146
1635152
1635163
1635175
1635180
1635191
1635230
1635241
1635264
1635288
1635303
1635336
1635345
1635401
1635442
1635493
1635510
1635544
1635556
1635604
1635616
1635650
1635805
1635818
1635820
1635866
1635879
1635900
1635913
1635948
1635976
1636012
1636033
1636068
1636070
1636094
1636136
1636145
1636189
1636190
1636214
1636227
1636356
1636361
1636399
1636400
1636432
1636454
1636476
1636542
1636560
1636593
1636659
1636664
1636677
1636718
1636743
1636779
1636784
1636804
1636850
1636865
1636873
1636882
1636909
1636917
1636952
1637056
1637083
1637143
1637179
1637184
1637201
1637219
1637226
1637242
1637255
1637260
1637287
1637293
1637321
1637349
1637357
1637368
1637370
1637394
1637430
1637441
1637459
1637488
1637496
1637562
1637595
1637600
1637648
1637703
1637711
1637722
1637736
1637789
1637817
1637846
1637863
1637875
1637880
1637891
1637916
1637929
1637931
1637965
1638079
1638092
1638161
1638183
1638233
1638268
1638270
1638294
1638319
1638334
1638355
1638387
1638393
1638409
1638446
1638452
1638463
1638480
1638491
1638554
1638581
1638614
1638639
1638640
1638671
1638695
1638704
1638716
1638729
1638782
1638823
1638841
1638859
1638864
1638888
1638896
1638922
1638945
1638989
1639046
1639052
1639063
1639080
1639091
1639114
1639139
1639140
1639195
1639222
1639236
1639258
1639289
1639323
1639330
1639359
1639388
1639466
1639504
1639516
1639607
1639672
1639683
1639699
1639713
1639725
1639732
1639748
1639769
1639776
1639781
1639797
1639801
1639860
1639887
1639893
1639906
1639912
1639921
1639957
1640016
1640047
1640073
1640193
1640220
1640251
1640266
1640279
1640292
1640300
1640313
1640381
1640397
1640411
1640436
1640489
1640524
1640552
1640580
1640591
1640612
1640621
1640702
1640715
1640723
1640777
1640788
1640796
1640808
1640839
1640840
1640853
1640862
1640871
1640895
1640907
1640935
1640956
1640961
1640999
1641015
1641041
1641059
1641077
1641088
1641096
1641113
1641125
1641169
1641176
1641204
1641265
1641324
1641428
1641461
1641472
1641503
1641511
1641567
1641574
1641590
1641620
1641637
1641684
1641714
1641821
1641868
1641870
1641919
1641960
1641987
1642013
1642032
1642123
1642130
1642141
1642164
1642196
1642238
1642246
1642252
1642263
1642280
1642291
1642316
1642350
1642365
1642398
1642406
1642433
1642457
1642468
1642485
1642494
1642543
1642579
1642674
1642690
1642701
1642726
1642734
1642742
1642787
1642807
1642810
1642828
1642835
1642856
1642861
1642872
1642899
1642927
1642940
1642953
1643033
1643049
1643068
1643111
1643174
1643189
1643227
1643307
1643310
1643344
1643356
1643361
1643383
1643399
1643400
1643413
1643425
1643432
1643448
1643476
1643481
1643497
1643519
1643526
1643555
1643578
1643602
1643630
1643664
1643720
1643737
1643743
1643751
1643792
1643831
1643873
1643898
1643924
1643946
1644019
1644026
1644060
1644087
1644116
1644129
1644147
1644198
1644213
1644232
1644281
1644297
1644318
1644337
1644351
1644408
1644471
1644568
1644609
1644617
1644663
1644691
1644707
1644728
1644756
1644772
1644783
1644803
1644811
1644836
1644845
1644874
1644902
1644923
1644964
1644977
1644996
1645007
1645061
1645083
1645137
1645192
1645201
1645226
1645234
1645260
1645293
1645349
1645368
1645370
1645385
1645394
1645441
1645459
1645508
1645527
1645540
1645562
1645648
1645681
1645745
1645774
1645846
1645863
1645880
1645891
1645947
1645950
1645982
1645998
1646011
1646022
1646058
1646106
1646168
1646170
1646185
1646210
1646256
1646272
1646308
1646339
1646431
1646447
1646450
1646465
1646482
1646498
1646523
1646559
1646564
1646588
1646634
1646642
1646687
1646693
1646709
1646738
1646752
1646763
1646791
1646825
1646848
1646854
1646869
1646881
1646905
1646918
1646951
1647014
1647039
1647109
1647124
1647146
1647152
1647191
1647202
1647230
1647241
1647259
1647264
1647296
1647389
1647401
1647419
1647426
1647434
1647455
1647460
1647487
1647561
1647629
1647698
1647733
1647768
1647785
1647805
1647851
1647879
1647900
1647913
1647954
1647981
1648009
1648046
1648075
1648108
1648195
1648203
1648211
1648245
1648258
1648274
1648323
1648341
1648396
1648418
1648420
1648437
1648451
1648466
1648484
1648492
1648531
1648565
1648598
1648628
1648644
1648656
1648683
1648699
1648700
1648725
1648732
1648748
1648754
1648769
1648781
1648801
1648826
1648834
1648842
1648855
1648860
1648878
1648893
1648921
1648933
1648949
1648957
1648970
1648994
1649037
1649043
1649066
1649084
1649135
1649144
1649156
1649161
1649206
1649212
1649233
1649294
1649334
1649342
1649355
1649387
1649393
1649409
1649417
1649424
1649446
1649491
1649500
1649513
1649525
1649548
1649554
1649597
1649608
1649653
1649662
1649704
1649716
1649823
1649877
1649936
1649945
1649958
1649989
1649990
1650012
1650049
1650057
1650070
1650094
1650145
1650158
1650167
1650174
1650189
1650227
1650383
1650400
1650413
1650425
1650448
1650481
1650497
1650519
1650555
1650587
1650641
1650705
1650720
1650743
1650816
1650847
1650865
1650873
1650938
1650946
1650952
1650963
1650980
1651005
1651020
1651043
1651079
1651084
1651107
1651110
1651128
1651135
1651144
1651161
1651199
1651221
1651249
1651257
1651285
1651294
1651301
1651355
1651360
1651417
1651424
1651446
1651480
1651532
1651548
1651569
1651576
1651653
1651662
1651695
1651704
1651750
1651782
1651841
1651864
1651877
1651888
1651958
1651967
1651989
1652007
1652010
1652028
1652061
1652099
1652120
1652143
1652166
1652234
1652242
1652255
1652293
1652349
1652368
1652370
1652496
1652553
1652562
1652632
1652669
1652697
1652703
1652711
1652774
1652790
1652846
1652875
1652880
1652891
1652947
1652950
1652982
1653030
1653059
1653064
1653132
1653148
1653154
1653169
1653181
1653229
1653247
1653250
1653265
1653298
1653391
1653407
1653461
1653483
1653536
1653545
1653558
1653605
1653618
1653620
1653643
1653651
1653666
1653679
1653684
1653692
1653740
1653762
1653771
1653795
1653806
1653812
1653857
1653868
1653894
1653919
1653926
1653942
1653955
1653960
1654022
1654090
1654133
1654157
1654168
1654185
1654272
1654283
1654299
1654314
1654362
1654371
1654386
1654416
1654431
1654473
1654482
1654515
1654523
1654530
1654559
1654601
1654619
1654626
1654642
1654660
1654678
1654709
1654746
1654752
1654813
1654869
1654876
1654897
1654943
1654951
1654979
1654984
1654992
1655017
1655063
1655080
1655139
1655203
1655222
1655258
1655274
1655289
1655302
1655315
1655323
1655396
1655437
1655466
1655565
1655582
1655644
1655672
1655732
1655748
1655754
1655781
1655797
1655860
1655906
1655949
1655957
1655970
1655985
1656000
1656048
1656054
1656076
1656081
1656130
1656164
1656188
1656196
1656246
1656252
1656329
1656331
1656350
1656373
1656398
1656449
1656457
1656518
1656551
1656566
1656579
1656645
1656667
1656689
1656690
1656701
1656719
1656734
1656742
1656755
1656760
1656793
1656810
1656844
1656872
1656899
1656914
1656927
1656939
1656953
1657004
1657016
1657031
1657047
1657073
1657082
1657098
1657101
1657155
1657160
1657187
1657237
1657266
1657279
1657284
1657348
1657397
1657458
1657467
1657489
1657490
1657509
1657538
1657563
1657580
1657606
1657612
1657633
1657685
1657694
1657827
1657840
1657853
1657862
1657886
1657935
1657956
1657999
1658060
1658078
1658104
1658200
1658248
1658269
1658281
1658414
1658427
1658453
1658486
1658495
1658512
1658521
1658533
1658568
1658646
1658652
1658663
1658680
1658707
1658772
1658799
1658822
1658845
1658874
1658889
1658941
1658959
1658977
1658996
1659014
1659071
1659163
1659180
1659223
1659277
1659296
1659311
1659389
1659401
1659426
1659442
1659460
1659528
1659544
1659572
1659599
1659604
1659616
1659647
1659650
1659673
1659712
1659733
1659768
1659785
1659794
1659818
1659843
1659879
1659925
1659948
1660041
1660059
1660064
1660113
1660125
1660197
1660216
1660229
1660231
1660250
1660273
1660282
1660298
1660309
1660375
1660380
1660410
1660428
1660461
1660472
1660511
1660545
1660589
1660618
1660692
1660762
1660806
1660812
1660849
1660870
1660894
1660942
1660960
1661014
1661027
1661039
1661040
1661062
1661086
1661095
1661109
1661117
1661124
1661146
1661152
1661175
1661180
1661202
1661223
1661264
1661277
1661311
1661322
1661336
1661358
1661419
1661460
1661507
1661510
1661528
1661535
1661599
1661647
1661665
1661706
1661733
1661785
1661794
1661820
1661879
1661884
1661900
1661913
1661948
1662017
1662038
1662046
1662063
1662080
1662114
1662153
1662162
1662171
1662203
1662222
1662258
1662290
1662302
1662396
1662405
1662443
1662479
1662529
1662550
1662610
1662644
1662713
1662748
1662754
1662801
1662860
1662887
1662893
1662906
1662912
1662970
1662994
1663037
1663043
1663066
1663079
1663144
1663156
1663172
1663183
1663212
1663233
1663249
1663268
1663360
1663387
1663393
1663424
1663452
1663525
1663532
1663554
1663569
1663581
1663597
1663614
1663640
1663653
1663671
1663686
1663695
1663731
1663750
1663773
1663823
1663841
1663903
1663922
1663936
1663958
1663967
1663974
1664013
1664025
1664032
1664048
1664054
1664076
1664081
1664123
1664130
1664141
1664159
1664196
1664224
1664238
1664246
1664304
1664331
1664347
1664350
1664382
1664398
1664433
1664457
1664470
1664518
1664520
1664551
1664611
1664645
1664674
1664726
1664755
1664760
1664778
1664828
1664856
1664872
1664883
1664914
1664927
1664939
1664940
1664962
1664986
1664995
1665055
1665116
1665129
1665147
1665150
1665173
1665182
1665269
1665281
1665305
1665337
1665351
1665366
1665427
1665439
1665440
1665453
1665462
1665486
1665495
1665512
1665533
1665549
1665557
1665570
1665624
1665646
1665652
1665728
1665735
1665756
1665772
1665799
1665822
1665836
1665858
1665867
1665874
1665889
1665890
1665930
1665959
1665964
1665977
1665988
1666035
1666099
1666118
1666137
1666151
1666166
1666226
1666255
1666260
1666278
1666287
1666306
1666333
1666357
1666394
1666402
1666415
1666459
1666464
1666488
1666496
1666508
1666527
1666539
1666540
1666562
1666600
1666625
1666632
1666654
1666669
1666676
1666681
1666745
1666774
1666817
1666838
1666880
1666891
1666916
1666947
1666950
1667006
1667049
1667070
1667085
1667122
1667145
1667158
1667208
1667240
1667253
1667344
1667356
1667361
1667399
1667413
1667425
1667454
1667481
1667497
1667501
1667526
1667534
1667587
1667615
1667623
1667630
1667688
1667696
1667720
1667737
1667766
1667792
1667831
1667850
1667882
1667909
1667924
1667946
1667952
1667975
1667991
1668003
1668011
1668045
1668074
1668112
1668157
1668194
1668228
1668244
1668256
1668261
1668362
1668395
1668404
1668482
1668498
1668502
1668515
1668523
1668559
1668577
1668588
1668655
1668678
1668687
1668717
1668738
1668752
1668775
1668791
1668832
1668854
1668869
1668905
1668951
1668966
1668979
1668984
1669047
1669101
1669119
1669126
1669155
1669187
1669205
1669279
1669300
1669313
1669332
1669376
1669381
1669436
1669467
1669474
1669524
1669538
1669546
1669563
1669575
1669580
1669606
1669621
1669633
1669694
1669715
1669730
1669808
1669827
1669839
1669853
1669907
1669928
1669935
1669972
1669983
1670003
1670036
1670074
1670090
1670121
1670149
1670185
1670194
1670228
1670256
1670261
1670283
1670299
1670308
1670339
1670371
1670447
1670482
1670515
1670523
1670541
1670564
1670588
1670626
1670634
1670642
1670655
1670693
1670709
1670738
1670763
1670775
1670813
1670825
1670854
1670881
1670918
1670937
1670943
1670966
1671046
1671075
1671091
1671127
1671139
1671140
1671162
1671171
1671186
1671211
1671236
1671258
1671267
1671289
1671330
1671377
1671418
1671443
1671479
1671484
1671504
1671516
1671529
1671550
1671565
1671573
1671582
1671598
1671661
1671699
1671732
1671748
1671754
1671769
1671797
1671801
1671819
1671834
1671855
1671860
1671878
1671887
1671893
1671921
1671949
1671968
1671994
1672008
1672039
1672062
1672086
1672095
1672109
1672138
1672191
1672202
1672223
1672230
1672264
1672277
1672296
1672303
1672336
1672345
1672358
1672367
1672389
1672426
1672442
1672455
1672460
1672478
1672507
1672510
1672535
1672561
1672572
1672629
1672631
1672665
1672682
1672794
1672805
1672820
1672866
1672879
1672932
1672948
1672954
1672969
1672997
1673019
1673034
1673078
1673200
1673225
1673269
1673343
1673366
1673379
1673384
1673408
1673414
1673427
1673495
1673512
1673533
1673549
1673585
1673638
1673680
1673691
1673707
1673728
1673744
1673761
1673772
1673783
1673836
1673845
1673889
1673915
1673923
1673930
1673959
1674006
1674012
1674070
1674085
1674094
1674136
1674174
1674253
1674295
1674328
1674356
1674361
1674372
1674399
1674400
1674448
1674454
1674469
1674476
1674526
1674534
1674555
1674587
1674623
1674677
1674743
1674751
1674766
1674779
1674784
1674804
1674831
1674847
1674850
1674882
1674938
1674946
1675018
1675043
1675051
1675084
1675128
1675144
1675161
1675172
1675183
1675206
1675212
1675233
1675285
1675294
1675301
1675334
1675409
1675438
1675452
1675491
1675500
1675576
1675581
1675597
1675614
1675627
1675639
1675640
1675671
1675716
1675729
1675747
1675782
1675802
1675823
1675903
1675911
1675936
1675958
1675974
1676029
1676047
1676050
1676065
1676082
1676098
1676101
1676119
1676134
1676160
1676178
1676251
1676292
1676313
1676325
1676332
1676369
1676376
1676509
1676546
1676552
1676575
1676580
1676606
1676621
1676730
1676814
1676827
1676840
1676862
1676871
1676928
1676944
1676956
1676972
1676999
1677000
1677025
1677032
1677048
1677054
1677069
1677115
1677123
1677141
1677159
1677224
1677252
1677275
1677291
1677304
1677316
1677331
1677412
1677470
1677518
1677551
1677592
1677611
1677622
1677636
1677674
1677719
1677734
1677742
1677787
1677807
1677844
1677872
1677883
1677908
1677939
1677940
1677971
1678015
1678041
1678059
1678077
1678088
1678132
1678148
1678154
1678169
1678181
1678282
1678298
1678309
1678324
1678338
1678352
1678444
1678456
1678472
1678503
1678536
1678567
1678574
1678618
1678620
1678692
1678708
1678714
1678739
1678740
1678753
1678786
1678821
1678870
1678926
1678942
1678955
1678993
1679007
1679010
1679044
1679056
1679072
1679118
1679137
1679143
1679219
1679234
1679242
1679255
1679287
1679293
1679306
1679385
1679394
1679415
1679423
1679441
1679459
1679488
1679496
1679514
1679527
1679553
1679562
1679571
1679625
1679632
1679648
1679654
1679669
1679681
1679697
1679703
1679736
1679758
1679774
1679824
1679863
1679875
1679880
1679904
1679916
1679931
1679950
1679973
1680001
1680019
1680026
1680042
1680055
1680104
1680150
1680173
1680200
1680213
1680225
1680232
1680254
1680269
1680305
1680320
1680343
1680366
1680379
1680384
1680440
1680471
1680486
1680549
1680585
1680638
1680652
1680663
1680675
1680691
1680707
1680783
1680799
1680803
1680822
1680836
1680867
1680889
1680890
1680902
1680915
1681007
1681044
1681099
1681105
1681120
1681137
1681234
1681255
1681287
1681293
1681306
1681368
1681394
1681423
1681508
1681514
1681527
1681600
1681613
1681625
1681632
1681648
1681654
1681681
1681697
1681703
1681736
1681758
1681767
1681774
1681789
1681817
1681824
1681846
1681852
1681863
1681929
1681965
1681982
1682005
1682020
1682051
1682079
1682084
1682156
1682183
1682199
1682206
1682233
1682301
1682355
1682387
1682452
1682480
1682513
1682627
1682639
1682653
1682686
1682704
1682802
1682815
1682823
1682864
1682896
1682936
1682945
1682990
1683009
1683024
1683038
1683046
1683075
1683140
1683186
1683195
1683203
1683211
1683258
1683267
1683274
1683323
1683359
1683388
1683396
1683443
1683451
1683492
1683529
1683607
1683628
1683635
1683661
1683672
1683699
1683725
1683732
1683754
1683776
1683826
1683855
1683887
1683893
1683906
1683957
1683968
1684004
1684016
1684029
1684031
1684047
1684065
1684073
1684126
1684134
1684142
1684160
1684178
1684187
1684193
1684205
1684218
1684251
1684279
1684332
1684369
1684381
1684411
1684422
1684458
1684490
1684546
1684552
1684575
1684621
1684649
1684670
1684685
1684694
1684702
1684715
1684723
1684759
1684796
1684814
1684853
1684910
1684972
1684983
1684999
1685002
1685023
1685030
1685096
1685113
1685125
1685148
1685154
1685181
1685197
1685216
1685229
1685231
1685247
1685250
1685298
1685338
1685346
1685363
1685375
1685380
1685428
1685461
1685472
1685499
1685503
1685567
1685574
1685620
1685651
1685708
1685739
1685806
1685812
1685833
1685849
1685870
1685901
1685919
1685934
1685942
1685955
1685987
1686053
1686071
1686124
1686138
1686202
1686230
1686259
1686264
1686288
1686358
1686390
1686419
1686426
1686434
1686460
1686493
1686507
1686510
1686535
1686556
1686561
1686572
1686599
1686604
1686616
1686629
1686665
1686673
1686698
1686757
1686768
1686770
1686794
1686818
1686843
1686866
1686884
1686900
1686932
1686969
1686997
1687003
1687011
1687058
1687074
1687090
1687106
1687157
1687168
1687170
1687228
1687244
1687272
1687283
1687340
1687353
1687386
1687395
1687404
1687473
1687482
1687498
1687530
1687541
1687564
1687577
1687601
1687660
1687687
1687693
1687709
1687724
1687746
1687752
1687763
1687775
1687848
1687854
1687905
1687943
1687951
1688006
1688012
1688049
1688068
1688085
1688094
1688158
1688174
1688190
1688286
1688295
1688307
1688310
1688335
1688356
1688413
1688425
1688448
1688476
1688481
1688526
1688542
1688555
1688615
1688688
1688696
1688705
1688720
1688737
1688751
1688766
1688847
1688909
1688917
1688938
1688991
1689025
1689069
1689076
1689081
1689130
1689159
1689238
1689252
1689275
1689280
1689304
1689350
1689365
1689382
1689421
1689457
1689537
1689579
1689645
1689674
1689689
1689701
1689719
1689726
1689734
1689742
1689755
1689778
1689807
1689810
1689844
1689861
1689872
1689899
1689908
1689914
1689953
1689962
1690046
1690052
1690140
1690153
1690162
1690171
1690195
1690203
1690236
1690267
1690289
1690302
1690323
1690330
1690341
1690388
1690418
1690420
1690451
1690479
1690492
1690504
1690516
1690529
1690565
1690582
1690628
1690635
1690683
1690700
1690732
1690748
1690754
1690769
1690819
1690826
1690860
1690878
1690949
1690994
1691025
1691048
1691054
1691141
1691188
1691209
1691224
1691238
1691252
1691263
1691275
1691304
1691329
1691350
1691365
1691406
1691421
1691457
1691485
1691537
1691579
1691592
1691603
1691689
1691760
1691778
1691793
1691883
1691908
1691914
1691927
1691939
1691940
1691962
1691986
1692064
1692096
1692113
1692125
1692132
1692148
1692176
1692197
1692204
1692216
1692231
1692250
1692265
1692273
1692317
1692338
1692346
1692352
1692407
1692428
1692435
1692444
1692456
1692503
1692511
1692558
1692605
1692618
1692620
1692637
1692679
1692692
1692714
1692740
1692786
1692795
1692812
1692821
1692849
1692926
1692934
1692955
1692978
1692993
1693035
1693044
1693056
1693072
1693105
1693137
1693143
1693201
1693242
1693255
1693278
1693293
1693333
1693423
1693464
1693488
1693496
1693514
1693648
1693681
1693697
1693722
1693736
1693758
1693774
1693789
1693790
1693824
1693838
1693846
1693891
1693904
1693931
1693947
1693950
1693965
1693973
1693982
1694040
1694071
1694095
1694109
1694146
1694152
1694180
1694202
1694215
1694223
1694230
1694296
1694311
1694322
1694358
1694389
1694426
1694434
1694478
1694507
1694528
1694544
1694556
1694561
1694583
1694604
1694616
1694665
1694682
1694712
1694721
1694749
1694785
1694794
1694818
1694820
1694837
1694851
1694884
1694900
1694969
1695033
1695057
1695070
1695085
1695094
1695111
1695189
1695190
1695239
1695253
1695328
1695335
1695344
1695413
1695448
1695469
1695476
1695534
1695560
1695578
1695593
1695623
1695630
1695641
1695677
1695688
1695737
1695743
1695751
1695804
1695829
1695831
1695909
1695924
1695938
1695963
1695975
1695991
1696018
1696020
1696043
1696135
1696144
1696199
1696233
1696249
1696301
1696319
1696360
1696378
1696387
1696446
1696452
1696463
1696548
1696569
1696581
1696597
1696614
1696639
1696662
1696671
1696695
1696765
1696782
1696815
1696823
1696864
1696877
1696896
1696922
1696958
1696967
1696990
1697034
1697055
1697093
1697173
1697213
1697225
1697276
1697297
1697318
1697343
1697366
1697384
1697408
1697439
1697440
1697453
1697471
1697521
1697549
1697585
1697594
1697646
1697652
1697691
1697707
1697728
1697761
1697803
1697822
1697889
1697890
1697902
1697915
1697930
1697941
1697964
1697977
1698016
1698031
1698047
1698073
1698082
1698119
1698126
1698134
1698142
1698160
1698187
1698220
1698251
1698266
1698325
1698354
1698376
1698411
1698445
1698467
1698489
1698546
1698580
1698591
1698633
1698649
1698668
1698723
1698730
1698741
1698777
1698796
1698808
1698814
1698839
1698840
1698853
1698886
1698895
1698928
1698944
1699045
1699067
1699074
1699089
1699090
1699106
1699112
1699121
1699157
1699207
1699256
1699308
1699339
1699353
1699362
1699371
1699416
1699431
1699447
1699450
1699465
1699498
1699530
1699541
1699577
1699601
1699619
1699626
1699634
1699678
1699717
1699724
1699746
1699775
1699791
1699800
1699848
1699876
1699920
1699943
1699966
1699984
