1600109
1600419
1600460
1600510
1600544
1600572
1600629
1600948
1601335
1601476
1601766
1602157
1602228
1602283
1602327
1602523
1602577
1602897
1603126
1603237
1603313
1603563
1603633
1603853
1603886
1604195
1604699
1604985
1605141
1605382
1605645
1606198
1606337
1606549
1606675
1606744
1606845
1606890
1607037
1607110
1607257
1607417
1607452
1607686
1607704
1607773
1607958
1608105
1608402
1608441
1608681
1608863
1608965
1609096
1609176
1609363
1609380
1609545
1609708
1609762
1610334
1610548
1610695
1610782
1610990
1611155
1611243
1611266
1611279
1611517
1611546
1611715
1611956
1612147
1612150
1612173
1612343
1612414
1612506
1612521
1612570
1612594
1612609
1612624
1612728
1612744
1612811
1612930
1612941
1613138
1613296
1613599
1613647
1613749
1613768
1613900
1613925
1614120
1614368
1614496
1614514
1614586
1614703
1615011
1615235
1615314
1615353
1615825
1615881
1616153
1616211
1616359
1616504
1616826
1616933
1617059
1617096
1617273
1617375
1617511
1617567
1617589
1617857
1618246
1618275
1618543
1618835
1618986
1619688
1620007
1620137
1620278
1620402
1620553
1620632
1620998
1621450
1621465
1621825
1621897
1622033
1622085
1622253
1622413
1622555
1622705
1622737
1622882
1622963
1623505
1623689
1623755
1623856
1623953
1623971
1624355
1624500
1624782
1624958
1625073
1625397
1625489
1625715
1626096
1626113
1626176
1626204
1626231
1626265
1626666
1626857
1626960
1627114
1627153
1627211
1627302
1627330
1627443
1627466
1627529
1627531
1627725
1628794
1628925
1629104
1629131
1629366
1629427
1629646
1629652
1629691
1629783
1629988
1630076
1630115
1630177
1630291
1630537
1630584
1630611
1630674
1630701
1630726
1631213
1631495
1631735
1631890
1632031
1632155
1632220
1632237
1632292
1632944
1633210
1633308
1633465
1633473
1633523
1633660
1633678
1633746
1634030
1634169
1634324
1634536
1634821
1634868
1634919
1635014
1635202
1635215
1635426
1635528
1635572
1635682
1635721
1635794
1636240
1636307
1636413
1636425
1636469
1636481
1636578
1636963
1637312
1637540
1638107
1638128
1638135
1638199
1638257
1638301
1638378
1638438
1638475
1638576
1638815
1639267
1639405
1639484
1639531
1639661
1639842
1639933
1640031
1640050
1640563
1640685
1640827
1641545
1641618
1641666
1642048
1642069
1642177
1642188
1642217
1642914
1643070
1643145
1643214
1643240
1643641
1643909
1643975
1644453
1644594
1644735
1644889
1644959
1645321
1645357
1645415
1645496
1645514
1645571
1645669
1645817
1645875
1646067
1646244
1646429
1646577
1646943
1646966
1647311
1647390
1647616
1647647
1647650
1647925
1648024
1648153
1648302
1648443
1648550
1648610
1648985
1649107
1649110
1649257
1649285
1649378
1649475
1649695
1649765
1649798
1649841
1650253
1650262
1650356
1650372
1650469
1650615
1650975
1651183
1651268
1651334
1651409
1651491
1651608
1651802
1651815
1652184
1652192
1652260
1652312
1652488
1652586
1652722
1652824
1652973
1653041
1653113
1653204
1653978
1654089
1654121
1654170
1654194
1654256
1654634
1654775
1654918
1655091
1655171
1655290
1655418
1655492
1655826
1655968
1656013
1656115
1656224
1656316
1656622
1656778
1656856
1657243
1657292
1657313
1657376
1657403
1657474
1657517
1657928
1658213
1658384
1658439
1658440
1658923
1659095
1659374
1659419
1659583
1659749
1659997
1660148
1660265
1660590
1660620
1660714
1660753
1661374
1661493
1661561
1662236
1662267
1662341
1662466
1662573
1662607
1662628
1662699
1662732
1662968
1662985
1663020
1663199
1663480
1663491
1663729
1663877
1663945
1663989
1664115
1664421
1664537
1664566
1664787
1664793
1664844
1665060
1665617
1665761
1666072
1666083
1666312
1666349
1666477
1666697
1667383
1667476
1667602
1667677
1667779
1667917
1668089
1668473
1668596
1668601
1668660
1668813
1668943
1669509
1669741
1669862
1669961
1670157
1670272
1670431
1670502
1670530
1670678
1670717
1670800
1670876
1671063
1671195
1671222
1671323
1671364
1671420
1671672
1671683
1672124
1672241
1672259
1672556
1672599
1672604
1672749
1672884
1672892
1672925
1673213
1673248
1673254
1673439
1673568
1673874
1673890
1674335
1674873
1675257
1675268
1675378
1675569
1676445
1676489
1676524
1676670
1676723
1676788
1676886
1676895
1677076
1677164
1677406
1677433
1677449
1677579
1677726
1677778
1678023
1678064
1678197
1678229
1678265
1678410
1678483
1679192
1679201
1679464
1679838
1680060
1680182
1680276
1680414
1680462
1680506
1681072
1681349
1681385
1681441
1681496
1681711
1681931
1682092
1682285
1682393
1682671
1682750
1682830
1683114
1683127
1683550
1683801
1684403
1684445
1684489
1684668
1684928
1684961
1685041
1685410
1685483
1685605
1685618
1686027
1686086
1686146
1686180
1686296
1686820
1687207
1687261
1687327
1687502
1687619
1687655
1687881
1688122
1688214
1688344
1688587
1688865
1689188
1689196
1689412
1689494
1689636
1690075
1690091
1690114
1690139
1690222
1690245
1690443
1690547
1691097
1691130
1691246
1691373
1691468
1691505
1691520
1691674
1691872
1691899
1692002
1692023
1692077
1692100
1692472
1692666
1692942
1693118
1693120
1693234
1693260
1693287
1693562
1693654
1693817
1694053
1694117
1694138
1694419
1694455
1694631
1694698
1694706
1695006
1695145
1695271
1695432
1695519
1695664
1695718
1695865
1695873
1695882
1695952
1696051
1696257
1696326
1696491
1696525
1696750
1697165
1697320
1697427
1697836
1697959
1697988
1698101
1698205
1698218
1698474
1698670
1698827
1698871
1699133
1699340
1699763
1699979
