1601481
1603031
1603381
1603723
1604968
1605246
1607156
1610128
1611910
1613892
1617472
1618701
1619006
1620394
1620648
1620736
1621256
1623494
1624695
1624990
1626795
1627186
1628303
1630398
1630636
1630689
1633791
1635665
1636208
1637105
1637402
1637571
1637669
1639203
1639418
1640325
1640376
1641030
1641338
1644570
1644710
1644744
1648038
1648330
1649221
1649569
1649974
1652357
1652402
1653708
1653739
1654207
1654596
1654937
1655038
1658638
1659805
1661768
1662582
1663990
1666242
1667816
1671826
1673087
1673624
1673756
1673803
1673902
1673996
1677899
1677962
1678273
1680034
1680744
1680772
1681477
1681586
1683245
1686487
1688189
1688831
1689209
1689398
1690466
1691518
1692708
1693179
1694191
1694367
1694768
1694976
1695917
1695980
1696079
1696532
1699235
1699596
1699687
