5300367
5300631
5300749
5300884
5300997
5301167
5301688
5302003
5302045
5302170
5302515
5302813
5302979
5303348
5303715
5303928
5304046
5304063
5304140
5304359
5304405
5304547
5304683
5304699
5304748
5304819
5304842
5305013
5305097
5305164
5305551
5306131
5306225
5306318
5306646
5307018
5307249
5307268
5307393
5307548
5307608
5307859
5308234
5308697
5309154
5309169
5309231
5309461
5309536
5309545
5309589
5309679
5309870
5310128
5310513
5310639
5310798
5311142
5311796
5312200
5312384
5312506
5312680
5313062
5313191
5313264
5313389
5313712
5314120
5314166
5314287
5314508
5314514
5314540
5314562
5314846
5315089
5315112
5315133
5315185
5315235
5315626
5315800
5316009
5316017
5316080
5316267
5316323
5316451
5316801
5316860
5317023
5317030
5317041
5317317
5318054
5318246
5318316
5318433
5318543
5318566
5318667
5319021
5319208
5319526
5319659
5319718
5319751
5319829
5319831
5319917
5320035
5320083
5320226
5320312
5320333
5320838
5320904
5320950
5320965
5321339
5321530
5321596
5321763
5321876
5321905
5321966
5321979
5322068
5322145
5322174
5322743
5322766
5322784
5322917
5322924
5323081
5323115
5323177
5323579
5323636
5323835
5324005
5324110
5324144
5324569
5324614
5324639
5324662
5324922
5325187
5325313
5325764
5325944
5326250
5326708
5326771
5326987
5327153
5327323
5327776
5327906
5327957
5327970
5328095
5328535
5328879
5328997
5329414
5329549
5330000
5330141
5330350
5330505
5330611
5330667
5330861
5330872
5330883
5331055
5331165
5331213
5331549
5331568
5331707
5331890
5331988
5332266
5332445
5332474
5332591
5332668
5332827
5332895
5332910
5333395
5333523
5333634
5333717
5333780
5333951
5334273
5334324
5334375
5334380
5334444
5334522
5334643
5334651
5334708
5334727
5335288
5335389
5335401
5335442
5335455
5335837
5335851
5336021
5336033
5336526
5337441
5337477
5337824
5337846
5337916
5337950
5338020
5338199
5338257
5338378
5338554
5338614
5338671
5338802
5338877
5339267
5339437
5339748
5339855
5339968
5340134
5340193
5340397
5340422
5340563
5340621
5340814
5340907
5340961
5341154
5341216
5341273
5341511
5341590
5341643
5341849
5342000
5342025
5342123
5342667
5342908
5342962
5343021
5343239
5343262
5343356
5343578
5343720
5343737
5343865
5343946
5344042
5344173
5344471
5344638
5344728
5344735
5344822
5344902
5345099
5345201
5345370
5345459
5345571
5345595
5345632
5346429
5346619
5346897
5347027
5347419
5347673
5347682
5347913
5347997
5348063
5348091
5349729
5349958
5350103
5350227
5350454
5350587
5350630
5350659
5350751
5350938
5350952
5351079
5351334
5351815
5351823
5351841
5351936
5352035
5352056
5352192
5352496
5352703
5352950
5353247
5353250
5353265
5353410
5353567
5354045
5354482
5355748
5355834
5356350
5356412
5356470
5356518
5356899
5357073
5357243
5357325
5357575
5357827
5357840
5357972
5358042
5358281
5358414
5358570
5358988
5359027
5359163
5359215
5359401
5359572
5359604
5359650
5359682
5359733
5359805
5360096
5360247
5360352
5360739
5360821
5360870
5361071
5361124
5361303
5361493
5361561
5361665
5362330
5362341
5362437
5362672
5362985
5363051
5363212
5363597
5363653
5363747
5363765
5363990
5364048
5364069
5364412
5364844
5364914
5365019
5365213
5365439
5365440
5365663
5365858
5366028
5366312
5366394
5366402
5366571
5366676
5367253
5367356
5367560
5367696
5367865
5367917
5367991
5368011
5368074
5368395
5368450
5368523
5368564
5368642
5368678
5368738
5368746
5369073
5369397
5369445
5369788
5369808
5370112
5370157
5370194
5370235
5370308
5370429
5370738
5370951
5371075
5371153
5371258
5371274
5371732
5371860
5372086
5372434
5372682
5372721
5373078
5373440
5373495
5373512
5373811
5373959
5374136
5374208
5374307
5374602
5375156
5375378
5375463
5375548
5375554
5375597
5375802
5375936
5376016
5376082
5376134
5376155
5376218
5376376
5376489
5376538
5376814
5376862
5377115
5377291
5377398
5377592
5377603
5377755
5377872
5378154
5378181
5378273
5378444
5378558
5378786
5379120
5379357
5379368
5379508
5379625
5379789
5379947
5379950
5380026
5380042
5380093
5380129
5380225
5380533
5380568
5380691
5380707
5380761
5380799
5380811
5380874
5380915
5381287
5381586
5381648
5381711
5381789
5382084
5382156
5382199
5382360
5382387
5382662
5383195
5383516
5383547
5383573
5383598
5383912
5384098
5384160
5384178
5384741
5384827
5384839
5385148
5385197
5385247
5385380
5385692
5385987
5386062
5386095
5386163
5386507
5386583
5386706
5386818
5386879
5387207
5387339
5387404
5387634
5387825
5387937
5387984
5388158
5388214
5388399
5388718
5389000
5389032
5389123
5389224
5389238
5389275
5389382
5390038
5390091
5390267
5390479
5390484
5390610
5390700
5390906
5390968
5391217
5391291
5391689
5391755
5391856
5391939
5392023
5392176
5392363
5392444
5392567
5392812
5393293
5393402
5393540
5393863
5393891
5394202
5394561
5394770
5394843
5395534
5395991
5396110
5396285
5396360
5396729
5396765
5396859
5396877
5397093
5397318
5397570
5397646
5397964
5398142
5398467
5398633
5398730
5399596
5399634
