5300008
5300039
5300040
5300071
5300095
5300109
5300117
5300124
5300138
5300146
5300175
5300180
5300202
5300215
5300259
5300288
5300296
5300311
5300322
5300336
5300367
5300374
5300426
5300493
5300507
5300510
5300535
5300604
5300616
5300631
5300665
5300673
5300698
5300706
5300712
5300721
5300733
5300749
5300768
5300837
5300884
5300925
5300948
5300954
5300981
5300997
5301006
5301012
5301021
5301136
5301167
5301174
5301189
5301208
5301214
5301240
5301262
5301286
5301307
5301310
5301328
5301413
5301425
5301469
5301476
5301481
5301497
5301501
5301534
5301542
5301587
5301602
5301623
5301659
5301688
5301696
5301720
5301751
5301784
5301792
5301850
5301865
5301882
5301909
5301924
5301946
5301952
5301963
5301991
5302003
5302011
5302022
5302045
5302058
5302106
5302168
5302170
5302185
5302210
5302235
5302283
5302299
5302308
5302314
5302327
5302339
5302353
5302362
5302386
5302395
5302404
5302416
5302431
5302447
5302450
5302465
5302473
5302482
5302502
5302515
5302559
5302564
5302601
5302626
5302642
5302678
5302687
5302693
5302724
5302738
5302746
5302752
5302800
5302813
5302832
5302854
5302869
5302876
5302918
5302920
5302937
5302943
5302979
5302984
5303004
5303065
5303098
5303119
5303126
5303155
5303160
5303187
5303205
5303237
5303251
5303266
5303279
5303284
5303300
5303348
5303354
5303369
5303381
5303403
5303422
5303458
5303490
5303517
5303524
5303538
5303575
5303606
5303621
5303633
5303657
5303668
5303702
5303715
5303723
5303730
5303759
5303764
5303777
5303827
5303839
5303862
5303895
5303907
5303910
5303928
5303935
5303956
5303961
5303972
5303999
5304009
5304017
5304024
5304038
5304046
5304052
5304063
5304075
5304091
5304108
5304114
5304127
5304139
5304140
5304153
5304162
5304171
5304211
5304245
5304258
5304267
5304289
5304290
5304302
5304330
5304359
5304364
5304377
5304388
5304396
5304405
5304418
5304420
5304437
5304466
5304479
5304492
5304516
5304529
5304531
5304547
5304607
5304656
5304672
5304683
5304699
5304700
5304732
5304748
5304754
5304776
5304797
5304819
5304826
5304842
5304878
5304887
5304949
5304957
5304970
5304985
5305000
5305013
5305025
5305032
5305048
5305076
5305097
5305123
5305130
5305164
5305188
5305224
5305238
5305252
5305304
5305331
5305350
5305365
5305398
5305406
5305421
5305457
5305494
5305543
5305551
5305579
5305584
5305592
5305611
5305636
5305658
5305667
5305674
5305689
5305734
5305778
5305807
5305810
5305856
5305861
5305914
5305986
5306001
5306019
5306026
5306034
5306042
5306055
5306131
5306173
5306225
5306232
5306276
5306281
5306297
5306305
5306318
5306320
5306366
5306408
5306414
5306427
5306439
5306453
5306462
5306471
5306486
5306506
5306512
5306521
5306533
5306609
5306617
5306624
5306646
5306652
5306663
5306675
5306680
5306691
5306710
5306728
5306735
5306744
5306756
5306783
5306811
5306836
5306845
5306867
5306889
5306890
5306923
5306964
5306977
5306988
5306996
5307018
5307037
5307066
5307107
5307110
5307144
5307156
5307212
5307249
5307257
5307268
5307285
5307326
5307334
5307342
5307355
5307393
5307452
5307475
5307491
5307525
5307532
5307548
5307569
5307581
5307597
5307608
5307639
5307640
5307653
5307662
5307671
5307686
5307695
5307729
5307731
5307765
5307773
5307823
5307841
5307859
5307888
5307896
5307903
5307911
5307922
5308010
5308028
5308035
5308044
5308056
5308061
5308099
5308118
5308143
5308179
5308192
5308201
5308219
5308226
5308234
5308242
5308255
5308278
5308357
5308368
5308370
5308385
5308402
5308423
5308441
5308477
5308488
5308496
5308508
5308514
5308539
5308540
5308553
5308562
5308571
5308586
5308600
5308648
5308676
5308681
5308697
5308703
5308711
5308767
5308774
5308824
5308880
5308916
5308947
5308965
5308982
5309002
5309015
5309030
5309059
5309064
5309088
5309100
5309113
5309132
5309148
5309154
5309169
5309197
5309204
5309229
5309231
5309250
5309265
5309273
5309298
5309309
5309346
5309363
5309428
5309461
5309536
5309545
5309589
5309620
5309637
5309643
5309651
5309666
5309679
5309684
5309692
5309714
5309740
5309753
5309786
5309812
5309821
5309849
5309857
5309870
5309894
5309901
5309919
5309955
5309987
5310018
5310066
5310079
5310128
5310183
5310199
5310233
5310257
5310270
5310294
5310319
5310326
5310334
5310393
5310417
5310452
5310491
5310500
5310513
5310525
5310548
5310614
5310639
5310671
5310695
5310704
5310731
5310750
5310765
5310773
5310798
5310823
5310830
5310859
5310864
5310911
5310945
5310958
5310967
5310989
5311004
5311016
5311134
5311142
5311155
5311160
5311178
5311218
5311220
5311237
5311266
5311300
5311313
5311348
5311369
5311381
5311411
5311436
5311445
5311458
5311474
5311489
5311509
5311517
5311538
5311546
5311575
5311580
5311606
5311621
5311633
5311649
5311668
5311670
5311694
5311702
5311723
5311730
5311764
5311777
5311788
5311796
5311808
5311853
5311862
5311871
5311886
5311895
5311910
5311928
5311935
5311944
5312019
5312034
5312055
5312060
5312087
5312093
5312116
5312131
5312150
5312165
5312200
5312232
5312248
5312276
5312281
5312318
5312343
5312366
5312384
5312392
5312414
5312439
5312486
5312506
5312521
5312533
5312557
5312568
5312594
5312624
5312638
5312646
5312663
5312675
5312680
5312691
5312728
5312744
5312811
5312822
5312836
5312845
5312858
5312874
5312890
5312923
5312941
5312959
5312977
5312988
5313014
5313027
5313039
5313040
5313053
5313062
5313071
5313086
5313095
5313175
5313180
5313191
5313230
5313241
5313264
5313277
5313288
5313296
5313303
5313311
5313322
5313336
5313345
5313358
5313367
5313374
5313389
5313460
5313478
5313528
5313561
5313599
5313631
5313647
5313665
5313682
5313698
5313706
5313712
5313733
5313785
5313794
5313820
5313851
5313892
5313932
5313948
5313954
5313976
5314035
5314044
5314056
5314072
5314105
5314120
5314137
5314143
5314151
5314166
5314184
5314192
5314201
5314219
5314226
5314242
5314260
5314287
5314306
5314312
5314321
5314333
5314357
5314368
5314385
5314394
5314415
5314423
5314441
5314464
5314477
5314488
5314508
5314514
5314539
5314540
5314553
5314562
5314571
5314586
5314600
5314625
5314632
5314648
5314654
5314676
5314681
5314697
5314703
5314722
5314736
5314758
5314767
5314817
5314838
5314846
5314852
5314875
5314880
5314931
5314950
5314965
5314973
5315003
5315011
5315022
5315036
5315045
5315067
5315074
5315089
5315112
5315121
5315133
5315149
5315168
5315170
5315185
5315228
5315235
5315261
5315327
5315339
5315340
5315395
5315429
5315447
5315450
5315465
5315502
5315541
5315564
5315588
5315619
5315626
5315655
5315660
5315678
5315687
5315693
5315709
5315717
5315738
5315746
5315763
5315780
5315800
5315813
5315918
5315920
5315937
5315943
5315951
5315979
5315984
5316009
5316017
5316052
5316075
5316080
5316091
5316127
5316153
5316162
5316171
5316203
5316222
5316236
5316267
5316289
5316302
5316323
5316377
5316396
5316420
5316443
5316451
5316479
5316504
5316547
5316550
5316573
5316598
5316607
5316628
5316644
5316656
5316661
5316672
5316683
5316699
5316713
5316725
5316748
5316754
5316769
5316776
5316781
5316801
5316826
5316860
5316893
5316906
5316933
5316949
5316957
5316968
5316970
5317002
5317023
5317030
5317041
5317059
5317064
5317088
5317100
5317169
5317181
5317231
5317273
5317317
5317324
5317338
5317346
5317352
5317380
5317407
5317428
5317444
5317456
5317461
5317472
5317483
5317499
5317503
5317536
5317574
5317589
5317605
5317637
5317692
5317727
5317771
5317795
5317833
5317849
5317857
5317868
5317894
5317919
5317926
5317942
5317993
5318000
5318013
5318025
5318048
5318054
5318076
5318115
5318164
5318196
5318209
5318217
5318246
5318263
5318275
5318316
5318373
5318406
5318412
5318433
5318449
5318468
5318470
5318505
5318520
5318537
5318543
5318566
5318579
5318645
5318658
5318667
5318719
5318734
5318742
5318760
5318787
5318793
5318810
5318828
5318835
5318872
5318899
5318908
5318962
5318971
5318986
5318995
5319021
5319057
5319094
5319103
5319122
5319145
5319167
5319190
5319208
5319214
5319227
5319307
5319344
5319356
5319361
5319383
5319413
5319425
5319448
5319476
5319497
5319526
5319534
5319555
5319578
5319593
5319602
5319615
5319659
5319664
5319718
5319737
5319743
5319751
5319779
5319784
5319804
5319816
5319829
5319831
5319847
5319850
5319898
5319917
5319924
5319938
5319946
5319952
5319980
5320007
5320035
5320044
5320083
5320105
5320118
5320120
5320137
5320166
5320226
5320234
5320260
5320278
5320312
5320321
5320333
5320349
5320368
5320370
5320394
5320430
5320441
5320459
5320464
5320477
5320488
5320496
5320540
5320553
5320562
5320586
5320600
5320613
5320625
5320632
5320648
5320654
5320681
5320703
5320774
5320789
5320790
5320824
5320838
5320863
5320875
5320880
5320891
5320904
5320916
5320947
5320950
5320965
5320982
5321003
5321011
5321058
5321067
5321089
5321090
5321168
5321170
5321194
5321207
5321210
5321228
5321256
5321261
5321272
5321283
5321299
5321308
5321314
5321327
5321339
5321353
5321371
5321404
5321416
5321429
5321447
5321450
5321465
5321482
5321515
5321523
5321530
5321564
5321588
5321596
5321601
5321626
5321660
5321687
5321709
5321738
5321763
5321775
5321780
5321791
5321800
5321813
5321869
5321876
5321897
5321905
5321943
5321966
5321979
5322006
5322021
5322033
5322068
5322103
5322111
5322122
5322145
5322158
5322174
5322189
5322190
5322208
5322253
5322262
5322271
5322286
5322310
5322335
5322361
5322372
5322383
5322400
5322413
5322469
5322476
5322501
5322519
5322555
5322578
5322587
5322593
5322615
5322623
5322664
5322696
5322705
5322720
5322743
5322766
5322784
5322829
5322847
5322850
5322865
5322882
5322909
5322917
5322924
5322938
5322946
5322963
5323000
5323025
5323054
5323069
5323081
5323102
5323115
5323130
5323177
5323196
5323209
5323246
5323252
5323275
5323304
5323347
5323365
5323382
5323398
5323421
5323470
5323494
5323551
5323579
5323584
5323611
5323636
5323645
5323658
5323689
5323719
5323726
5323734
5323742
5323760
5323778
5323810
5323828
5323835
5323844
5323861
5323899
5323927
5323995
5324005
5324018
5324020
5324037
5324079
5324084
5324107
5324110
5324128
5324144
5324233
5324249
5324270
5324294
5324301
5324319
5324334
5324342
5324355
5324387
5324409
5324424
5324446
5324452
5324463
5324491
5324513
5324525
5324554
5324569
5324581
5324597
5324614
5324627
5324639
5324640
5324662
5324695
5324731
5324802
5324823
5324864
5324877
5324888
5324903
5324911
5324922
5324936
5324974
5324989
5324990
5325004
5325016
5325029
5325031
5325050
5325065
5325082
5325119
5325126
5325142
5325155
5325160
5325178
5325187
5325193
5325220
5325243
5325266
5325292
5325300
5325313
5325332
5325354
5325376
5325422
5325458
5325474
5325489
5325490
5325517
5325524
5325546
5325575
5325580
5325606
5325612
5325670
5325694
5325702
5325715
5325730
5325759
5325764
5325796
5325814
5325839
5325853
5325871
5325886
5325895
5325910
5325935
5325944
5325972
5325983
5326015
5326023
5326030
5326064
5326077
5326088
5326096
5326100
5326113
5326148
5326176
5326204
5326229
5326250
5326273
5326282
5326309
5326317
5326346
5326363
5326375
5326407
5326410
5326435
5326456
5326461
5326483
5326499
5326511
5326522
5326536
5326558
5326589
5326666
5326684
5326708
5326740
5326753
5326762
5326771
5326786
5326795
5326806
5326812
5326821
5326849
5326857
5326868
5326885
5326894
5326901
5326926
5326934
5326960
5326978
5326987
5326993
5327017
5327046
5327052
5327075
5327091
5327108
5327139
5327140
5327153
5327171
5327186
5327203
5327222
5327236
5327258
5327267
5327274
5327289
5327290
5327323
5327396
5327451
5327479
5327484
5327492
5327529
5327547
5327550
5327565
5327573
5327610
5327628
5327635
5327683
5327713
5327732
5327748
5327776
5327797
5327826
5327834
5327855
5327878
5327887
5327906
5327912
5327921
5327957
5327968
5327970
5327985
5327994
5328040
5328095
5328124
5328138
5328146
5328191
5328215
5328241
5328259
5328264
5328277
5328311
5328336
5328345
5328374
5328389
5328419
5328426
5328507
5328535
5328556
5328561
5328572
5328583
5328599
5328604
5328616
5328682
5328749
5328805
5328820
5328837
5328843
5328866
5328879
5328884
5328932
5328948
5328976
5328981
5328997
5329001
5329019
5329078
5329104
5329131
5329213
5329225
5329248
5329254
5329281
5329297
5329305
5329318
5329320
5329343
5329384
5329408
5329414
5329439
5329440
5329462
5329471
5329486
5329495
5329521
5329549
5329568
5329570
5329594
5329609
5329638
5329652
5329680
5329691
5329707
5329728
5329735
5329761
5329772
5329845
5329858
5329889
5329890
5329902
5329915
5329923
5329964
5329996
5330000
5330025
5330032
5330048
5330115
5330141
5330159
5330177
5330209
5330217
5330252
5330263
5330280
5330304
5330316
5330329
5330347
5330350
5330382
5330398
5330433
5330457
5330470
5330485
5330494
5330505
5330518
5330537
5330543
5330551
5330579
5330603
5330611
5330622
5330658
5330667
5330689
5330701
5330719
5330734
5330755
5330760
5330793
5330807
5330861
5330872
5330883
5330908
5330914
5330962
5330995
5331001
5331026
5331034
5331055
5331087
5331129
5331147
5331165
5331173
5331200
5331213
5331225
5331232
5331254
5331269
5331297
5331305
5331318
5331320
5331343
5331351
5331366
5331379
5331408
5331439
5331453
5331471
5331512
5331521
5331533
5331549
5331568
5331570
5331585
5331646
5331652
5331675
5331680
5331707
5331710
5331728
5331744
5331783
5331799
5331811
5331845
5331867
5331889
5331890
5331902
5331915
5331923
5331930
5331964
5331977
5331988
5331996
5332029
5332050
5332073
5332101
5332119
5332134
5332155
5332187
5332193
5332205
5332218
5332220
5332237
5332243
5332251
5332266
5332279
5332284
5332313
5332325
5332354
5332369
5332376
5332403
5332411
5332422
5332436
5332445
5332467
5332474
5332489
5332517
5332524
5332546
5332552
5332563
5332580
5332591
5332606
5332612
5332657
5332668
5332685
5332694
5332741
5332759
5332788
5332796
5332814
5332827
5332839
5332853
5332871
5332886
5332895
5332907
5332910
5332961
5332983
5332999
5333022
5333074
5333089
5333106
5333149
5333168
5333170
5333207
5333235
5333244
5333256
5333261
5333272
5333283
5333299
5333314
5333327
5333339
5333371
5333395
5333404
5333429
5333447
5333465
5333473
5333515
5333523
5333541
5333559
5333596
5333601
5333634
5333660
5333678
5333709
5333717
5333724
5333752
5333763
5333780
5333791
5333800
5333825
5333832
5333848
5333881
5333897
5333905
5333918
5333920
5333943
5333951
5333979
5333984
5334030
5334064
5334088
5334100
5334125
5334132
5334176
5334229
5334231
5334273
5334309
5334317
5334324
5334338
5334363
5334375
5334380
5334391
5334410
5334428
5334444
5334483
5334499
5334503
5334511
5334522
5334536
5334567
5334574
5334589
5334590
5334605
5334620
5334643
5334651
5334666
5334684
5334708
5334727
5334753
5334786
5334795
5334806
5334812
5334849
5334901
5334926
5334942
5334960
5334993
5335027
5335039
5335062
5335071
5335109
5335124
5335146
5335152
5335175
5335191
5335223
5335230
5335259
5335264
5335277
5335288
5335296
5335311
5335322
5335345
5335389
5335401
5335426
5335434
5335442
5335455
5335478
5335487
5335493
5335507
5335510
5335528
5335535
5335583
5335616
5335629
5335631
5335647
5335665
5335673
5335706
5335712
5335733
5335768
5335770
5335785
5335805
5335837
5335851
5335866
5335879
5335925
5335969
5335981
5336006
5336012
5336021
5336033
5336057
5336094
5336103
5336122
5336136
5336158
5336167
5336214
5336227
5336240
5336253
5336262
5336310
5336344
5336356
5336361
5336372
5336383
5336425
5336448
5336454
5336469
5336476
5336497
5336501
5336519
5336526
5336542
5336578
5336602
5336615
5336623
5336641
5336659
5336696
5336705
5336718
5336720
5336743
5336751
5336766
5336779
5336784
5336804
5336816
5336829
5336831
5336850
5336873
5336882
5336898
5336909
5336952
5336991
5337007
5337035
5337044
5337072
5337099
5337105
5337120
5337151
5337166
5337226
5337234
5337260
5337278
5337306
5337312
5337321
5337368
5337370
5337385
5337394
5337423
5337430
5337441
5337477
5337488
5337496
5337508
5337539
5337571
5337595
5337600
5337632
5337654
5337676
5337681
5337711
5337736
5337745
5337774
5337789
5337817
5337824
5337846
5337852
5337891
5337916
5337950
5337973
5338005
5338020
5338037
5338043
5338051
5338079
5338107
5338110
5338128
5338183
5338199
5338212
5338221
5338233
5338257
5338285
5338301
5338319
5338326
5338334
5338342
5338355
5338360
5338378
5338387
5338409
5338417
5338446
5338491
5338500
5338513
5338525
5338554
5338581
5338614
5338653
5338671
5338716
5338765
5338773
5338782
5338802
5338877
5338896
5338911
5338936
5338958
5339009
5339024
5339038
5339052
5339075
5339091
5339139
5339140
5339203
5339211
5339267
5339274
5339289
5339290
5339315
5339341
5339364
5339377
5339388
5339396
5339437
5339443
5339492
5339504
5339547
5339550
5339598
5339610
5339635
5339644
5339656
5339661
5339672
5339683
5339699
5339700
5339713
5339725
5339748
5339776
5339781
5339819
5339834
5339842
5339855
5339878
5339887
5339893
5339912
5339921
5339949
5339957
5339968
5340016
5340047
5340050
5340098
5340119
5340134
5340142
5340155
5340187
5340193
5340205
5340220
5340243
5340251
5340266
5340279
5340292
5340300
5340325
5340348
5340369
5340381
5340397
5340403
5340411
5340422
5340436
5340445
5340458
5340467
5340489
5340490
5340509
5340517
5340563
5340580
5340621
5340633
5340649
5340657
5340670
5340685
5340723
5340730
5340759
5340788
5340814
5340840
5340853
5340886
5340895
5340907
5340910
5340935
5340944
5340961
5340972
5340983
5341002
5341015
5341023
5341077
5341088
5341100
5341113
5341125
5341154
5341169
5341197
5341204
5341216
5341250
5341265
5341273
5341298
5341309
5341324
5341338
5341346
5341375
5341380
5341472
5341483
5341511
5341536
5341574
5341589
5341590
5341618
5341643
5341651
5341666
5341684
5341692
5341714
5341727
5341739
5341740
5341753
5341786
5341795
5341833
5341849
5341868
5341926
5341942
5341955
5341987
5341993
5342000
5342025
5342054
5342076
5342081
5342097
5342123
5342130
5342177
5342188
5342246
5342252
5342275
5342329
5342347
5342365
5342373
5342382
5342412
5342433
5342470
5342505
5342520
5342543
5342551
5342584
5342611
5342622
5342667
5342689
5342690
5342760
5342793
5342835
5342861
5342872
5342883
5342899
5342908
5342914
5342927
5342939
5342940
5342953
5342962
5342995
5343012
5343021
5343070
5343094
5343103
5343136
5343145
5343189
5343190
5343214
5343239
5343240
5343253
5343262
5343271
5343286
5343295
5343328
5343344
5343356
5343383
5343413
5343425
5343448
5343454
5343476
5343497
5343501
5343526
5343578
5343593
5343630
5343641
5343659
5343664
5343705
5343720
5343737
5343766
5343779
5343792
5343847
5343865
5343882
5343898
5343924
5343938
5343946
5344019
5344042
5344055
5344093
5344104
5344116
5344129
5344147
5344150
5344165
5344173
5344182
5344198
5344200
5344225
5344248
5344254
5344269
5344276
5344337
5344351
5344384
5344392
5344408
5344414
5344439
5344440
5344471
5344486
5344512
5344533
5344549
5344557
5344624
5344638
5344652
5344710
5344728
5344735
5344756
5344761
5344799
5344811
5344822
5344858
5344867
5344874
5344890
5344902
5344915
5344941
5344959
5344964
5345007
5345010
5345028
5345044
5345099
5345118
5345120
5345151
5345166
5345201
5345219
5345242
5345260
5345278
5345287
5345312
5345333
5345349
5345370
5345415
5345423
5345441
5345459
5345464
5345477
5345514
5345539
5345540
5345553
5345571
5345595
5345632
5345654
5345676
5345722
5345736
5345758
5345789
5345809
5345824
5345846
5345875
5345950
5345965
5346011
5346045
5346089
5346090
5346106
5346121
5346149
5346168
5346170
5346185
5346194
5346228
5346235
5346244
5346272
5346283
5346308
5346339
5346340
5346362
5346386
5346395
5346404
5346429
5346450
5346482
5346502
5346515
5346523
5346530
5346559
5346588
5346619
5346660
5346678
5346687
5346746
5346752
5346763
5346780
5346813
5346854
5346876
5346897
5346918
5346943
5346951
5346979
5346992
5347008
5347027
5347039
5347062
5347071
5347109
5347124
5347138
5347152
5347163
5347175
5347191
5347259
5347303
5347358
5347374
5347390
5347401
5347419
5347434
5347442
5347478
5347493
5347507
5347535
5347556
5347561
5347583
5347616
5347647
5347650
5347673
5347682
5347698
5347706
5347712
5347721
5347757
5347794
5347818
5347820
5347866
5347884
5347900
5347913
5347932
5347948
5347954
5347969
5347997
5348009
5348017
5348024
5348038
5348046
5348052
5348063
5348080
5348091
5348127
5348153
5348162
5348195
5348211
5348258
5348289
5348315
5348323
5348330
5348341
5348359
5348377
5348420
5348504
5348547
5348573
5348607
5348672
5348683
5348700
5348754
5348776
5348781
5348801
5348834
5348860
5348878
5348921
5348957
5348968
5348970
5349005
5349020
5349037
5349092
5349107
5349110
5349128
5349156
5349161
5349172
5349206
5349212
5349221
5349257
5349270
5349285
5349294
5349319
5349355
5349378
5349417
5349446
5349475
5349491
5349513
5349525
5349548
5349569
5349576
5349581
5349608
5349639
5349640
5349662
5349671
5349686
5349695
5349729
5349731
5349773
5349782
5349802
5349823
5349877
5349896
5349922
5349945
5349958
5350021
5350068
5350103
5350111
5350158
5350189
5350208
5350214
5350227
5350239
5350240
5350262
5350307
5350310
5350335
5350356
5350361
5350383
5350399
5350432
5350448
5350454
5350469
5350526
5350542
5350555
5350578
5350587
5350593
5350615
5350630
5350641
5350659
5350664
5350677
5350688
5350720
5350751
5350779
5350784
5350792
5350804
5350816
5350829
5350831
5350850
5350873
5350898
5350909
5350924
5350938
5350946
5350952
5350975
5350991
5351020
5351037
5351043
5351079
5351092
5351107
5351110
5351128
5351135
5351156
5351161
5351206
5351212
5351233
5351249
5351268
5351301
5351334
5351355
5351409
5351417
5351424
5351438
5351446
5351463
5351500
5351532
5351554
5351597
5351639
5351640
5351671
5351716
5351747
5351750
5351765
5351782
5351802
5351815
5351823
5351841
5351859
5351864
5351896
5351903
5351922
5351936
5351967
5351990
5352035
5352044
5352056
5352061
5352072
5352118
5352120
5352137
5352143
5352166
5352179
5352192
5352201
5352219
5352234
5352255
5352278
5352293
5352306
5352321
5352333
5352357
5352368
5352370
5352385
5352402
5352415
5352464
5352477
5352496
5352586
5352595
5352600
5352613
5352625
5352632
5352648
5352669
5352676
5352703
5352722
5352736
5352745
5352789
5352790
5352809
5352817
5352824
5352838
5352846
5352863
5352875
5352880
5352891
5352904
5352947
5352950
5352982
5352998
5353030
5353041
5353064
5353088
5353125
5353132
5353176
5353204
5353229
5353231
5353247
5353250
5353265
5353282
5353298
5353309
5353324
5353352
5353363
5353380
5353391
5353410
5353444
5353456
5353472
5353536
5353545
5353558
5353567
5353574
5353620
5353637
5353643
5353651
5353666
5353739
5353753
5353762
5353806
5353812
5353849
5353857
5353868
5353919
5353926
5353934
5353942
5353993
5354011
5354022
5354036
5354045
5354067
5354074
5354090
5354112
5354133
5354170
5354228
5354235
5354256
5354261
5354272
5354283
5354299
5354308
5354327
5354339
5354431
5354473
5354482
5354515
5354530
5354564
5354577
5354588
5354626
5354660
5354687
5354709
5354717
5354724
5354738
5354752
5354775
5354780
5354825
5354832
5354869
5354881
5354897
5354905
5354937
5354943
5354966
5354979
5354992
5355009
5355046
5355075
5355080
5355091
5355108
5355114
5355139
5355162
5355186
5355195
5355203
5355211
5355236
5355245
5355274
5355302
5355315
5355359
5355377
5355388
5355405
5355418
5355420
5355437
5355479
5355504
5355516
5355531
5355550
5355565
5355607
5355610
5355635
5355644
5355661
5355748
5355754
5355776
5355781
5355834
5355878
5355887
5355893
5355906
5355921
5355957
5355985
5355994
5356032
5356048
5356069
5356076
5356097
5356102
5356115
5356130
5356141
5356159
5356164
5356188
5356209
5356238
5356252
5356275
5356291
5356331
5356347
5356350
5356365
5356373
5356382
5356412
5356421
5356433
5356449
5356457
5356468
5356470
5356485
5356518
5356520
5356543
5356551
5356579
5356584
5356592
5356611
5356622
5356636
5356689
5356701
5356742
5356760
5356778
5356787
5356807
5356810
5356835
5356856
5356872
5356883
5356899
5356908
5356914
5356953
5356962
5356971
5356986
5357016
5357029
5357031
5357047
5357073
5357098
5357119
5357126
5357160
5357187
5357218
5357237
5357243
5357266
5357325
5357332
5357348
5357369
5357376
5357381
5357397
5357411
5357422
5357436
5357445
5357467
5357474
5357509
5357517
5357524
5357552
5357563
5357575
5357580
5357591
5357612
5357621
5357633
5357657
5357723
5357730
5357741
5357759
5357764
5357777
5357827
5357839
5357840
5357871
5357895
5357935
5357944
5357956
5357972
5357999
5358019
5358042
5358055
5358104
5358116
5358129
5358131
5358147
5358150
5358165
5358182
5358200
5358213
5358225
5358254
5358281
5358297
5358305
5358318
5358337
5358366
5358384
5358392
5358414
5358453
5358471
5358486
5358495
5358506
5358533
5358549
5358557
5358570
5358594
5358624
5358638
5358646
5358652
5358680
5358691
5358707
5358710
5358772
5358783
5358803
5358811
5358822
5358867
5358889
5358902
5358941
5358964
5358977
5358988
5359027
5359040
5359062
5359109
5359117
5359124
5359138
5359152
5359163
5359175
5359215
5359223
5359241
5359259
5359277
5359288
5359303
5359358
5359367
5359390
5359401
5359455
5359460
5359528
5359535
5359572
5359604
5359616
5359629
5359631
5359650
5359682
5359706
5359712
5359733
5359749
5359757
5359768
5359805
5359820
5359837
5359843
5359866
5359879
5359900
5359913
5359976
5359997
5360015
5360023
5360041
5360077
5360088
5360096
5360197
5360204
5360216
5360229
5360247
5360250
5360324
5360338
5360352
5360363
5360407
5360410
5360435
5360444
5360461
5360483
5360511
5360545
5360574
5360590
5360679
5360684
5360692
5360714
5360727
5360739
5360753
5360771
5360821
5360833
5360849
5360857
5360868
5360870
5360901
5360919
5360934
5360960
5360993
5361027
5361053
5361062
5361071
5361086
5361095
5361117
5361124
5361138
5361146
5361180
5361191
5361202
5361241
5361259
5361264
5361277
5361296
5361303
5361322
5361345
5361367
5361374
5361389
5361390
5361401
5361426
5361442
5361455
5361478
5361493
5361507
5361561
5361572
5361583
5361599
5361616
5361665
5361712
5361733
5361749
5361757
5361770
5361785
5361794
5361818
5361820
5361843
5361866
5361892
5361925
5361932
5361954
5361969
5361981
5361997
5362038
5362046
5362063
5362080
5362091
5362114
5362127
5362140
5362153
5362186
5362203
5362245
5362267
5362302
5362315
5362323
5362330
5362341
5362359
5362364
5362418
5362420
5362437
5362443
5362479
5362492
5362547
5362550
5362573
5362582
5362598
5362607
5362661
5362672
5362754
5362781
5362819
5362834
5362842
5362878
5362893
5362921
5362949
5362957
5362968
5362985
5363005
5363051
5363079
5363084
5363107
5363110
5363128
5363144
5363161
5363183
5363199
5363212
5363221
5363257
5363268
5363285
5363301
5363387
5363409
5363438
5363475
5363491
5363500
5363548
5363554
5363576
5363581
5363597
5363614
5363627
5363640
5363653
5363662
5363671
5363686
5363695
5363704
5363716
5363729
5363747
5363765
5363782
5363798
5363802
5363823
5363864
5363877
5363888
5363896
5363911
5363922
5363936
5363945
5363967
5363974
5363990
5364000
5364013
5364032
5364048
5364069
5364097
5364123
5364130
5364141
5364196
5364217
5364224
5364246
5364263
5364291
5364316
5364331
5364350
5364365
5364373
5364406
5364412
5364433
5364470
5364494
5364520
5364543
5364551
5364584
5364592
5364603
5364611
5364622
5364658
5364667
5364674
5364690
5364701
5364742
5364755
5364760
5364778
5364787
5364807
5364844
5364856
5364861
5364914
5364953
5364971
5364995
5365001
5365019
5365034
5365042
5365055
5365078
5365104
5365150
5365173
5365198
5365213
5365297
5365318
5365320
5365337
5365351
5365366
5365384
5365427
5365439
5365440
5365453
5365471
5365512
5365549
5365585
5365594
5365609
5365617
5365663
5365710
5365728
5365756
5365803
5365858
5365874
5365930
5365941
5365959
5365964
5366010
5366028
5366044
5366056
5366061
5366118
5366143
5366179
5366192
5366201
5366226
5366234
5366242
5366260
5366278
5366293
5366312
5366321
5366333
5366368
5366385
5366394
5366402
5366459
5366464
5366488
5366496
5366540
5366562
5366571
5366586
5366595
5366600
5366613
5366648
5366669
5366676
5366711
5366758
5366767
5366789
5366790
5366809
5366817
5366846
5366852
5366863
5366875
5366891
5366931
5366950
5367012
5367033
5367049
5367057
5367068
5367085
5367094
5367103
5367145
5367158
5367174
5367214
5367227
5367239
5367253
5367262
5367286
5367295
5367307
5367344
5367356
5367361
5367413
5367432
5367448
5367454
5367469
5367497
5367501
5367526
5367534
5367560
5367587
5367593
5367630
5367659
5367696
5367705
5367718
5367737
5367743
5367766
5367784
5367792
5367829
5367831
5367847
5367865
5367882
5367917
5367975
5367980
5367991
5368011
5368074
5368089
5368090
5368106
5368112
5368149
5368168
5368207
5368210
5368228
5368261
5368299
5368308
5368327
5368362
5368386
5368395
5368416
5368429
5368431
5368450
5368465
5368498
5368502
5368523
5368530
5368541
5368564
5368577
5368596
5368619
5368626
5368642
5368655
5368660
5368678
5368693
5368709
5368717
5368724
5368738
5368746
5368791
5368800
5368813
5368848
5368881
5368897
5368920
5368937
5368943
5368979
5369016
5369047
5369050
5369073
5369082
5369119
5369134
5369142
5369155
5369178
5369193
5369218
5369237
5369243
5369332
5369376
5369397
5369403
5369422
5369436
5369445
5369490
5369524
5369552
5369563
5369606
5369612
5369633
5369649
5369670
5369685
5369694
5369730
5369741
5369759
5369764
5369777
5369788
5369796
5369808
5369827
5369862
5369871
5369886
5369895
5369907
5369935
5369944
5369956
5369999
5370036
5370074
5370089
5370106
5370112
5370121
5370133
5370157
5370168
5370170
5370194
5370210
5370235
5370244
5370256
5370261
5370299
5370308
5370314
5370327
5370339
5370340
5370371
5370395
5370404
5370429
5370450
5370482
5370498
5370502
5370523
5370530
5370541
5370588
5370601
5370619
5370626
5370634
5370655
5370660
5370678
5370693
5370738
5370763
5370775
5370780
5370813
5370832
5370848
5370854
5370876
5370897
5370905
5370918
5370951
5370979
5370984
5370992
5371017
5371024
5371038
5371046
5371052
5371063
5371075
5371139
5371140
5371153
5371162
5371171
5371186
5371203
5371245
5371258
5371267
5371274
5371315
5371323
5371341
5371405
5371420
5371451
5371484
5371504
5371529
5371582
5371598
5371635
5371644
5371661
5371683
5371699
5371700
5371732
5371754
5371769
5371776
5371781
5371797
5371826
5371842
5371860
5371878
5371887
5371893
5371906
5371912
5371933
5371994
5372014
5372062
5372071
5372086
5372095
5372117
5372124
5372152
5372180
5372202
5372259
5372264
5372288
5372296
5372303
5372311
5372374
5372389
5372419
5372426
5372434
5372442
5372455
5372478
5372487
5372493
5372528
5372556
5372583
5372616
5372629
5372631
5372650
5372682
5372698
5372712
5372721
5372757
5372785
5372805
5372837
5372843
5372851
5372866
5372879
5372892
5372900
5372925
5372932
5372997
5373042
5373060
5373078
5373087
5373093
5373104
5373116
5373131
5373147
5373182
5373198
5373200
5373213
5373254
5373276
5373305
5373318
5373320
5373337
5373366
5373379
5373384
5373408
5373440
5373462
5373495
5373512
5373533
5373549
5373557
5373570
5373594
5373617
5373624
5373638
5373663
5373675
5373680
5373691
5373707
5373728
5373735
5373761
5373772
5373783
5373799
5373803
5373811
5373822
5373845
5373867
5373874
5373889
5373890
5373902
5373915
5373923
5373930
5373941
5373959
5374021
5374057
5374103
5374111
5374136
5374145
5374174
5374190
5374208
5374214
5374227
5374239
5374240
5374271
5374307
5374310
5374335
5374344
5374361
5374372
5374399
5374400
5374425
5374448
5374454
5374469
5374501
5374519
5374534
5374542
5374578
5374587
5374602
5374615
5374641
5374705
5374743
5374751
5374766
5374779
5374792
5374804
5374865
5374882
5374898
5374909
5374946
5374991
5375018
5375020
5375051
5375110
5375135
5375156
5375212
5375221
5375249
5375257
5375268
5375270
5375301
5375319
5375342
5375355
5375378
5375387
5375409
5375424
5375446
5375463
5375475
5375525
5375532
5375548
5375554
5375581
5375597
5375639
5375640
5375653
5375695
5375716
5375750
5375798
5375802
5375815
5375823
5375859
5375877
5375888
5375896
5375936
5375945
5375958
5375989
5376016
5376029
5376031
5376050
5376065
5376073
5376082
5376101
5376119
5376126
5376134
5376142
5376155
5376193
5376218
5376237
5376251
5376279
5376284
5376292
5376325
5376332
5376354
5376369
5376376
5376381
5376474
5376489
5376490
5376517
5376524
5376538
5376575
5376606
5376612
5376621
5376633
5376649
5376657
5376670
5376694
5376715
5376730
5376777
5376796
5376814
5376839
5376840
5376862
5376928
5376935
5376999
5377032
5377048
5377069
5377097
5377115
5377130
5377141
5377159
5377177
5377217
5377246
5377291
5377316
5377329
5377347
5377350
5377373
5377382
5377398
5377406
5377433
5377449
5377468
5377470
5377520
5377543
5377551
5377579
5377584
5377592
5377603
5377611
5377622
5377645
5377674
5377689
5377690
5377701
5377719
5377726
5377755
5377760
5377787
5377793
5377810
5377828
5377844
5377856
5377872
5377883
5377914
5377927
5377940
5377962
5377986
5377995
5378030
5378041
5378088
5378100
5378113
5378132
5378154
5378176
5378181
5378197
5378216
5378265
5378273
5378309
5378324
5378346
5378375
5378407
5378410
5378444
5378461
5378472
5378522
5378558
5378589
5378618
5378620
5378651
5378666
5378679
5378684
5378708
5378714
5378727
5378739
5378762
5378786
5378821
5378849
5378857
5378942
5378955
5378960
5379007
5379035
5379056
5379099
5379105
5379120
5379184
5379192
5379201
5379219
5379234
5379278
5379293
5379306
5379312
5379321
5379349
5379357
5379368
5379385
5379394
5379441
5379459
5379477
5379508
5379553
5379571
5379595
5379625
5379632
5379703
5379711
5379736
5379758
5379789
5379809
5379817
5379824
5379846
5379852
5379863
5379875
5379880
5379904
5379947
5379950
5379973
5380001
5380019
5380026
5380034
5380042
5380055
5380060
5380078
5380093
5380116
5380129
5380131
5380165
5380182
5380200
5380213
5380225
5380232
5380248
5380254
5380269
5380297
5380318
5380320
5380337
5380366
5380379
5380384
5380414
5380427
5380439
5380453
5380471
5380506
5380521
5380533
5380568
5380609
5380617
5380624
5380638
5380663
5380691
5380707
5380710
5380728
5380735
5380744
5380761
5380799
5380803
5380811
5380858
5380874
5380889
5380915
5380977
5380996
5381010
5381035
5381044
5381072
5381083
5381118
5381120
5381137
5381151
5381166
5381179
5381192
5381226
5381234
5381242
5381287
5381293
5381368
5381370
5381415
5381423
5381464
5381527
5381539
5381540
5381553
5381586
5381600
5381613
5381625
5381632
5381648
5381697
5381703
5381711
5381736
5381758
5381767
5381774
5381789
5381809
5381863
5381880
5381891
5381916
5381950
5381973
5381982
5381998
5382018
5382020
5382043
5382066
5382084
5382092
5382110
5382135
5382156
5382161
5382199
5382212
5382233
5382249
5382257
5382268
5382270
5382285
5382301
5382319
5382342
5382360
5382378
5382387
5382424
5382438
5382452
5382463
5382500
5382513
5382532
5382548
5382569
5382627
5382640
5382653
5382662
5382686
5382716
5382731
5382747
5382750
5382773
5382782
5382798
5382815
5382823
5382864
5382896
5382903
5382936
5382958
5382967
5382974
5382989
5382990
5383024
5383038
5383046
5383080
5383127
5383139
5383140
5383162
5383171
5383186
5383195
5383203
5383211
5383222
5383258
5383267
5383274
5383290
5383315
5383330
5383341
5383359
5383364
5383443
5383451
5383466
5383484
5383516
5383529
5383547
5383565
5383573
5383598
5383607
5383610
5383656
5383661
5383699
5383732
5383748
5383754
5383769
5383776
5383797
5383819
5383826
5383860
5383893
5383912
5383921
5383933
5383970
5383994
5384004
5384031
5384065
5384073
5384098
5384101
5384119
5384126
5384142
5384160
5384178
5384187
5384193
5384205
5384220
5384237
5384243
5384251
5384266
5384284
5384300
5384313
5384348
5384354
5384369
5384381
5384397
5384411
5384517
5384538
5384552
5384575
5384580
5384591
5384606
5384612
5384621
5384657
5384685
5384694
5384702
5384715
5384723
5384741
5384808
5384814
5384827
5384839
5384862
5384886
5384895
5384910
5384928
5384935
5385002
5385030
5385041
5385064
5385088
5385096
5385100
5385125
5385148
5385181
5385197
5385216
5385229
5385231
5385247
5385250
5385273
5385282
5385309
5385338
5385352
5385375
5385380
5385410
5385435
5385444
5385472
5385483
5385522
5385536
5385567
5385589
5385590
5385618
5385643
5385666
5385692
5385740
5385753
5385806
5385868
5385870
5385894
5385901
5385926
5385934
5385978
5385987
5386014
5386040
5386062
5386095
5386109
5386117
5386124
5386138
5386146
5386163
5386175
5386202
5386223
5386264
5386277
5386288
5386296
5386303
5386322
5386390
5386478
5386507
5386510
5386528
5386556
5386561
5386572
5386583
5386616
5386629
5386647
5386650
5386682
5386706
5386721
5386749
5386768
5386770
5386794
5386805
5386818
5386820
5386843
5386851
5386866
5386879
5386884
5386892
5386900
5386913
5386981
5387022
5387074
5387090
5387106
5387112
5387149
5387157
5387168
5387170
5387185
5387207
5387210
5387235
5387244
5387256
5387283
5387299
5387327
5387339
5387340
5387371
5387386
5387404
5387429
5387431
5387447
5387450
5387465
5387473
5387482
5387498
5387502
5387515
5387530
5387541
5387564
5387596
5387619
5387634
5387642
5387660
5387724
5387746
5387763
5387791
5387800
5387813
5387825
5387832
5387869
5387905
5387918
5387920
5387937
5387951
5387966
5387979
5387984
5387992
5388006
5388021
5388033
5388049
5388068
5388070
5388103
5388111
5388136
5388158
5388167
5388174
5388189
5388190
5388208
5388214
5388253
5388286
5388310
5388328
5388344
5388361
5388372
5388383
5388399
5388425
5388476
5388481
5388526
5388542
5388560
5388578
5388587
5388593
5388602
5388623
5388641
5388659
5388705
5388718
5388737
5388743
5388751
5388766
5388784
5388792
5388829
5388850
5388865
5388873
5388909
5388917
5388924
5388938
5388952
5388963
5389000
5389025
5389032
5389069
5389076
5389097
5389115
5389123
5389130
5389141
5389159
5389164
5389217
5389224
5389238
5389246
5389263
5389275
5389280
5389329
5389331
5389347
5389350
5389365
5389373
5389382
5389406
5389412
5389468
5389505
5389537
5389543
5389579
5389584
5389603
5389645
5389658
5389674
5389689
5389726
5389742
5389755
5389760
5389778
5389793
5389828
5389835
5389872
5389883
5389914
5389940
5390038
5390046
5390052
5390075
5390091
5390108
5390139
5390140
5390153
5390162
5390186
5390195
5390203
5390222
5390236
5390245
5390258
5390267
5390274
5390290
5390302
5390315
5390323
5390330
5390341
5390359
5390388
5390396
5390437
5390443
5390466
5390479
5390484
5390492
5390516
5390547
5390550
5390573
5390582
5390598
5390607
5390610
5390635
5390644
5390700
5390732
5390781
5390834
5390842
5390855
5390860
5390878
5390893
5390906
5390912
5390921
5390968
5390985
5390994
5391013
5391069
5391115
5391130
5391159
5391164
5391177
5391188
5391196
5391217
5391224
5391280
5391291
5391304
5391316
5391331
5391350
5391365
5391382
5391398
5391406
5391412
5391421
5391457
5391468
5391494
5391520
5391543
5391579
5391645
5391658
5391689
5391742
5391755
5391778
5391793
5391807
5391844
5391856
5391861
5391872
5391908
5391939
5391953
5391986
5392023
5392030
5392059
5392077
5392100
5392113
5392125
5392148
5392154
5392176
5392181
5392197
5392204
5392216
5392229
5392231
5392247
5392250
5392265
5392282
5392317
5392352
5392363
5392391
5392407
5392410
5392428
5392435
5392444
5392461
5392472
5392483
5392522
5392536
5392545
5392567
5392574
5392590
5392618
5392637
5392684
5392692
5392714
5392727
5392753
5392771
5392795
5392812
5392821
5392857
5392868
5392885
5392894
5392919
5392960
5392978
5392987
5392993
5393007
5393035
5393044
5393056
5393083
5393118
5393120
5393137
5393143
5393184
5393201
5393226
5393234
5393278
5393287
5393293
5393312
5393321
5393333
5393368
5393394
5393402
5393415
5393423
5393464
5393488
5393496
5393508
5393527
5393539
5393540
5393553
5393595
5393625
5393632
5393648
5393669
5393676
5393681
5393697
5393722
5393745
5393774
5393817
5393838
5393863
5393891
5393904
5393982
5394008
5394039
5394071
5394086
5394109
5394117
5394163
5394175
5394191
5394202
5394215
5394259
5394264
5394311
5394322
5394358
5394367
5394374
5394389
5394419
5394426
5394455
5394487
5394510
5394528
5394535
5394544
5394556
5394561
5394599
5394604
5394629
5394631
5394650
5394698
5394712
5394733
5394749
5394770
5394785
5394805
5394818
5394843
5394879
5394884
5394900
5394913
5394932
5394948
5394954
5394981
5395012
5395049
5395068
5395085
5395094
5395103
5395111
5395122
5395167
5395174
5395189
5395190
5395227
5395253
5395271
5395307
5395328
5395335
5395344
5395361
5395372
5395383
5395432
5395454
5395476
5395501
5395526
5395534
5395578
5395587
5395593
5395615
5395630
5395677
5395696
5395718
5395720
5395743
5395751
5395792
5395831
5395865
5395873
5395917
5395924
5395938
5395980
5395991
5396005
5396043
5396051
5396066
5396079
5396084
5396107
5396110
5396128
5396135
5396144
5396156
5396161
5396183
5396249
5396257
5396268
5396285
5396301
5396334
5396360
5396378
5396417
5396452
5396475
5396480
5396500
5396554
5396576
5396581
5396597
5396627
5396639
5396640
5396653
5396662
5396729
5396750
5396765
5396773
5396782
5396798
5396815
5396830
5396841
5396859
5396877
5396896
5396903
5396989
5396990
5397026
5397055
5397078
5397087
5397093
5397104
5397147
5397182
5397225
5397232
5397248
5397281
5397297
5397318
5397337
5397343
5397384
5397392
5397439
5397462
5397471
5397506
5397512
5397521
5397568
5397570
5397617
5397638
5397646
5397652
5397663
5397675
5397710
5397735
5397756
5397761
5397772
5397803
5397845
5397867
5397874
5397889
5397890
5397902
5397915
5397923
5397964
5398004
5398016
5398029
5398065
5398101
5398119
5398134
5398142
5398155
5398160
5398193
5398205
5398237
5398243
5398251
5398266
5398313
5398325
5398332
5398348
5398369
5398376
5398381
5398422
5398458
5398467
5398489
5398490
5398509
5398517
5398524
5398538
5398580
5398606
5398621
5398633
5398657
5398670
5398685
5398723
5398730
5398741
5398759
5398788
5398796
5398839
5398853
5398862
5398895
5398907
5398910
5398928
5398935
5398961
5398999
5399022
5399036
5399067
5399133
5399149
5399170
5399228
5399244
5399261
5399299
5399308
5399327
5399339
5399371
5399404
5399429
5399431
5399447
5399465
5399482
5399502
5399530
5399541
5399577
5399588
5399596
5399601
5399634
5399642
5399655
5399678
5399687
5399709
5399717
5399724
5399738
5399752
5399813
5399825
5399832
5399869
5399905
5399918
5399920
5399951
5399979
