6000011
6000022
6000036
6000045
6000058
6000067
6000074
6000089
6000090
6000106
6000112
6000133
6000149
6000157
6000168
6000170
6000185
6000194
6000207
6000210
6000235
6000244
6000256
6000261
6000272
6000283
6000299
6000308
6000327
6000339
6000340
6000353
6000362
6000371
6000386
6000395
6000404
6000416
6000429
6000431
6000447
6000450
6000465
6000482
6000502
6000515
6000523
6000530
6000541
6000559
6000564
6000577
6000588
6000596
6000601
6000619
6000626
6000634
6000642
6000655
6000660
6000687
6000693
6000709
6000717
6000724
6000738
6000746
6000752
6000763
6000775
6000780
6000791
6000800
6000825
6000832
6000848
6000854
6000869
6000876
6000881
6000897
6000905
6000918
6000920
6000937
6000943
6000951
6000966
6000979
6000984
6000992
6001017
6001024
6001038
6001046
6001052
6001063
6001075
6001080
6001091
6001108
6001114
6001127
6001139
6001140
6001153
6001162
6001195
6001203
6001211
6001222
6001236
6001245
6001258
6001267
6001274
6001289
6001290
6001302
6001315
6001323
6001330
6001341
6001359
6001364
6001377
6001388
6001396
6001418
6001420
6001437
6001443
6001451
6001466
6001479
6001484
6001492
6001504
6001516
6001529
6001531
6001547
6001550
6001573
6001598
6001607
6001610
6001628
6001635
6001644
6001656
6001661
6001672
6001683
6001699
6001700
6001713
6001725
6001732
6001748
6001769
6001776
6001781
6001797
6001801
6001826
6001834
6001842
6001855
6001860
6001878
6001887
6001893
6001906
6001912
6001921
6001933
6001949
6001957
6001968
6001970
6001985
6002008
6002027
6002039
6002040
6002062
6002071
6002086
6002109
6002117
6002124
6002138
6002146
6002163
6002175
6002191
6002215
6002223
6002241
6002259
6002277
6002288
6002296
6002303
6002311
6002322
6002336
6002358
6002367
6002374
6002389
6002390
6002419
6002426
6002434
6002442
6002455
6002460
6002478
6002487
6002507
6002510
6002528
6002535
6002544
6002556
6002561
6002572
6002583
6002599
6002604
6002629
6002631
6002647
6002650
6002665
6002673
6002706
6002712
6002733
6002749
6002757
6002768
6002770
6002785
6002794
6002805
6002818
6002820
6002837
6002843
6002866
6002879
6002884
6002892
6002900
6002913
6002932
6002948
6002954
6002969
6002976
6002981
6002997
6003001
6003019
6003026
6003034
6003042
6003055
6003060
6003078
6003093
6003104
6003116
6003129
6003131
6003147
6003150
6003165
6003182
6003198
6003213
6003225
6003232
6003248
6003254
6003269
6003276
6003281
6003297
6003318
6003320
6003337
6003343
6003351
6003366
6003379
6003384
6003392
6003408
6003414
6003427
6003439
6003453
6003462
6003471
6003486
6003495
6003506
6003512
6003521
6003533
6003549
6003557
6003568
6003570
6003585
6003594
6003609
6003617
6003624
6003638
6003652
6003675
6003680
6003691
6003707
6003710
6003728
6003735
6003744
6003756
6003761
6003772
6003783
6003799
6003803
6003822
6003836
6003845
6003858
6003867
6003874
6003889
6003890
6003923
6003930
6003941
6003959
6003964
6003977
6003988
6003996
6004006
6004033
6004049
6004057
6004068
6004070
6004085
6004094
6004103
6004111
6004122
6004136
6004145
6004158
6004167
6004174
6004189
6004190
6004214
6004227
6004239
6004240
6004253
6004262
6004271
6004286
6004295
6004307
6004310
6004328
6004335
6004344
6004356
6004361
6004372
6004383
6004399
6004400
6004413
6004425
6004432
6004448
6004454
6004469
6004476
6004497
6004501
6004519
6004526
6004534
6004542
6004555
6004560
6004578
6004587
6004593
6004602
6004615
6004623
6004630
6004641
6004664
6004677
6004688
6004705
6004718
6004737
6004743
6004751
6004766
6004779
6004784
6004816
6004829
6004831
6004847
6004850
6004865
6004873
6004882
6004898
6004909
6004917
6004924
6004938
6004946
6004952
6004963
6004975
6004980
6004991
6005005
6005020
6005037
6005043
6005066
6005079
6005084
6005092
6005128
6005135
6005144
6005156
6005161
6005172
6005183
6005199
6005206
6005212
6005221
6005233
6005257
6005268
6005270
6005285
6005294
6005301
6005319
6005326
6005334
6005342
6005355
6005360
6005378
6005387
6005393
6005409
6005417
6005424
6005438
6005446
6005452
6005463
6005475
6005480
6005491
6005513
6005525
6005532
6005554
6005569
6005576
6005581
6005597
6005608
6005614
6005627
6005639
6005640
6005653
6005662
6005671
6005686
6005695
6005704
6005729
6005731
6005747
6005750
6005765
6005773
6005782
6005798
6005802
6005823
6005830
6005841
6005859
6005877
6005888
6005896
6005911
6005922
6005936
6005958
6005967
6005974
6005989
6005990
6006004
6006016
6006029
6006031
6006047
6006065
6006073
6006082
6006098
6006101
6006119
6006126
6006134
6006142
6006155
6006160
6006178
6006187
6006193
6006205
6006218
6006220
6006237
6006243
6006251
6006266
6006279
6006284
6006292
6006300
6006313
6006325
6006332
6006348
6006354
6006369
6006376
6006381
6006403
6006411
6006422
6006436
6006445
6006458
6006467
6006474
6006489
6006490
6006509
6006517
6006524
6006538
6006552
6006563
6006580
6006591
6006606
6006612
6006621
6006633
6006649
6006657
6006668
6006670
6006685
6006694
6006702
6006723
6006730
6006741
6006759
6006777
6006796
6006808
6006814
6006839
6006840
6006862
6006871
6006886
6006895
6006907
6006910
6006928
6006935
6006956
6006961
6006972
6007000
6007013
6007032
6007054
6007069
6007076
6007081
6007102
6007115
6007123
6007130
6007141
6007159
6007177
6007188
6007196
6007209
6007217
6007224
6007238
6007246
6007252
6007263
6007275
6007280
6007291
6007304
6007316
6007329
6007331
6007347
6007350
6007373
6007382
6007398
6007412
6007421
6007433
6007449
6007457
6007468
6007470
6007485
6007505
6007518
6007520
6007537
6007551
6007566
6007584
6007603
6007611
6007622
6007636
6007645
6007658
6007667
6007674
6007690
6007701
6007719
6007726
6007734
6007742
6007755
6007760
6007778
6007787
6007793
6007807
6007810
6007828
6007835
6007844
6007856
6007861
6007872
6007883
6007899
6007908
6007914
6007927
6007939
6007940
6007953
6007962
6007971
6007995
6008015
6008023
6008030
6008041
6008059
6008064
6008077
6008088
6008096
6008100
6008113
6008125
6008132
6008148
6008154
6008169
6008176
6008181
6008197
6008204
6008229
6008231
6008247
6008250
6008265
6008273
6008282
6008298
6008317
6008324
6008338
6008352
6008363
6008375
6008380
6008391
6008410
6008428
6008435
6008444
6008456
6008461
6008472
6008499
6008503
6008511
6008522
6008536
6008545
6008567
6008574
6008589
6008590
6008605
6008618
6008643
6008651
6008666
6008679
6008684
6008692
6008708
6008714
6008727
6008739
6008740
6008753
6008762
6008771
6008786
6008795
6008806
6008812
6008821
6008833
6008849
6008857
6008868
6008870
6008885
6008894
6008901
6008919
6008926
6008934
6008942
6008960
6008978
6008987
6008993
6009007
6009010
6009028
6009035
6009044
6009072
6009083
6009099
6009105
6009118
6009137
6009143
6009151
6009166
6009179
6009184
6009192
6009201
6009226
6009234
6009242
6009255
6009260
6009278
6009287
6009293
6009306
6009312
6009321
6009333
6009349
6009357
6009368
6009370
6009385
6009394
6009402
6009415
6009423
6009430
6009441
6009464
6009477
6009488
6009496
6009508
6009514
6009539
6009540
6009553
6009562
6009571
6009586
6009595
6009600
6009613
6009625
6009632
6009648
6009654
6009669
6009676
6009681
6009697
6009703
6009711
6009722
6009736
6009745
6009767
6009789
6009790
6009809
6009817
6009824
6009838
6009846
6009852
6009863
6009875
6009880
6009891
6009904
6009916
6009929
6009931
6009947
6009950
6009965
6009973
6009982
6009998
6010013
6010025
6010032
6010048
6010054
6010069
6010076
6010081
6010097
6010102
6010115
6010123
6010130
6010141
6010159
6010164
6010188
6010196
6010209
6010224
6010238
6010246
6010252
6010263
6010275
6010280
6010291
6010304
6010316
6010329
6010331
6010347
6010350
6010365
6010373
6010382
6010398
6010406
6010412
6010421
6010433
6010449
6010457
6010468
6010470
6010485
6010494
6010505
6010518
6010520
6010537
6010551
6010566
6010579
6010584
6010592
6010611
6010622
6010636
6010658
6010667
6010674
6010689
6010690
6010719
6010726
6010734
6010742
6010755
6010760
6010778
6010787
6010793
6010807
6010810
6010835
6010844
6010856
6010861
6010872
6010899
6010908
6010927
6010939
6010940
6010953
6010962
6010971
6010986
6010995
6011001
6011019
6011026
6011034
6011042
6011055
6011060
6011078
6011087
6011093
6011104
6011116
6011129
6011131
6011147
6011150
6011165
6011173
6011213
6011225
6011232
6011248
6011254
6011269
6011276
6011281
6011297
6011305
6011318
6011320
6011337
6011343
6011351
6011366
6011379
6011384
6011392
6011414
6011427
6011439
6011440
6011453
6011471
6011486
6011495
6011506
6011521
6011533
6011549
6011557
6011568
6011570
6011585
6011594
6011609
6011617
6011624
6011638
6011646
6011652
6011663
6011675
6011680
6011691
6011707
6011728
6011735
6011744
6011756
6011761
6011772
6011783
6011803
6011811
6011822
6011836
6011845
6011858
6011867
6011874
6011889
6011890
6011902
6011915
6011923
6011930
6011941
6011959
6011964
6011977
6011988
6011996
6012004
6012016
6012029
6012031
6012047
6012050
6012065
6012073
6012082
6012098
6012101
6012119
6012126
6012134
6012142
6012155
6012160
6012178
6012205
6012218
6012220
6012237
6012243
6012251
6012266
6012279
6012284
6012292
6012300
6012313
6012332
6012348
6012354
6012369
6012381
6012397
6012403
6012411
6012422
6012436
6012445
6012458
6012467
6012474
6012489
6012490
6012509
6012517
6012524
6012538
6012546
6012563
6012575
6012580
6012591
6012606
6012621
6012633
6012649
6012657
6012668
6012670
6012685
6012694
6012702
6012715
6012723
6012730
6012741
6012759
6012764
6012777
6012788
6012808
6012814
6012827
6012839
6012853
6012862
6012886
6012895
6012907
6012910
6012928
6012935
6012944
6012956
6012961
6012972
6012983
6012999
6013003
6013011
6013022
6013036
6013045
6013058
6013067
6013089
6013090
6013106
6013112
6013133
6013149
6013157
6013168
6013170
6013194
6013207
6013210
6013228
6013235
6013244
6013256
6013261
6013272
6013283
6013299
6013308
6013314
6013327
6013339
6013340
6013353
6013362
6013371
6013386
6013395
6013404
6013416
6013429
6013447
6013450
6013465
6013473
6013482
6013515
6013530
6013541
6013559
6013564
6013577
6013588
6013596
6013601
6013619
6013626
6013634
6013642
6013655
6013660
6013678
6013687
6013693
6013709
6013717
6013724
6013738
6013746
6013752
6013763
6013775
6013780
6013791
6013800
6013813
6013825
6013832
6013848
6013854
6013869
6013876
6013881
6013897
6013905
6013918
6013920
6013937
6013943
6013951
6013966
6013979
6013984
6013992
6014002
6014015
6014023
6014030
6014041
6014059
6014064
6014077
6014088
6014096
6014100
6014113
6014125
6014132
6014148
6014154
6014169
6014176
6014181
6014197
6014204
6014216
6014229
6014231
6014247
6014250
6014265
6014273
6014282
6014298
6014309
6014317
6014324
6014338
6014346
6014352
6014363
6014375
6014380
6014407
6014410
6014428
6014435
6014456
6014461
6014472
6014483
6014499
6014503
6014511
6014522
6014536
6014545
6014558
6014567
6014574
6014589
6014590
6014605
6014637
6014643
6014651
6014666
6014679
6014684
6014692
6014708
6014714
6014727
6014739
6014740
6014753
6014762
6014771
6014786
6014795
6014806
6014833
6014849
6014857
6014870
6014885
6014894
6014901
6014919
6014926
6014934
6014942
6014955
6014960
6014987
6014993
6015008
6015014
6015027
6015039
6015040
6015053
6015062
6015071
6015086
6015095
6015109
6015117
6015124
6015138
6015146
6015152
6015163
6015175
6015180
6015191
6015202
6015215
6015223
6015230
6015241
6015259
6015264
6015277
6015288
6015296
6015303
6015311
6015322
6015336
6015345
6015358
6015374
6015389
6015390
6015401
6015419
6015426
6015442
6015455
6015460
6015478
6015487
6015493
6015510
6015528
6015535
6015544
6015561
6015572
6015583
6015599
6015616
6015629
6015631
6015647
6015665
6015673
6015682
6015698
6015706
6015712
6015721
6015733
6015749
6015768
6015770
6015785
6015794
6015805
6015818
6015820
6015837
6015843
6015851
6015866
6015879
6015884
6015892
6015900
6015913
6015925
6015932
6015948
6015954
6015969
6015981
6015997
6016006
6016012
6016021
6016049
6016057
6016068
6016070
6016094
6016103
6016111
6016122
6016136
6016145
6016158
6016167
6016189
6016208
6016214
6016227
6016239
6016240
6016253
6016262
6016271
6016286
6016295
6016307
6016310
6016328
6016335
6016344
6016356
6016383
6016399
6016400
6016413
6016425
6016432
6016448
6016454
6016469
6016476
6016481
6016497
6016501
6016519
6016526
6016534
6016542
6016555
6016560
6016578
6016593
6016602
6016615
6016623
6016630
6016641
6016659
6016664
6016677
6016688
6016696
6016705
6016718
6016720
6016737
6016743
6016751
6016784
6016804
6016816
6016829
6016831
6016847
6016850
6016865
6016873
6016882
6016898
6016909
6016917
6016938
6016946
6016952
6016963
6016975
6016980
6016991
6017007
6017010
6017028
6017035
6017044
6017056
6017061
6017072
6017083
6017099
6017105
6017120
6017143
6017151
6017166
6017179
6017184
6017192
6017219
6017226
6017234
6017242
6017255
6017260
6017278
6017287
6017306
6017312
6017321
6017333
6017349
6017357
6017368
6017370
6017385
6017402
6017415
6017430
6017441
6017459
6017464
6017477
6017488
6017496
6017508
6017514
6017527
6017539
6017540
6017553
6017562
6017571
6017586
6017595
6017600
6017613
6017625
6017632
6017654
6017676
6017681
6017697
6017703
6017711
6017722
6017736
6017745
6017758
6017767
6017774
6017789
6017790
6017809
6017817
6017824
6017838
6017852
6017863
6017875
6017880
6017891
6017904
6017916
6017965
6017973
6017982
6017998
6018005
6018018
6018020
6018043
6018051
6018066
6018079
6018084
6018092
6018107
6018110
6018128
6018135
6018144
6018156
6018161
6018172
6018183
6018199
6018206
6018212
6018221
6018233
6018249
6018257
6018270
6018285
6018294
6018301
6018319
6018326
6018334
6018342
6018355
6018360
6018378
6018387
6018409
6018424
6018438
6018446
6018452
6018463
6018475
6018480
6018491
6018525
6018532
6018548
6018554
6018569
6018576
6018581
6018597
6018608
6018614
6018627
6018639
6018640
6018653
6018662
6018671
6018686
6018695
6018704
6018716
6018729
6018731
6018747
6018750
6018765
6018773
6018782
6018798
6018802
6018815
6018823
6018830
6018859
6018888
6018896
6018911
6018922
6018936
6018945
6018958
6018967
6018974
6018989
6019009
6019017
6019024
6019038
6019046
6019052
6019063
6019075
6019080
6019091
6019108
6019127
6019139
6019140
6019162
6019171
6019186
6019195
6019203
6019211
6019222
6019236
6019245
6019258
6019274
6019289
6019290
6019315
6019330
6019341
6019359
6019364
6019388
6019405
6019418
6019420
6019437
6019443
6019451
6019466
6019479
6019492
6019504
6019516
6019529
6019531
6019547
6019565
6019582
6019598
6019607
6019610
6019628
6019635
6019644
6019656
6019672
6019683
6019699
6019700
6019713
6019725
6019732
6019748
6019754
6019769
6019776
6019781
6019797
6019801
6019819
6019826
6019834
6019842
6019855
6019860
6019878
6019887
6019893
6019906
6019912
6019921
6019933
6019949
6019957
6019968
6019970
6019985
6019994
6020002
6020023
6020030
6020059
6020077
6020088
6020100
6020113
6020125
6020132
6020148
6020154
6020169
6020176
6020181
6020197
6020204
6020216
6020229
6020231
6020247
6020250
6020265
6020273
6020282
6020298
6020309
6020317
6020324
6020338
6020346
6020352
6020363
6020375
6020380
6020391
6020407
6020410
6020428
6020435
6020444
6020456
6020461
6020472
6020483
6020499
6020503
6020511
6020522
6020536
6020545
6020558
6020567
6020589
6020605
6020618
6020620
6020637
6020643
6020651
6020679
6020684
6020692
6020708
6020727
6020740
6020753
6020762
6020771
6020786
6020795
6020806
6020821
6020833
6020849
6020857
6020868
6020870
6020885
6020894
6020901
6020919
6020926
6020934
6020955
6020960
6020978
6020987
6020993
6021008
6021014
6021027
6021039
6021040
6021053
6021062
6021071
6021086
6021095
6021109
6021117
6021124
6021138
6021146
6021152
6021163
6021175
6021180
6021191
6021202
6021215
6021223
6021230
6021241
6021259
6021288
6021296
6021303
6021311
6021322
6021336
6021367
6021374
6021390
6021401
6021419
6021426
6021434
6021442
6021478
6021487
6021493
6021507
6021510
6021528
6021535
6021544
6021556
6021561
6021572
6021583
6021599
6021604
6021616
6021629
6021631
6021647
6021650
6021665
6021673
6021698
6021706
6021712
6021721
6021733
6021749
6021757
6021768
6021770
6021785
6021794
6021805
6021818
6021820
6021837
6021843
6021851
6021866
6021879
6021884
6021892
6021913
6021932
6021954
6021969
6021976
6021981
6021997
6022009
6022017
6022024
6022038
6022046
6022052
6022075
6022080
6022091
6022108
6022114
6022127
6022139
6022140
6022162
6022186
6022195
6022203
6022211
6022222
6022236
6022245
6022258
6022274
6022289
6022290
6022302
6022315
6022323
6022330
6022341
6022359
6022364
6022377
6022388
6022396
6022405
6022418
6022420
6022437
6022443
6022451
6022466
6022479
6022484
6022492
6022516
6022529
6022531
6022547
6022550
6022565
6022573
6022582
6022598
6022607
6022610
6022635
6022644
6022656
6022661
6022672
6022683
6022699
6022700
6022713
6022725
6022732
6022748
6022754
6022769
6022776
6022781
6022797
6022801
6022819
6022826
6022834
6022842
6022855
6022860
6022878
6022887
6022893
6022906
6022912
6022921
6022933
6022949
6022968
6022970
6022985
6022994
6023005
6023020
6023037
6023043
6023051
6023066
6023079
6023084
6023092
6023107
6023110
6023128
6023135
6023156
6023161
6023172
6023183
6023212
6023233
6023249
6023257
6023268
6023270
6023285
6023294
6023301
6023326
6023334
6023342
6023355
6023360
6023378
6023387
6023409
6023417
6023424
6023446
6023452
6023463
6023475
6023500
6023513
6023525
6023532
6023548
6023554
6023569
6023576
6023581
6023597
6023608
6023614
6023627
6023639
6023640
6023653
6023662
6023671
6023686
6023695
6023716
6023729
6023747
6023750
6023765
6023773
6023782
6023798
6023802
6023815
6023823
6023830
6023841
6023859
6023864
6023877
6023888
6023896
6023911
6023922
6023936
6023945
6023958
6023967
6023989
6023990
6024000
6024013
6024025
6024032
6024048
6024054
6024069
6024076
6024081
6024097
6024115
6024130
6024141
6024159
6024164
6024177
6024188
6024209
6024238
6024246
6024252
6024263
6024275
6024280
6024291
6024304
6024316
6024329
6024331
6024347
6024365
6024373
6024382
6024398
6024406
6024412
6024421
6024433
6024449
6024457
6024468
6024470
6024485
6024518
6024520
6024537
6024543
6024551
6024566
6024579
6024584
6024592
6024603
6024622
6024636
6024645
6024658
6024667
6024674
6024689
6024690
6024701
6024719
6024726
6024734
6024742
6024755
6024760
6024778
6024793
6024807
6024810
6024828
6024835
6024844
6024861
6024872
6024883
6024899
6024908
6024914
6024927
6024939
6024940
6024953
6024962
6024971
6024986
6024995
6025001
6025019
6025026
6025034
6025042
6025055
6025060
6025078
6025087
6025093
6025104
6025116
6025129
6025131
