1300069
1300734
1300760
1301129
1301150
1301506
1301533
1301836
1301977
1302509
1302871
1302956
1302983
1303386
1303429
1303450
1303498
1303763
1303791
1304088
1304444
1304503
1304522
1304567
1304771
1305223
1305322
1305345
1305367
1305561
1305631
1305712
1305768
1305805
1305818
1305820
1305948
1305954
1306158
1306167
1306214
1306328
1306356
1306476
1306615
1306718
1306751
1306779
1306975
1307278
1307767
1307904
1308144
1308172
1308409
1308438
1308864
1308989
1309063
1309171
1309484
1309492
1309547
1309801
1309878
1310151
1310488
1310553
1310562
1310676
1310736
1310929
1311168
1311404
1311450
1311515
1311530
1311596
1311601
1311634
1311775
1311979
1312021
1312122
1312253
1312295
1312356
1312587
1312593
1312847
1312882
1313164
1313246
1313398
1313433
1313719
1313807
1313810
1313844
1313971
1314183
1314452
1314554
1314671
1314686
1314704
1314716
1315031
1315193
1315218
1315376
1315489
1315517
1315808
1316273
1316461
1316503
1316620
1316727
1316942
1317024
1317080
1317127
1317222
1317289
1317330
1317451
1317970
1318152
1318215
1318288
1318296
1318629
1318647
1318843
1318976
1318997
1319026
1319087
1319150
1319200
1319213
1319337
1319392
1319638
1319646
1319691
1319744
1319941
1320172
1320233
1320360
1320393
1320802
1320888
1321119
1321155
1321313
1321325
1321397
1321411
1321422
1321538
1321723
1321862
1322026
1322087
1322116
1322182
1322213
1322495
1322512
1322663
1322803
1322915
1323442
1323493
1323535
1323561
1323604
1323698
1323884
1324120
1324192
1324459
1324880
1324947
1324998
1325327
1325371
1325429
1325523
1325738
1325746
1325848
1326038
1326108
1326114
1326162
1326359
1326484
1326607
1326834
1326970
1327096
1327522
1327558
1327590
1327637
1327679
1327786
1327960
1328000
1328280
1328449
1328566
1328611
1328674
1328995
1329136
1329253
1329361
1329454
1329519
1329560
1329593
1329792
1329847
1329850
1329938
1330062
1330455
1330460
1330665
1330879
1331103
1331356
1331399
1331413
1331542
1331560
1331705
1331779
1332067
1332157
1332194
1332353
1332634
1332655
1332724
1332738
1332832
1333016
1333237
1333251
1333313
1333369
1333411
1333474
1333591
1333839
1333862
1334009
1334075
1334108
1334140
1334171
1334582
1334860
1334921
1335159
1335275
1335485
1335551
1335611
1335787
1335828
1336026
1336276
1336408
1336663
1336675
1336889
1336988
1337183
1337206
1337301
1337378
1337475
1337532
1337548
1337614
1337640
1337747
1337815
1337911
1338321
1338632
1338676
1338681
1338745
1338950
1338965
1339247
1339363
1339536
1339558
1339643
1339740
1339786
1340089
1340133
1340210
1340261
1340515
1340678
1340693
1340752
1340897
1341140
1341330
1341466
1341700
1341968
1342008
1342191
1342322
1342507
1342528
1342556
1342900
1343150
1343557
1343646
1343675
1343735
1343867
1343923
1344208
1344425
1344615
1345020
1345107
1345417
1345581
1345597
1345704
1345896
1346193
1346243
1346266
1346284
1346509
1346552
1346670
1346715
1346777
1347123
1347373
1347872
1348023
1348064
1348077
1348483
1348536
1348618
1348679
1348753
1348885
1348926
1349072
1349255
1349293
1349357
1349745
1350147
1350225
1350652
1350803
1350867
1350890
1350930
1350941
1350977
1351120
1351201
1351260
1351368
1351789
1351790
1351891
1352183
1352285
1352463
1352475
1352532
1352716
1352815
1352859
1353009
1353140
1353302
1353504
1353725
1353754
1353769
1353801
1353860
1354142
1354266
1354422
1354517
1354575
1354764
1354814
1354944
1355113
1355132
1355444
1355618
1355692
1355714
1355753
1355795
1355812
1355987
1356322
1356374
1356460
1356478
1356561
1356631
1356981
1357185
1357340
1357530
1357634
1357752
1358006
1358111
1358208
1358227
1358240
1358448
1358481
1358519
1358593
1358718
1358963
1359141
1359291
1359406
1359457
1359690
1359701
1359755
1360186
1360236
1360245
1360289
1360377
1360437
1360635
1360921
1361130
1361543
1362002
1362125
1362352
1362503
1362536
1362545
1362567
1362714
1363120
1363234
1363278
1363287
1363415
1363441
1363464
1363625
1363654
1363676
1363758
1363998
1364062
1364109
1364311
1364583
1364604
1364629
1364837
1365033
1365227
1365240
1365356
1365677
1365688
1366020
1366051
1366144
1366221
1366475
1366608
1366782
1366896
1367055
1367093
1367116
1367147
1367165
1367710
1367735
1367874
1367889
1367902
1367964
1368047
1368065
1368178
1368524
1368606
1368657
1369089
1369121
1369283
1369404
1369465
1369678
1369813
1370098
1370218
1370243
1370266
1370376
1370411
1370538
1370895
1370928
1370956
1371015
1371100
1371169
1371229
1371324
1371338
1371435
1371727
1371849
1371885
1371894
1372032
1372081
1372667
1372690
1372872
1372962
1373012
1373239
1373413
1373555
1373641
1373831
1374585
1374663
1374710
1374761
1374836
1374867
1375056
1375061
1375072
1375118
1375192
1375333
1375368
1375514
1375527
1375540
1376272
1376314
1376465
1376642
1376854
1376905
1376979
1377008
1377109
1377117
1377259
1377510
1377749
1377954
1378017
1378153
1378222
1378258
1378531
1378550
1378661
1378683
1378933
1378994
1379020
1379144
1379342
1379360
1379662
1379729
1379864
1379936
1380021
1380103
1380122
1380158
1380383
1380425
1380501
1380578
1380816
1381342
1381409
1381936
1382201
1382312
1382385
1382394
1382595
1382790
1382950
1382965
1382982
1383338
1383444
1383806
1384003
1384022
1384058
1384482
1384709
1384738
1384780
1385484
1385699
1385819
1386196
1386238
1386412
1386734
1386971
1386995
1387073
1387178
1387354
1387411
1387474
1387538
1387612
1387621
1387685
1387814
1387853
1388060
1388078
1388087
1388147
1388150
1388182
1388276
1388337
1388408
1388439
1388471
1388783
1388803
1388811
1388822
1388845
1389202
1389230
1389345
1389426
1389478
1389528
1389757
1389913
1389997
1390002
1390113
1390265
1390273
1390352
1390391
1390410
1390499
1390618
1390753
1390833
1390934
1391095
1391277
1391296
1391419
1391544
1391650
1391665
1391925
1392024
1392140
1392302
1392610
1392661
1392834
1392842
1392933
1393005
1393212
1393233
1393548
1393747
1393888
1393911
1394025
1394054
1394102
1394123
1394275
1394304
1394329
1394331
1394807
1394962
1394971
1395001
1395055
1395131
1395318
1395384
1395568
1395570
1395756
1396105
1396143
1396368
1396464
1396676
1396722
1396904
1396947
1397057
1397111
1397214
1397310
1397335
1397623
1397737
1398089
1398121
1398133
1398185
1398256
1398261
1398473
1398601
1398678
1398800
1398813
1398905
1398920
1399082
1399509
1399517
1399730
