1304567
1306751
1306779
1310929
1311530
1313971
1314704
1315376
1316461
1317970
1323561
1324192
1325429
1325848
1326834
1327637
1327679
1327960
1328280
1329361
1329850
1330455
1330665
1331413
1332634
1332724
1333016
1333313
1333369
1334171
1335159
1337640
1337747
1339740
1340133
1340210
1341140
1341330
1341968
1342528
1344208
1345896
1346284
1346715
1348483
1350147
1350225
1350930
1351789
1353769
1354422
1355444
1356374
1356478
1357530
1359755
1360921
1362503
1362545
1363654
1363998
1365240
1366475
1366896
1367902
1369404
1375072
1376642
1376854
1378222
1381409
1382312
1385699
1386196
1388147
1388182
1388439
1388803
1390618
1391296
1392834
1394275
1394304
1394329
1394962
1395568
1396143
1398133
1398256
1399730
