1300000
1300013
1300025
1300032
1300048
1300054
1300069
1300076
1300081
1300097
1300102
1300115
1300123
1300130
1300159
1300164
1300177
1300196
1300209
1300224
1300238
1300246
1300252
1300263
1300275
1300280
1300291
1300304
1300316
1300329
1300331
1300347
1300350
1300365
1300373
1300382
1300398
1300406
1300421
1300433
1300449
1300457
1300470
1300485
1300494
1300505
1300518
1300520
1300543
1300551
1300566
1300579
1300592
1300603
1300611
1300622
1300636
1300658
1300667
1300674
1300689
1300690
1300701
1300734
1300742
1300755
1300760
1300778
1300787
1300793
1300807
1300810
1300828
1300835
1300844
1300856
1300861
1300872
1300883
1300899
1300908
1300914
1300939
1300940
1300953
1300962
1300971
1300986
1300995
1301001
1301019
1301026
1301034
1301042
1301055
1301060
1301078
1301087
1301093
1301104
1301116
1301129
1301131
1301150
1301173
1301182
1301198
1301200
1301213
1301232
1301248
1301254
1301276
1301281
1301297
1301320
1301337
1301343
1301351
1301379
1301384
1301392
1301408
1301414
1301440
1301462
1301471
1301486
1301495
1301506
1301512
1301521
1301533
1301557
1301568
1301570
1301594
1301609
1301617
1301624
1301638
1301646
1301663
1301675
1301680
1301691
1301707
1301710
1301728
1301735
1301744
1301756
1301772
1301783
1301799
1301803
1301811
1301822
1301836
1301845
1301858
1301867
1301874
1301890
1301902
1301915
1301923
1301930
1301959
1301964
1301977
1301988
1301996
1302004
1302016
1302029
1302031
1302047
1302065
1302073
1302082
1302098
1302101
1302119
1302126
1302134
1302142
1302155
1302160
1302178
1302187
1302193
1302218
1302220
1302237
1302243
1302251
1302266
1302279
1302284
1302292
1302300
1302313
1302325
1302332
1302348
1302354
1302369
1302376
1302381
1302397
1302403
1302411
1302422
1302436
1302445
1302467
1302474
1302489
1302490
1302509
1302517
1302524
1302538
1302546
1302552
1302563
1302575
1302580
1302591
1302606
1302612
1302621
1302649
1302657
1302670
1302685
1302702
1302715
1302723
1302730
1302741
1302759
1302764
1302777
1302788
1302796
1302808
1302814
1302827
1302839
1302840
1302853
1302862
1302871
1302886
1302907
1302910
1302928
1302944
1302956
1302961
1302983
1302999
1303003
1303011
1303022
1303036
1303045
1303058
1303067
1303074
1303089
1303090
1303106
1303112
1303121
1303133
1303149
1303157
1303168
1303170
1303185
1303194
1303207
1303210
1303244
1303256
1303261
1303272
1303283
1303299
1303314
1303327
1303339
1303353
1303362
1303371
1303386
1303395
1303404
1303416
1303429
1303431
1303447
1303450
1303465
1303473
1303482
1303498
1303502
1303515
1303523
1303530
1303541
1303559
1303588
1303596
1303601
1303619
1303626
1303634
1303642
1303655
1303660
1303678
1303687
1303693
1303709
1303717
1303724
1303738
1303746
1303763
1303775
1303780
1303791
1303800
1303813
1303825
1303832
1303848
1303854
1303869
1303876
1303881
1303897
1303905
1303918
1303920
1303943
1303951
1303966
1303979
1303984
1303992
1304002
1304015
1304023
1304030
1304041
1304064
1304077
1304088
1304096
1304100
1304113
1304132
1304148
1304154
1304169
1304176
1304181
1304197
1304204
1304216
1304229
1304231
1304247
1304250
1304265
1304273
1304282
1304298
1304309
1304324
1304338
1304346
1304352
1304363
1304375
1304380
1304391
1304407
1304410
1304428
1304435
1304444
1304456
1304461
1304472
1304483
1304499
1304503
1304511
1304522
1304536
1304545
1304558
1304567
1304574
1304589
1304590
1304605
1304618
1304620
1304637
1304643
1304651
1304666
1304679
1304684
1304708
1304714
1304727
1304739
1304740
1304753
1304762
1304771
1304786
1304795
1304806
1304812
1304821
1304833
1304857
1304870
1304885
1304894
1304901
1304919
1304926
1304934
1304942
1304955
1304978
1304987
1304993
1305008
1305014
1305027
1305039
1305040
1305053
1305062
1305071
1305086
1305095
1305109
1305117
1305124
1305138
1305146
1305152
1305163
1305175
1305180
1305191
1305202
1305215
1305223
1305230
1305241
1305264
1305277
1305288
1305296
1305303
1305311
1305322
1305336
1305345
1305358
1305367
1305374
1305389
1305390
1305401
1305419
1305426
1305434
1305455
1305460
1305478
1305487
1305493
1305507
1305510
1305528
1305535
1305544
1305561
1305572
1305599
1305616
1305629
1305631
1305647
1305650
1305665
1305673
1305682
1305698
1305712
1305721
1305733
1305749
1305757
1305768
1305770
1305785
1305794
1305805
1305818
1305820
1305837
1305843
1305851
1305866
1305879
1305884
1305892
1305900
1305913
1305925
1305932
1305948
1305954
1305969
1305976
1305981
1305997
1306006
1306012
1306021
1306033
1306049
1306057
1306068
1306070
1306085
1306094
1306103
1306111
1306122
1306136
1306145
1306158
1306167
1306174
1306189
1306190
1306208
1306214
1306227
1306239
1306240
1306253
1306295
1306307
1306310
1306328
1306335
1306344
1306356
1306361
1306372
1306383
1306399
1306400
1306413
1306425
1306448
1306469
1306476
1306497
1306501
1306519
1306526
1306534
1306555
1306560
1306578
1306587
1306593
1306602
1306615
1306623
1306630
1306641
1306659
1306664
1306677
1306688
1306696
1306705
1306718
1306720
1306737
1306743
1306751
1306766
1306779
1306784
1306804
1306816
1306829
1306831
1306847
1306850
1306873
1306882
1306898
1306909
1306917
1306924
1306938
1306946
1306952
1306963
1306975
1306980
1306991
1307007
1307010
1307028
1307035
1307044
1307056
1307072
1307083
1307099
1307105
1307118
1307120
1307137
1307143
1307151
1307166
1307179
1307184
1307192
1307201
1307226
1307234
1307242
1307255
1307260
1307278
1307287
1307293
1307312
1307321
1307333
1307349
1307357
1307368
1307370
1307385
1307394
1307402
1307415
1307423
1307430
1307441
1307459
1307464
1307477
1307488
1307496
1307508
1307514
1307539
1307553
1307562
1307571
1307586
1307595
1307600
1307613
1307625
1307632
1307648
1307654
1307676
1307681
1307697
1307703
1307711
1307722
1307736
1307745
1307767
1307774
1307789
1307790
1307809
1307817
1307824
1307838
1307846
1307852
1307863
1307875
1307880
1307891
1307904
1307916
1307929
1307931
1307947
1307950
1307965
1307973
1307982
1307998
1308005
1308018
1308020
1308043
1308051
1308066
1308079
1308084
1308092
1308107
1308110
1308128
1308135
1308144
1308156
1308161
1308172
1308183
1308199
1308206
1308212
1308221
1308233
1308249
1308257
1308270
1308285
1308294
1308301
1308319
1308326
1308334
1308342
1308355
1308360
1308378
1308387
1308393
1308409
1308417
1308438
1308446
1308452
1308463
1308475
1308500
1308513
1308525
1308532
1308548
1308554
1308569
1308576
1308581
1308597
1308608
1308614
1308627
1308639
1308640
1308653
1308662
1308686
1308695
1308704
1308716
1308729
1308731
1308747
1308750
1308765
1308773
1308782
1308798
1308802
1308815
1308823
1308830
1308841
1308859
1308864
1308888
1308896
1308911
1308922
1308936
1308945
1308958
1308967
1308989
1308990
1309009
1309017
1309038
1309046
1309052
1309063
1309075
1309080
1309091
1309108
1309114
1309127
1309140
1309153
1309171
1309195
1309203
1309211
1309222
1309236
1309245
1309258
1309267
1309274
1309302
1309315
1309323
1309330
1309341
1309359
1309364
1309377
1309388
1309396
1309405
1309418
1309437
1309443
1309451
1309466
1309479
1309484
1309492
1309504
1309516
1309529
1309531
1309547
1309550
1309565
1309573
1309582
1309598
1309607
1309628
1309635
1309644
1309656
1309672
1309683
1309699
1309700
1309713
1309732
1309748
1309781
1309797
1309801
1309819
1309826
1309834
1309842
1309855
1309860
1309878
1309887
1309893
1309906
1309912
1309921
1309933
1309949
1309957
1309968
1309970
1309985
1309994
1310007
1310010
1310028
1310035
1310044
1310056
1310061
1310072
1310083
1310099
1310105
1310118
1310120
1310137
1310143
1310151
1310166
1310179
1310184
1310192
1310201
1310219
1310226
1310234
1310242
1310260
1310278
1310287
1310293
1310312
1310321
1310333
1310349
1310357
1310368
1310370
1310385
1310394
1310402
1310415
1310430
1310441
1310459
1310464
1310477
1310488
1310508
1310514
1310527
1310539
1310540
1310553
1310562
1310571
1310586
1310595
1310600
1310613
1310625
1310648
1310654
1310669
1310676
1310681
1310697
1310703
1310711
1310722
1310736
1310745
1310758
1310767
1310774
1310789
1310790
1310809
1310817
1310824
1310838
1310852
1310863
1310875
1310880
1310904
1310929
1310931
1310947
1310950
1310973
1310982
1311003
1311011
1311036
1311045
1311058
1311067
1311074
1311089
1311090
1311106
1311112
1311121
1311133
1311149
1311157
1311168
1311170
1311185
1311194
1311207
1311210
1311228
1311235
1311256
1311261
1311272
1311283
1311299
1311308
1311314
1311327
1311339
1311340
1311353
1311371
1311386
1311395
1311404
1311416
1311429
1311431
1311447
1311450
1311465
1311473
1311482
1311498
1311502
1311515
1311523
1311530
1311559
1311564
1311577
1311588
1311596
1311601
1311619
1311626
1311634
1311655
1311660
1311678
1311687
1311693
1311709
1311717
1311724
1311738
1311746
1311752
1311763
1311775
1311780
1311791
1311800
1311813
1311832
1311848
1311854
1311869
1311876
1311897
1311905
1311918
1311920
1311937
1311943
1311951
1311966
1311979
1311984
1311992
1312006
1312012
1312021
1312033
1312049
1312068
1312070
1312085
1312103
1312111
1312122
1312136
1312145
1312158
1312167
1312174
1312189
1312190
1312208
1312214
1312227
1312239
1312240
1312253
1312262
1312295
1312307
1312310
1312335
1312344
1312356
1312361
1312372
1312383
1312399
1312400
1312413
1312425
1312432
1312448
1312454
1312476
1312481
1312497
1312501
1312519
1312526
1312534
1312542
1312555
1312560
1312578
1312587
1312593
1312602
1312615
1312623
1312630
1312641
1312659
1312664
1312677
1312688
1312696
1312705
1312718
1312720
1312737
1312743
1312751
1312766
1312779
1312792
1312804
1312816
1312829
1312831
1312847
1312850
1312865
1312873
1312882
1312898
1312909
1312924
1312938
1312946
1312952
1312963
1312975
1312980
1312991
1313000
1313013
1313025
1313032
1313048
1313054
1313069
1313076
1313081
1313097
1313102
1313115
1313123
1313130
1313141
1313159
1313164
1313177
1313188
1313196
1313209
1313217
1313224
1313238
1313246
1313252
1313263
1313275
1313280
1313304
1313316
1313329
1313331
1313347
1313350
1313365
1313373
1313382
1313398
1313406
1313412
1313433
1313449
1313457
1313468
1313470
1313485
1313494
1313505
1313518
1313520
1313537
1313543
1313551
1313579
1313584
1313592
1313603
1313611
1313636
1313645
1313658
1313667
1313674
1313689
1313690
1313719
1313726
1313734
1313742
1313755
1313778
1313793
1313807
1313810
1313828
1313844
1313856
1313861
1313872
1313883
1313899
1313914
1313927
1313939
1313940
1313953
1313962
1313971
1313986
1314005
1314018
1314020
1314043
1314066
1314079
1314084
1314092
1314107
1314110
1314128
1314135
1314144
1314156
1314161
1314172
1314183
1314199
1314212
1314221
1314233
1314249
1314257
1314268
1314270
1314285
1314301
1314319
1314326
1314334
1314342
1314355
1314360
1314378
1314387
1314393
1314409
1314417
1314424
1314446
1314452
1314475
1314480
1314491
1314500
1314513
1314525
1314532
1314548
1314554
1314569
1314576
1314581
1314597
1314608
1314614
1314627
1314639
1314640
1314662
1314671
1314686
1314695
1314704
1314716
1314729
1314731
1314747
1314750
1314773
1314782
1314802
1314815
1314823
1314830
1314859
1314864
1314888
1314896
1314903
1314911
1314922
1314936
1314945
1314967
1314974
1314989
1315004
1315016
1315029
1315031
1315047
1315050
1315073
1315082
1315098
1315101
1315119
1315126
1315134
1315142
1315155
1315160
1315178
1315187
1315193
1315205
1315218
1315220
1315237
1315251
1315266
1315279
1315284
1315292
1315300
1315313
1315325
1315348
1315354
1315369
1315376
1315381
1315397
1315403
1315411
1315422
1315436
1315445
1315458
1315474
1315489
1315509
1315517
1315524
1315538
1315546
1315552
1315563
1315575
1315580
1315591
1315606
1315612
1315621
1315633
1315657
1315668
1315670
1315685
1315694
1315702
1315715
1315730
1315741
1315759
1315764
1315788
1315808
1315814
1315827
1315839
1315853
1315862
1315871
1315886
1315895
1315910
1315928
1315935
1315944
1315956
1315972
1315983
1315999
1316002
1316015
1316023
1316030
1316059
1316064
1316088
1316096
1316100
1316113
1316125
1316132
1316148
1316154
1316169
1316176
1316181
1316197
1316204
1316216
1316229
1316231
1316247
1316250
1316273
1316282
1316298
1316309
1316317
1316324
1316338
1316346
1316352
1316375
1316380
1316407
1316410
1316428
1316435
1316444
1316456
1316461
1316472
1316483
1316499
1316503
1316511
1316522
1316536
1316545
1316567
1316574
1316589
1316590
1316605
1316618
1316620
1316637
1316643
1316651
1316666
1316679
1316684
1316692
1316708
1316714
1316727
1316740
1316753
1316762
1316771
1316786
1316795
1316806
1316812
1316821
1316833
1316849
1316857
1316868
1316870
1316885
1316894
1316901
1316919
1316926
1316934
1316942
1316955
1316960
1316993
1317009
1317017
1317024
1317038
1317046
1317063
1317075
1317080
1317091
1317108
1317114
1317127
1317153
1317162
1317171
1317186
1317195
1317203
1317211
1317222
1317236
1317245
1317258
1317267
1317274
1317289
1317290
1317302
1317315
1317323
1317330
1317341
1317359
1317364
1317377
1317388
1317396
1317405
1317418
1317420
1317437
1317443
1317451
1317466
1317479
1317504
1317516
1317529
1317531
1317547
1317565
1317573
1317582
1317598
1317607
1317610
1317628
1317635
1317644
1317656
1317661
1317672
1317683
1317699
1317700
1317725
1317732
1317748
1317754
1317769
1317776
1317781
1317797
1317801
1317819
1317826
1317834
1317842
1317855
1317860
1317878
1317906
1317912
1317921
1317933
1317949
1317968
1317970
1317985
1317994
1318008
1318014
1318027
1318039
1318040
1318053
1318062
1318071
1318086
1318095
1318109
1318117
1318124
1318138
1318146
1318152
1318163
1318175
1318180
1318191
1318202
1318215
1318223
1318230
1318241
1318259
1318264
1318277
1318288
1318296
1318303
1318322
1318336
1318345
1318358
1318367
1318374
1318389
1318390
1318401
1318419
1318426
1318434
1318442
1318460
1318487
1318493
1318507
1318510
1318528
1318535
1318544
1318556
1318561
1318583
1318599
1318604
1318629
1318631
1318647
1318650
1318665
1318673
1318682
1318698
1318706
1318712
1318721
1318733
1318749
1318757
1318768
1318770
1318785
1318794
1318805
1318818
1318820
1318837
1318843
1318851
1318866
1318879
1318884
1318892
1318900
1318913
1318925
1318932
1318948
1318954
1318976
1318997
1319019
1319026
1319034
1319042
1319055
1319060
1319087
1319093
1319104
1319116
1319131
1319147
1319150
1319165
1319173
1319182
1319200
1319213
1319225
1319232
1319248
1319254
1319269
1319276
1319281
1319297
1319305
1319320
1319337
1319343
1319351
1319366
1319379
1319384
1319392
1319408
1319414
1319427
1319439
1319440
1319453
1319462
1319471
1319486
1319495
1319506
1319512
1319521
1319533
1319549
1319557
1319568
1319570
1319585
1319594
1319609
1319617
1319624
1319638
1319646
1319652
1319663
1319675
1319680
1319691
1319707
1319710
1319728
1319735
1319744
1319756
1319761
1319772
1319783
1319799
1319803
1319811
1319822
1319836
1319845
1319858
1319867
1319874
1319889
1319890
1319902
1319915
1319923
1319930
1319941
1319959
1319964
1319977
1319988
1320005
1320020
1320037
1320043
1320051
1320066
1320079
1320084
1320092
1320107
1320110
1320128
1320135
1320144
1320156
1320161
1320172
1320183
1320199
1320206
1320212
1320221
1320233
1320249
1320257
1320268
1320285
1320294
1320301
1320319
1320326
1320334
1320342
1320355
1320360
1320378
1320387
1320393
1320409
1320417
1320424
1320438
1320446
1320452
1320475
1320480
1320491
1320500
1320513
1320525
1320532
1320548
1320554
1320569
1320576
1320581
1320597
1320608
1320614
1320627
1320639
1320640
1320653
1320671
1320686
1320695
1320704
1320716
1320729
1320731
1320747
1320750
1320782
1320798
1320802
1320815
1320823
1320841
1320859
1320864
1320877
1320888
1320896
1320903
1320911
1320922
1320936
1320945
1320958
1320967
1320974
1320990
1321004
1321016
1321029
1321031
1321047
1321050
1321065
1321082
1321098
1321101
1321119
1321126
1321134
1321142
1321155
1321160
1321178
1321187
1321193
1321205
1321218
1321220
1321237
1321243
1321251
1321266
1321279
1321284
1321313
1321325
1321332
1321369
1321381
1321397
1321403
1321411
1321422
1321445
1321467
1321474
1321489
1321509
1321517
1321524
1321538
1321546
1321552
1321563
1321575
1321580
1321591
1321606
1321621
1321633
1321649
1321668
1321670
1321685
1321694
1321715
1321723
1321730
1321741
1321759
1321764
1321788
1321796
1321808
1321814
1321827
1321839
1321840
1321853
1321862
1321871
1321886
1321895
1321907
1321910
1321928
1321935
1321944
1321956
1321961
1321972
1321983
1321999
1322001
1322019
1322026
1322034
1322042
1322055
1322060
1322078
1322087
1322093
1322104
1322116
1322129
1322131
1322147
1322150
1322165
1322173
1322182
1322198
1322200
1322213
1322225
1322232
1322248
1322254
1322269
1322276
1322281
1322297
1322305
1322318
1322337
1322343
1322351
1322366
1322379
1322384
1322392
1322408
1322427
1322439
1322440
1322453
1322462
1322471
1322486
1322495
1322506
1322512
1322521
1322533
1322549
1322557
1322568
1322570
1322585
1322594
1322609
1322617
1322624
1322638
1322652
1322663
1322675
1322680
1322691
1322707
1322710
1322728
1322735
1322744
1322756
1322761
1322772
1322783
1322799
1322803
1322811
1322836
1322845
1322858
1322867
1322874
1322889
1322890
1322902
1322915
1322923
1322930
1322959
1322988
1322996
1323008
1323014
1323027
1323040
1323053
1323062
1323071
1323086
1323095
1323109
1323117
1323124
1323138
1323146
1323152
1323163
1323175
1323180
1323191
1323202
1323215
1323223
1323230
1323241
1323264
1323277
1323288
1323296
1323303
1323311
1323322
1323336
1323345
1323358
1323367
1323374
1323389
1323390
1323401
1323419
1323426
1323434
1323442
1323455
1323460
1323478
1323487
1323493
1323507
1323510
1323528
1323535
1323544
1323556
1323561
1323572
1323583
1323599
1323604
1323616
1323629
1323631
1323647
1323650
1323665
1323673
1323682
1323698
1323706
1323712
1323733
1323749
1323757
1323768
1323770
1323785
1323794
1323805
1323820
1323837
1323843
1323851
1323879
1323884
1323900
1323913
1323932
1323948
1323954
1323969
1323976
1323981
1323997
1324007
1324010
1324028
1324035
1324044
1324056
1324061
1324072
1324083
1324099
1324105
1324118
1324120
1324137
1324143
1324166
1324184
1324192
1324201
1324219
1324234
1324242
1324255
1324260
1324278
1324287
1324293
1324306
1324312
1324321
1324349
1324357
1324370
1324394
1324402
1324415
1324423
1324430
1324441
1324459
1324464
1324477
1324488
1324496
1324508
1324514
1324539
1324540
1324553
1324562
1324571
1324586
1324595
1324600
1324613
1324625
1324632
1324648
1324654
1324669
1324676
1324681
1324697
1324703
1324711
1324722
1324736
1324745
1324758
1324767
1324774
1324789
1324809
1324824
1324838
1324846
1324852
1324863
1324875
1324880
1324891
1324904
1324916
1324929
1324931
1324947
1324950
1324965
1324973
1324982
1324998
1325003
1325011
1325022
1325045
1325058
1325074
1325089
1325090
1325112
1325121
1325133
1325149
1325157
1325168
1325170
1325185
1325194
1325207
1325210
1325228
1325235
1325244
1325256
1325261
1325272
1325283
1325299
1325308
1325327
1325339
1325340
1325353
1325362
1325371
1325386
1325395
1325404
1325416
1325429
1325447
1325465
1325473
1325482
1325498
1325502
1325515
1325523
1325541
1325559
1325564
1325577
1325588
1325596
1325601
1325619
1325626
1325634
1325642
1325655
1325660
1325678
1325693
1325709
1325717
1325724
1325738
1325746
1325752
1325763
1325775
1325780
1325791
1325813
1325825
1325832
1325848
1325854
1325869
1325876
1325881
1325897
1325905
1325918
1325920
1325937
1325943
1325966
1325979
1325984
1325992
1326009
1326017
1326038
1326046
1326052
1326063
1326075
1326080
1326091
1326108
1326114
1326127
1326139
1326140
1326153
1326162
1326171
1326186
1326195
1326203
1326211
1326222
1326245
1326258
1326267
1326274
1326289
1326290
1326302
1326315
1326323
1326330
1326341
1326359
1326364
1326377
1326388
1326396
1326405
1326418
1326420
1326443
1326466
1326479
1326484
1326492
1326504
1326516
1326529
1326531
1326547
1326550
1326565
1326573
1326582
1326598
1326607
1326610
1326628
1326635
1326644
1326656
1326661
1326672
1326683
1326699
1326700
1326725
1326748
1326754
1326769
1326776
1326781
1326801
1326819
1326826
1326834
1326855
1326860
1326878
1326887
1326893
1326912
1326933
1326949
1326957
1326968
1326970
1326985
1326994
1327002
1327015
1327023
1327030
1327041
1327059
1327064
1327077
1327088
1327096
1327100
1327125
1327132
1327148
1327154
1327169
1327176
1327181
1327197
1327204
1327216
1327229
1327231
1327247
1327250
1327265
1327273
1327282
1327298
1327309
1327317
1327324
1327338
1327346
1327352
1327363
1327375
1327380
1327410
1327428
1327435
1327444
1327461
1327472
1327483
1327499
1327503
1327511
1327522
1327536
1327545
1327558
1327567
1327574
1327589
1327590
1327605
1327620
1327637
1327643
1327651
1327666
1327679
1327684
1327692
1327708
1327714
1327727
1327739
1327740
1327753
1327762
1327786
1327795
1327806
1327812
1327833
1327849
1327857
1327868
1327885
1327901
1327919
1327926
1327934
1327942
1327955
1327960
1327978
1327987
1327993
1328000
1328013
1328025
1328032
1328048
1328054
1328069
1328076
1328081
1328115
1328123
1328130
1328159
1328164
1328177
1328188
1328196
1328209
1328217
1328224
1328238
1328252
1328263
1328275
1328280
1328291
1328316
1328329
1328331
1328347
1328350
1328365
1328373
1328382
1328398
1328406
1328412
1328421
1328433
1328449
1328470
1328485
1328494
1328505
1328518
1328520
1328537
1328543
1328551
1328566
1328579
1328584
1328592
1328603
1328611
1328622
1328636
1328645
1328658
1328667
1328674
1328689
1328690
1328719
1328726
1328734
1328755
1328778
1328787
1328793
1328807
1328810
1328828
1328835
1328844
1328856
1328861
1328872
1328883
1328899
1328908
1328914
1328927
1328939
1328940
1328953
1328962
1328971
1328986
1328995
1329006
1329012
1329021
1329033
1329049
1329057
1329068
1329070
1329085
1329094
1329103
1329111
1329122
1329136
1329145
1329158
1329167
1329174
1329189
1329190
1329208
1329214
1329227
1329239
1329240
1329253
1329262
1329271
1329286
1329295
1329307
1329310
1329328
1329335
1329344
1329356
1329361
1329372
1329383
1329399
1329400
1329413
1329425
1329432
1329448
1329454
1329476
1329481
1329497
1329501
1329519
1329526
1329534
1329555
1329560
1329578
1329587
1329593
1329602
1329615
1329623
1329630
1329659
1329677
1329688
1329696
1329718
1329720
1329737
1329751
1329766
1329779
1329784
1329792
1329804
1329816
1329829
1329831
1329847
1329850
1329865
1329873
1329882
1329909
1329917
1329924
1329938
1329946
1329952
1329963
1329975
1329980
1330008
1330014
1330040
1330053
1330062
1330071
1330086
1330095
1330117
1330124
1330138
1330146
1330152
1330163
1330175
1330180
1330191
1330202
1330215
1330223
1330230
1330241
1330259
1330277
1330288
1330296
1330303
1330311
1330322
1330336
1330345
1330358
1330367
1330374
1330390
1330401
1330419
1330426
1330434
1330442
1330455
1330460
1330478
1330487
1330493
1330507
1330528
1330535
1330544
1330556
1330561
1330572
1330583
1330599
1330604
1330616
1330629
1330631
1330647
1330650
1330665
1330673
1330682
1330698
1330706
1330712
1330721
1330733
1330749
1330757
1330770
1330785
1330794
1330805
1330818
1330820
1330837
1330843
1330866
1330879
1330892
1330900
1330913
1330925
1330932
1330948
1330954
1330976
1330981
1330997
1331006
1331012
1331033
1331049
1331057
1331068
1331085
1331094
1331103
1331111
1331122
1331136
1331145
1331158
1331167
1331174
1331189
1331208
1331214
1331227
1331239
1331240
1331253
1331262
1331286
1331295
1331307
1331310
1331328
1331335
1331344
1331356
1331361
1331372
1331383
1331399
1331400
1331413
1331425
1331432
1331448
1331469
1331476
1331481
1331497
1331501
1331519
1331526
1331534
1331542
1331555
1331560
1331578
1331587
1331593
1331602
1331615
1331623
1331630
1331641
1331659
1331664
1331677
1331688
1331696
1331705
1331718
1331720
1331737
1331743
1331751
1331779
1331784
1331792
1331804
1331816
1331829
1331831
1331847
1331850
1331865
1331873
1331898
1331909
1331917
1331924
1331938
1331946
1331963
1331975
1331980
1331991
1332003
1332011
1332036
1332058
1332067
1332089
1332090
1332106
1332112
1332121
1332149
1332157
1332168
1332185
1332194
1332207
1332228
1332235
1332244
1332256
1332261
1332283
1332299
1332308
1332314
1332327
1332339
1332340
1332353
1332362
1332386
1332395
1332416
1332429
1332431
1332447
1332450
1332465
1332482
1332498
1332502
1332515
1332523
1332530
1332541
1332559
1332564
1332577
1332588
1332596
1332601
1332619
1332626
1332634
1332642
1332655
1332660
1332678
1332687
1332693
1332709
1332717
1332724
1332738
1332746
1332752
1332775
1332780
1332791
1332800
1332813
1332825
1332832
1332848
1332854
1332869
1332876
1332881
1332897
1332905
1332918
1332920
1332937
1332943
1332966
1332979
1332984
1332992
1333004
1333016
1333029
1333031
1333047
1333050
1333073
1333082
1333098
1333119
1333126
1333134
1333142
1333155
1333160
1333178
1333187
1333193
1333205
1333218
1333220
1333237
1333251
1333266
1333284
1333292
1333300
1333313
1333325
1333348
1333354
1333369
1333376
1333397
1333403
1333411
1333422
1333445
1333458
1333467
1333474
1333489
1333509
1333517
1333524
1333538
1333552
1333563
1333575
1333580
1333591
1333606
1333621
1333633
1333649
1333668
1333685
1333694
1333702
1333715
1333723
1333741
1333759
1333764
1333777
1333788
1333796
1333808
1333814
1333827
1333839
1333840
1333853
1333862
1333871
1333886
1333895
1333907
1333910
1333928
1333956
1333961
1333972
1334009
1334017
1334024
1334038
1334046
1334052
1334063
1334075
1334080
1334091
1334108
1334114
1334127
1334139
1334140
1334153
1334162
1334171
1334186
1334203
1334211
1334222
1334236
1334245
1334258
1334267
1334274
1334302
1334315
1334330
1334341
1334359
1334364
1334377
1334388
1334396
1334405
1334418
1334420
1334437
1334451
1334466
1334479
1334484
1334492
1334516
1334529
1334531
1334547
1334550
1334565
1334573
1334582
1334598
1334607
1334610
1334635
1334644
1334656
1334661
1334672
1334683
1334699
1334700
1334713
1334732
1334748
1334754
1334797
1334801
1334819
1334826
1334834
1334842
1334860
1334878
1334887
1334893
1334906
1334912
1334921
1334933
1334949
1334957
1334968
1334970
1334985
1334994
1335000
1335013
1335025
1335032
1335048
1335054
1335069
1335076
1335081
1335102
1335115
1335123
1335130
1335141
1335159
1335164
1335177
1335188
1335196
1335209
1335217
1335224
1335238
1335246
1335252
1335263
1335275
1335280
1335316
1335329
1335331
1335347
1335350
1335365
1335373
1335382
1335398
1335406
1335412
1335421
1335433
1335449
1335457
1335468
1335470
1335485
1335494
1335505
1335518
1335520
1335537
1335543
1335551
1335566
1335584
1335592
1335603
1335611
1335636
1335645
1335658
1335667
1335674
1335690
1335701
1335719
1335726
1335755
1335760
1335778
1335787
1335793
1335807
1335810
1335828
1335835
1335844
1335856
1335861
1335872
1335908
1335914
1335927
1335939
1335940
1335953
1335962
1335971
1335986
1335995
1336001
1336019
1336026
1336055
1336078
1336087
1336093
1336104
1336116
1336129
1336131
1336147
1336165
1336173
1336182
1336198
1336200
1336213
1336225
1336254
1336276
1336281
1336305
1336318
1336320
1336337
1336343
1336366
1336379
1336384
1336408
1336414
1336427
1336439
1336440
1336453
1336462
1336471
1336486
1336495
1336512
1336521
1336533
1336549
1336568
1336570
1336585
1336594
1336609
1336617
1336624
1336638
1336646
1336652
1336663
1336675
1336680
1336691
1336707
1336710
1336728
1336735
1336744
1336756
1336761
1336772
1336799
1336803
1336811
1336822
1336836
1336845
1336858
1336867
1336874
1336889
1336890
1336902
1336915
1336923
1336930
1336941
1336959
1336964
1336977
1336988
1336996
1337005
1337018
1337020
1337037
1337051
1337066
1337079
1337084
1337092
1337107
1337110
1337128
1337135
1337144
1337156
1337161
1337172
1337183
1337206
1337212
1337221
1337233
1337249
1337257
1337268
1337270
1337285
1337294
1337301
1337326
1337334
1337342
1337355
1337378
1337387
1337393
1337409
1337417
1337424
1337438
1337446
1337452
1337463
1337475
1337491
1337500
1337513
1337525
1337532
1337548
1337554
1337569
1337576
1337581
1337597
1337608
1337614
1337627
1337639
1337640
1337653
1337671
1337686
1337695
1337704
1337716
1337729
1337731
1337747
1337750
1337765
1337773
1337782
1337798
1337802
1337815
1337823
1337830
1337841
1337859
1337877
1337888
1337896
1337903
1337911
1337922
1337936
1337958
1337967
1337989
1337990
1338007
1338010
1338028
1338035
1338044
1338056
1338061
1338083
1338099
1338105
1338137
1338143
1338151
1338166
1338179
1338184
1338192
1338201
1338219
1338226
1338234
1338242
1338260
1338278
1338287
1338306
1338312
1338321
1338333
1338349
1338357
1338368
1338370
1338385
1338394
1338402
1338415
1338423
1338430
1338441
1338459
1338464
1338477
1338488
1338508
1338514
1338527
1338539
1338540
1338553
1338562
1338571
1338586
1338600
1338625
1338632
1338648
1338654
1338669
1338676
1338681
1338697
1338703
1338711
1338722
1338736
1338745
1338767
1338774
1338789
1338809
1338817
1338824
1338838
1338846
1338852
1338863
1338875
1338891
1338904
1338916
1338931
1338947
1338950
1338965
1338973
1338982
1338998
1339002
1339015
1339023
1339030
1339041
1339059
1339064
1339077
1339088
1339096
1339100
1339113
1339125
1339132
1339154
1339169
1339176
1339181
1339197
1339204
1339216
1339229
1339231
1339247
1339250
1339265
1339273
1339282
1339309
1339317
1339324
1339338
1339346
1339352
1339363
1339375
1339380
1339391
1339410
1339428
1339435
1339444
1339456
1339461
1339472
1339483
1339511
1339522
1339536
1339545
1339558
1339567
1339574
1339589
1339605
1339618
1339620
1339637
1339643
1339651
1339666
1339679
1339692
1339708
1339714
1339727
1339740
1339753
1339762
1339771
1339786
1339806
1339812
1339821
1339833
1339857
1339868
1339870
1339885
1339894
1339901
1339919
1339926
1339934
1339942
1339960
1339978
1339987
1339993
1340003
1340011
1340022
1340036
1340045
1340058
1340067
1340074
1340089
1340090
1340106
1340112
1340121
1340133
1340149
1340157
1340168
1340170
1340185
1340194
1340207
1340210
1340228
1340235
1340244
1340256
1340261
1340272
1340283
1340299
1340314
1340327
1340339
1340340
1340353
1340362
1340371
1340386
1340395
1340404
1340416
1340429
1340431
1340447
1340450
1340465
1340473
1340482
1340498
1340515
1340523
1340530
1340541
1340559
1340564
1340577
1340588
1340596
1340601
1340619
1340626
1340634
1340642
1340678
1340687
1340693
1340709
1340717
1340724
1340738
1340746
1340752
1340763
1340775
1340780
1340791
1340825
1340832
1340848
1340854
1340876
1340881
1340897
1340905
1340918
1340920
1340937
1340943
1340951
1340966
1340979
1340984
1340992
1341009
1341017
1341024
1341038
1341046
1341052
1341063
1341075
1341080
1341091
1341127
1341140
1341153
1341162
1341171
1341186
1341203
1341211
1341222
1341236
1341245
1341258
1341267
1341274
1341289
1341290
1341302
1341315
1341323
1341330
1341341
1341359
1341364
1341377
1341388
1341396
1341405
1341418
1341420
1341443
1341466
1341479
1341484
1341492
1341504
1341516
1341529
1341531
1341547
1341573
1341582
1341598
1341607
1341610
1341628
1341635
1341644
1341656
1341661
1341672
1341683
1341699
1341700
1341713
1341725
1341732
1341748
1341754
1341769
1341776
1341781
1341797
1341801
1341819
1341826
1341834
1341842
1341855
1341860
1341887
1341893
1341906
1341912
1341921
1341933
1341949
1341957
1341968
1341985
1341994
1342008
1342014
1342027
1342039
1342040
1342053
1342062
1342071
1342086
1342095
1342109
1342124
1342138
1342152
1342163
1342175
1342180
1342191
1342202
1342215
1342223
1342230
1342241
1342259
1342264
1342277
1342288
1342296
1342303
1342311
1342322
1342336
1342345
1342358
1342367
1342374
1342389
1342390
1342401
1342419
1342426
1342434
1342442
1342455
1342460
1342487
1342493
1342507
1342510
1342528
1342544
1342556
1342561
1342572
1342583
1342599
1342604
1342616
1342629
1342631
1342647
1342665
1342673
1342682
1342698
1342706
1342712
1342721
1342733
1342749
1342757
1342768
1342770
1342785
1342794
1342805
1342820
1342837
1342843
1342851
1342866
1342879
1342884
1342892
1342900
1342913
1342925
1342932
1342948
1342954
1342976
1342981
1343034
1343042
1343055
1343078
1343087
1343093
1343104
1343116
1343129
1343131
1343147
1343150
1343165
1343173
1343182
1343198
1343200
1343213
1343225
1343232
1343254
1343269
1343276
1343281
1343297
1343318
1343320
1343337
1343351
1343366
1343379
1343408
1343414
1343427
1343439
1343440
1343453
1343462
1343471
1343486
1343495
1343506
1343512
1343521
1343533
1343549
1343557
1343568
1343570
1343585
1343594
1343609
1343617
1343624
1343638
1343646
1343652
1343663
1343675
1343691
1343707
1343710
1343728
1343735
1343744
1343756
1343761
1343772
1343783
1343799
1343803
1343811
1343822
1343836
1343845
1343858
1343867
1343874
1343889
1343890
1343902
1343915
1343923
1343930
1343941
1343959
1343964
1343977
1343996
1344006
1344012
1344021
1344033
1344049
1344057
1344068
1344070
1344085
1344094
1344103
1344111
1344122
1344136
1344145
1344158
1344167
1344174
1344190
1344208
1344214
1344227
1344239
1344240
1344253
1344262
1344271
1344286
1344307
1344310
1344328
1344335
1344356
1344361
1344372
1344383
1344399
1344400
1344413
1344425
1344432
1344448
1344454
1344469
1344481
1344497
1344501
1344519
1344526
1344542
1344555
1344560
1344578
1344587
1344593
1344602
1344615
1344623
1344641
1344659
1344664
1344677
1344688
1344696
1344705
1344718
1344720
1344737
1344743
1344751
1344779
1344784
1344792
1344804
1344816
1344829
1344831
1344847
1344865
1344873
1344882
1344898
1344917
1344924
1344938
1344952
1344963
1344975
1344980
1344991
1345005
1345018
1345020
1345037
1345043
1345051
1345066
1345079
1345084
1345092
1345107
1345110
1345128
1345135
1345144
1345156
1345161
1345172
1345183
1345212
1345221
1345233
1345249
1345257
1345268
1345270
1345285
1345294
1345301
1345319
1345334
1345342
1345355
1345360
1345378
1345387
1345393
1345409
1345417
1345446
1345463
1345480
1345491
1345500
1345513
1345525
1345532
1345548
1345554
1345569
1345576
1345581
1345597
1345608
1345614
1345627
1345639
1345653
1345662
1345671
1345686
1345695
1345704
1345716
1345729
1345731
1345747
1345750
1345765
1345773
1345782
1345798
1345802
1345815
1345823
1345830
1345841
1345859
1345864
1345877
1345888
1345896
1345903
1345911
1345922
1345936
1345945
1345958
1345967
1345974
1345989
1345990
1346004
1346016
1346029
1346031
1346047
1346050
1346073
1346082
1346101
1346119
1346126
1346134
1346142
1346155
1346160
1346178
1346187
1346193
1346218
1346220
1346237
1346243
1346251
1346266
1346279
1346284
1346292
1346300
1346313
1346325
1346348
1346354
1346369
1346381
1346403
1346411
1346422
1346436
1346445
1346458
1346467
1346474
1346489
1346490
1346509
1346524
1346538
1346546
1346552
1346563
1346575
1346580
1346606
1346612
1346621
1346633
1346649
1346657
1346668
1346670
1346685
1346694
1346715
1346723
1346730
1346741
1346759
1346764
1346777
1346796
1346808
1346814
1346827
1346839
1346840
1346853
1346862
1346871
1346886
1346895
1346907
1346910
1346928
1346935
1346944
1346961
1346972
1346983
1346999
1347000
1347013
1347025
1347032
1347048
1347054
1347069
1347076
1347097
1347102
1347115
1347123
1347130
1347141
1347159
1347164
1347177
1347188
1347196
1347209
1347217
1347224
1347238
1347252
1347263
1347275
1347280
1347291
1347304
1347316
1347329
1347331
1347347
1347350
1347365
1347373
1347382
1347406
1347412
1347421
1347449
1347457
1347468
1347470
1347485
1347494
1347505
1347518
1347520
1347537
1347543
1347551
1347566
1347579
1347584
1347592
1347603
1347611
1347622
1347636
1347645
1347658
1347667
1347674
1347689
1347690
1347701
1347726
1347734
1347742
1347755
1347760
1347778
1347787
1347793
1347807
1347810
1347828
1347835
1347844
1347856
1347861
1347872
1347883
1347899
1347914
1347927
1347939
1347953
1347962
1347971
1347986
1348002
1348015
1348023
1348030
1348041
1348059
1348064
1348077
1348088
1348096
1348100
1348113
1348125
1348132
1348148
1348154
1348169
1348176
1348181
1348197
1348204
1348216
1348229
1348231
1348247
1348265
1348273
1348282
1348298
1348309
1348317
1348338
1348346
1348352
1348363
1348375
1348380
1348391
1348407
1348410
1348428
1348435
1348444
1348456
1348461
1348472
1348483
1348499
1348511
1348522
1348536
1348545
1348558
1348567
1348574
1348589
1348590
1348605
1348618
1348620
1348637
1348643
1348651
1348666
1348679
1348684
1348708
1348714
1348727
1348739
1348740
1348753
1348762
1348771
1348795
1348806
1348812
1348821
1348833
1348849
1348857
1348868
1348870
1348885
1348894
1348901
1348919
1348926
1348934
1348942
1348955
1348960
1348978
1348993
1349007
1349010
1349028
1349035
1349044
1349056
1349061
1349072
1349083
1349105
1349118
1349120
1349137
1349151
1349166
1349179
1349184
1349192
1349201
1349219
1349226
1349234
1349242
1349255
1349260
1349287
1349293
1349306
1349312
1349321
1349333
1349349
1349357
1349368
1349370
1349385
1349394
1349402
1349415
1349423
1349430
1349441
1349459
1349464
1349477
1349488
1349496
1349508
1349514
1349527
1349539
1349540
1349553
1349562
1349571
1349586
1349595
1349600
1349613
1349625
1349632
1349648
1349654
1349669
1349676
1349681
1349703
1349711
1349722
1349736
1349745
1349758
1349767
1349774
1349789
1349790
1349809
1349817
1349824
1349838
1349846
1349852
1349863
1349880
1349891
1349904
1349929
1349931
1349947
1349950
1349965
1349982
1349998
1350001
1350019
1350026
1350034
1350042
1350055
1350060
1350078
1350104
1350116
1350129
1350131
1350147
1350150
1350173
1350182
1350198
1350200
1350213
1350225
1350232
1350248
1350254
1350269
1350276
1350297
1350305
1350318
1350320
1350337
1350343
1350351
1350366
1350379
1350392
1350408
1350414
1350427
1350439
1350453
1350462
1350471
1350486
1350506
1350512
1350521
1350533
1350549
1350570
1350585
1350594
1350609
1350617
1350646
1350652
1350663
1350680
1350691
1350707
1350710
1350728
1350735
1350744
1350756
1350761
1350772
1350783
1350799
1350803
1350811
1350822
1350836
1350845
1350858
1350867
1350874
1350889
1350890
1350902
1350915
1350923
1350930
1350941
1350959
1350964
1350977
1350988
1350996
1351007
1351010
1351028
1351035
1351044
1351056
1351061
1351072
1351083
1351099
1351105
1351118
1351120
1351137
1351143
1351151
1351166
1351179
1351192
1351201
1351219
1351226
1351234
1351242
1351255
1351260
1351278
1351287
1351306
1351312
1351321
1351333
1351349
1351357
1351368
1351370
1351394
1351402
1351415
1351423
1351430
1351459
1351477
1351488
1351496
1351508
1351514
1351527
1351539
1351540
1351562
1351571
1351586
1351595
1351600
1351613
1351625
1351632
1351648
1351654
1351669
1351676
1351697
1351703
1351711
1351722
1351736
1351745
1351758
1351774
1351789
1351790
1351809
1351817
1351824
1351838
1351846
1351852
1351863
1351875
1351880
1351891
1351904
1351916
1351929
1351947
1351950
1351965
1351973
1351982
1351998
1352005
1352018
1352020
1352037
1352043
1352051
1352066
1352079
1352084
1352092
1352110
1352128
1352135
1352144
1352156
1352172
1352183
1352199
1352206
1352212
1352221
1352233
1352249
1352257
1352268
1352270
1352285
1352294
1352301
1352319
1352334
1352355
1352360
1352378
1352387
1352417
1352424
1352438
1352446
1352452
1352463
1352475
1352480
1352491
1352500
1352513
1352525
1352532
1352548
1352554
1352569
1352576
1352581
1352597
1352608
1352614
1352627
1352639
1352640
1352653
1352662
1352671
1352686
1352695
1352704
1352716
1352729
1352731
1352747
1352750
1352765
1352773
1352782
1352798
1352802
1352815
1352823
1352830
1352841
1352859
1352864
1352877
1352888
1352903
1352911
1352922
1352945
1352958
1352967
1352974
1352989
1352990
1353009
1353017
1353024
1353038
1353046
1353052
1353063
1353075
1353080
1353091
1353108
1353114
1353127
1353139
1353140
1353153
1353162
1353171
1353186
1353195
1353203
1353211
1353222
1353236
1353245
1353258
1353267
1353274
1353289
1353290
1353302
1353315
1353323
1353330
1353341
1353359
1353364
1353377
1353388
1353396
1353405
1353420
1353437
1353443
1353451
1353466
1353479
1353484
1353492
1353504
1353516
1353529
1353531
1353547
1353565
1353573
1353582
1353598
1353607
1353628
1353644
1353656
1353661
1353672
1353683
1353699
1353700
1353713
1353725
1353732
1353748
1353754
1353769
1353776
1353781
1353797
1353801
1353819
1353826
1353834
1353842
1353855
1353860
1353878
1353887
1353893
1353906
1353912
1353921
1353933
1353949
1353957
1353968
1353970
1353994
1354004
1354016
1354029
1354031
1354047
1354050
1354065
1354073
1354082
1354098
1354101
1354119
1354126
1354142
1354155
1354160
1354178
1354193
1354205
1354218
1354220
1354237
1354243
1354251
1354266
1354279
1354284
1354292
1354313
1354325
1354332
1354348
1354369
1354376
1354381
1354397
1354403
1354411
1354422
1354436
1354445
1354458
1354467
1354489
1354490
1354517
1354524
1354538
1354546
1354552
1354563
1354575
1354580
1354591
1354606
1354621
1354633
1354649
1354657
1354668
1354670
1354694
1354702
1354715
1354723
1354730
1354741
1354759
1354764
1354777
1354788
1354796
1354808
1354814
1354827
1354839
1354840
1354853
1354862
1354871
1354886
1354895
1354907
1354910
1354928
1354935
1354944
1354956
1354961
1354972
1354983
1354999
1355002
1355015
1355023
1355041
1355059
1355064
1355077
1355088
1355096
1355113
1355125
1355132
1355148
1355154
1355169
1355181
1355204
1355216
1355229
1355231
1355247
1355250
1355265
1355273
1355282
1355298
1355309
1355317
1355324
1355338
1355346
1355352
1355363
1355375
1355380
1355391
1355407
1355410
1355428
1355444
1355456
1355461
1355472
1355483
1355503
1355511
1355522
1355536
1355558
1355567
1355574
1355589
1355618
1355620
1355637
1355643
1355651
1355666
1355679
1355684
1355692
1355708
1355714
1355727
1355739
1355740
1355753
1355762
1355771
1355786
1355795
1355806
1355812
1355821
1355833
1355849
1355857
1355870
1355885
1355901
1355919
1355926
1355934
1355955
1355978
1355987
1356014
1356027
1356039
1356040
1356053
1356062
1356071
1356095
1356109
1356124
1356138
1356146
1356152
1356163
1356175
1356191
1356202
1356215
1356223
1356230
1356241
1356259
1356264
1356277
1356288
1356296
1356303
1356311
1356322
1356336
1356345
1356358
1356367
1356374
1356389
1356390
1356401
1356419
1356434
1356442
1356455
1356460
1356478
1356487
1356493
1356507
1356510
1356528
1356544
1356556
1356561
1356572
1356583
1356599
1356604
1356616
1356629
1356631
1356647
1356650
1356665
1356673
1356682
1356698
1356706
1356712
1356721
1356733
1356749
1356757
1356768
1356770
1356785
1356794
1356805
1356818
1356820
1356837
1356843
1356851
1356866
1356879
1356884
1356892
1356900
1356913
1356925
1356932
1356948
1356954
1356976
1356981
1356997
1357003
1357011
1357022
1357036
1357045
1357058
1357067
1357089
1357090
1357106
1357112
1357121
1357133
1357149
1357157
1357168
1357170
1357185
1357194
1357207
1357228
1357244
1357256
1357261
1357283
1357299
1357308
1357314
1357327
1357339
1357340
1357353
1357362
1357371
1357386
1357395
1357404
1357416
1357429
1357431
1357447
1357450
1357465
1357473
1357482
1357498
1357502
1357515
1357530
1357541
1357559
1357577
1357588
1357596
1357601
1357619
1357626
1357634
1357642
1357655
1357678
1357687
1357693
1357717
1357724
1357738
1357746
1357752
1357775
1357780
1357791
1357800
1357813
1357825
1357848
1357854
1357869
1357876
1357881
1357897
1357905
1357918
1357920
1357937
1357943
1357966
1357979
1357984
1357992
1358006
1358012
1358021
1358033
1358049
1358057
1358068
1358070
1358085
1358103
1358111
1358122
1358145
1358158
1358167
1358174
1358189
1358208
1358214
1358227
1358239
1358240
1358253
1358262
1358271
1358286
1358295
1358307
1358310
1358328
1358335
1358344
1358356
1358372
1358399
1358413
1358425
1358432
1358448
1358454
1358469
1358476
1358481
1358497
1358501
1358519
1358526
1358534
1358542
1358555
1358560
1358587
1358593
1358602
1358630
1358641
1358659
1358664
1358677
1358688
1358696
1358705
1358718
1358720
1358737
1358743
1358751
1358766
1358779
1358784
1358792
1358804
1358816
1358829
1358831
1358847
1358850
1358865
1358873
1358882
1358898
1358909
1358917
1358924
1358946
1358952
1358963
1358975
1358980
1358991
1359000
1359013
1359032
1359048
1359054
1359081
1359097
1359102
1359115
1359123
1359130
1359141
1359159
1359164
1359177
1359188
1359196
1359224
1359238
1359246
1359252
1359263
1359275
1359280
1359291
1359304
1359316
1359329
1359331
1359347
1359350
1359365
1359373
1359382
1359398
1359406
1359412
1359421
1359433
1359449
1359457
1359468
1359470
1359485
1359494
1359505
1359518
1359520
1359537
1359543
1359566
1359579
1359584
1359592
1359603
1359611
1359622
1359636
1359645
1359658
1359667
1359674
1359689
1359690
1359701
1359719
1359726
1359734
1359742
1359755
1359760
1359778
1359787
1359793
1359807
1359810
1359828
1359835
1359844
1359856
1359861
1359872
1359883
1359899
1359908
1359914
1359927
1359940
1359953
1359962
1359971
1359986
1360009
1360017
1360024
1360038
1360046
1360052
1360063
1360075
1360080
1360091
1360108
1360114
1360127
1360139
1360140
1360153
1360162
1360171
1360186
1360195
1360203
1360211
1360222
1360236
1360245
1360258
1360267
1360274
1360289
1360290
1360302
1360315
1360323
1360330
1360341
1360359
1360364
1360377
1360388
1360396
1360405
1360418
1360420
1360437
1360443
1360451
1360466
1360479
1360484
1360492
1360504
1360516
1360531
1360547
1360550
1360565
1360573
1360582
1360598
1360607
1360610
1360628
1360635
1360644
1360656
1360661
1360672
1360683
1360699
1360700
1360713
1360725
1360732
1360748
1360754
1360769
1360776
1360797
1360801
1360819
1360826
1360834
1360842
1360855
1360860
1360878
1360887
1360893
1360912
1360921
1360933
1360949
1360957
1360968
1360970
1360985
1360994
1361000
1361013
1361025
1361032
1361054
1361069
1361097
1361102
1361115
1361123
1361130
1361141
1361159
1361164
1361177
1361188
1361196
1361209
1361217
1361224
1361238
1361246
1361252
1361263
1361275
1361280
1361291
1361304
1361316
1361329
1361331
1361347
1361350
1361365
1361373
1361382
1361398
1361406
1361412
1361421
1361449
1361457
1361468
1361470
1361485
1361494
1361505
1361518
1361520
1361537
1361543
1361551
1361566
1361579
1361584
1361592
1361603
1361611
1361622
1361636
1361658
1361667
1361674
1361689
1361690
1361701
1361719
1361726
1361734
1361742
1361755
1361760
1361778
1361787
1361793
1361810
1361828
1361835
1361844
1361856
1361872
1361883
1361899
1361908
1361914
1361927
1361939
1361940
1361971
1361986
1361995
1362002
1362015
1362023
1362030
1362041
1362059
1362064
1362077
1362088
1362096
1362100
1362113
1362125
1362132
1362148
1362154
1362169
1362176
1362181
1362197
1362204
1362216
1362229
1362231
1362247
1362250
1362265
1362273
1362282
1362298
1362309
1362317
1362324
1362338
1362346
1362352
1362363
1362375
1362380
1362391
1362407
1362410
1362428
1362435
1362444
1362456
1362461
1362472
1362483
1362499
1362503
1362511
1362536
1362545
1362567
1362574
1362589
1362605
1362637
1362643
1362651
1362679
1362684
1362692
1362708
1362714
1362727
1362739
1362740
1362753
1362762
1362771
1362786
1362795
1362806
1362812
1362821
1362833
1362849
1362857
1362868
1362870
1362885
1362919
1362926
1362934
1362942
1362955
1362978
1362987
1362993
1363007
1363010
1363028
1363035
1363044
1363056
1363061
1363072
1363083
1363099
1363105
1363118
1363120
1363137
1363143
1363151
1363166
1363179
1363184
1363192
1363201
1363219
1363226
1363234
1363242
1363255
1363260
1363278
1363287
1363293
1363306
1363312
1363321
1363333
1363349
1363357
1363368
1363370
1363385
1363394
1363415
1363423
1363430
1363441
1363459
1363464
1363477
1363488
1363514
1363527
1363539
1363540
1363553
1363562
1363571
1363586
1363595
1363600
1363613
1363625
1363632
1363654
1363669
1363676
1363681
1363697
1363703
1363722
1363745
1363758
1363767
1363774
1363789
1363790
1363809
1363824
1363846
1363852
1363863
1363875
1363891
1363904
1363916
1363929
1363931
1363947
1363950
1363965
1363982
1363998
1364008
1364014
1364027
1364039
1364040
1364053
1364062
1364071
1364086
1364095
1364109
1364117
1364124
1364138
1364146
1364152
1364163
1364175
1364180
1364191
1364202
1364215
1364223
1364230
1364241
1364264
1364277
1364288
1364303
1364311
1364322
1364336
1364345
1364358
1364367
1364374
1364389
1364390
1364401
1364426
1364442
1364455
1364460
1364478
1364487
1364493
1364507
1364528
1364535
1364544
1364556
1364561
1364572
1364583
1364599
1364604
1364616
1364629
1364631
1364647
1364650
1364665
1364673
1364698
1364712
1364721
1364733
1364749
1364757
1364768
1364805
1364818
1364820
1364837
1364843
1364851
1364866
1364879
1364913
1364925
1364932
1364954
1364969
1364976
1364981
1364997
1365006
1365012
1365021
1365033
1365049
1365057
1365068
1365070
1365085
1365094
1365103
1365111
1365122
1365136
1365145
1365158
1365167
1365174
1365189
1365190
1365214
1365227
1365239
1365240
1365253
1365262
1365271
1365286
1365295
1365307
1365328
1365335
1365344
1365356
1365361
1365372
1365383
1365400
1365413
1365425
1365432
1365448
1365454
1365469
1365481
1365497
1365501
1365519
1365526
1365542
1365555
1365560
1365587
1365593
1365602
1365615
1365623
1365630
1365641
1365659
1365664
1365677
1365688
1365705
1365718
1365720
1365737
1365751
1365766
1365784
1365792
1365804
1365816
1365829
1365847
1365850
1365865
1365873
1365882
1365898
1365909
1365924
1365938
1365946
1365952
1365963
1365975
1365980
1365991
1366005
1366018
1366020
1366043
1366051
1366066
1366079
1366084
1366092
1366107
1366110
1366128
1366144
1366156
1366161
1366172
1366199
1366206
1366212
1366221
1366233
1366249
1366257
1366268
1366285
1366294
1366319
1366326
1366334
1366342
1366355
1366360
1366378
1366387
1366393
1366417
1366438
1366446
1366452
1366463
1366475
1366480
1366491
1366500
1366513
1366525
1366532
1366548
1366554
1366569
1366576
1366581
1366608
1366627
1366639
1366640
1366653
1366662
1366671
1366686
1366695
1366704
1366716
1366729
1366731
1366750
1366765
1366773
1366782
1366798
1366802
1366815
1366823
1366830
1366841
1366859
1366864
1366877
1366888
1366896
1366903
1366911
1366922
1366936
1366958
1366967
1366974
1366989
1366990
1367001
1367019
1367026
1367034
1367042
1367055
1367060
1367078
1367087
1367093
1367104
1367116
1367129
1367131
1367147
1367150
1367165
1367173
1367182
1367198
1367200
1367213
1367225
1367232
1367248
1367254
1367269
1367276
1367281
1367297
1367305
1367320
1367337
1367343
1367351
1367366
1367379
1367384
1367408
1367414
1367427
1367439
1367440
1367453
1367462
1367471
1367486
1367495
1367506
1367521
1367549
1367557
1367568
1367570
1367585
1367594
1367609
1367624
1367638
1367646
1367652
1367663
1367675
1367680
1367691
1367707
1367710
1367728
1367735
1367744
1367756
1367761
1367772
1367783
1367799
1367803
1367811
1367822
1367836
1367845
1367858
1367867
1367874
1367889
1367890
1367902
1367915
1367923
1367930
1367941
1367959
1367964
1367996
1368004
1368016
1368029
1368031
1368047
1368050
1368065
1368073
1368082
1368098
1368101
1368119
1368126
1368134
1368142
1368155
1368160
1368178
1368187
1368193
1368205
1368218
1368237
1368243
1368251
1368266
1368279
1368284
1368292
1368300
1368313
1368332
1368348
1368354
1368369
1368376
1368381
1368403
1368411
1368422
1368436
1368445
1368458
1368467
1368474
1368489
1368490
1368509
1368517
1368524
1368538
1368552
1368563
1368575
1368580
1368606
1368612
1368621
1368633
1368649
1368657
1368668
1368670
1368685
1368694
1368702
1368715
1368730
1368741
1368759
1368764
1368777
1368788
1368796
1368808
1368814
1368827
1368839
1368840
1368853
1368862
1368886
1368895
1368907
1368910
1368928
1368935
1368944
1368961
1368972
1368983
1368999
1369003
1369011
1369022
1369036
1369045
1369058
1369067
1369074
1369089
1369090
1369106
1369112
1369121
1369133
1369149
1369157
1369168
1369170
1369185
1369194
1369207
1369210
1369228
1369235
1369244
1369256
1369272
1369283
1369308
1369314
1369327
1369339
1369340
1369353
1369362
1369371
1369386
1369395
1369404
1369416
1369429
1369431
1369447
1369450
1369465
1369482
1369498
1369502
1369515
1369523
1369530
1369541
1369559
1369564
1369577
1369588
1369596
1369601
1369619
1369626
1369634
1369642
1369655
1369660
1369678
1369693
1369709
1369717
1369724
1369738
1369746
1369752
1369763
1369775
1369780
1369791
1369800
1369813
1369825
1369832
1369848
1369869
1369881
1369897
1369905
1369918
1369920
1369937
1369943
1369951
1369966
1369979
1369984
1369992
1370004
1370029
1370031
1370050
1370065
1370073
1370082
1370098
1370101
1370119
1370126
1370134
1370142
1370155
1370178
1370187
1370193
1370205
1370218
1370220
1370237
1370243
1370251
1370266
1370279
1370284
1370292
1370300
1370313
1370325
1370354
1370369
1370376
1370381
1370397
1370403
1370411
1370422
1370436
1370458
1370467
1370474
1370489
1370490
1370509
1370517
1370538
1370546
1370552
1370563
1370575
1370580
1370591
1370606
1370612
1370621
1370633
1370649
1370657
1370668
1370670
1370685
1370694
1370702
1370715
1370723
1370730
1370741
1370759
1370764
1370777
1370788
1370796
1370808
1370814
1370827
1370839
1370840
1370862
1370871
1370886
1370895
1370910
1370928
1370935
1370944
1370956
1370961
1370972
1370983
1370999
1371002
1371015
1371023
1371030
1371041
1371059
1371064
1371088
1371096
1371100
1371113
1371125
1371132
1371148
1371154
1371169
1371176
1371181
1371197
1371216
1371229
1371231
1371247
1371250
1371265
1371273
1371282
1371298
1371309
1371324
1371338
1371346
1371352
1371363
1371375
1371380
1371391
1371407
1371410
1371428
1371435
1371444
1371456
1371461
1371472
1371483
1371499
1371503
1371511
1371536
1371545
1371558
1371574
1371589
1371590
1371605
1371618
1371620
1371637
1371643
1371651
1371666
1371679
1371684
1371692
1371708
1371714
1371727
1371739
1371740
1371753
1371762
1371786
1371806
1371812
1371833
1371849
1371857
1371868
1371870
1371885
1371894
1371901
1371919
1371926
1371934
1371955
1371960
1371978
1371993
1372000
1372013
1372025
1372032
1372048
1372054
1372069
1372076
1372081
1372097
1372102
1372115
1372123
1372130
1372141
1372159
1372164
1372177
1372188
1372196
1372217
1372224
1372238
1372246
1372263
1372275
1372280
1372291
1372304
1372316
1372331
1372347
1372350
1372365
1372373
1372382
1372398
1372406
1372412
1372421
1372433
1372449
1372457
1372468
1372470
1372485
1372494
1372505
1372518
1372520
1372537
1372543
1372551
1372566
1372579
1372584
1372592
1372603
1372611
1372622
1372645
1372658
1372667
1372674
1372689
1372690
1372701
1372719
1372734
1372742
1372755
1372760
1372778
1372787
1372793
1372810
1372828
1372835
1372844
1372856
1372861
1372872
1372883
1372899
1372908
1372914
1372927
1372939
1372940
1372953
1372962
1372971
1372986
1372995
1373006
1373012
1373049
1373057
1373068
1373070
1373085
1373094
1373103
1373111
1373122
1373136
1373145
1373158
1373167
1373174
1373189
1373190
1373208
1373214
1373227
1373239
1373240
1373253
1373262
1373271
1373286
1373295
1373307
1373310
1373328
1373335
1373344
1373356
1373372
1373383
1373399
1373400
1373413
1373425
1373432
1373448
1373454
1373469
1373476
1373481
1373497
1373501
1373519
1373526
1373542
1373555
1373560
1373578
1373587
1373593
1373602
1373615
1373623
1373630
1373641
1373659
1373664
1373677
1373688
1373696
1373705
1373718
1373720
1373737
1373751
1373766
1373784
1373804
1373816
1373829
1373831
1373847
1373865
1373873
1373882
1373898
1373909
1373917
1373938
1373946
1373952
1373963
1373975
1373980
1373991
1374001
1374019
1374026
1374034
1374042
1374055
1374060
1374078
1374087
1374093
1374104
1374116
1374129
1374131
1374147
1374150
1374165
1374173
1374182
1374198
1374200
1374213
1374225
1374232
1374248
1374254
1374269
1374276
1374281
1374297
1374305
1374337
1374343
1374351
1374366
1374379
1374384
1374392
1374408
1374414
1374427
1374439
1374440
1374462
1374471
1374486
1374495
1374506
1374512
1374521
1374533
1374549
1374557
1374568
1374570
1374585
1374594
1374609
1374617
1374638
1374646
1374652
1374663
1374675
1374680
1374691
1374707
1374710
1374728
1374735
1374744
1374756
1374761
1374772
1374783
1374799
1374803
1374811
1374836
1374845
1374858
1374867
1374874
1374889
1374890
1374902
1374915
1374923
1374930
1374941
1374959
1374964
1374977
1374988
1375007
1375010
1375028
1375035
1375044
1375056
1375061
1375072
1375099
1375105
1375118
1375120
1375137
1375143
1375151
1375166
1375179
1375184
1375192
1375201
1375219
1375226
1375234
1375242
1375255
1375260
1375278
1375287
1375293
1375306
1375312
1375321
1375333
1375349
1375357
1375368
1375370
1375385
1375394
1375402
1375415
1375423
1375430
1375441
1375459
1375464
1375477
1375488
1375496
1375508
1375514
1375527
1375540
1375553
1375562
1375586
1375595
1375600
1375613
1375625
1375632
1375648
1375669
1375676
1375681
1375697
1375703
1375711
1375722
1375736
1375745
1375758
1375767
1375774
1375789
1375790
1375809
1375817
1375824
1375838
1375846
1375852
1375863
1375875
1375880
1375891
1375904
1375929
1375931
1375947
1375950
1375965
1375973
1375982
1375998
1376003
1376011
1376022
1376036
1376058
1376067
1376089
1376090
1376106
1376112
1376121
1376133
1376149
1376157
1376168
1376185
1376194
1376207
1376210
1376235
1376244
1376256
1376272
1376283
1376299
1376308
1376314
1376327
1376339
1376340
1376353
1376362
1376371
1376395
1376404
1376416
1376429
1376431
1376447
1376450
1376465
1376473
1376482
1376502
1376515
1376523
1376530
1376541
1376559
1376564
1376577
1376588
1376596
1376601
1376619
1376626
1376634
1376642
1376660
1376678
1376687
1376693
1376724
1376738
1376746
1376752
1376763
1376775
1376780
1376791
1376800
1376813
1376832
1376848
1376854
1376869
1376876
1376881
1376897
1376905
1376920
1376937
1376943
1376966
1376979
1376992
1377008
1377014
1377027
1377039
1377040
1377053
1377062
1377071
1377086
1377095
1377109
1377117
1377124
1377138
1377146
1377152
1377163
1377175
1377180
1377191
1377202
1377215
1377223
1377230
1377241
1377259
1377264
1377277
1377288
1377303
1377322
1377345
1377358
1377374
1377389
1377390
1377401
1377419
1377426
1377434
1377442
1377455
1377478
1377487
1377493
1377507
1377510
1377528
1377535
1377544
1377556
1377561
1377572
1377583
1377599
1377604
1377629
1377631
1377647
1377650
1377665
1377673
1377682
1377698
1377706
1377712
1377733
1377749
1377757
1377770
1377785
1377794
1377805
1377818
1377820
1377837
1377843
1377851
1377866
1377879
1377884
1377892
1377900
1377913
1377925
1377932
1377948
1377954
1377969
1377981
1378009
1378017
1378024
1378038
1378046
1378052
1378063
1378075
1378080
1378091
1378108
1378114
1378139
1378140
1378153
1378162
1378171
1378186
1378195
1378203
1378211
1378222
1378236
1378245
1378258
1378267
1378289
1378290
1378302
1378315
1378323
1378330
1378341
1378364
1378377
1378388
1378405
1378418
1378420
1378437
1378443
1378451
1378479
1378484
1378492
1378504
1378516
1378529
1378531
1378547
1378550
1378565
1378573
1378582
1378598
1378607
1378610
1378628
1378635
1378644
1378656
1378661
1378683
1378699
1378700
1378725
1378732
1378748
1378769
1378781
1378797
1378801
1378819
1378826
1378834
1378842
1378855
1378860
1378878
1378887
1378893
1378906
1378912
1378921
1378933
1378949
1378970
1378985
1378994
1379005
1379018
1379020
1379037
1379051
1379066
1379079
1379084
1379092
1379107
1379110
1379128
1379135
1379144
1379156
1379161
1379172
1379183
1379199
1379206
1379212
1379221
1379233
1379249
1379257
1379268
1379270
1379285
1379301
1379326
1379334
1379342
1379355
1379360
1379378
1379387
1379393
1379409
1379417
1379424
1379438
1379446
1379452
1379463
1379475
1379480
1379500
1379513
1379525
1379532
1379548
1379569
1379576
1379581
1379608
1379614
1379627
1379639
1379640
1379653
1379662
1379671
1379686
1379695
1379704
1379716
1379729
1379731
1379747
1379750
1379765
1379773
1379782
1379815
1379830
1379841
1379859
1379864
1379877
1379888
1379896
1379911
1379922
1379936
1379945
1379958
1379967
1379974
1379989
1379990
1380006
1380012
1380021
1380033
1380049
1380068
1380070
1380085
1380094
1380103
1380111
1380122
1380136
1380145
1380158
1380167
1380174
1380189
1380190
1380208
1380214
1380239
1380240
1380253
1380262
1380271
1380286
1380295
1380307
1380310
1380328
1380335
1380344
1380356
1380383
1380399
1380400
1380413
1380425
1380432
1380448
1380454
1380469
1380476
1380481
1380497
1380501
1380519
1380526
1380534
1380542
1380555
1380560
1380578
1380593
1380602
1380623
1380630
1380641
1380659
1380664
1380677
1380688
1380696
1380705
1380718
1380720
1380737
1380743
1380751
1380766
1380779
1380792
1380804
1380816
1380831
1380847
1380850
1380882
1380898
1380909
1380924
1380938
1380946
1380952
1380963
1380975
1380980
1380991
1381005
1381018
1381020
1381037
1381043
1381051
1381079
1381084
1381092
1381107
1381110
1381128
1381135
1381144
1381156
1381161
1381172
1381183
1381199
1381206
1381212
1381221
1381233
1381249
1381257
1381268
1381270
1381285
1381294
1381301
1381319
1381326
1381334
1381342
1381355
1381360
1381378
1381387
1381393
1381409
1381424
1381452
1381463
1381475
1381480
1381491
1381500
1381513
1381525
1381532
1381548
1381554
1381569
1381576
1381581
1381597
1381608
1381627
1381639
1381640
1381653
1381662
1381671
1381686
1381695
1381704
1381716
1381729
1381731
1381747
1381750
1381765
1381773
1381782
1381798
1381802
1381815
1381830
1381841
1381859
1381864
1381877
1381888
1381896
1381903
1381911
1381922
1381936
1381945
1381958
1381967
1381974
1382007
1382010
1382035
1382044
1382056
1382061
1382072
1382083
1382099
1382105
1382120
1382137
1382151
1382166
1382179
1382184
1382192
1382201
1382219
1382226
1382234
1382242
1382255
1382260
1382278
1382287
1382306
1382312
1382321
1382333
1382349
1382357
1382368
1382370
1382385
1382394
1382415
1382423
1382430
1382459
1382477
1382488
1382496
1382508
1382527
1382539
1382540
1382562
1382571
1382586
1382595
1382600
1382613
1382625
1382648
1382654
1382669
1382676
1382697
1382703
1382711
1382722
1382736
1382745
1382758
1382774
1382789
1382790
1382809
1382817
1382824
1382838
1382846
1382852
1382863
1382875
1382880
1382891
1382904
1382916
1382929
1382931
1382947
1382950
1382965
1382973
1382982
1382998
1383002
1383015
1383023
1383030
1383041
1383059
1383077
1383088
1383096
1383100
1383113
1383125
1383132
1383154
1383169
1383176
1383181
1383197
1383204
1383216
1383229
1383231
1383250
1383265
1383282
1383298
1383309
1383317
1383324
1383338
1383346
1383352
1383363
1383375
1383380
1383391
1383407
1383410
1383428
1383435
1383444
1383456
1383461
1383472
1383483
1383499
1383511
1383522
1383536
1383545
1383567
1383574
1383589
1383590
1383605
1383620
1383637
1383643
1383651
1383666
1383679
1383684
1383708
1383714
1383727
1383739
1383740
1383753
1383762
1383771
1383786
1383795
1383806
1383812
1383821
1383833
1383849
1383857
1383868
1383901
1383919
1383926
1383934
1383942
1383960
1383978
1383987
1383993
1384003
1384011
1384022
1384036
1384058
1384067
1384074
1384089
1384090
1384106
1384112
1384121
1384149
1384157
1384168
1384170
1384185
1384194
1384207
1384210
1384228
1384235
1384244
1384256
1384261
1384272
1384283
1384299
1384308
1384314
1384327
1384339
1384340
1384362
1384371
1384386
1384395
1384404
1384416
1384429
1384431
1384447
1384450
1384465
1384473
1384482
1384498
1384502
1384515
1384530
1384541
1384559
1384564
1384577
1384588
1384596
1384601
1384619
1384626
1384634
1384642
1384655
1384660
1384678
1384687
1384693
1384709
1384717
1384724
1384738
1384746
1384752
1384763
1384775
1384780
1384791
1384800
1384813
1384825
1384848
1384869
1384876
1384881
1384897
1384905
1384918
1384920
1384937
1384943
1384951
1384966
1384979
1384984
1385009
1385017
1385038
1385046
1385052
1385063
1385075
1385080
1385091
1385108
1385114
1385127
1385139
1385140
1385153
1385162
1385171
1385186
1385203
1385211
1385236
1385245
1385258
1385274
1385289
1385290
1385302
1385315
1385330
1385359
1385377
1385388
1385396
1385405
1385420
1385437
1385443
1385451
1385466
1385479
1385484
1385492
1385504
1385516
1385529
1385531
1385547
1385550
1385565
1385573
1385582
1385598
1385607
1385610
1385628
1385635
1385644
1385656
1385661
1385683
1385699
1385700
1385713
1385725
1385732
1385748
1385754
1385769
1385776
1385797
1385801
1385819
1385826
1385834
1385842
1385855
1385860
1385878
1385887
1385893
1385906
1385912
1385921
1385933
1385949
1385957
1385968
1385970
1385994
1386000
1386013
1386025
1386032
1386048
1386054
1386069
1386076
1386081
1386097
1386102
1386115
1386123
1386130
1386141
1386159
1386164
1386177
1386188
1386196
1386209
1386217
1386238
1386246
1386252
1386263
1386275
1386280
1386291
1386316
1386329
1386331
1386347
1386350
1386365
1386373
1386382
1386398
1386406
1386412
1386421
1386433
1386449
1386468
1386470
1386485
1386494
1386518
1386520
1386537
1386543
1386551
1386566
1386579
1386584
1386603
1386611
1386622
1386636
1386645
1386658
1386667
1386689
1386690
1386701
1386719
1386726
1386734
1386742
1386755
1386760
1386787
1386807
1386810
1386828
1386835
1386844
1386856
1386861
1386872
1386899
1386908
1386914
1386927
1386939
1386940
1386953
1386971
1386986
1386995
1387004
1387016
1387029
1387031
1387047
1387050
1387065
1387073
1387082
1387098
1387101
1387126
1387134
1387142
1387155
1387160
1387178
1387187
1387193
1387205
1387218
1387220
1387237
1387243
1387251
1387266
1387279
1387284
1387292
1387300
1387313
1387325
1387332
1387348
1387354
1387376
1387397
1387403
1387411
1387422
1387436
1387458
1387467
1387474
1387489
1387490
1387509
1387517
1387524
1387538
1387546
1387552
1387563
1387575
1387580
1387591
1387606
1387612
1387621
1387633
1387649
1387657
1387668
1387670
1387685
1387694
1387715
1387723
1387730
1387741
1387777
1387788
1387796
1387814
1387827
1387839
1387840
1387853
1387862
1387871
1387886
1387895
1387907
1387910
1387928
1387935
1387944
1387956
1387961
1387972
1387983
1387999
1388001
1388026
1388034
1388055
1388060
1388078
1388087
1388093
1388104
1388116
1388129
1388131
1388147
1388150
1388165
1388173
1388182
1388198
1388200
1388213
1388225
1388232
1388248
1388269
1388276
1388281
1388297
1388305
1388318
1388320
1388337
1388343
1388351
1388366
1388384
1388392
1388408
1388414
1388427
1388439
1388440
1388453
1388462
1388471
1388486
1388495
1388506
1388521
1388533
1388549
1388568
1388570
1388585
1388594
1388609
1388617
1388624
1388646
1388652
1388675
1388680
1388691
1388707
1388710
1388728
1388735
1388756
1388761
1388772
1388783
1388799
1388803
1388811
1388822
1388836
1388845
1388858
1388867
1388874
1388889
1388890
1388902
1388923
1388930
1388941
1388964
1388977
1388988
1388996
1389008
1389014
1389027
1389039
1389040
1389053
1389062
1389071
1389086
1389095
1389109
1389117
1389124
1389138
1389152
1389175
1389191
1389202
1389215
1389223
1389230
1389241
1389259
1389277
1389288
1389296
1389311
1389336
1389345
1389358
1389367
1389374
1389389
1389390
1389401
1389419
1389426
1389434
1389442
1389455
1389460
1389478
1389487
1389493
1389507
1389510
1389528
1389535
1389544
1389556
1389561
1389572
1389583
1389599
1389604
1389616
1389629
1389631
1389647
1389650
1389665
1389673
1389682
1389698
1389706
1389712
1389721
1389749
1389757
1389768
1389770
1389794
1389805
1389818
1389820
1389837
1389843
1389851
1389866
1389879
1389892
1389900
1389913
1389925
1389932
1389948
1389954
1389969
1389976
1389997
1390002
1390015
1390023
1390030
1390041
1390059
1390064
1390077
1390088
1390096
1390100
1390113
1390125
1390132
1390148
1390154
1390169
1390181
1390197
1390204
1390216
1390229
1390231
1390247
1390250
1390265
1390273
1390282
1390298
1390309
1390317
1390324
1390338
1390346
1390352
1390363
1390375
1390380
1390391
1390407
1390410
1390428
1390435
1390444
1390456
1390461
1390483
1390499
1390503
1390511
1390522
1390536
1390545
1390558
1390567
1390574
1390589
1390590
1390605
1390618
1390620
1390643
1390666
1390679
1390692
1390708
1390714
1390727
1390739
1390740
1390753
1390762
1390786
1390795
1390806
1390812
1390821
1390833
1390849
1390857
1390868
1390870
1390885
1390894
1390901
1390919
1390926
1390934
1390955
1390960
1390978
1390987
1390993
1391008
1391014
1391027
1391039
1391040
1391053
1391062
1391071
1391095
1391109
1391117
1391124
1391138
1391146
1391152
1391163
1391175
1391180
1391191
1391202
1391215
1391223
1391230
1391241
1391259
1391264
1391277
1391288
1391296
1391303
1391311
1391322
1391336
1391345
1391358
1391367
1391374
1391389
1391401
1391419
1391426
1391442
1391460
1391478
1391487
1391510
1391528
1391535
1391544
1391556
1391561
1391572
1391583
1391599
1391604
1391616
1391629
1391647
1391650
1391665
1391673
1391698
1391706
1391712
1391721
1391733
1391749
1391757
1391768
1391785
1391805
1391818
1391820
1391837
1391851
1391866
1391879
1391884
1391892
1391900
1391913
1391925
1391932
1391948
1391954
1391969
1391976
1391981
1391997
1392009
1392017
1392024
1392038
1392046
1392052
1392063
1392075
1392080
1392091
1392108
1392127
1392139
1392140
1392153
1392162
1392171
1392186
1392195
1392203
1392211
1392222
1392236
1392245
1392258
1392274
1392289
1392290
1392302
1392315
1392330
1392341
1392359
1392364
1392377
1392388
1392396
1392405
1392418
1392420
1392437
1392443
1392451
1392466
1392479
1392484
1392492
1392504
1392516
1392529
1392531
1392547
1392550
1392565
1392573
1392582
1392598
1392607
1392610
1392628
1392635
1392644
1392656
1392661
1392672
1392683
1392699
1392700
1392713
1392725
1392732
1392748
1392754
1392769
1392776
1392797
1392819
1392826
1392834
1392842
1392855
1392860
1392878
1392887
1392893
1392906
1392912
1392921
1392933
1392949
1392957
1392968
1392970
1392985
1392994
1393005
1393018
1393020
1393037
1393043
1393051
1393066
1393079
1393084
1393092
1393107
1393128
1393135
1393144
1393156
1393161
1393172
1393183
1393199
1393206
1393212
1393221
1393233
1393249
1393257
1393268
1393285
1393294
1393301
1393319
1393326
1393334
1393342
1393355
1393360
1393378
1393387
1393393
1393409
1393417
1393424
1393438
1393446
1393452
1393463
1393475
1393480
1393500
1393513
1393525
1393532
1393548
1393554
1393569
1393576
1393581
1393597
1393614
1393627
1393639
1393640
1393653
1393662
1393671
1393686
1393695
1393704
1393716
1393729
1393731
1393747
1393750
1393765
1393773
1393782
1393798
1393802
1393815
1393823
1393830
1393841
1393859
1393864
1393877
1393888
1393903
1393911
1393936
1393945
1393958
1393967
1393974
1393989
1393990
1394013
1394025
1394032
1394048
1394054
1394069
1394076
1394081
1394102
1394115
1394123
1394130
1394141
1394159
1394164
1394177
1394209
1394217
1394224
1394238
1394246
1394252
1394263
1394275
1394280
1394291
1394304
1394316
1394329
1394331
1394347
1394350
1394373
1394382
1394398
1394406
1394412
1394421
1394433
1394457
1394468
1394470
1394485
1394494
1394505
1394518
1394520
1394543
1394551
1394579
1394584
1394592
1394603
1394611
1394622
1394636
1394645
1394658
1394667
1394674
1394689
1394690
1394701
1394719
1394726
1394734
1394742
1394755
1394760
1394778
1394787
1394793
1394807
1394810
1394828
1394835
1394844
1394856
1394861
1394872
1394883
1394908
1394914
1394939
1394940
1394953
1394962
1394971
1394986
1394995
1395001
1395019
1395034
1395042
1395055
1395060
1395078
1395087
1395093
1395104
1395129
1395131
1395147
1395165
1395173
1395182
1395198
1395200
1395213
1395225
1395232
1395248
1395254
1395269
1395276
1395281
1395305
1395318
1395320
1395337
1395343
1395351
1395384
1395392
1395408
1395414
1395439
1395440
1395453
1395462
1395471
1395486
1395495
1395506
1395512
1395521
1395533
1395549
1395568
1395570
1395609
1395617
1395624
1395646
1395652
1395663
1395675
1395680
1395691
1395707
1395710
1395728
1395735
1395744
1395756
1395761
1395772
1395783
1395811
1395836
1395845
1395867
1395874
1395890
1395902
1395915
1395923
1395930
1395941
1395959
1395964
1395977
1395996
1396007
1396010
1396028
1396035
1396044
1396056
1396072
1396083
1396099
1396105
1396118
1396120
1396137
1396143
1396151
1396179
1396184
1396192
1396201
1396219
1396226
1396242
1396255
1396260
1396278
1396287
1396312
1396321
1396333
1396349
1396357
1396368
1396385
1396394
1396415
1396423
1396430
1396441
1396459
1396464
1396477
1396488
1396496
1396508
1396514
1396527
1396539
1396540
1396553
1396562
1396571
1396586
1396595
1396600
1396613
1396625
1396632
1396648
1396669
1396676
1396681
1396697
1396703
1396711
1396722
1396736
1396745
1396758
1396767
1396789
1396809
1396824
1396838
1396846
1396852
1396863
1396875
1396880
1396891
1396904
1396916
1396929
1396931
1396947
1396950
1396965
1396973
1396998
1397006
1397012
1397021
1397033
1397049
1397057
1397068
1397070
1397085
1397094
1397103
1397111
1397122
1397136
1397145
1397158
1397167
1397174
1397189
1397190
1397208
1397214
1397227
1397239
1397240
1397253
1397262
1397286
1397295
1397307
1397310
1397328
1397335
1397344
1397356
1397361
1397372
1397383
1397399
1397400
1397413
1397425
1397432
1397448
1397454
1397469
1397476
1397481
1397497
1397501
1397519
1397526
1397534
1397542
1397560
1397578
1397587
1397593
1397602
1397615
1397623
1397630
1397659
1397677
1397688
1397696
1397705
1397718
1397720
1397737
1397743
1397751
1397766
1397779
1397784
1397792
1397804
1397816
1397829
1397831
1397847
1397850
1397865
1397873
1397882
1397898
1397909
1397917
1397924
1397938
1397946
1397952
1397963
1397975
1397980
1397991
1398003
1398011
1398022
1398036
1398045
1398058
1398067
1398089
1398090
1398106
1398112
1398121
1398133
1398157
1398168
1398170
1398185
1398194
1398207
1398210
1398228
1398235
1398244
1398256
1398261
1398283
1398299
1398308
1398314
1398327
1398339
1398340
1398353
1398362
1398371
1398386
1398395
1398404
1398416
1398429
1398431
1398447
1398450
1398465
1398473
1398482
1398498
1398502
1398515
1398523
1398530
1398541
1398559
1398564
1398577
1398588
1398596
1398601
1398619
1398626
1398634
1398642
1398655
1398660
1398678
1398687
1398693
1398709
1398724
1398738
1398746
1398752
1398763
1398775
1398780
1398791
1398800
1398813
1398825
1398832
1398848
1398854
1398869
1398876
1398881
1398897
1398905
1398918
1398920
1398937
1398943
1398951
1398979
1398984
1398992
1399004
1399016
1399029
1399031
1399047
1399050
1399065
1399073
1399082
1399098
1399101
1399119
1399126
1399134
1399142
1399155
1399160
1399178
1399187
1399205
1399220
1399237
1399251
1399266
1399279
1399292
1399300
1399313
1399325
1399348
1399354
1399369
1399376
1399381
1399397
1399403
1399411
1399422
1399436
1399445
1399458
1399474
1399489
1399490
1399509
1399517
1399524
1399538
1399546
1399552
1399563
1399575
1399580
1399591
1399606
1399612
1399633
1399649
1399657
1399668
1399670
1399685
1399694
1399702
1399715
1399723
1399730
1399741
1399759
1399764
1399777
1399788
1399808
1399814
1399827
1399839
1399840
1399853
1399862
1399871
1399886
1399895
1399907
1399910
1399928
1399935
1399944
1399956
1399972
1399983
1399999
