4501408
4501617
4501638
4505071
4508206
4508750
4511194
4513013
4515575
4517921
4519486
4520066
4520128
4520326
4521458
4521840
4523336
4525473
4526153
4526359
4527558
4527901
4531240
4531865
4533961
4535076
4536150
4537903
4537911
4538061
4539148
4540261
4542163
4543034
4544519
4544641
4545452
4546546
4546621
4547962
4548461
4549010
4550533
4551669
4553267
4553628
4554591
4556442
4557482
4557642
4558021
4558361
4558873
4561329
4561398
4561667
4563790
4566144
4566326
4566614
4567019
4567680
4571100
4571169
4571380
4571391
4573677
4575540
4577296
4577303
4578139
4578887
4580623
4581859
4584660
4585531
4585683
4585797
4587050
4587538
4587907
4588384
4588557
4588585
4590589
4590806
4591336
4592492
4592732
4595351
4595652
4595811
4596166
4596357
4597677
4597975
4598011
4598431
4599134
