4500000
4500013
4500025
4500032
4500048
4500054
4500069
4500076
4500081
4500102
4500123
4500130
4500141
4500159
4500164
4500177
4500188
4500196
4500209
4500217
4500224
4500238
4500246
4500252
4500263
4500275
4500280
4500291
4500316
4500331
4500347
4500350
4500365
4500373
4500382
4500398
4500406
4500412
4500449
4500457
4500468
4500470
4500485
4500494
4500505
4500518
4500520
4500537
4500543
4500551
4500566
4500579
4500584
4500592
4500603
4500611
4500622
4500645
4500658
4500667
4500674
4500689
4500690
4500701
4500719
4500726
4500734
4500742
4500755
4500760
4500778
4500787
4500793
4500807
4500810
4500828
4500835
4500844
4500856
4500861
4500872
4500883
4500899
4500908
4500914
4500927
4500939
4500940
4500953
4500962
4500971
4500986
4500995
4501001
4501019
4501026
4501034
4501042
4501055
4501060
4501078
4501087
4501093
4501104
4501129
4501131
4501150
4501165
4501198
4501200
4501225
4501232
4501248
4501254
4501269
4501276
4501281
4501297
4501305
4501318
4501320
4501337
4501343
4501351
4501366
4501379
4501384
4501392
4501408
4501414
4501427
4501440
4501453
4501462
4501471
4501486
4501495
4501512
4501521
4501549
4501557
4501568
4501570
4501585
4501594
4501609
4501617
4501624
4501638
4501646
4501652
4501663
4501675
4501680
4501691
4501707
4501710
4501735
4501744
4501756
4501761
4501772
4501783
4501799
4501803
4501811
4501822
4501836
4501845
4501858
4501867
4501874
4501889
4501902
4501915
4501923
4501930
4501941
4501959
4501964
4501977
4501988
4501996
4502004
4502016
4502029
4502031
4502047
4502050
4502065
4502073
4502082
4502098
4502101
4502119
4502126
4502134
4502155
4502160
4502178
4502187
4502193
4502205
4502218
4502220
4502237
4502243
4502251
4502266
4502279
4502284
4502292
4502325
4502332
4502348
4502369
4502381
4502397
4502411
4502422
4502436
4502445
4502458
4502489
4502490
4502509
4502517
4502524
4502538
4502552
4502575
4502580
4502591
4502606
4502612
4502621
4502633
4502649
4502657
4502668
4502670
4502685
4502694
4502702
4502715
4502723
4502730
4502741
4502759
4502764
4502777
4502796
4502808
4502814
4502827
4502839
4502840
4502853
4502862
4502871
4502886
4502895
4502907
4502910
4502928
4502935
4502944
4502956
4502972
4502983
4502999
4503003
4503011
4503022
4503036
4503045
4503058
4503067
4503074
4503089
4503106
4503112
4503121
4503133
4503149
4503157
4503170
4503185
4503194
4503207
4503210
4503228
4503235
4503244
4503256
4503261
4503272
4503283
4503299
4503308
4503327
4503339
4503340
4503353
4503362
4503371
4503386
4503395
4503404
4503429
4503431
4503450
4503465
4503482
4503498
4503502
4503515
4503523
4503530
4503541
4503559
4503564
4503577
4503588
4503596
4503601
4503619
4503626
4503634
4503642
4503655
4503660
4503678
4503687
4503693
4503717
4503724
4503738
4503746
4503752
4503763
4503775
4503780
4503791
4503800
4503813
4503825
4503832
4503854
4503869
4503876
4503881
4503897
4503905
4503918
4503920
4503937
4503943
4503951
4503966
4503979
4503984
4503992
4504002
4504015
4504023
4504041
4504059
4504064
4504077
4504088
4504096
4504100
4504113
4504125
4504132
4504148
4504154
4504169
4504176
4504181
4504197
4504204
4504216
4504229
4504231
4504247
4504250
4504265
4504273
4504282
4504298
4504309
4504317
4504324
4504338
4504346
4504352
4504363
4504375
4504380
4504391
4504407
4504410
4504428
4504435
4504444
4504456
4504461
4504472
4504483
4504499
4504503
4504511
4504522
4504545
4504558
4504567
4504574
4504589
4504590
4504605
4504618
4504620
4504643
4504651
4504666
4504679
4504684
4504692
4504708
4504714
4504727
4504739
4504740
4504753
4504762
4504771
4504786
4504795
4504806
4504812
4504833
4504849
4504857
4504868
4504870
4504885
4504894
4504901
4504919
4504926
4504934
4504942
4504955
4504960
4504978
4504987
4504993
4505008
4505014
4505027
4505040
4505053
4505062
4505071
4505086
4505095
4505109
4505117
4505124
4505138
4505146
4505152
4505175
4505180
4505191
4505202
4505215
4505223
4505230
4505241
4505259
4505264
4505277
4505288
4505303
4505311
4505322
4505336
4505345
4505358
4505367
4505374
4505389
4505390
4505401
4505419
4505426
4505434
4505442
4505455
4505460
4505478
4505487
4505493
4505507
4505510
4505528
4505535
4505544
4505556
4505561
4505572
4505583
4505599
4505604
4505616
4505629
4505631
4505650
4505665
4505673
4505682
4505698
4505706
4505712
4505721
4505749
4505757
4505768
4505770
4505785
4505794
4505805
4505818
4505820
4505837
4505843
4505851
4505866
4505879
4505884
4505892
4505900
4505913
4505925
4505932
4505948
4505954
4505969
4505976
4505981
4505997
4506006
4506012
4506021
4506033
4506049
4506057
4506068
4506070
4506085
4506094
4506103
4506111
4506122
4506136
4506145
4506158
4506167
4506174
4506189
4506190
4506208
4506214
4506227
4506239
4506240
4506253
4506262
4506271
4506286
4506307
4506310
4506328
4506335
4506344
4506361
4506372
4506383
4506399
4506400
4506413
4506425
4506432
4506448
4506454
4506469
4506481
4506497
4506501
4506519
4506526
4506534
4506542
4506555
4506560
4506578
4506587
4506593
4506602
4506615
4506623
4506630
4506641
4506659
4506664
4506688
4506696
4506705
4506718
4506737
4506743
4506751
4506766
4506779
4506792
4506804
4506816
4506829
4506847
4506850
4506865
4506873
4506882
4506898
4506909
4506917
4506924
4506938
4506946
4506952
4506963
4506975
4506980
4506991
4507007
4507010
4507028
4507035
4507044
4507056
4507061
4507083
4507099
4507105
4507118
4507120
4507137
4507143
4507151
4507166
4507179
4507184
4507192
4507201
4507219
4507234
4507242
4507255
4507260
4507278
4507287
4507293
4507306
4507321
4507349
4507357
4507368
4507370
4507394
4507402
4507415
4507423
4507430
4507441
4507459
4507464
4507477
4507488
4507496
4507508
4507514
4507527
4507539
4507540
4507562
4507571
4507586
4507595
4507600
4507613
4507625
4507632
4507648
4507654
4507669
4507676
4507681
4507697
4507703
4507722
4507736
4507758
4507767
4507774
4507789
4507790
4507809
4507817
4507824
4507838
4507846
4507852
4507863
4507875
4507880
4507891
4507904
4507929
4507931
4507947
4507950
4507965
4507973
4507982
4507998
4508005
4508018
4508020
4508037
4508043
4508051
4508066
4508079
4508084
4508092
4508107
4508110
4508128
4508135
4508156
4508161
4508183
4508199
4508206
4508212
4508221
4508233
4508249
4508257
4508268
4508270
4508285
4508294
4508301
4508319
4508326
4508334
4508342
4508355
4508360
4508393
4508409
4508417
4508424
4508438
4508446
4508452
4508463
4508475
4508480
4508491
4508500
4508513
4508525
4508532
4508554
4508569
4508576
4508581
4508597
4508608
4508614
4508627
4508639
4508653
4508662
4508671
4508695
4508704
4508716
4508731
4508747
4508750
4508765
4508773
4508782
4508798
4508802
4508815
4508830
4508841
4508859
4508864
4508877
4508888
4508896
4508903
4508911
4508922
4508936
4508945
4508958
4508967
4508974
4508989
4508990
4509009
4509017
4509024
4509038
4509046
4509052
4509063
4509091
4509108
4509114
4509127
4509140
4509153
4509162
4509186
4509195
4509203
4509222
4509236
4509245
4509258
4509267
4509274
4509289
4509290
4509315
4509323
4509330
4509341
4509359
4509364
4509377
4509388
4509396
4509405
4509418
4509420
4509437
4509443
4509451
4509466
4509479
4509484
4509492
4509504
4509516
4509529
4509531
4509547
4509550
4509565
4509573
4509582
4509598
4509607
4509610
4509628
4509635
4509644
4509656
4509661
4509672
4509683
4509699
4509700
4509713
4509725
4509732
4509748
4509754
4509769
4509776
4509781
4509797
4509801
4509819
4509826
4509834
4509842
4509855
4509860
4509887
4509893
4509906
4509912
4509921
4509933
4509949
4509957
4509968
4509970
4509985
4509994
4510007
4510010
4510028
4510035
4510044
4510056
4510061
4510072
4510083
4510099
4510105
4510118
4510120
4510137
4510143
4510151
4510179
4510184
4510192
4510201
4510219
4510226
4510234
4510242
4510255
4510278
4510293
4510306
4510312
4510321
4510333
4510349
4510357
4510368
4510370
4510385
4510394
4510402
4510415
4510423
4510430
4510441
4510459
4510464
4510477
4510488
4510496
4510508
4510514
4510527
4510539
4510540
4510553
4510562
4510571
4510586
4510595
4510600
4510613
4510625
4510632
4510648
4510654
4510669
4510676
4510681
4510697
4510703
4510711
4510722
4510736
4510758
4510767
4510774
4510789
4510790
4510817
4510824
4510846
4510852
4510875
4510880
4510891
4510904
4510916
4510929
4510931
4510947
4510950
4510973
4510982
4510998
4511003
4511011
4511022
4511036
4511045
4511058
4511067
4511074
4511089
4511090
4511106
4511112
4511121
4511133
4511149
4511157
4511168
4511170
4511194
4511207
4511210
4511228
4511235
4511244
4511256
4511261
4511272
4511283
4511299
4511308
4511314
4511327
4511340
4511353
4511362
4511371
4511386
4511395
4511404
4511416
4511429
4511431
4511450
4511465
4511473
4511482
4511498
4511502
4511523
4511530
4511541
4511559
4511564
4511577
4511588
4511601
4511619
4511626
4511634
4511642
4511655
4511660
4511678
4511687
4511693
4511709
4511717
4511724
4511738
4511746
4511752
4511763
4511775
4511780
4511791
4511800
4511813
4511825
4511832
4511848
4511854
4511869
4511876
4511881
4511897
4511905
4511918
4511920
4511937
4511943
4511951
4511966
4511979
4511984
4511992
4512006
4512012
4512021
4512033
4512049
4512057
4512070
4512085
4512094
4512103
4512111
4512122
4512136
4512145
4512158
4512167
4512174
4512189
4512190
4512208
4512214
4512227
4512239
4512240
4512253
4512262
4512271
4512286
4512295
4512307
4512310
4512335
4512344
4512356
4512361
4512372
4512383
4512399
4512400
4512413
4512425
4512432
4512448
4512454
4512469
4512476
4512481
4512497
4512501
4512519
4512526
4512534
4512542
4512555
4512560
4512578
4512587
4512593
4512602
4512615
4512623
4512630
4512641
4512659
4512664
4512688
4512696
4512705
4512720
4512737
4512743
4512751
4512766
4512792
4512804
4512816
4512829
4512831
4512847
4512850
4512865
4512873
4512882
4512898
4512909
4512917
4512924
4512938
4512946
4512952
4512963
4512980
4512991
4513000
4513013
4513025
4513032
4513048
4513054
4513069
4513076
4513097
4513102
4513115
4513123
4513130
4513141
4513159
4513164
4513177
4513188
4513196
4513209
4513217
4513238
4513246
4513252
4513263
4513275
4513291
4513304
4513316
4513331
4513347
4513350
4513373
4513382
4513398
4513406
4513412
4513421
4513433
4513468
4513470
4513494
4513505
4513518
4513520
4513537
4513543
4513551
4513566
4513579
4513584
4513611
4513622
4513636
4513645
4513658
4513667
4513674
4513689
4513690
4513701
4513719
4513726
4513734
4513742
4513755
4513760
4513787
4513793
4513807
4513810
4513828
4513835
4513844
4513861
4513872
4513883
4513899
4513908
4513927
4513939
4513940
4513953
4513962
4513971
4513986
4513995
4514005
4514018
4514037
4514043
4514051
4514066
4514079
4514092
4514107
4514110
4514128
4514135
4514144
4514156
4514183
4514199
4514206
4514221
4514233
4514249
4514270
4514285
4514294
4514301
4514319
4514326
4514334
4514342
4514355
4514360
4514378
4514387
4514393
4514409
4514417
4514424
4514438
4514446
4514452
4514463
4514475
4514480
4514491
4514500
4514513
4514525
4514532
4514548
4514554
4514569
4514576
4514581
4514597
4514608
4514614
4514627
4514639
4514640
4514653
4514671
4514686
4514695
4514716
4514729
4514731
4514750
4514765
4514773
4514782
4514798
4514802
4514815
4514823
4514830
4514841
4514859
4514864
4514877
4514888
4514896
4514903
4514911
4514922
4514936
4514945
4514958
4514967
4514974
4514989
4514990
4515004
4515016
4515031
4515047
4515050
4515065
4515073
4515082
4515098
4515101
4515119
4515126
4515134
4515142
4515155
4515160
4515178
4515187
4515193
4515205
4515218
4515220
4515237
4515243
4515251
4515266
4515279
4515284
4515300
4515313
4515325
4515332
4515348
4515354
4515369
4515376
4515381
4515397
4515403
4515411
4515422
4515436
4515445
4515458
4515467
4515474
4515489
4515490
4515509
4515517
4515524
4515538
4515552
4515575
4515580
4515591
4515612
4515621
4515633
4515649
4515657
4515668
4515670
4515685
4515694
4515702
4515715
4515723
4515741
4515759
4515764
4515777
4515788
4515796
4515808
4515814
4515827
4515839
4515840
4515853
4515862
4515871
4515886
4515895
4515907
4515910
4515928
4515935
4515944
4515956
4515961
4515972
4515983
4515999
4516002
4516023
4516030
4516041
4516064
4516077
4516088
4516096
4516113
4516125
4516132
4516148
4516154
4516169
4516176
4516181
4516197
4516204
4516216
4516229
4516231
4516247
4516250
4516265
4516273
4516282
4516298
4516309
4516317
4516324
4516338
4516346
4516352
4516363
4516375
4516380
4516391
4516407
4516410
4516428
4516435
4516444
4516456
4516461
4516472
4516499
4516503
4516511
4516522
4516536
4516545
4516558
4516567
4516574
4516589
4516590
4516618
4516620
4516637
4516643
4516651
4516666
4516679
4516684
4516692
4516708
4516714
4516727
4516739
4516740
4516753
4516786
4516795
4516806
4516812
4516821
4516833
4516849
4516857
4516868
4516870
4516885
4516894
4516901
4516919
4516926
4516934
4516942
4516955
4516960
4516978
4516987
4517017
4517024
4517046
4517052
4517063
4517075
4517080
4517091
4517108
4517114
4517127
4517139
4517140
4517153
4517162
4517171
4517186
4517195
4517203
4517211
4517222
4517236
4517245
4517258
4517267
4517274
4517289
4517290
4517302
4517315
4517323
4517330
4517341
4517359
4517364
4517377
4517388
4517396
4517405
4517418
4517420
4517437
4517443
4517451
4517466
4517479
4517492
4517504
4517516
4517529
4517531
4517547
4517550
4517565
4517573
4517582
4517598
4517607
4517610
4517628
4517635
4517656
4517661
4517672
4517683
4517700
4517713
4517725
4517732
4517748
4517754
4517769
4517776
4517781
4517797
4517801
4517826
4517834
4517855
4517860
4517878
4517887
4517893
4517906
4517912
4517921
4517933
4517949
4517957
4517968
4517970
4517985
4517994
4518008
4518027
4518039
4518053
4518062
4518071
4518086
4518095
4518109
4518117
4518124
4518138
4518146
4518152
4518163
4518175
4518180
4518191
4518202
4518215
4518223
4518230
4518241
4518259
4518264
4518277
4518288
4518296
4518303
4518311
4518322
4518336
4518345
4518358
4518367
4518374
4518389
4518390
4518419
4518426
4518434
4518442
4518455
4518460
4518478
4518493
4518507
4518510
4518528
4518535
4518544
4518556
4518561
4518572
4518583
4518599
4518604
4518616
4518629
4518631
4518647
4518650
4518665
4518673
4518682
4518698
4518706
4518712
4518721
4518733
4518749
4518757
4518770
4518785
4518794
4518805
4518818
4518820
4518837
4518843
4518851
4518879
4518884
4518892
4518900
4518913
4518925
4518932
4518948
4518954
4518969
4518976
4518981
4518997
4519001
4519019
4519026
4519034
4519042
4519055
4519060
4519078
4519087
4519093
4519104
4519116
4519131
4519147
4519150
4519165
4519173
4519182
4519198
4519200
4519213
4519232
4519248
4519254
4519269
4519276
4519281
4519297
4519318
4519320
4519337
4519343
4519351
4519366
4519379
4519384
4519392
4519408
4519414
4519427
4519439
4519440
4519453
4519471
4519486
4519495
4519506
4519512
4519533
4519549
4519557
4519568
4519570
4519585
4519594
4519609
4519617
4519624
4519638
4519646
4519663
4519675
4519680
4519691
4519707
4519710
4519728
4519744
4519756
4519783
4519799
4519811
4519822
4519836
4519845
4519858
4519867
4519889
4519890
4519915
4519923
4519930
4519941
4519959
4519964
4519977
4519988
4519996
4520005
4520018
4520020
4520037
4520043
4520051
4520066
4520079
4520084
4520092
4520110
4520128
4520144
4520156
4520161
4520172
4520183
4520199
4520206
4520212
4520221
4520233
4520249
4520257
4520268
4520270
4520285
4520294
4520301
4520319
4520326
4520334
4520342
4520355
4520360
4520378
4520387
4520393
4520409
4520417
4520424
4520438
4520446
4520452
4520463
4520475
4520480
4520491
4520500
4520513
4520525
4520532
4520548
4520554
4520569
4520576
4520597
4520608
4520614
4520627
4520653
4520662
4520671
4520686
4520695
4520704
4520716
4520729
4520731
4520747
4520750
4520765
4520773
4520782
4520798
4520802
4520815
4520823
4520830
4520841
4520859
4520864
4520877
4520888
4520896
4520903
4520911
4520922
4520936
4520945
4520958
4520967
4520989
4520990
4521004
4521016
4521029
4521031
4521047
4521050
4521065
4521073
4521082
4521098
4521119
4521126
4521134
4521142
4521155
4521160
4521178
4521187
4521193
4521205
4521220
4521243
4521251
4521266
4521279
4521284
4521292
4521313
4521325
4521332
4521348
4521354
4521369
4521376
4521381
4521397
4521403
4521411
4521422
4521436
4521445
4521458
4521467
4521489
4521490
4521509
4521517
4521524
4521546
4521552
4521563
4521575
4521580
4521591
4521606
4521612
4521621
4521633
4521649
4521657
4521668
4521670
4521685
4521694
4521702
4521715
4521723
4521730
4521741
4521759
4521764
4521777
4521788
4521808
4521814
4521827
4521839
4521840
4521853
4521862
4521871
4521886
4521895
4521907
4521910
4521928
4521935
4521944
4521961
4521972
4521983
4521999
4522001
4522019
4522026
4522034
4522042
4522055
4522060
4522078
4522087
4522093
4522104
4522116
4522129
4522131
4522147
4522150
4522165
4522173
4522182
4522200
4522213
4522232
4522248
4522269
4522276
4522297
4522305
4522318
4522337
4522351
4522379
4522384
4522392
4522408
4522414
4522427
4522439
4522440
4522453
4522462
4522471
4522486
4522495
4522506
4522512
4522521
4522549
4522557
4522568
4522570
4522594
4522609
4522617
4522624
4522652
4522663
4522675
4522680
4522691
4522707
4522710
4522728
4522735
4522756
4522772
4522799
4522803
4522811
4522822
4522836
4522845
4522858
4522867
4522874
4522889
4522890
4522902
4522915
4522930
4522941
4522959
4522964
4522988
4523008
4523014
4523039
4523053
4523062
4523071
4523086
4523095
4523109
4523117
4523124
4523138
4523146
4523152
4523163
4523175
4523180
4523202
4523215
4523223
4523230
4523241
4523259
4523264
4523277
4523288
4523296
4523303
4523311
4523322
4523336
4523345
4523367
4523374
4523390
4523401
4523419
4523426
4523434
4523442
4523455
4523460
4523478
4523487
4523493
4523507
4523510
4523528
4523535
4523544
4523561
4523572
4523583
4523599
4523604
4523616
4523629
4523631
4523647
4523650
4523665
4523673
4523712
4523721
4523733
4523749
4523757
4523768
4523770
4523785
4523794
4523805
4523818
4523820
4523837
4523843
4523851
4523866
4523879
4523884
4523892
4523900
4523913
4523925
4523932
4523948
4523969
4523976
4523981
4523997
4524010
4524028
4524035
4524044
4524056
4524061
4524072
4524083
4524099
4524105
4524118
4524120
4524143
4524151
4524179
4524184
4524192
4524201
4524219
4524226
4524234
4524242
4524255
4524260
4524278
4524287
4524293
4524306
4524312
4524321
4524333
4524349
4524357
4524368
4524370
4524385
4524394
4524402
4524415
4524423
4524430
4524459
4524464
4524477
4524488
4524496
4524508
4524514
4524527
4524539
4524540
4524553
4524562
4524571
4524586
4524595
4524600
4524613
4524625
4524632
4524648
4524654
4524676
4524681
4524697
4524703
4524711
4524722
4524736
4524745
4524758
4524767
4524774
4524789
4524790
4524809
4524817
4524824
4524838
4524846
4524852
4524863
4524875
4524880
4524891
4524904
4524916
4524929
4524931
4524947
4524950
4524973
4524982
4524998
4525003
4525011
4525022
4525036
4525045
4525058
4525067
4525074
4525089
4525090
4525106
4525112
4525121
4525133
4525149
4525157
4525168
4525170
4525185
4525194
4525207
4525210
4525228
4525235
4525244
4525256
4525261
4525272
4525299
4525308
4525314
4525327
4525339
4525340
4525353
4525362
4525371
4525386
4525404
4525416
4525429
4525431
4525447
4525450
4525465
4525473
4525482
4525498
4525502
4525515
4525530
4525541
4525559
4525564
4525577
4525588
4525596
4525601
4525619
4525626
4525634
4525642
4525655
4525660
4525678
4525687
4525693
4525709
4525738
4525746
4525752
4525763
4525780
4525791
4525800
4525813
4525825
4525832
4525848
4525854
4525869
4525876
4525881
4525905
4525918
4525920
4525937
4525943
4525951
4525966
4525979
4525984
4525992
4526009
4526017
4526024
4526038
4526052
4526075
4526080
4526091
4526108
4526127
4526139
4526140
4526153
4526171
4526186
4526195
4526203
4526211
4526222
4526236
4526245
4526267
4526274
4526302
4526315
4526323
4526341
4526359
4526364
4526377
4526388
4526396
4526405
4526418
4526420
4526437
4526443
4526451
4526466
4526479
4526484
4526516
4526529
4526531
4526547
4526550
4526565
4526573
4526582
4526598
4526607
4526610
4526635
4526644
4526656
4526661
4526672
4526683
4526699
4526700
4526713
4526725
4526732
4526748
4526754
4526769
4526776
4526781
4526797
4526801
4526819
4526834
4526842
4526855
4526860
4526878
4526887
4526893
4526906
4526912
4526921
4526933
4526949
4526957
4526968
4526970
4526985
4526994
4527002
4527015
4527023
4527041
4527064
4527077
4527088
4527096
4527100
4527113
4527125
4527132
4527148
4527154
4527169
4527176
4527181
4527197
4527204
4527216
4527229
4527247
4527250
4527265
4527273
4527282
4527298
4527309
4527317
4527324
4527338
4527346
4527352
4527363
4527375
4527391
4527407
4527428
4527435
4527444
4527456
4527461
4527472
4527499
4527503
4527511
4527522
4527536
4527545
4527558
4527567
4527574
4527589
4527590
4527605
4527620
4527637
4527643
4527651
4527666
4527679
4527684
4527692
4527708
4527714
4527727
4527739
4527740
4527753
4527762
4527771
4527786
4527806
4527812
4527821
4527833
4527849
4527857
4527868
4527870
4527885
4527894
4527901
4527926
4527934
4527942
4527955
4527960
4527987
4527993
4528000
4528013
4528032
4528048
4528054
4528069
4528076
4528081
4528097
4528102
4528115
4528123
4528130
4528141
4528159
4528164
4528188
4528196
4528217
4528224
4528238
4528246
4528252
4528263
4528275
4528280
4528291
4528304
4528316
4528329
4528331
4528347
4528350
4528365
4528373
4528382
4528398
4528406
4528412
4528421
4528433
4528449
4528457
4528468
4528470
4528485
4528494
4528505
4528518
4528520
4528537
4528543
4528551
4528566
4528579
4528584
4528592
4528603
4528636
4528645
4528658
4528667
4528674
4528689
4528690
4528701
4528719
4528726
4528734
4528742
4528755
4528760
4528778
4528787
4528793
4528807
4528810
4528828
4528835
4528844
4528856
4528861
4528872
4528883
4528899
4528908
4528914
4528927
4528940
4528953
4528962
4528971
4528986
4528995
4529006
4529012
4529021
4529049
4529057
4529068
4529070
4529094
4529103
4529111
4529122
4529136
4529145
4529158
4529167
4529174
4529189
4529190
4529208
4529214
4529227
4529239
4529240
4529262
4529271
4529286
4529310
4529328
4529335
4529356
4529372
4529383
4529399
4529413
4529425
4529432
4529448
4529454
4529469
4529476
4529481
4529497
4529501
4529519
4529526
4529542
4529555
4529560
4529578
4529587
4529593
4529602
4529615
4529623
4529630
4529641
4529659
4529664
4529677
4529688
4529696
4529705
4529718
4529720
4529737
4529743
4529751
4529766
4529779
4529784
4529792
4529804
4529816
4529829
4529831
4529847
4529850
4529865
4529873
4529882
4529898
4529909
4529917
4529924
4529938
4529946
4529975
4529980
4529991
4530008
4530014
4530027
4530039
4530040
4530053
4530062
4530071
4530095
4530109
4530117
4530124
4530138
4530146
4530152
4530163
4530175
4530180
4530191
4530202
4530215
4530223
4530230
4530241
4530264
4530277
4530296
4530303
4530311
4530322
4530336
4530345
4530358
4530367
4530374
4530389
4530390
4530401
4530419
4530426
4530434
4530442
4530455
4530460
4530478
4530487
4530493
4530507
4530510
4530528
4530535
4530544
4530556
4530561
4530572
4530599
4530604
4530616
4530629
4530631
4530647
4530650
4530665
4530673
4530682
4530698
4530706
4530712
4530721
4530733
4530749
4530757
4530768
4530770
4530785
4530794
4530805
4530818
4530820
4530837
4530843
4530851
4530866
4530884
4530892
4530900
4530913
4530925
4530948
4530954
4530969
4530981
4530997
4531012
4531021
4531033
4531049
4531057
4531068
4531070
4531085
4531094
4531103
4531111
4531122
4531145
4531158
4531167
4531174
4531189
4531190
4531208
4531214
4531227
4531239
4531240
4531253
4531271
4531286
4531295
4531307
4531310
4531328
4531335
4531344
4531356
4531361
4531372
4531383
4531399
4531413
4531425
4531448
4531454
4531469
4531476
4531481
4531497
4531501
4531519
4531534
4531542
4531555
4531560
4531578
4531587
4531593
4531602
4531623
4531630
4531641
4531659
4531677
4531688
4531696
4531705
4531718
4531720
4531737
4531743
4531751
4531766
4531779
4531784
4531792
4531816
4531829
4531831
4531847
4531850
4531865
4531882
4531898
4531909
4531917
4531924
4531938
4531946
4531952
4531963
4531975
4531980
4531991
4532003
4532011
4532022
4532036
4532045
4532058
4532067
4532074
4532089
4532090
4532106
4532112
4532121
4532133
4532149
4532157
4532168
4532170
4532194
4532207
4532210
4532228
4532235
4532244
4532256
4532261
4532272
4532283
4532299
4532308
4532314
4532327
4532340
4532353
4532371
4532386
4532395
4532404
4532416
4532429
4532431
4532465
4532473
4532482
4532498
4532502
4532515
4532523
4532530
4532541
4532559
4532564
4532577
4532588
4532596
4532601
4532626
4532634
4532642
4532655
4532660
4532678
4532687
4532693
4532709
4532717
4532724
4532738
4532746
4532752
4532763
4532775
4532780
4532791
4532800
4532813
4532825
4532832
4532848
4532854
4532869
4532876
4532897
4532905
4532918
4532920
4532937
4532943
4532951
4532966
4532979
4532992
4533004
4533016
4533029
4533031
4533050
4533065
4533073
4533082
4533098
4533101
4533119
4533126
4533134
4533142
4533155
4533160
4533178
4533187
4533193
4533205
4533218
4533220
4533237
4533243
4533251
4533266
4533279
4533284
4533300
4533313
4533325
4533332
4533348
4533354
4533376
4533381
4533397
4533403
4533422
4533436
4533445
4533458
4533467
4533474
4533489
4533490
4533509
4533517
4533524
4533546
4533552
4533575
4533580
4533591
4533606
4533612
4533621
4533633
4533649
4533657
4533668
4533670
4533685
4533694
4533702
4533715
4533741
4533759
4533764
4533777
4533788
4533796
4533808
4533814
4533827
4533839
4533840
4533853
4533862
4533871
4533886
4533895
4533910
4533928
4533935
4533944
4533956
4533961
4533972
4533999
4534009
4534017
4534024
4534038
4534046
4534052
4534063
4534075
4534091
4534108
4534114
4534127
4534139
4534140
4534153
4534162
4534171
4534186
4534203
4534211
4534222
4534236
4534245
4534258
4534289
4534290
4534302
4534315
4534323
4534330
4534341
4534359
4534364
4534377
4534388
4534396
4534405
4534418
4534437
4534451
4534466
4534479
4534484
4534492
4534504
4534516
4534529
4534531
4534547
4534550
4534582
4534598
4534607
4534610
4534628
4534635
4534644
4534656
4534661
4534672
4534683
4534699
4534700
4534713
4534725
4534732
4534754
4534769
4534776
4534781
4534801
4534819
4534826
4534834
4534842
4534860
4534887
4534893
4534906
4534912
4534921
4534933
4534949
4534957
4534968
4534970
4534985
4534994
4535000
4535013
4535025
4535032
4535048
4535054
4535069
4535076
4535081
4535097
4535102
4535115
4535123
4535130
4535141
4535159
4535177
4535188
4535196
4535209
4535217
4535224
4535238
4535246
4535252
4535263
4535280
4535291
4535304
4535316
4535329
4535331
4535347
4535350
4535365
4535373
4535398
4535406
4535412
4535421
4535433
4535449
4535457
4535468
4535470
4535485
4535494
4535505
4535518
4535520
4535537
4535543
4535551
4535566
4535579
4535584
4535592
4535603
4535611
4535622
4535636
4535658
4535667
4535689
4535690
4535701
4535719
4535726
4535734
4535742
4535755
4535778
4535793
4535807
4535810
4535828
4535835
4535844
4535856
4535861
4535872
4535899
4535908
4535914
4535927
4535939
4535940
4535962
4535971
4535986
4536001
4536019
4536026
4536034
4536042
4536055
4536060
4536078
4536093
4536104
4536116
4536129
4536131
4536147
4536150
4536165
4536173
4536182
4536198
4536200
4536213
4536225
4536232
4536248
4536254
4536269
4536276
4536281
4536297
4536305
4536318
4536320
4536337
4536343
4536351
4536366
4536379
4536384
4536392
4536408
4536414
4536427
4536439
4536440
4536453
4536462
4536486
4536495
4536512
4536521
4536533
4536549
4536557
4536568
4536585
4536594
4536609
4536617
4536638
4536652
4536663
4536675
4536707
4536710
4536728
4536735
4536756
4536761
4536783
4536799
4536803
4536811
4536822
4536836
4536845
4536858
4536867
4536874
4536889
4536902
4536915
4536923
4536930
4536941
4536959
4536964
4536988
4536996
4537005
4537018
4537020
4537037
4537043
4537051
4537079
4537084
4537092
4537107
4537110
4537135
4537144
4537161
4537172
4537183
4537199
4537206
4537212
4537221
4537233
4537257
4537268
4537270
4537285
4537294
4537301
4537319
4537326
4537342
4537355
4537360
4537378
4537387
4537393
4537409
4537417
4537424
4537438
4537446
4537452
4537463
4537475
4537480
4537491
4537500
4537513
4537525
4537532
4537548
4537569
4537576
4537581
4537597
4537608
4537614
4537627
4537639
4537640
4537653
4537662
4537671
4537686
4537695
4537704
4537716
4537729
4537731
4537747
4537750
4537765
4537773
4537782
4537798
4537802
4537815
4537823
4537830
4537841
4537859
4537864
4537877
4537888
4537896
4537903
4537911
4537922
4537936
4537945
4537958
4537967
4537974
4537989
4537990
4538007
4538010
4538028
4538035
4538044
4538056
4538061
4538072
4538083
4538099
4538105
4538118
4538120
4538137
4538151
4538166
4538179
4538184
4538201
4538219
4538234
4538242
4538255
4538260
4538278
4538287
4538293
4538306
4538312
4538321
4538333
4538349
4538357
4538370
4538385
4538394
4538402
4538423
4538430
4538441
4538459
4538477
4538488
4538496
4538508
4538514
4538527
4538539
4538540
4538553
4538562
4538571
4538586
4538595
4538600
4538613
4538625
4538632
4538648
4538654
4538669
4538676
4538681
4538697
4538711
4538745
4538767
4538774
4538789
4538790
4538809
4538817
4538824
4538838
4538846
4538852
4538863
4538875
4538880
4538891
4538904
4538916
4538929
4538931
4538947
4538950
4538965
4538973
4539002
4539015
4539023
4539030
4539041
4539059
4539077
4539088
4539096
4539100
4539113
4539125
4539132
4539148
4539154
4539169
4539176
4539181
4539197
4539204
4539216
4539229
4539231
4539247
4539250
4539273
4539282
4539317
4539324
4539338
4539352
4539363
4539375
4539380
4539391
4539407
4539410
4539435
4539444
4539456
4539461
4539472
4539503
4539511
4539522
4539536
4539545
4539558
4539567
4539574
4539589
4539590
4539605
4539618
4539620
4539643
4539651
4539666
4539679
4539684
4539714
4539727
4539739
4539740
4539753
4539762
4539771
4539786
4539795
4539806
4539821
4539833
4539849
4539857
4539868
4539870
4539885
4539894
4539901
4539919
4539926
4539934
4539942
4539955
4539960
4539978
4539987
4539993
4540003
4540011
4540022
4540036
4540045
4540058
4540067
4540074
4540089
4540090
4540106
4540112
4540121
4540133
4540149
4540157
4540168
4540170
4540185
4540194
4540207
4540210
4540228
4540235
4540244
4540256
4540261
4540272
4540283
4540299
4540314
4540327
4540339
4540340
4540353
4540362
4540371
4540386
4540395
4540404
4540416
4540429
4540431
4540447
4540450
4540465
4540473
4540482
4540498
4540502
4540515
4540523
4540530
4540541
4540559
4540564
4540577
4540588
4540596
4540601
4540619
4540626
4540634
4540642
4540655
4540660
4540678
4540687
4540693
4540709
4540717
4540724
4540738
4540746
4540752
4540763
4540775
4540780
4540791
4540800
4540825
4540832
4540854
4540869
4540876
4540881
4540897
4540905
4540918
4540920
4540937
4540943
4540951
4540979
4540992
4541009
4541017
4541038
4541046
4541052
4541063
4541075
4541080
4541091
4541108
4541114
4541127
4541139
4541140
4541153
4541162
4541171
4541186
4541195
4541203
4541211
4541222
4541236
4541245
4541267
4541274
4541289
4541290
4541302
4541315
4541323
4541330
4541341
4541359
4541364
4541377
4541388
4541405
4541418
4541420
4541437
4541443
4541451
4541466
4541479
4541484
4541492
4541504
4541516
4541529
4541531
4541547
4541550
4541573
4541582
4541598
4541607
4541610
4541628
4541635
4541644
4541656
4541661
4541672
4541683
4541699
4541700
4541713
4541725
4541748
4541754
4541769
4541776
4541781
4541797
4541801
4541819
4541826
4541834
4541842
4541855
4541860
4541878
4541887
4541893
4541906
4541912
4541921
4541933
4541949
4541957
4541968
4541970
4541985
4541994
4542008
4542014
4542027
4542040
4542053
4542062
4542071
4542086
4542095
4542109
4542117
4542124
4542138
4542146
4542152
4542163
4542180
4542191
4542202
4542215
4542223
4542230
4542241
4542259
4542264
4542277
4542288
4542296
4542303
4542311
4542322
4542336
4542345
4542358
4542367
4542374
4542389
4542390
4542401
4542419
4542426
4542434
4542442
4542455
4542460
4542478
4542487
4542493
4542544
4542556
4542572
4542604
4542616
4542629
4542631
4542647
4542650
4542665
4542673
4542682
4542698
4542706
4542712
4542721
4542733
4542749
4542768
4542770
4542785
4542794
4542805
4542818
4542820
4542837
4542843
4542851
4542866
4542879
4542884
4542892
4542900
4542913
4542925
4542932
4542948
4542954
4542969
4542976
4542981
4542997
4543001
4543019
4543026
4543034
4543042
4543055
4543060
4543078
4543087
4543093
4543104
4543116
4543129
4543131
4543147
4543150
4543165
4543173
4543182
4543198
4543200
4543213
4543232
4543248
4543254
4543269
4543276
4543281
4543297
4543305
4543318
4543320
4543337
4543343
4543351
4543366
4543379
4543384
4543392
4543408
4543414
4543439
4543440
4543462
4543471
4543486
4543495
4543506
4543512
4543521
4543533
4543549
4543557
4543568
4543570
4543585
4543617
4543624
4543638
4543646
4543652
4543675
4543680
4543691
4543707
4543710
4543728
4543735
4543744
4543761
4543772
4543783
4543799
4543822
4543845
4543867
4543889
4543890
4543902
4543915
4543923
4543930
4543941
4543959
4543964
4543988
4543996
4544006
4544012
4544021
4544033
4544049
4544057
4544068
4544070
4544085
4544094
4544103
4544111
4544122
4544136
4544145
4544167
4544174
4544189
4544190
4544208
4544227
4544239
4544240
4544253
4544262
4544271
4544286
4544295
4544307
4544310
4544328
4544335
4544344
4544356
4544361
4544372
4544399
4544400
4544413
4544425
4544432
4544448
4544454
4544469
4544476
4544481
4544497
4544501
4544519
4544526
4544534
4544542
4544555
4544560
4544578
4544587
4544593
4544602
4544615
4544623
4544630
4544641
4544659
4544664
4544677
4544688
4544696
4544705
4544718
4544720
4544737
4544743
4544751
4544766
4544779
4544784
4544792
4544804
4544816
4544829
4544831
4544847
4544850
4544865
4544873
4544882
4544898
4544909
4544917
4544924
4544938
4544946
4544952
4544963
4544975
4544980
4544991
4545005
4545018
4545020
4545037
4545043
4545051
4545066
4545079
4545084
4545092
4545107
4545110
4545128
4545135
4545144
4545156
4545161
4545172
4545183
4545199
4545212
4545221
4545233
4545249
4545257
4545268
4545270
4545285
4545294
4545301
4545319
4545326
4545334
4545342
4545355
4545360
4545378
4545393
4545409
4545417
4545424
4545438
4545446
4545452
4545463
4545480
4545491
4545500
4545525
4545532
4545548
4545554
4545569
4545576
4545581
4545597
4545608
4545614
4545627
4545639
4545640
4545662
4545671
4545686
4545695
4545704
4545729
4545731
4545747
4545765
4545773
4545782
4545798
4545802
4545815
4545823
4545830
4545841
4545859
4545864
4545877
4545888
4545896
4545903
4545911
4545922
4545945
4545967
4545989
4545990
4546004
4546016
4546029
4546031
4546047
4546050
4546065
4546073
4546082
4546098
4546101
4546119
4546126
4546134
4546142
4546155
4546160
4546178
4546187
4546193
4546218
4546220
4546237
4546243
4546251
4546266
4546279
4546284
4546292
4546300
4546313
4546325
4546332
4546348
4546369
4546376
4546381
4546403
4546411
4546422
4546436
4546445
4546467
4546474
4546489
4546490
4546509
4546517
4546524
4546538
4546546
4546552
4546563
4546575
4546580
4546591
4546606
4546612
4546621
4546633
4546649
4546657
4546668
4546685
4546694
4546702
4546715
4546723
4546730
4546741
4546759
4546777
4546788
4546796
4546808
4546814
4546827
4546839
4546840
4546853
4546862
4546871
4546886
4546895
4546907
4546928
4546944
4546956
4546961
4546983
4547000
4547013
4547025
4547048
4547054
4547069
4547076
4547081
4547097
4547102
4547123
4547130
4547141
4547159
4547164
4547177
4547188
4547196
4547209
4547217
4547224
4547238
4547246
4547252
4547263
4547275
4547291
4547304
4547316
4547329
4547331
4547347
4547350
4547365
4547382
4547398
4547406
4547412
4547421
4547433
4547457
4547468
4547470
4547485
4547505
4547518
4547520
4547537
4547543
4547551
4547566
4547579
4547584
4547603
4547611
4547622
4547636
4547658
4547667
4547689
4547690
4547719
4547726
4547734
4547742
4547755
4547760
4547778
4547787
4547793
4547810
4547828
4547835
4547844
4547856
4547861
4547872
4547883
4547908
4547927
4547939
4547940
4547953
4547962
4547971
4547986
4547995
4548002
4548015
4548023
4548041
4548088
4548096
4548100
4548113
4548125
4548132
4548148
4548154
4548169
4548176
4548181
4548197
4548204
4548216
4548229
4548231
4548247
4548250
4548265
4548273
4548282
4548298
4548317
4548324
4548338
4548346
4548352
4548363
4548375
4548380
4548391
4548407
4548410
4548428
4548435
4548444
4548456
4548461
4548472
4548483
4548499
4548503
4548511
4548522
4548536
4548545
4548558
4548567
4548574
4548589
4548590
4548605
4548618
4548620
4548637
4548643
4548666
4548684
4548692
4548714
4548727
4548739
4548740
4548762
4548771
4548786
4548795
4548806
4548812
4548833
4548849
4548857
4548868
4548870
4548885
4548894
4548901
4548919
4548926
4548934
4548942
4548955
4548960
4548978
4548987
4548993
4549007
4549010
4549028
4549035
4549044
4549056
4549061
4549072
4549083
4549099
4549118
4549120
4549137
4549151
4549166
4549179
4549184
4549192
4549201
4549219
4549226
4549234
4549242
4549255
4549260
4549287
4549293
4549306
4549312
4549321
4549333
4549349
4549357
4549368
4549370
4549385
4549394
4549402
4549415
4549423
4549430
4549459
4549464
4549477
4549488
4549508
4549527
4549539
4549540
4549553
4549562
4549571
4549586
4549595
4549600
4549613
4549625
4549632
4549648
4549654
4549681
4549697
4549703
4549711
4549722
4549736
4549745
4549758
4549767
4549774
4549789
4549809
4549824
4549838
4549846
4549863
4549875
4549880
4549891
4549916
4549929
4549931
4549947
4549950
4549965
4549973
4549982
4549998
4550019
4550026
4550034
4550042
4550055
4550060
4550078
4550087
4550093
4550104
4550129
4550131
4550147
4550150
4550165
4550173
4550182
4550198
4550200
4550213
4550225
4550232
4550248
4550269
4550276
4550281
4550297
4550305
4550318
4550320
4550337
4550343
4550351
4550366
4550379
4550384
4550392
4550408
4550414
4550427
4550439
4550440
4550453
4550462
4550486
4550495
4550506
4550512
4550521
4550533
4550549
4550557
4550568
4550570
4550585
4550594
4550609
4550617
4550624
4550638
4550646
4550652
4550675
4550680
4550691
4550707
4550710
4550735
4550744
4550761
4550772
4550783
4550799
4550811
4550822
4550836
4550845
4550858
4550867
4550874
4550889
4550890
4550902
4550915
4550923
4550930
4550941
4550964
4550977
4550988
4550996
4551007
4551010
4551028
4551035
4551056
4551061
4551072
4551083
4551099
4551105
4551118
4551120
4551137
4551143
4551151
4551166
4551179
4551184
4551192
4551201
4551219
4551226
4551234
4551242
4551255
4551260
4551278
4551287
4551293
4551306
4551312
4551321
4551333
4551349
4551357
4551368
4551370
4551385
4551394
4551402
4551415
4551423
4551430
4551441
4551459
4551464
4551477
4551488
4551496
4551508
4551514
4551527
4551539
4551540
4551553
4551562
4551571
4551586
4551595
4551600
4551613
4551625
4551632
4551648
4551654
4551669
4551676
4551697
4551703
4551711
4551722
4551736
4551745
4551758
4551767
4551774
4551789
4551790
4551809
4551817
4551838
4551846
4551852
4551875
4551880
4551891
4551904
4551916
4551929
4551931
4551947
4551950
4551965
4551973
4551998
4552005
4552018
4552037
4552043
4552051
4552066
4552079
4552084
4552107
4552110
4552128
4552135
4552144
4552161
4552172
4552183
4552199
4552212
4552221
4552233
4552249
4552257
4552268
4552270
4552285
4552294
4552301
4552319
4552326
4552334
4552342
4552360
4552378
4552387
4552393
4552417
4552424
4552438
4552446
4552452
4552463
4552475
4552500
4552513
4552525
4552532
4552548
4552554
4552576
4552597
4552614
4552627
4552639
4552640
4552653
4552662
4552671
4552686
4552695
4552704
4552716
4552729
4552731
4552750
4552765
4552773
4552798
4552802
4552815
4552823
4552830
4552841
4552859
4552864
4552877
4552888
4552903
4552911
4552936
4552945
4552958
4552967
4552974
4552990
4553009
4553038
4553046
4553052
4553063
4553075
4553080
4553091
4553108
4553114
4553127
4553139
4553140
4553153
4553162
4553171
4553186
4553195
4553203
4553211
4553222
4553236
4553245
4553267
4553274
4553289
4553290
4553302
4553315
4553323
4553330
4553359
4553364
4553377
4553388
4553396
4553405
4553418
4553420
4553437
4553443
4553451
4553466
4553479
4553484
4553492
4553504
4553516
4553529
4553531
4553547
4553550
4553565
4553573
4553582
4553598
4553607
4553628
4553635
4553644
4553661
4553672
4553683
4553699
4553700
4553713
4553725
4553732
4553748
4553754
4553769
4553781
4553797
4553801
4553819
4553826
4553834
4553842
4553855
4553860
4553878
4553887
4553893
4553912
4553921
4553949
4553957
4553968
4553970
4553985
4553994
4554004
4554016
4554029
4554031
4554047
4554050
4554073
4554098
4554119
4554126
4554134
4554142
4554155
4554160
4554178
4554187
4554193
4554205
4554218
4554220
4554237
4554243
4554251
4554266
4554279
4554284
4554292
4554300
4554313
4554325
4554332
4554348
4554354
4554369
4554376
4554397
4554403
4554411
4554422
4554436
4554445
4554467
4554474
4554489
4554490
4554509
4554517
4554524
4554538
4554546
4554552
4554575
4554580
4554591
4554606
4554612
4554621
4554633
4554649
4554657
4554668
4554670
4554685
4554694
4554715
4554723
4554730
4554741
4554759
4554764
4554777
4554788
4554796
4554808
4554814
4554827
4554839
4554840
4554853
4554862
4554871
4554886
4554895
4554907
4554910
4554928
4554935
4554944
4554956
4554961
4554983
4554999
4555002
4555015
4555023
4555030
4555041
4555059
4555064
4555077
4555088
4555096
4555100
4555113
4555132
4555148
4555154
4555169
4555176
4555181
4555204
4555216
4555229
4555231
4555247
4555250
4555265
4555273
4555282
4555298
4555309
4555317
4555324
4555338
4555346
4555352
4555363
4555375
4555380
4555391
4555407
4555410
4555428
4555435
4555444
4555456
4555461
4555472
4555483
4555499
4555503
4555511
4555522
4555536
4555545
4555558
4555567
4555574
4555589
4555590
4555605
4555618
4555620
4555643
4555651
4555666
4555679
4555692
4555708
4555714
4555727
4555739
4555740
4555753
4555762
4555771
4555786
4555795
4555806
4555812
4555821
4555833
4555849
4555857
4555868
4555870
4555885
4555894
4555901
4555919
4555926
4555934
4555942
4555960
4555978
4555987
4555993
4556008
4556027
4556039
4556040
4556053
4556062
4556071
4556086
4556095
4556109
4556117
4556124
4556138
4556146
4556152
4556163
4556175
4556191
4556202
4556215
4556223
4556241
4556259
4556264
4556277
4556288
4556296
4556303
4556311
4556322
4556336
4556345
4556358
4556367
4556374
4556389
4556390
4556401
4556419
4556426
4556434
4556442
4556455
4556460
4556478
4556487
4556493
4556507
4556510
4556528
4556535
4556544
4556556
4556561
4556572
4556583
4556604
4556629
4556647
4556650
4556665
4556698
4556706
4556712
4556733
4556749
4556757
4556768
4556770
4556785
4556794
4556805
4556818
4556820
4556837
4556843
4556851
4556866
4556879
4556884
4556892
4556900
4556913
4556925
4556932
4556948
4556954
4556976
4556981
4556997
4557003
4557011
4557022
4557036
4557045
4557058
4557067
4557074
4557089
4557090
4557106
4557112
4557121
4557133
4557149
4557168
4557170
4557185
4557194
4557207
4557210
4557228
4557235
4557244
4557261
4557272
4557283
4557299
4557308
4557314
4557327
4557339
4557362
4557371
4557395
4557404
4557416
4557429
4557431
4557450
4557465
4557482
4557498
4557502
4557515
4557523
4557530
4557541
4557559
4557564
4557577
4557588
4557601
4557619
4557634
4557642
4557660
4557678
4557693
4557709
4557717
4557724
4557738
4557746
4557752
4557763
4557775
4557780
4557791
4557800
4557813
4557825
4557832
4557848
4557854
4557869
4557876
4557881
4557905
4557918
4557920
4557937
4557943
4557951
4557966
4557979
4557984
4557992
4558006
4558021
4558033
4558057
4558068
4558070
4558085
4558094
4558103
4558111
4558122
4558136
4558145
4558167
4558189
4558190
4558208
4558214
4558227
4558239
4558240
4558253
4558262
4558271
4558286
4558295
4558307
4558310
4558328
4558335
4558344
4558356
4558361
4558372
4558383
4558399
4558413
4558425
4558432
4558448
4558454
4558469
4558476
4558481
4558497
4558501
4558526
4558542
4558555
4558560
4558587
4558593
4558602
4558615
4558623
4558630
4558641
4558659
4558664
4558677
4558688
4558696
4558720
4558737
4558743
4558751
4558779
4558784
4558792
4558804
4558816
4558829
4558831
4558847
4558850
4558865
4558873
4558882
4558898
4558909
4558917
4558924
4558938
4558952
4558963
4558975
4558980
4558991
4559000
4559013
4559025
4559032
4559048
4559054
4559069
4559076
4559081
4559097
4559102
4559115
4559130
4559159
4559164
4559177
4559188
4559209
4559217
4559224
4559238
4559246
4559252
4559263
4559275
4559280
4559291
4559304
4559316
4559329
4559331
4559347
4559365
4559373
4559382
4559398
4559406
4559412
4559421
4559433
4559449
4559457
4559468
4559470
4559485
4559494
4559505
4559518
4559537
4559543
4559551
4559566
4559579
4559584
4559592
4559603
4559611
4559636
4559645
4559658
4559674
4559689
4559690
4559719
4559726
4559734
4559742
4559755
4559760
4559778
4559787
4559793
4559807
4559810
4559828
4559835
4559844
4559861
4559872
4559883
4559899
4559908
4559914
4559927
4559939
4559940
4559953
4559962
4559971
4559986
4559995
4560009
4560017
4560038
4560046
4560052
4560075
4560080
4560091
4560108
4560114
4560127
4560139
4560140
4560153
4560162
4560171
4560186
4560195
4560203
4560211
4560222
4560245
4560267
4560274
4560289
4560315
4560323
4560330
4560359
4560364
4560377
4560388
4560396
4560418
4560420
4560437
4560479
4560484
4560492
4560504
4560516
4560529
4560531
4560547
4560550
4560565
4560573
4560582
4560598
4560607
4560610
4560628
4560635
4560644
4560656
4560683
4560699
4560700
4560713
4560725
4560732
4560748
4560769
4560776
4560781
4560797
4560801
4560819
4560826
4560834
4560842
4560855
4560860
4560878
4560893
4560906
4560912
4560933
4560949
4560957
4560968
4560970
4560985
4560994
4561000
4561013
4561025
4561032
4561048
4561054
4561069
4561076
4561081
4561097
4561102
4561115
4561123
4561159
4561164
4561177
4561188
4561196
4561209
4561217
4561224
4561238
4561246
4561252
4561263
4561275
4561291
4561304
4561316
4561329
4561331
4561347
4561365
4561373
4561382
4561398
4561412
4561433
4561449
4561457
4561468
4561470
4561485
4561494
4561505
4561518
4561537
4561543
4561551
4561566
4561579
4561584
4561592
4561603
4561611
4561622
4561636
4561645
4561658
4561667
4561674
4561689
4561690
4561701
4561719
4561726
4561734
4561742
4561755
4561760
4561778
4561787
4561793
4561807
4561810
4561828
4561835
4561844
4561856
4561861
4561872
4561908
4561927
4561939
4561940
4561953
4561962
4561971
4561986
4561995
4562002
4562015
4562023
4562030
4562041
4562059
4562064
4562077
4562088
4562096
4562100
4562113
4562125
4562132
4562148
4562154
4562169
4562176
4562181
4562197
4562204
4562216
4562229
4562231
4562247
4562250
4562265
4562282
4562298
4562309
4562317
4562324
4562338
4562346
4562352
4562363
4562375
4562391
4562407
4562410
4562428
4562435
4562444
4562456
4562461
4562472
4562483
4562499
4562503
4562511
4562522
4562536
4562545
4562558
4562567
4562574
4562589
4562590
4562605
4562618
4562620
4562666
4562679
4562684
4562692
4562708
4562714
4562727
4562739
4562740
4562753
4562762
4562771
4562786
4562806
4562812
4562821
4562833
4562849
4562857
4562868
4562885
4562894
4562901
4562919
4562926
4562934
4562942
4562955
4562960
4562978
4562987
4562993
4563007
4563010
4563028
4563035
4563044
4563056
4563061
4563072
4563083
4563099
4563105
4563118
4563120
4563137
4563151
4563166
4563179
4563184
4563192
4563201
4563219
4563226
4563234
4563242
4563255
4563260
4563287
4563293
4563306
4563312
4563321
4563333
4563349
4563357
4563368
4563370
4563385
4563394
4563402
4563423
4563430
4563441
4563459
4563464
4563477
4563488
4563496
4563508
4563514
4563527
4563539
4563540
4563562
4563571
4563586
4563595
4563600
4563613
4563625
4563632
4563648
4563654
4563669
4563676
4563681
4563697
4563703
4563711
4563722
4563736
4563745
4563758
4563767
4563774
4563789
4563790
4563809
4563817
4563824
4563838
4563846
4563852
4563863
4563880
4563891
4563904
4563916
4563929
4563931
4563947
4563950
4563965
4563973
4563982
4563998
4564008
4564014
4564027
4564039
4564040
4564053
4564062
4564071
4564086
4564095
4564117
4564124
4564138
4564146
4564152
4564163
4564175
4564180
4564191
4564202
4564215
4564223
4564230
4564241
4564259
4564264
4564277
4564288
4564296
4564303
4564311
4564322
4564336
4564345
4564358
4564367
4564374
4564389
4564390
4564401
4564419
4564426
4564434
4564442
4564455
4564460
4564478
4564487
4564510
4564528
4564535
4564544
4564556
4564561
4564572
4564599
4564604
4564616
4564629
4564631
4564647
4564650
4564665
4564673
4564682
4564706
4564712
4564721
4564733
4564749
4564757
4564768
4564770
4564785
4564794
4564805
4564837
4564851
4564866
4564879
4564892
4564913
4564925
4564932
4564969
4564976
4564981
4564997
4565006
4565012
4565021
4565033
4565049
4565057
4565068
4565070
4565085
4565094
4565103
4565111
4565122
4565136
4565145
4565167
4565174
4565189
4565190
4565208
4565227
4565239
4565240
4565253
4565262
4565271
4565286
4565295
4565307
4565310
4565335
4565344
4565361
4565372
4565383
4565399
4565400
4565413
4565425
4565432
4565448
4565454
4565469
4565476
4565481
4565497
4565501
4565519
4565526
4565534
4565542
4565555
4565560
4565587
4565593
4565602
4565615
4565623
4565630
4565641
4565659
4565664
4565677
4565688
4565696
4565705
4565718
4565720
4565737
4565743
4565751
4565766
4565779
4565784
4565792
4565804
4565816
4565829
4565831
4565850
4565865
4565873
4565882
4565898
4565909
4565917
4565924
4565938
4565946
4565952
4565963
4565975
4565980
4565991
4566005
4566018
4566020
4566037
4566043
4566051
4566066
4566079
4566084
4566092
4566107
4566110
4566128
4566135
4566144
4566161
4566172
4566199
4566206
4566212
4566233
4566249
4566257
4566268
4566270
4566285
4566294
4566301
4566319
4566326
4566334
4566342
4566355
4566360
4566378
4566387
4566393
4566409
4566417
4566424
4566438
4566446
4566452
4566463
4566475
4566480
4566491
4566500
4566513
4566532
4566548
4566554
4566569
4566576
4566597
4566608
4566614
4566639
4566640
4566653
4566662
4566671
4566686
4566695
4566704
4566716
4566729
4566731
4566747
4566750
4566765
4566773
4566782
4566798
4566802
4566815
4566823
4566830
4566841
4566859
4566864
4566877
4566888
4566896
4566903
4566911
4566922
4566936
4566945
4566967
4566989
4566990
4567001
4567019
4567026
4567034
4567042
4567055
4567060
4567078
4567087
4567093
4567104
4567116
4567129
4567131
4567147
4567150
4567165
4567173
4567182
4567198
4567200
4567213
4567225
4567232
4567248
4567254
4567269
4567281
4567297
4567318
4567320
4567337
4567343
4567351
4567366
4567379
4567384
4567392
4567408
4567414
4567427
4567439
4567440
4567453
4567462
4567471
4567486
4567495
4567506
4567512
4567533
4567549
4567557
4567568
4567570
4567585
4567609
4567617
4567624
4567652
4567663
4567675
4567680
4567707
4567728
4567735
4567744
4567756
4567761
4567772
4567783
4567799
4567803
4567811
4567822
4567845
4567858
4567867
4567874
4567889
4567890
4567902
4567915
4567930
4567941
4567959
4567964
4567977
4567988
4567996
4568004
4568016
4568029
4568031
4568047
4568050
4568065
4568073
4568082
4568098
4568101
4568119
4568126
4568134
4568142
4568155
4568160
4568178
4568187
4568193
4568205
4568218
4568220
4568237
4568243
4568251
4568266
4568284
4568292
4568300
4568313
4568332
4568348
4568354
4568369
4568376
4568381
4568397
4568403
4568411
4568422
4568436
4568445
4568458
4568467
4568474
4568489
4568509
4568517
4568524
4568538
4568552
4568575
4568580
4568591
4568606
4568612
4568621
4568633
4568649
4568657
4568668
4568670
4568685
4568702
4568715
4568723
4568730
4568741
4568759
4568764
4568788
4568808
4568827
4568840
4568853
4568862
4568871
4568886
4568895
4568907
4568910
4568928
4568935
4568944
4568956
4568961
4568972
4568983
4568999
4569003
4569011
4569022
4569036
4569045
4569058
4569067
4569074
4569089
4569090
4569106
4569112
4569121
4569133
4569149
4569157
4569168
4569170
4569194
4569207
4569210
4569235
4569244
4569256
4569261
4569272
4569283
4569299
4569308
4569314
4569327
4569339
4569340
4569353
4569371
4569395
4569404
4569416
4569429
4569431
4569447
4569450
4569465
4569482
4569498
4569502
4569515
4569523
4569541
4569564
4569577
4569588
4569596
4569601
4569619
4569626
4569634
4569642
4569655
4569660
4569678
4569687
4569693
4569717
4569724
4569746
4569752
4569763
4569775
4569780
4569791
4569813
4569825
4569832
4569848
4569854
4569869
4569876
4569881
4569897
4569905
4569918
4569920
4569937
4569943
4569951
4569966
4569979
4569984
4569992
4570004
4570016
4570031
4570047
4570050
4570065
4570073
4570082
4570098
4570101
4570119
4570126
4570134
4570142
4570155
4570178
4570187
4570193
4570205
4570218
4570220
4570237
4570243
4570251
4570266
4570279
4570284
4570292
4570300
4570313
4570325
4570332
4570348
4570354
4570369
4570376
4570381
4570397
4570403
4570422
4570436
4570458
4570467
4570474
4570489
4570490
4570509
4570517
4570538
4570546
4570552
4570563
4570575
4570591
4570606
4570612
4570621
4570649
4570657
4570668
4570670
4570685
4570694
4570702
4570715
4570723
4570730
4570741
4570759
4570764
4570777
4570788
4570796
4570808
4570814
4570827
4570839
4570840
4570853
4570871
4570895
4570907
4570910
4570928
4570935
4570956
4570961
4570972
4570983
4570999
4571002
4571015
4571023
4571030
4571041
4571059
4571064
4571077
4571088
4571096
4571100
4571113
4571125
4571132
4571148
4571154
4571169
4571176
4571181
4571197
4571204
4571231
4571247
4571250
4571265
4571273
4571282
4571309
4571317
4571324
4571338
4571346
4571363
4571380
4571391
4571407
4571410
4571428
4571435
4571444
4571456
4571461
4571472
4571483
4571499
4571503
4571511
4571522
4571536
4571545
4571567
4571574
4571590
4571605
4571618
4571637
4571651
4571666
4571679
4571684
4571692
4571708
4571714
4571727
4571739
4571740
4571753
4571762
4571771
4571786
4571795
4571806
4571812
4571821
4571849
4571857
4571868
4571870
4571885
4571894
4571901
4571926
4571934
4571942
4571955
4571960
4571978
4571987
4571993
4572000
4572013
4572032
4572048
4572054
4572069
4572076
4572081
4572097
4572102
4572115
4572123
4572130
4572141
4572159
4572164
4572177
4572188
4572196
4572209
4572217
4572246
4572252
4572263
4572275
4572280
4572291
4572304
4572316
4572329
4572331
4572347
4572350
4572365
4572373
4572382
4572398
4572406
4572412
4572421
4572433
4572449
4572457
4572485
4572494
4572505
4572518
4572520
4572537
4572543
4572551
4572566
4572579
4572584
4572592
4572603
4572611
4572622
4572636
4572645
4572667
4572674
4572689
4572690
4572701
4572719
4572726
4572734
4572742
4572755
4572760
4572778
4572787
4572793
4572807
4572810
4572835
4572844
4572856
4572861
4572872
4572883
4572899
4572908
4572914
4572927
4572939
4572940
4572953
4572962
4572971
4572986
4572995
4573006
4573012
4573021
4573033
4573068
4573070
4573085
4573094
4573103
4573111
4573122
4573136
4573145
4573167
4573174
4573189
4573190
4573214
4573227
4573239
4573240
4573253
4573262
4573271
4573295
4573307
4573310
4573328
4573344
4573356
4573361
4573372
4573383
4573399
4573400
4573413
4573425
4573432
4573448
4573454
4573469
4573476
4573481
4573497
4573501
4573519
4573534
4573542
4573555
4573560
4573587
4573602
4573615
4573623
4573641
4573659
4573664
4573677
4573688
4573696
4573705
4573718
4573720
4573737
4573751
4573766
4573784
4573792
4573804
4573816
4573829
4573847
4573850
4573865
4573873
4573882
4573898
4573909
4573917
4573924
4573938
4573946
4573952
4573963
4573975
4573980
4573991
4574001
4574019
4574026
4574034
4574042
4574055
4574078
4574087
4574093
4574104
4574116
4574129
4574131
4574147
4574150
4574165
4574173
4574182
4574198
4574200
4574225
4574232
4574248
4574254
4574269
4574305
4574318
4574320
4574337
4574343
4574351
4574366
4574379
4574384
4574392
4574408
4574414
4574427
4574439
4574440
4574453
4574462
4574471
4574486
4574495
4574506
4574512
4574521
4574533
4574549
4574557
4574568
4574585
4574594
4574609
4574617
4574624
4574638
4574646
4574652
4574663
4574675
4574680
4574707
4574728
4574735
4574744
4574756
4574761
4574772
4574783
4574799
4574803
4574836
4574845
4574867
4574874
4574889
4574890
4574902
4574915
4574923
4574930
4574941
4574964
4574977
4574988
4574996
4575007
4575010
4575028
4575035
4575044
4575056
4575072
4575083
4575099
4575105
4575118
4575120
4575137
4575143
4575151
4575166
4575184
4575192
4575201
4575219
4575226
4575234
4575242
4575255
4575260
4575278
4575287
4575293
4575306
4575312
4575321
4575333
4575357
4575368
4575370
4575385
4575394
4575402
4575415
4575423
4575430
4575441
4575459
4575464
4575477
4575488
4575496
4575508
4575514
4575527
4575539
4575540
4575553
4575562
4575586
4575595
4575600
4575613
4575625
4575632
4575654
4575669
4575676
4575681
4575697
4575703
4575711
4575722
4575736
4575745
4575758
4575767
4575774
4575789
4575790
4575809
4575817
4575824
4575846
4575852
4575863
4575875
4575880
4575891
4575904
4575916
4575929
4575931
4575947
4575950
4575973
4575982
4575998
4576003
4576011
4576022
4576036
4576045
4576058
4576067
4576074
4576089
4576090
4576106
4576112
4576133
4576149
4576157
4576170
4576185
4576194
4576207
4576210
4576228
4576256
4576261
4576272
4576283
4576299
4576308
4576314
4576327
4576353
4576362
4576371
4576386
4576404
4576416
4576429
4576431
4576447
4576450
4576465
4576473
4576482
4576498
4576502
4576515
4576523
4576530
4576541
4576559
4576564
4576577
4576588
4576596
4576601
4576626
4576634
4576642
4576655
4576660
4576678
4576687
4576693
4576709
4576717
4576724
4576738
4576746
4576752
4576763
4576775
4576780
4576791
4576800
4576825
4576848
4576854
4576869
4576881
4576897
4576905
4576918
4576920
4576937
4576943
4576951
4576979
4576984
4576992
4577008
4577014
4577027
4577039
4577040
4577053
4577062
4577071
4577086
4577095
4577109
4577117
4577124
4577146
4577152
4577163
4577175
4577180
4577191
4577202
4577215
4577223
4577230
4577241
4577259
4577264
4577277
4577288
4577296
4577303
4577311
4577322
4577336
4577345
4577358
4577367
4577374
4577390
4577401
4577419
4577426
4577434
4577442
4577460
4577487
4577493
4577507
4577510
4577528
4577535
4577544
4577556
4577572
4577583
4577599
4577604
4577616
4577629
4577631
4577647
4577650
4577665
4577673
4577682
4577698
4577706
4577712
4577721
4577733
4577749
4577757
4577768
4577770
4577785
4577794
4577805
4577818
4577820
4577837
4577843
4577851
4577866
4577879
4577884
4577892
4577900
4577913
4577925
4577932
4577948
4577969
4577976
4577981
4577997
4578009
4578024
4578038
4578046
4578052
4578063
4578075
4578080
4578091
4578108
4578114
4578127
4578139
4578140
4578153
4578162
4578171
4578186
4578195
4578211
4578236
4578245
4578258
4578267
4578274
4578289
4578290
4578302
4578315
4578330
4578341
4578359
4578364
4578377
4578388
4578405
4578418
4578420
4578437
4578443
4578451
4578466
4578479
4578484
4578492
4578504
4578516
4578529
4578547
4578550
4578565
4578573
4578582
4578598
4578607
4578610
4578628
4578635
4578644
4578656
4578661
4578672
4578683
4578699
4578700
4578713
4578725
4578732
4578748
4578769
4578776
4578781
4578797
4578801
4578819
4578826
4578834
4578842
4578855
4578860
4578887
4578893
4578906
4578912
4578921
4578933
4578949
4578957
4578968
4578970
4578994
4579005
4579018
4579020
4579037
4579043
4579051
4579066
4579079
4579084
4579092
4579107
4579128
4579135
4579144
4579156
4579161
4579183
4579199
4579206
4579212
4579221
4579233
4579249
4579257
4579268
4579270
4579285
4579301
4579319
4579326
4579334
4579342
4579355
4579360
4579378
4579387
4579393
4579409
4579417
4579424
4579438
4579446
4579452
4579475
4579491
4579500
4579525
4579532
4579548
4579554
4579569
4579576
4579581
4579597
4579608
4579614
4579627
4579639
4579640
4579653
4579662
4579671
4579686
4579695
4579704
4579716
4579729
4579731
4579747
4579750
4579765
4579773
4579782
4579798
4579802
4579823
4579830
4579841
4579859
4579864
4579877
4579896
4579903
4579922
4579936
4579945
4579958
4579967
4579974
4579989
4579990
4580006
4580012
4580021
4580033
4580049
4580057
4580070
4580094
4580103
4580111
4580122
4580136
4580145
4580158
4580167
4580174
4580189
4580190
4580208
4580214
4580227
4580239
4580253
4580262
4580295
4580307
4580328
4580344
4580383
4580399
4580400
4580413
4580425
4580432
4580448
4580454
4580469
4580476
4580481
4580497
4580501
4580519
4580526
4580534
4580542
4580555
4580560
4580578
4580587
4580593
4580602
4580615
4580623
4580630
4580641
4580659
4580677
4580688
4580696
4580705
4580718
4580737
4580743
4580751
4580766
4580779
4580784
4580792
4580804
4580816
4580829
4580847
4580850
4580865
4580873
4580882
4580898
4580909
4580917
4580924
4580938
4580946
4580952
4580963
4580975
4580980
4580991
4581005
4581018
4581020
4581037
4581043
4581066
4581079
4581084
4581092
4581110
4581144
4581161
4581172
4581183
4581199
4581206
4581212
4581221
4581233
4581257
4581268
4581270
4581285
4581294
4581301
4581319
4581326
4581334
4581355
4581360
4581378
4581387
4581393
4581409
4581417
4581438
4581446
4581452
4581463
4581475
4581491
4581500
4581513
4581532
4581548
4581554
4581576
4581581
4581597
4581608
4581614
4581627
4581639
4581640
4581653
4581662
4581671
4581686
4581716
4581731
4581747
4581750
4581765
4581773
4581782
4581798
4581802
4581815
4581823
4581830
4581841
4581859
4581864
4581877
4581888
4581896
4581903
4581911
4581922
4581936
4581945
4581958
4581967
4581974
4581989
4581990
4582007
4582010
4582035
4582044
4582056
4582061
4582072
4582083
4582105
4582118
4582120
4582137
4582143
4582151
4582166
4582179
4582184
4582192
4582201
4582219
4582226
4582234
4582242
4582255
4582278
4582287
4582293
4582312
4582321
4582349
4582357
4582368
4582370
4582385
4582394
4582402
4582415
4582423
4582430
4582441
4582464
4582477
4582488
4582508
4582514
4582527
4582539
4582540
4582553
4582562
4582571
4582595
4582600
4582613
4582625
4582632
4582648
4582654
4582669
4582676
4582681
4582697
4582703
4582711
4582722
4582736
4582745
4582767
4582774
4582789
4582790
4582809
4582817
4582824
4582846
4582863
4582875
4582880
4582891
4582904
4582916
4582929
4582931
4582947
4582950
4582965
4582973
4582982
4582998
4583030
4583041
4583059
4583064
4583077
4583088
4583096
4583100
4583113
4583125
4583148
4583154
4583169
4583176
4583181
4583197
4583204
4583216
4583229
4583231
4583247
4583250
4583265
4583273
4583282
4583298
4583309
4583317
4583324
4583338
4583346
4583352
4583363
4583375
4583380
4583391
4583407
4583410
4583428
4583435
4583444
4583456
4583461
4583472
4583483
4583499
4583503
4583511
4583522
4583536
4583545
4583558
4583567
4583574
4583589
4583590
4583605
4583618
4583620
4583637
4583643
4583651
4583666
4583679
4583684
4583692
4583708
4583714
4583727
4583739
4583740
4583753
4583762
4583771
4583786
4583795
4583806
4583812
4583821
4583833
4583849
4583857
4583868
4583870
4583885
4583919
4583926
4583942
4583960
4583978
4583987
4583993
4584003
4584011
4584022
4584036
4584045
4584058
4584067
4584074
4584089
4584090
4584106
4584112
4584121
4584133
4584149
4584157
4584168
4584170
4584185
4584194
4584207
4584210
4584228
4584235
4584244
4584256
4584261
4584272
4584283
4584314
4584327
4584339
4584340
4584353
4584362
4584371
4584395
4584404
4584416
4584429
4584431
4584447
4584450
4584465
4584473
4584482
4584515
4584523
4584530
4584559
4584564
4584577
4584588
4584596
4584601
4584626
4584634
4584642
4584655
4584660
4584678
4584687
4584693
4584709
4584717
4584738
4584746
4584752
4584763
4584775
4584780
4584791
4584800
4584813
4584825
4584832
4584848
4584854
4584869
4584876
4584881
4584897
4584905
4584918
4584920
4584937
4584943
4584951
4584966
4584979
4584984
4584992
4585009
4585024
4585038
4585046
4585052
4585063
4585075
4585080
4585091
4585108
4585114
4585127
4585139
4585140
4585153
4585171
4585186
4585195
4585203
4585211
4585222
4585236
4585245
4585258
4585267
4585274
4585290
4585302
4585315
4585323
4585330
4585341
4585359
4585377
4585388
4585396
4585418
4585420
4585437
4585443
4585451
4585466
4585479
4585484
4585492
4585504
4585516
4585531
4585547
4585550
4585582
4585598
4585607
4585610
4585628
4585635
4585644
4585656
4585661
4585672
4585683
4585699
4585700
4585713
4585725
4585732
4585748
4585754
4585769
4585776
4585781
4585797
4585801
4585819
4585826
4585834
4585842
4585855
4585860
4585878
4585887
4585893
4585906
4585912
4585933
4585949
4585968
4585970
4585985
4585994
4586000
4586013
4586025
4586032
4586048
4586054
4586076
4586081
4586097
4586102
4586141
4586164
4586177
4586188
4586196
4586209
4586217
4586224
4586238
4586246
4586275
4586280
4586291
4586316
4586329
4586331
4586347
4586350
4586365
4586373
4586382
4586398
4586406
4586412
4586421
4586433
4586449
4586457
4586468
4586470
4586485
4586494
4586505
4586518
4586520
4586537
4586543
4586551
4586579
4586584
4586592
4586603
4586611
4586622
4586658
4586674
4586690
4586701
4586726
4586742
4586755
4586760
4586778
4586787
4586807
4586810
4586828
4586835
4586844
4586856
4586861
4586872
4586883
4586899
4586908
4586914
4586927
4586939
4586940
4586953
4586962
4586986
4586995
4587004
4587016
4587029
4587031
4587047
4587050
4587065
4587073
4587082
4587098
4587101
4587119
4587126
4587134
4587142
4587155
4587160
4587187
4587193
4587205
4587218
4587220
4587237
4587243
4587251
4587266
4587279
4587284
4587292
4587300
4587325
4587332
4587348
4587354
4587369
4587376
4587381
4587397
4587403
4587411
4587422
4587436
4587445
4587458
4587467
4587474
4587489
4587490
4587509
4587517
4587524
4587538
4587546
4587552
4587563
4587575
4587580
4587591
4587606
4587612
4587621
4587633
4587649
4587657
4587668
4587670
4587685
4587694
4587702
4587715
4587723
4587730
4587741
4587759
4587764
4587788
4587808
4587814
4587827
4587839
4587853
4587862
4587871
4587886
4587895
4587907
4587910
4587935
4587944
4587956
4587961
4587972
4587983
4587999
4588001
4588019
4588026
4588042
4588055
4588060
4588078
4588087
4588093
4588104
4588116
4588129
4588131
4588147
4588150
4588165
4588173
4588182
4588198
4588200
4588213
4588225
4588232
4588248
4588269
4588276
4588281
4588318
4588320
4588337
4588343
4588351
4588366
4588379
4588384
4588392
4588408
4588414
4588427
4588439
4588440
4588453
4588462
4588471
4588486
4588495
4588506
4588512
4588521
4588533
4588549
4588557
4588568
4588570
4588585
4588594
4588609
4588617
4588624
4588638
4588652
4588663
4588680
4588691
4588707
4588710
4588728
4588756
4588761
4588772
4588783
4588799
4588811
4588836
4588845
4588858
4588867
4588889
4588890
4588902
4588915
4588923
4588930
4588941
4588964
4588977
4588988
4588996
4589008
4589014
4589027
4589039
4589040
4589053
4589062
4589071
4589086
4589095
4589109
4589117
4589124
4589138
4589152
4589163
4589175
4589180
4589191
4589202
4589215
4589223
4589230
4589241
4589259
4589264
4589277
4589288
4589296
4589303
4589311
4589322
4589345
4589358
4589367
4589374
4589389
4589390
4589401
4589419
4589426
4589434
4589442
4589455
4589460
4589478
4589487
4589493
4589507
4589510
4589528
4589535
4589544
4589556
4589561
4589572
4589583
4589599
4589604
4589616
4589629
4589631
4589647
4589650
4589665
4589698
4589706
4589721
4589733
4589749
4589757
4589768
4589770
4589785
4589794
4589805
4589818
4589820
4589837
4589843
4589851
4589866
4589879
4589884
4589892
4589913
4589925
4589932
4589954
4589969
4589976
4589981
4589997
4590002
4590015
4590030
4590041
4590059
4590064
4590077
4590088
4590096
4590100
4590113
4590125
4590132
4590148
4590154
4590169
4590176
4590181
4590197
4590204
4590229
4590231
4590247
4590250
4590265
4590273
4590309
4590317
4590324
4590338
4590346
4590352
4590363
4590375
4590380
4590391
4590407
4590410
4590428
4590456
4590461
4590472
4590483
4590499
4590503
4590511
4590522
4590536
4590545
4590574
4590589
4590590
4590605
4590620
4590637
4590651
4590666
4590679
4590684
4590692
4590708
4590714
4590727
4590739
4590740
4590753
4590762
4590771
4590786
4590795
4590806
4590812
4590821
4590833
4590849
4590857
4590868
4590870
4590885
4590901
4590919
4590926
4590942
4590955
4590960
4590978
4590987
4590993
4591014
4591027
4591040
4591053
4591062
4591071
4591086
4591095
4591109
4591117
4591124
4591138
4591146
4591152
4591163
4591175
4591191
4591215
4591223
4591230
4591241
4591259
4591277
4591288
4591296
4591303
4591311
4591322
4591336
4591345
4591358
4591367
4591374
4591389
4591390
4591401
4591419
4591426
4591434
4591442
4591455
4591460
4591478
4591487
4591493
4591507
4591510
4591528
4591535
4591544
4591556
4591561
4591572
4591583
4591599
4591629
4591631
4591647
4591665
4591673
4591682
4591698
4591706
4591712
4591721
4591733
4591749
4591757
4591768
4591770
4591785
4591794
4591805
4591818
4591820
4591837
4591843
4591866
4591879
4591884
4591892
4591900
4591913
4591925
4591932
4591948
4591954
4591969
4591976
4591981
4591997
4592017
4592046
4592052
4592063
4592080
4592091
4592108
4592114
4592127
4592140
4592153
4592162
4592171
4592186
4592195
4592203
4592211
4592222
4592236
4592245
4592258
4592267
4592274
4592289
4592290
4592302
4592315
4592323
4592330
4592341
4592364
4592377
4592388
4592396
4592405
4592418
4592420
4592437
4592451
4592479
4592484
4592492
4592504
4592516
4592529
4592531
4592547
4592550
4592565
4592573
4592582
4592598
4592607
4592610
4592628
4592644
4592656
4592661
4592672
4592683
4592699
4592700
4592713
4592725
4592732
4592748
4592754
4592769
4592776
4592797
4592801
4592819
4592826
4592834
4592842
4592855
4592860
4592878
4592887
4592906
4592912
4592921
4592933
4592949
4592957
4592968
4592970
4592985
4592994
4593005
4593018
4593020
4593043
4593051
4593066
4593079
4593084
4593092
4593107
4593110
4593128
4593135
4593144
4593156
4593161
4593172
4593183
4593199
4593206
4593212
4593221
4593233
4593249
4593257
4593268
4593285
4593294
4593301
4593319
4593326
4593334
4593342
4593355
4593360
4593387
4593393
4593409
4593417
4593424
4593438
4593446
4593452
4593475
4593480
4593491
4593500
4593513
4593525
4593532
4593548
4593569
4593576
4593581
4593597
4593608
4593614
4593627
4593639
4593653
4593662
4593671
4593686
4593695
4593704
4593716
4593729
4593747
4593750
4593765
4593773
4593782
4593802
4593815
4593823
4593830
4593841
4593859
4593864
4593877
4593888
4593896
4593903
4593922
4593936
4593945
4593958
4593967
4593974
4593989
4593990
4594000
4594013
4594025
4594032
4594054
4594069
4594076
4594081
4594097
4594102
4594115
4594123
4594130
4594141
4594159
4594164
4594177
4594188
4594196
4594209
4594217
4594224
4594238
4594252
4594263
4594275
4594280
4594291
4594304
4594316
4594329
4594331
4594347
4594350
4594365
4594373
4594382
4594398
4594406
4594412
4594421
4594433
4594449
4594457
4594468
4594470
4594485
4594494
4594505
4594518
4594537
4594543
4594566
4594579
4594584
4594592
4594603
4594611
4594622
4594636
4594645
4594658
4594667
4594674
4594689
4594690
4594719
4594734
4594742
4594755
4594760
4594787
4594793
4594807
4594810
4594828
4594835
4594844
4594861
4594872
4594883
4594899
4594908
4594914
4594927
4594939
4594940
4594953
4594962
4594971
4594986
4594995
4595001
4595019
4595026
4595034
4595042
4595055
4595060
4595078
4595087
4595093
4595104
4595116
4595129
4595131
4595147
4595150
4595165
4595173
4595182
4595200
4595213
4595225
4595248
4595254
4595269
4595276
4595281
4595305
4595318
4595320
4595337
4595343
4595351
4595366
4595379
4595384
4595392
4595408
4595414
4595427
4595439
4595440
4595453
4595471
4595486
4595495
4595506
4595512
4595521
4595533
4595549
4595557
4595568
4595570
4595585
4595617
4595624
4595638
4595646
4595652
4595663
4595675
4595680
4595691
4595707
4595710
4595728
4595735
4595744
4595756
4595761
4595772
4595799
4595803
4595811
4595822
4595836
4595845
4595858
4595867
4595874
4595889
4595915
4595941
4595959
4595964
4595977
4595988
4595996
4596010
4596028
4596035
4596044
4596056
4596061
4596072
4596083
4596099
4596105
4596118
4596120
4596137
4596143
4596151
4596166
4596179
4596184
4596192
4596201
4596219
4596226
4596234
4596242
4596255
4596260
4596278
4596287
4596293
4596306
4596321
4596333
4596349
4596357
4596368
4596370
4596385
4596394
4596402
4596415
4596423
4596430
4596459
4596477
4596488
4596496
4596508
4596527
4596539
4596540
4596553
4596562
4596571
4596586
4596595
4596600
4596613
4596625
4596632
4596648
4596654
4596669
4596676
4596681
4596697
4596703
4596711
4596722
4596736
4596745
4596767
4596774
4596789
4596790
4596809
4596817
4596824
4596838
4596846
4596880
4596891
4596904
4596916
4596929
4596931
4596947
4596950
4596965
4596973
4596982
4596998
4597006
4597012
4597021
4597033
4597049
4597057
4597068
4597070
4597085
4597094
4597103
4597111
4597122
4597136
4597145
4597158
4597167
4597174
4597189
4597208
4597214
4597227
4597240
4597253
4597262
4597271
4597286
4597295
4597307
4597310
4597328
4597335
4597344
4597356
4597361
4597372
4597383
4597399
4597400
4597413
4597432
4597448
4597454
4597476
4597481
4597497
4597501
4597526
4597542
4597555
4597560
4597578
4597587
4597593
4597602
4597615
4597623
4597630
4597641
4597659
4597664
4597677
4597688
4597696
4597705
4597718
4597720
4597737
4597743
4597751
4597766
4597779
4597784
4597792
4597816
4597829
4597831
4597850
4597865
4597873
4597882
4597898
4597909
4597917
4597924
4597938
4597946
4597952
4597975
4597980
4597991
4598003
4598011
4598022
4598036
4598045
4598058
4598067
4598074
4598089
4598090
4598106
4598112
4598121
4598133
4598149
4598157
4598168
4598170
4598185
4598194
4598210
4598228
4598235
4598244
4598261
4598272
4598283
4598299
4598308
4598339
4598340
4598353
4598371
4598386
4598395
4598404
4598416
4598429
4598431
4598447
4598450
4598473
4598482
4598498
4598502
4598515
4598523
4598530
4598541
4598559
4598564
4598577
4598588
4598596
4598601
4598619
4598626
4598634
4598642
4598655
4598660
4598678
4598717
4598724
4598738
4598746
4598752
4598763
4598775
4598780
4598791
4598800
4598813
4598848
4598854
4598869
4598876
4598881
4598897
4598918
4598920
4598943
4598951
4598966
4598979
4598984
4598992
4599004
4599016
4599029
4599031
4599047
4599050
4599073
4599082
4599098
4599101
4599119
4599134
4599142
4599155
4599160
4599187
4599193
4599205
4599220
4599237
4599243
4599251
4599266
4599279
4599284
4599292
4599300
4599313
4599325
4599332
4599348
4599354
4599369
4599376
4599381
4599397
4599403
4599411
4599422
4599436
4599445
4599467
4599474
4599489
4599490
4599509
4599517
4599524
4599538
4599546
4599552
4599563
4599575
4599580
4599591
4599606
4599612
4599621
4599633
4599649
4599657
4599668
4599670
4599685
4599694
4599702
4599715
4599723
4599730
4599741
4599759
4599764
4599777
4599788
4599796
4599808
4599814
4599827
4599839
4599840
4599853
4599862
4599871
4599886
4599895
4599907
4599910
4599928
4599935
4599944
4599956
4599961
4599972
4599983
4599999
