1400240
1400963
1402464
1405211
1405236
1405330
1406398
1407649
1409932
1410376
1410467
1410591
1413469
1415998
1416272
1416992
1418364
1419888
1422653
1422686
1424126
1424685
1425666
1425926
1426535
1428356
1428481
1429856
1431622
1432868
1434561
1435578
1438348
1439256
1440298
1440727
1441264
1442531
1442550
1445646
1447103
1449956
1451237
1451369
1454681
1455429
1455523
1455918
1457023
1457786
1458962
1460976
1461190
1462498
1463827
1464607
1464748
1470306
1470394
1471022
1471308
1471881
1476298
1477153
1477878
1479093
1481959
1482292
1483067
1483362
1484428
1486542
1487044
1487880
1489466
1490244
1490530
1492673
1498015
1498204
1498567
