1400006
1400310
1400356
1400448
1400555
1400696
1400865
1400980
1401018
1401128
1401798
1402010
1402242
1402312
1402321
1402430
1402767
1402809
1402852
1402929
1402931
1403204
1403456
1403545
1403740
1403857
1404261
1404404
1404738
1404992
1405139
1405153
1405628
1405826
1406224
1406331
1406537
1406636
1407237
1407266
1407517
1407621
1407723
1408001
1408087
1408427
1408836
1409180
1409650
1409757
1409997
1410251
1410325
1410546
1410563
1410764
1410886
1411176
1411352
1411574
1411605
1411762
1412081
1412123
1412188
1412658
1412787
1413111
1413917
1414001
1414093
1414232
1414297
1414343
1414867
1414890
1414996
1415234
1415321
1415368
1415562
1415711
1416283
1416314
1416339
1416362
1416371
1416404
1417202
1417215
1417223
1417367
1417487
1417599
1417682
1417884
1418245
1418341
1418479
1418516
1418921
1419206
1419268
1419342
1419640
1419936
1420001
1420254
1420276
1420440
1420594
1420707
1420867
1421370
1421681
1421789
1421965
1422018
1422491
1422773
1422798
1422877
1422896
1423038
1423063
1423140
1423171
1423195
1423236
1423323
1423364
1423466
1423529
1423661
1423949
1424004
1424098
1424142
1424237
1424279
1424403
1424538
1424657
1424668
1425148
1425435
1425821
1425987
1426367
1426426
1426770
1426851
1427112
1427157
1427194
1427327
1427626
1428158
1428189
1428425
1428476
1428677
1428952
1428980
1429076
1429097
1429316
1429373
1429520
1429807
1430274
1430359
1430377
1430531
1430713
1430801
1430826
1430912
1431115
1431159
1431224
1431406
1431603
1431719
1431844
1431940
1432169
1432456
1432684
1432727
1432894
1433035
1433179
1433192
1433349
1433595
1433648
1433758
1434259
1434345
1434358
1434389
1435481
1435497
1435688
1436092
1436110
1436249
1436319
1436446
1436480
1436716
1436877
1437026
1437129
1437318
1437392
1437557
1437617
1437890
1438004
1438251
1438702
1438723
1438741
1438840
1439283
1439339
1439502
1439678
1439825
1439918
1440064
1440204
1440265
1440324
1440380
1440391
1440503
1440558
1440620
1440679
1440978
1441152
1441223
1441336
1441706
1441712
1441785
1441794
1441851
1441969
1442418
1442479
1442921
1443018
1443172
1443221
1443334
1443360
1443686
1443958
1444115
1444123
1444291
1444566
1444690
1444807
1444856
1445060
1445248
1445318
1445549
1445811
1445930
1445964
1446120
1446357
1446430
1446496
1446654
1446758
1446774
1446880
1447012
1447068
1447111
1447145
1447239
1447335
1447501
1447542
1447630
1447792
1448168
1448170
1448210
1448515
1448596
1448655
1448660
1448775
1448854
1449313
1449348
1449436
1449546
1449575
1449685
1449715
1449999
1450548
1450750
1450773
1450967
1451073
1451126
1451160
1451313
1451411
1451458
1451489
1451509
1451606
1451862
1452116
1452297
1452351
1452414
1452462
1452617
1452652
1452772
1453014
1453230
1453544
1453583
1453721
1453913
1454137
1454179
1454192
1454321
1454477
1454527
1454553
1455045
1455149
1455261
1455564
1455780
1455791
1455800
1456024
1456046
1456080
1456091
1456162
1456341
1456672
1457096
1457100
1457169
1457216
1457273
1457298
1457739
1458350
1458412
1458667
1458726
1458742
1458883
1458939
1459057
1459103
1459111
1459372
1459454
1459829
1459882
1460095
1460124
1460311
1460389
1460455
1460818
1460884
1461094
1461145
1461174
1461271
1461481
1461593
1461779
1462090
1462235
1462272
1462386
1462577
1462588
1462693
1462724
1462876
1463050
1463082
1463313
1463354
1463839
1463907
1463972
1464171
1464186
1464211
1464531
1464610
1464754
1464912
1465032
1465076
1465246
1465412
1465470
1465584
1466034
1466042
1466129
1466147
1466198
1466557
1466594
1466710
1466803
1466964
1467107
1467417
1467438
1467686
1467750
1467888
1467967
1468105
1468321
1468357
1468508
1468527
1468613
1468875
1468950
1468982
1469324
1469643
1469870
1469901
1470118
1470219
1470278
1470496
1470586
1470648
1470736
1470789
1470875
1471011
1471149
1471194
1471207
1471619
1471687
1471984
1472085
1472094
1472145
1472190
1472253
1472344
1472413
1472497
1472555
1472593
1472677
1473032
1473457
1473468
1473470
1473622
1473645
1473689
1474051
1474172
1474268
1474417
1474491
1474798
1474911
1474922
1474967
1474990
1475082
1475101
1475369
1475467
1475490
1475612
1475715
1475956
1476041
1476088
1476317
1476428
1476618
1476714
1476762
1476978
1477080
1477186
1477315
1477388
1477437
1477484
1477607
1477801
1478053
1478062
1478095
1478296
1478561
1478818
1478900
1478913
1479060
1479150
1479486
1479594
1479646
1479710
1479811
1480115
1480159
1480252
1480263
1480329
1480457
1480778
1480856
1481055
1482047
1482098
1482101
1482332
1482702
1482759
1482796
1482853
1482871
1482928
1483089
1483112
1483149
1483194
1483210
1483473
1483482
1483780
1483854
1483979
1484015
1484023
1484154
1484589
1484714
1484771
1484955
1485086
1485202
1485455
1485556
1485616
1485673
1485712
1485733
1485884
1485900
1486372
1486501
1486519
1486615
1486743
1486980
1487118
1487137
1487184
1487293
1487312
1487368
1487464
1487669
1487703
1487790
1487931
1487947
1487973
1488183
1488268
1488334
1488554
1488773
1488974
1489323
1489479
1489516
1489635
1489769
1490067
1490314
1490450
1490626
1491108
1491418
1491479
1491855
1491957
1491994
1492296
1492374
1492434
1492706
1492879
1493055
1493078
1493150
1493276
1493305
1493585
1493594
1493663
1493728
1493744
1493858
1494033
1494122
1494145
1494208
1494253
1494425
1494804
1495285
1495334
1496029
1496031
1496065
1496155
1496160
1496178
1496243
1496445
1496517
1497013
1497899
1498317
1499790
1499824
