1400006
1400012
1400021
1400033
1400049
1400057
1400068
1400070
1400085
1400103
1400111
1400136
1400145
1400158
1400174
1400189
1400190
1400208
1400214
1400227
1400239
1400240
1400253
1400262
1400271
1400286
1400295
1400307
1400310
1400328
1400335
1400344
1400356
1400361
1400372
1400383
1400399
1400400
1400413
1400425
1400432
1400448
1400454
1400469
1400476
1400481
1400497
1400501
1400519
1400526
1400534
1400542
1400555
1400560
1400578
1400587
1400593
1400602
1400615
1400623
1400630
1400659
1400664
1400677
1400688
1400696
1400705
1400718
1400720
1400737
1400743
1400751
1400766
1400779
1400784
1400792
1400804
1400816
1400829
1400847
1400865
1400873
1400882
1400898
1400909
1400924
1400938
1400946
1400952
1400963
1400975
1400980
1400991
1401005
1401018
1401037
1401043
1401051
1401079
1401084
1401092
1401107
1401110
1401128
1401135
1401144
1401156
1401161
1401183
1401199
1401206
1401212
1401221
1401249
1401257
1401268
1401270
1401285
1401294
1401301
1401319
1401326
1401334
1401342
1401355
1401360
1401378
1401393
1401409
1401417
1401424
1401438
1401446
1401452
1401463
1401475
1401480
1401491
1401500
1401513
1401525
1401532
1401554
1401569
1401576
1401581
1401597
1401614
1401627
1401639
1401640
1401653
1401662
1401671
1401686
1401695
1401716
1401729
1401731
1401747
1401750
1401765
1401773
1401782
1401798
1401815
1401823
1401830
1401841
1401864
1401877
1401888
1401896
1401903
1401911
1401922
1401936
1401945
1401958
1401967
1401974
1401989
1401990
1402007
1402010
1402028
1402035
1402044
1402056
1402061
1402072
1402083
1402099
1402105
1402118
1402120
1402137
1402143
1402151
1402179
1402184
1402192
1402219
1402226
1402234
1402242
1402255
1402260
1402278
1402287
1402293
1402306
1402312
1402321
1402333
1402349
1402357
1402370
1402385
1402402
1402415
1402423
1402430
1402441
1402459
1402464
1402477
1402488
1402496
1402508
1402514
1402527
1402539
1402540
1402553
1402562
1402571
1402586
1402595
1402600
1402613
1402625
1402632
1402648
1402654
1402669
1402681
1402697
1402703
1402711
1402722
1402736
1402745
1402758
1402767
1402774
1402789
1402790
1402809
1402817
1402824
1402838
1402846
1402852
1402875
1402880
1402891
1402904
1402916
1402929
1402931
1402947
1402950
1402965
1402982
1402998
1403002
1403015
1403023
1403030
1403041
1403059
1403064
1403077
1403088
1403096
1403100
1403113
1403125
1403132
1403148
1403154
1403169
1403176
1403181
1403197
1403204
1403216
1403229
1403231
1403247
1403250
1403265
1403273
1403298
1403309
1403317
1403324
1403338
1403352
1403363
1403375
1403380
1403410
1403428
1403435
1403444
1403456
1403461
1403472
1403483
1403499
1403503
1403511
1403522
1403536
1403545
1403558
1403567
1403574
1403589
1403590
1403605
1403618
1403620
1403637
1403643
1403651
1403666
1403679
1403684
1403692
1403708
1403714
1403727
1403739
1403740
1403753
1403762
1403771
1403786
1403795
1403806
1403812
1403821
1403833
1403849
1403857
1403868
1403870
1403885
1403894
1403919
1403926
1403934
1403942
1403955
1403960
1403978
1403987
1403993
1404003
1404011
1404022
1404036
1404045
1404058
1404067
1404074
1404089
1404090
1404106
1404112
1404121
1404133
1404157
1404168
1404170
1404185
1404194
1404210
1404228
1404235
1404244
1404261
1404272
1404283
1404299
1404308
1404314
1404327
1404339
1404340
1404353
1404362
1404371
1404386
1404395
1404404
1404416
1404429
1404447
1404450
1404465
1404473
1404482
1404498
1404515
1404523
1404530
1404541
1404559
1404564
1404577
1404588
1404596
1404601
1404626
1404642
1404655
1404660
1404687
1404693
1404709
1404717
1404724
1404738
1404746
1404752
1404763
1404775
1404780
1404791
1404800
1404813
1404825
1404832
1404848
1404854
1404869
1404876
1404881
1404897
1404905
1404918
1404920
1404937
1404943
1404951
1404966
1404979
1404984
1404992
1405009
1405017
1405024
1405038
1405046
1405052
1405063
1405075
1405080
1405091
1405108
1405127
1405139
1405140
1405153
1405162
1405171
1405186
1405195
1405203
1405211
1405236
1405245
1405267
1405274
1405289
1405302
1405315
1405323
1405330
1405341
1405359
1405377
1405388
1405396
1405405
1405418
1405420
1405437
1405443
1405451
1405466
1405479
1405484
1405492
1405504
1405516
1405531
1405547
1405550
1405565
1405573
1405582
1405598
1405607
1405610
1405628
1405635
1405644
1405656
1405661
1405700
1405713
1405732
1405748
1405754
1405769
1405776
1405781
1405797
1405801
1405819
1405826
1405842
1405855
1405860
1405878
1405887
1405893
1405906
1405912
1405921
1405933
1405949
1405957
1405968
1405970
1405985
1405994
1406025
1406032
1406048
1406054
1406069
1406076
1406081
1406097
1406102
1406115
1406130
1406141
1406159
1406177
1406196
1406209
1406217
1406224
1406238
1406246
1406263
1406275
1406280
1406291
1406304
1406316
1406329
1406331
1406347
1406350
1406373
1406382
1406398
1406406
1406412
1406433
1406449
1406457
1406468
1406470
1406485
1406494
1406505
1406518
1406520
1406537
1406543
1406551
1406579
1406584
1406592
1406603
1406611
1406622
1406636
1406658
1406667
1406674
1406689
1406690
1406701
1406719
1406734
1406742
1406755
1406760
1406793
1406807
1406810
1406828
1406835
1406844
1406856
1406861
1406883
1406899
1406908
1406914
1406927
1406939
1406940
1406953
1406962
1406971
1406986
1406995
1407004
1407016
1407031
1407047
1407050
1407065
1407073
1407082
1407098
1407101
1407126
1407142
1407160
1407187
1407205
1407218
1407220
1407237
1407243
1407251
1407266
1407279
1407284
1407292
1407300
1407313
1407332
1407348
1407354
1407369
1407376
1407381
1407397
1407403
1407422
1407436
1407445
1407458
1407467
1407489
1407490
1407509
1407517
1407524
1407546
1407552
1407563
1407580
1407591
1407606
1407621
1407633
1407649
1407657
1407668
1407670
1407685
1407694
1407702
1407715
1407723
1407741
1407759
1407764
1407777
1407788
1407796
1407808
1407814
1407827
1407839
1407840
1407853
1407862
1407871
1407886
1407895
1407907
1407910
1407928
1407935
1407944
1407956
1407961
1407972
1407983
1407999
1408001
1408019
1408026
1408034
1408042
1408060
1408087
1408093
1408104
1408129
1408131
1408147
1408150
1408165
1408173
1408182
1408198
1408200
1408213
1408232
1408248
1408254
1408269
1408276
1408281
1408297
1408305
1408337
1408343
1408351
1408366
1408379
1408384
1408392
1408408
1408414
1408427
1408439
1408440
1408462
1408471
1408486
1408495
1408506
1408512
1408521
1408533
1408549
1408557
1408568
1408570
1408585
1408594
1408609
1408617
1408624
1408638
1408646
1408652
1408663
1408675
1408680
1408691
1408707
1408710
1408728
1408735
1408744
1408756
1408761
1408772
1408783
1408799
1408803
1408822
1408836
1408845
1408867
1408874
1408889
1408890
1408902
1408915
1408923
1408930
1408959
1408964
1408977
1408988
1408996
1409008
1409014
1409027
1409040
1409053
1409062
1409071
1409095
1409109
1409117
1409124
1409138
1409146
1409152
1409163
1409175
1409180
1409191
1409202
1409215
1409223
1409230
1409241
1409259
1409264
1409277
1409288
1409303
1409311
1409322
1409336
1409345
1409358
1409367
1409374
1409390
1409401
1409426
1409434
1409455
1409460
1409478
1409487
1409493
1409507
1409510
1409528
1409544
1409561
1409572
1409583
1409604
1409616
1409629
1409647
1409650
1409665
1409673
1409682
1409698
1409712
1409721
1409733
1409749
1409757
1409768
1409785
1409794
1409818
1409820
1409837
1409843
1409851
1409866
1409879
1409884
1409892
1409900
1409913
1409925
1409932
1409948
1409969
1409976
1409981
1409997
1410004
1410016
1410029
1410031
1410047
1410050
1410065
1410073
1410082
1410098
1410101
1410119
1410126
1410134
1410142
1410155
1410160
1410178
1410187
1410193
1410205
1410218
1410220
1410237
1410243
1410251
1410266
1410279
1410284
1410292
1410300
1410313
1410325
1410332
1410348
1410354
1410369
1410376
1410381
1410397
1410403
1410411
1410422
1410445
1410458
1410467
1410474
1410489
1410509
1410517
1410524
1410538
1410546
1410552
1410563
1410575
1410580
1410591
1410606
1410612
1410649
1410657
1410668
1410685
1410694
1410702
1410715
1410723
1410730
1410741
1410759
1410764
1410777
1410788
1410796
1410808
1410814
1410827
1410839
1410840
1410853
1410862
1410886
1410895
1410907
1410910
1410928
1410935
1410944
1410956
1410972
1410983
1410999
1411002
1411015
1411023
1411030
1411041
1411059
1411064
1411077
1411088
1411096
1411100
1411125
1411132
1411148
1411154
1411169
1411176
1411181
1411197
1411204
1411216
1411229
1411231
1411247
1411250
1411265
1411273
1411282
1411298
1411309
1411317
1411324
1411338
1411346
1411352
1411363
1411375
1411380
1411407
1411410
1411428
1411435
1411444
1411456
1411461
1411472
1411483
1411499
1411503
1411511
1411522
1411536
1411545
1411558
1411567
1411574
1411589
1411590
1411605
1411618
1411620
1411637
1411643
1411651
1411666
1411679
1411684
1411692
1411708
1411714
1411727
1411740
1411753
1411762
1411771
1411786
1411795
1411806
1411812
1411833
1411849
1411857
1411868
1411870
1411885
1411894
1411901
1411919
1411926
1411934
1411942
1411955
1411960
1411978
1411987
1411993
1412000
1412013
1412025
1412032
1412048
1412054
1412069
1412076
1412081
1412097
1412102
1412123
1412130
1412141
1412159
1412164
1412177
1412188
1412196
1412209
1412217
1412224
1412238
1412246
1412252
1412263
1412275
1412280
1412291
1412304
1412316
1412329
1412331
1412347
1412350
1412365
1412373
1412382
1412398
1412406
1412412
1412421
1412457
1412468
1412470
1412485
1412494
1412505
1412518
1412520
1412537
1412543
1412551
1412566
1412579
1412584
1412592
1412603
1412611
1412622
1412636
1412645
1412658
1412667
1412674
1412689
1412690
1412701
1412719
1412726
1412734
1412742
1412755
1412760
1412778
1412787
1412793
1412807
1412810
1412828
1412835
1412844
1412856
1412861
1412872
1412883
1412899
1412908
1412914
1412927
1412939
1412940
1412953
1412971
1412986
1412995
1413006
1413012
1413021
1413033
1413049
1413068
1413070
1413085
1413094
1413103
1413111
1413122
1413136
1413145
1413158
1413167
1413174
1413189
1413190
1413208
1413214
1413240
1413253
1413262
1413271
1413286
1413295
1413307
1413310
1413328
1413335
1413344
1413356
1413361
1413372
1413383
1413399
1413400
1413413
1413425
1413432
1413448
1413469
1413476
1413481
1413497
1413501
1413519
1413534
1413542
1413560
1413578
1413587
1413593
1413602
1413615
1413623
1413630
1413659
1413664
1413677
1413696
1413705
1413718
1413720
1413737
1413743
1413751
1413766
1413779
1413784
1413792
1413804
1413816
1413829
1413831
1413847
1413850
1413865
1413873
1413882
1413898
1413909
1413917
1413924
1413938
1413946
1413952
1413963
1413975
1413980
1413991
1414001
1414019
1414034
1414042
1414055
1414060
1414078
1414087
1414093
1414104
1414129
1414131
1414150
1414165
1414173
1414182
1414198
1414213
1414225
1414232
1414248
1414254
1414269
1414276
1414281
1414297
1414305
1414318
1414320
1414337
1414343
1414351
1414366
1414379
1414384
1414392
1414414
1414439
1414440
1414453
1414471
1414486
1414495
1414506
1414521
1414549
1414568
1414570
1414585
1414594
1414609
1414617
1414624
1414638
1414646
1414652
1414663
1414675
1414680
1414691
1414707
1414710
1414728
1414744
1414756
1414761
1414772
1414783
1414799
1414803
1414811
1414822
1414836
1414845
1414858
1414867
1414874
1414889
1414890
1414915
1414930
1414964
1414977
1414988
1414996
1415007
1415010
1415028
1415044
1415056
1415061
1415072
1415083
1415099
1415105
1415118
1415120
1415137
1415143
1415151
1415166
1415179
1415184
1415192
1415201
1415219
1415226
1415234
1415242
1415255
1415278
1415287
1415293
1415306
1415312
1415321
1415333
1415357
1415368
1415370
1415385
1415394
1415402
1415415
1415423
1415430
1415441
1415459
1415464
1415477
1415488
1415496
1415508
1415514
1415527
1415539
1415540
1415553
1415562
1415571
1415586
1415595
1415600
1415613
1415625
1415632
1415648
1415654
1415669
1415681
1415697
1415703
1415711
1415722
1415736
1415745
1415758
1415767
1415774
1415789
1415790
1415809
1415817
1415824
1415838
1415846
1415852
1415863
1415875
1415880
1415891
1415904
1415916
1415929
1415931
1415947
1415965
1415973
1415982
1415998
1416003
1416022
1416036
1416045
1416058
1416067
1416074
1416089
1416090
1416106
1416112
1416121
1416133
1416149
1416157
1416168
1416170
1416185
1416194
1416207
1416210
1416228
1416235
1416244
1416261
1416272
1416283
1416314
1416339
1416340
1416353
1416362
1416371
1416386
1416395
1416404
1416416
1416429
1416431
1416447
1416450
1416465
1416482
1416498
1416502
1416515
1416523
1416541
1416559
1416577
1416588
1416596
1416601
1416619
1416626
1416634
1416655
1416660
1416678
1416687
1416693
1416709
1416717
1416724
1416738
1416746
1416763
1416775
1416780
1416800
1416813
1416825
1416832
1416848
1416854
1416869
1416876
1416881
1416897
1416918
1416920
1416937
1416943
1416951
1416966
1416979
1416984
1416992
1417008
1417014
1417027
1417040
1417053
1417062
1417071
1417086
1417095
1417109
1417117
1417124
1417138
1417146
1417152
1417163
1417175
1417180
1417191
1417202
1417215
1417223
1417230
1417259
1417264
1417277
1417288
1417296
1417303
1417311
1417322
1417336
1417345
1417358
1417367
1417389
1417390
1417419
1417426
1417434
1417442
1417455
1417460
1417487
1417493
1417510
1417535
1417544
1417556
1417561
1417572
1417583
1417599
1417604
1417616
1417629
1417631
1417647
1417650
1417665
1417673
1417682
1417698
1417706
1417712
1417721
1417733
1417749
1417757
1417768
1417785
1417794
1417805
1417818
1417837
1417843
1417851
1417866
1417879
1417884
1417900
1417913
1417925
1417932
1417954
1417969
1417976
1417997
1418009
1418017
1418024
1418038
1418046
1418052
1418075
1418080
1418091
1418114
1418127
1418139
1418140
1418153
1418162
1418171
1418186
1418195
1418203
1418211
1418222
1418236
1418245
1418258
1418267
1418274
1418289
1418290
1418302
1418315
1418323
1418330
1418341
1418359
1418364
1418388
1418396
1418405
1418418
1418420
1418437
1418443
1418451
1418466
1418479
1418492
1418516
1418529
1418531
1418547
1418550
1418565
1418582
1418598
1418607
1418610
1418628
1418635
1418644
1418656
1418661
1418672
1418683
1418699
1418700
1418713
1418725
1418732
1418748
1418754
1418769
1418776
1418781
1418797
1418801
1418819
1418826
1418834
1418842
1418855
1418878
1418887
1418893
1418906
1418912
1418921
1418933
1418949
1418957
1418968
1418970
1418985
1418994
1419005
1419018
1419020
1419037
1419043
1419051
1419066
1419079
1419084
1419092
1419110
1419128
1419135
1419144
1419156
1419161
1419172
1419183
1419199
1419206
1419212
1419221
1419233
1419249
1419257
1419268
1419270
1419294
1419301
1419319
1419326
1419334
1419342
1419355
1419378
1419387
1419393
1419409
1419417
1419424
1419438
1419446
1419452
1419463
1419475
1419480
1419491
1419513
1419525
1419532
1419548
1419554
1419569
1419576
1419581
1419597
1419608
1419614
1419627
1419639
1419640
1419653
1419662
1419671
1419686
1419695
1419704
1419716
1419729
1419731
1419747
1419750
1419765
1419773
1419782
1419798
1419802
1419815
1419823
1419830
1419841
1419864
1419877
1419888
1419896
1419903
1419911
1419922
1419936
1419945
1419958
1419967
1420001
1420019
1420026
1420034
1420042
1420055
1420060
1420078
1420087
1420093
1420116
1420129
1420131
1420147
1420150
1420165
1420173
1420182
1420198
1420200
1420213
1420225
1420232
1420248
1420254
1420269
1420276
1420281
1420297
1420318
1420320
1420337
1420343
1420351
1420366
1420379
1420384
1420392
1420408
1420414
1420427
1420439
1420440
1420453
1420462
1420486
1420495
1420506
1420512
1420521
1420533
1420549
1420557
1420568
1420570
1420585
1420594
1420609
1420617
1420624
1420638
1420646
1420652
1420663
1420675
1420680
1420691
1420707
1420710
1420728
1420735
1420744
1420756
1420761
1420772
1420783
1420799
1420803
1420811
1420822
1420836
1420845
1420858
1420867
1420874
1420889
1420890
1420902
1420915
1420923
1420930
1420941
1420964
1420977
1420988
1420996
1421007
1421010
1421028
1421035
1421044
1421056
1421061
1421072
1421083
1421099
1421105
1421118
1421120
1421137
1421143
1421151
1421166
1421179
1421192
1421201
1421219
1421226
1421234
1421242
1421255
1421278
1421287
1421293
1421306
1421312
1421321
1421333
1421349
1421357
1421370
1421385
1421394
1421402
1421423
1421430
1421459
1421464
1421477
1421488
1421496
1421508
1421514
1421527
1421539
1421540
1421553
1421562
1421571
1421586
1421595
1421600
1421613
1421625
1421632
1421654
1421669
1421676
1421681
1421697
1421703
1421711
1421722
1421736
1421745
1421758
1421767
1421774
1421789
1421790
1421817
1421824
1421838
1421846
1421852
1421863
1421875
1421880
1421891
1421904
1421916
1421929
1421947
1421950
1421965
1421973
1421982
1421998
1422005
1422018
1422037
1422051
1422079
1422084
1422092
1422107
1422110
1422128
1422135
1422144
1422156
1422161
1422172
1422183
1422199
1422206
1422212
1422221
1422233
1422249
1422257
1422268
1422270
1422285
1422301
1422319
1422326
1422334
1422342
1422355
1422360
1422378
1422387
1422393
1422409
1422417
1422424
1422438
1422446
1422452
1422463
1422480
1422491
1422513
1422525
1422532
1422554
1422581
1422597
1422608
1422614
1422627
1422639
1422640
1422653
1422662
1422671
1422686
1422695
1422704
1422716
1422729
1422731
1422747
1422750
1422765
1422773
1422782
1422798
1422802
1422815
1422823
1422830
1422841
1422859
1422877
1422888
1422896
1422903
1422911
1422922
1422936
1422945
1422958
1422974
1422989
1423009
1423017
1423024
1423038
1423046
1423052
1423063
1423075
1423080
1423091
1423108
1423127
1423139
1423140
1423153
1423162
1423171
1423195
1423203
1423211
1423222
1423236
1423245
1423258
1423267
1423274
1423289
1423290
1423302
1423315
1423323
1423330
1423341
1423359
1423364
1423377
1423388
1423396
1423405
1423418
1423420
1423437
1423443
1423451
1423466
1423479
1423484
1423492
1423504
1423516
1423529
1423531
1423547
1423550
1423565
1423582
1423598
1423607
1423628
1423635
1423644
1423656
1423661
1423672
1423683
1423699
1423700
1423713
1423725
1423732
1423748
1423754
1423769
1423776
1423781
1423797
1423801
1423819
1423826
1423842
1423855
1423860
1423878
1423887
1423893
1423906
1423912
1423921
1423933
1423949
1423957
1423968
1423970
1423985
1423994
1424004
1424016
1424029
1424031
1424047
1424050
1424065
1424073
1424082
1424098
1424101
1424119
1424126
1424134
1424142
1424155
1424187
1424193
1424205
1424218
1424220
1424237
1424243
1424251
1424266
1424279
1424292
1424300
1424313
1424325
1424332
1424348
1424354
1424369
1424376
1424397
1424403
1424411
1424422
1424436
1424445
1424467
1424474
1424489
1424490
1424509
1424517
1424524
1424538
1424546
1424552
1424563
1424575
1424591
1424606
1424633
1424657
1424668
1424670
1424685
1424694
1424715
1424723
1424730
1424741
1424759
1424764
1424777
1424788
1424796
1424808
1424814
1424839
1424840
1424853
1424862
1424871
1424886
1424895
1424907
1424928
1424935
1424944
1424956
1424961
1424972
1424983
1424999
1425002
1425015
1425023
1425030
1425041
1425059
1425064
1425077
1425088
1425096
1425100
1425113
1425125
1425148
1425169
1425176
1425197
1425204
1425216
1425229
1425231
1425247
1425250
1425265
1425282
1425298
1425309
1425317
1425324
1425338
1425352
1425363
1425375
1425380
1425407
1425410
1425428
1425435
1425456
1425461
1425472
1425483
1425499
1425503
1425511
1425522
1425536
1425545
1425558
1425567
1425574
1425589
1425590
1425605
1425618
1425620
1425637
1425651
1425666
1425679
1425684
1425708
1425714
1425727
1425739
1425740
1425753
1425762
1425771
1425786
1425795
1425806
1425812
1425821
1425833
1425849
1425857
1425870
1425885
1425894
1425901
1425919
1425926
1425934
1425942
1425955
1425960
1425978
1425987
1425993
1426008
1426014
1426039
1426040
1426053
1426062
1426086
1426095
1426117
1426124
1426138
1426146
1426152
1426163
1426175
1426180
1426191
1426202
1426215
1426223
1426230
1426241
1426259
1426264
1426277
1426288
1426296
1426303
1426311
1426322
1426336
1426345
1426358
1426367
1426374
1426389
1426390
1426401
1426419
1426426
1426434
1426442
1426455
1426460
1426478
1426487
1426493
1426510
1426528
1426535
1426556
1426561
1426583
1426599
1426604
1426616
1426629
1426647
1426650
1426673
1426698
1426706
1426712
1426721
1426733
1426749
1426757
1426768
1426770
1426785
1426794
1426805
1426818
1426820
1426843
1426851
1426866
1426879
1426884
1426892
1426900
1426913
1426925
1426948
1426954
1426969
1426976
1426981
1426997
1427003
1427022
1427036
1427045
1427067
1427074
1427089
1427090
1427106
1427112
1427121
1427149
1427157
1427168
1427170
1427185
1427194
1427207
1427210
1427228
1427235
1427244
1427256
1427272
1427283
1427299
1427308
1427314
1427327
1427339
1427340
1427362
1427371
1427395
1427404
1427416
1427429
1427431
1427447
1427450
1427465
1427473
1427482
1427498
1427515
1427523
1427530
1427541
1427559
1427564
1427577
1427588
1427596
1427601
1427619
1427626
1427634
1427642
1427655
1427660
1427678
1427687
1427693
1427709
1427717
1427724
1427738
1427746
1427752
1427763
1427775
1427791
1427800
1427813
1427825
1427832
1427848
1427854
1427869
1427876
1427881
1427897
1427905
1427918
1427920
1427937
1427943
1427951
1427966
1427979
1427984
1427992
1428006
1428012
1428021
1428049
1428057
1428068
1428070
1428085
1428094
1428103
1428111
1428122
1428136
1428145
1428158
1428174
1428189
1428190
1428208
1428214
1428227
1428239
1428240
1428253
1428262
1428271
1428286
1428295
1428307
1428310
1428328
1428335
1428344
1428356
1428361
1428372
1428383
1428399
1428400
1428413
1428425
1428432
1428454
1428469
1428476
1428481
1428497
1428501
1428519
1428526
1428534
1428542
1428560
1428578
1428587
1428602
1428615
1428623
1428630
1428641
1428659
1428664
1428677
1428688
1428696
1428705
1428718
1428720
1428737
1428743
1428751
1428766
1428779
1428784
1428792
1428804
1428816
1428831
1428865
1428873
1428882
1428898
1428909
1428917
1428924
1428938
1428952
1428963
1428975
1428980
1428991
1429000
1429013
1429025
1429032
1429048
1429054
1429069
1429076
1429081
1429097
1429102
1429115
1429123
1429130
1429141
1429159
1429164
1429177
1429188
1429196
1429209
1429217
1429224
1429238
1429252
1429263
1429275
1429280
1429291
1429304
1429316
1429329
1429347
1429350
1429365
1429373
1429382
1429398
1429406
1429412
1429421
1429449
1429457
1429470
1429494
1429505
1429518
1429520
1429537
1429551
1429579
1429584
1429592
1429611
1429622
1429636
1429645
1429658
1429674
1429689
1429701
1429719
1429726
1429742
1429755
1429760
1429778
1429787
1429793
1429807
1429810
1429828
1429835
1429844
1429856
1429872
1429883
1429899
1429908
1429914
1429927
1429940
1429962
1429971
1429986
1429995
1430009
1430017
1430024
1430038
1430063
1430075
1430080
1430091
1430108
1430114
1430127
1430139
1430140
1430153
1430162
1430171
1430186
1430195
1430203
1430211
1430236
1430245
1430258
1430267
1430274
1430289
1430290
1430315
1430323
1430330
1430341
1430359
1430364
1430377
1430388
1430396
1430405
1430418
1430420
1430437
1430443
1430451
1430479
1430484
1430492
1430504
1430516
1430529
1430531
1430547
1430550
1430565
1430582
1430598
1430607
1430610
1430628
1430635
1430644
1430656
1430661
1430672
1430683
1430699
1430700
1430713
1430725
1430732
1430754
1430769
1430781
1430797
1430801
1430819
1430826
1430834
1430855
1430860
1430878
1430887
1430893
1430906
1430912
1430921
1430933
1430949
1430957
1430968
1430985
1430994
1431000
1431013
1431025
1431032
1431048
1431054
1431069
1431076
1431081
1431097
1431102
1431115
1431123
1431130
1431141
1431159
1431164
1431177
1431188
1431209
1431224
1431238
1431246
1431252
1431263
1431275
1431280
1431291
1431304
1431316
1431329
1431331
1431347
1431350
1431365
1431373
1431382
1431398
1431406
1431412
1431421
1431433
1431449
1431457
1431468
1431470
1431485
1431494
1431505
1431520
1431537
1431543
1431551
1431579
1431584
1431592
1431603
1431611
1431622
1431636
1431645
1431658
1431667
1431674
1431689
1431690
1431701
1431719
1431726
1431734
1431742
1431755
1431760
1431778
1431787
1431793
1431807
1431810
1431828
1431835
1431844
1431856
1431861
1431872
1431883
1431899
1431908
1431914
1431927
1431939
1431940
1431953
1431971
1431986
1431995
1432002
1432015
1432023
1432059
1432064
1432077
1432088
1432096
1432100
1432113
1432125
1432132
1432148
1432154
1432169
1432176
1432181
1432197
1432204
1432216
1432229
1432231
1432247
1432265
1432298
1432309
1432317
1432324
1432338
1432346
1432352
1432363
1432375
1432380
1432391
1432407
1432410
1432428
1432444
1432456
1432461
1432472
1432483
1432499
1432503
1432511
1432522
1432536
1432545
1432558
1432567
1432574
1432589
1432590
1432605
1432618
1432620
1432637
1432643
1432651
1432666
1432679
1432684
1432692
1432714
1432727
1432739
1432740
1432753
1432762
1432771
1432786
1432795
1432806
1432812
1432849
1432857
1432868
1432885
1432894
1432901
1432919
1432926
1432942
1432955
1432960
1432978
1432987
1432993
1433007
1433010
1433028
1433035
1433044
1433056
1433061
1433072
1433083
1433105
1433118
1433120
1433137
1433143
1433151
1433166
1433179
1433184
1433192
1433201
1433219
1433226
1433234
1433242
1433260
1433278
1433287
1433293
1433306
1433312
1433321
1433333
1433349
1433357
1433368
1433385
1433394
1433402
1433415
1433423
1433441
1433464
1433488
1433496
1433508
1433514
1433527
1433539
1433540
1433562
1433571
1433586
1433595
1433600
1433613
1433632
1433648
1433654
1433669
1433676
1433697
1433703
1433711
1433722
1433736
1433745
1433758
1433767
1433774
1433789
1433790
1433809
1433824
1433838
1433846
1433852
1433863
1433880
1433891
1433904
1433916
1433929
1433947
1433950
1433965
1433973
1433982
1433998
1434008
1434014
1434039
1434040
1434053
1434062
1434095
1434109
1434117
1434124
1434138
1434146
1434152
1434163
1434180
1434191
1434202
1434215
1434223
1434230
1434241
1434259
1434264
1434277
1434288
1434296
1434303
1434311
1434322
1434336
1434345
1434358
1434367
1434389
1434390
1434401
1434419
1434426
1434434
1434442
1434455
1434460
1434478
1434493
1434507
1434510
1434528
1434535
1434544
1434556
1434561
1434572
1434583
1434599
1434604
1434616
1434629
1434631
1434647
1434650
1434665
1434673
1434682
1434698
1434706
1434712
1434721
1434733
1434757
1434768
1434770
1434785
1434794
1434805
1434818
1434820
1434837
1434843
1434851
1434866
1434879
1434884
1434892
1434900
1434913
1434925
1434932
1434948
1434969
1434976
1434981
1435012
1435021
1435033
1435049
1435057
1435070
1435085
1435094
1435103
1435111
1435122
1435136
1435145
1435167
1435189
1435190
1435208
1435214
1435227
1435239
1435240
1435253
1435262
1435271
1435286
1435295
1435307
1435310
1435328
1435344
1435356
1435361
1435372
1435383
1435399
1435400
1435425
1435432
1435448
1435454
1435469
1435476
1435481
1435497
1435501
1435519
1435526
1435534
1435542
1435555
1435560
1435578
1435587
1435593
1435615
1435623
1435630
1435659
1435664
1435677
1435688
1435696
1435705
1435718
1435720
1435737
1435743
1435751
1435766
1435779
1435784
1435792
1435804
1435816
1435829
1435831
1435847
1435850
1435865
1435873
1435882
1435898
1435909
1435917
1435938
1435952
1435963
1435975
1435980
1435991
1436005
1436018
1436037
1436043
1436051
1436066
1436079
1436084
1436092
1436110
1436128
1436135
1436144
1436156
1436161
1436172
1436183
1436199
1436206
1436212
1436221
1436233
1436249
1436257
1436268
1436270
1436285
1436294
1436301
1436319
1436326
1436334
1436342
1436355
1436360
1436378
1436387
1436393
1436409
1436417
1436424
1436438
1436446
1436452
1436463
1436475
1436480
1436491
1436500
1436513
1436525
1436532
1436548
1436554
1436569
1436576
1436581
1436597
1436608
1436614
1436627
1436639
1436640
1436653
1436662
1436671
1436695
1436716
1436729
1436750
1436765
1436773
1436782
1436798
1436802
1436815
1436823
1436830
1436864
1436877
1436888
1436896
1436903
1436911
1436922
1436936
1436945
1436958
1436967
1436974
1436989
1436990
1437001
1437019
1437026
1437034
1437055
1437060
1437078
1437087
1437093
1437104
1437116
1437129
1437131
1437147
1437150
1437165
1437173
1437182
1437198
1437200
1437232
1437248
1437254
1437269
1437276
1437281
1437297
1437305
1437318
1437337
1437343
1437351
1437366
1437379
1437384
1437392
1437408
1437414
1437427
1437439
1437453
1437471
1437486
1437495
1437506
1437521
1437533
1437549
1437557
1437568
1437570
1437585
1437594
1437609
1437617
1437624
1437638
1437646
1437663
1437675
1437680
1437691
1437707
1437710
1437728
1437735
1437744
1437761
1437772
1437783
1437799
1437803
1437811
1437822
1437836
1437845
1437858
1437867
1437874
1437889
1437890
1437902
1437915
1437930
1437941
1437959
1437964
1437977
1437988
1437996
1438004
1438016
1438029
1438031
1438047
1438065
1438073
1438082
1438098
1438101
1438119
1438134
1438142
1438155
1438160
1438178
1438187
1438193
1438205
1438218
1438220
1438237
1438243
1438251
1438266
1438279
1438284
1438300
1438313
1438332
1438348
1438354
1438369
1438376
1438381
1438397
1438411
1438422
1438436
1438445
1438458
1438467
1438474
1438489
1438490
1438509
1438517
1438524
1438538
1438546
1438552
1438575
1438580
1438591
1438606
1438612
1438621
1438633
1438649
1438657
1438668
1438685
1438694
1438702
1438715
1438723
1438730
1438741
1438759
1438764
1438777
1438788
1438796
1438808
1438814
1438827
1438839
1438840
1438853
1438862
1438886
1438895
1438907
1438928
1438935
1438944
1438956
1438961
1438972
1438983
1438999
1439003
1439011
1439022
1439036
1439045
1439067
1439074
1439089
1439090
1439106
1439121
1439133
1439149
1439157
1439168
1439170
1439185
1439194
1439207
1439210
1439228
1439235
1439244
1439256
1439283
1439299
1439308
1439314
1439327
1439339
1439340
1439353
1439362
1439371
1439395
1439404
1439416
1439429
1439431
1439447
1439450
1439465
1439473
1439482
1439498
1439502
1439515
1439523
1439530
1439559
1439564
1439577
1439588
1439596
1439601
1439619
1439626
1439634
1439660
1439678
1439687
1439693
1439709
1439717
1439724
1439738
1439746
1439752
1439763
1439775
1439780
1439791
1439800
1439813
1439825
1439832
1439848
1439854
1439869
1439876
1439881
1439897
1439905
1439918
1439920
1439937
1439943
1439951
1439979
1439984
1439992
1440015
1440023
1440030
1440041
1440059
1440064
1440077
1440088
1440096
1440100
1440113
1440125
1440132
1440154
1440169
1440176
1440181
1440197
1440204
1440216
1440231
1440247
1440250
1440265
1440273
1440282
1440298
1440317
1440324
1440338
1440352
1440375
1440380
1440391
1440407
1440410
1440435
1440444
1440456
1440461
1440472
1440483
1440503
1440511
1440522
1440545
1440558
1440567
1440574
1440589
1440590
1440605
1440618
1440620
1440637
1440643
1440651
1440666
1440679
1440684
1440692
1440708
1440714
1440727
1440739
1440753
1440771
1440786
1440795
1440806
1440812
1440821
1440833
1440857
1440868
1440870
1440885
1440894
1440901
1440919
1440926
1440934
1440942
1440955
1440960
1440978
1440987
1440993
1441014
1441027
1441039
1441040
1441053
1441062
1441071
1441086
1441095
1441109
1441117
1441124
1441138
1441146
1441152
1441163
1441175
1441180
1441191
1441202
1441215
1441223
1441230
1441241
1441259
1441264
1441277
1441288
1441303
1441311
1441322
1441336
1441345
1441358
1441367
1441374
1441389
1441390
1441401
1441419
1441426
1441434
1441442
1441455
1441460
1441478
1441487
1441507
1441510
1441528
1441535
1441544
1441556
1441561
1441572
1441583
1441599
1441604
1441616
1441629
1441631
1441647
1441650
1441665
1441673
1441682
1441698
1441706
1441712
1441733
1441749
1441757
1441768
1441785
1441794
1441818
1441820
1441837
1441843
1441851
1441866
1441879
1441884
1441892
1441900
1441913
1441932
1441948
1441954
1441969
1441976
1441981
1441997
1442009
1442024
1442038
1442046
1442052
1442063
1442075
1442080
1442091
1442108
1442114
1442127
1442139
1442140
1442153
1442162
1442171
1442186
1442195
1442203
1442211
1442222
1442236
1442245
1442258
1442267
1442274
1442289
1442290
1442302
1442315
1442323
1442330
1442341
1442359
1442364
1442388
1442396
1442405
1442418
1442420
1442437
1442443
1442451
1442466
1442479
1442484
1442492
1442504
1442516
1442531
1442547
1442550
1442565
1442573
1442582
1442607
1442610
1442628
1442635
1442644
1442656
1442661
1442672
1442683
1442699
1442713
1442725
1442732
1442748
1442754
1442769
1442776
1442781
1442819
1442826
1442834
1442842
1442855
1442860
1442878
1442887
1442893
1442906
1442912
1442921
1442933
1442949
1442957
1442968
1442970
1442994
1443005
1443018
1443020
1443037
1443043
1443051
1443066
1443079
1443084
1443092
1443107
1443110
1443128
1443135
1443144
1443156
1443161
1443172
1443183
1443199
1443206
1443212
1443221
1443249
1443257
1443268
1443270
1443285
1443294
1443301
1443319
1443326
1443334
1443342
1443355
1443360
1443378
1443387
1443409
1443417
1443424
1443438
1443446
1443452
1443463
1443475
1443480
1443491
1443500
1443513
1443525
1443548
1443554
1443569
1443576
1443581
1443597
1443608
1443627
1443639
1443640
1443653
1443662
1443671
1443686
1443695
1443704
1443716
1443731
1443750
1443765
1443773
1443782
1443798
1443802
1443815
1443823
1443830
1443841
1443864
1443877
1443888
1443896
1443903
1443911
1443922
1443936
1443945
1443958
1443967
1443974
1443989
1443990
1444000
1444013
1444025
1444032
1444048
1444054
1444069
1444081
1444097
1444102
1444115
1444123
1444141
1444159
1444188
1444196
1444209
1444217
1444238
1444246
1444263
1444275
1444280
1444291
1444304
1444329
1444331
1444347
1444350
1444365
1444373
1444398
1444406
1444412
1444421
1444433
1444449
1444457
1444470
1444485
1444494
1444520
1444537
1444543
1444551
1444566
1444579
1444584
1444592
1444603
1444622
1444636
1444645
1444674
1444689
1444690
1444701
1444719
1444726
1444734
1444742
1444755
1444778
1444787
1444793
1444807
1444810
1444828
1444835
1444844
1444856
1444861
1444872
1444883
1444899
1444908
1444914
1444927
1444939
1444940
1444953
1444962
1444971
1444995
1445001
1445019
1445026
1445034
1445042
1445055
1445060
1445078
1445093
1445104
1445129
1445131
1445147
1445150
1445165
1445173
1445182
1445200
1445213
1445225
1445232
1445248
1445254
1445269
1445276
1445281
1445297
1445305
1445318
1445320
1445337
1445343
1445351
1445366
1445379
1445384
1445392
1445414
1445427
1445439
1445440
1445453
1445462
1445471
1445495
1445512
1445521
1445549
1445568
1445570
1445585
1445594
1445609
1445617
1445624
1445638
1445646
1445675
1445680
1445691
1445707
1445710
1445728
1445735
1445744
1445756
1445761
1445772
1445783
1445799
1445803
1445811
1445822
1445836
1445845
1445858
1445867
1445874
1445889
1445890
1445902
1445915
1445923
1445930
1445941
1445959
1445964
1445977
1445988
1445996
1446010
1446035
1446044
1446056
1446061
1446072
1446083
1446099
1446105
1446118
1446120
1446143
1446151
1446166
1446179
1446192
1446201
1446219
1446226
1446242
1446255
1446260
1446278
1446287
1446293
1446306
1446321
1446333
1446349
1446357
1446368
1446370
1446385
1446394
1446402
1446415
1446423
1446430
1446441
1446459
1446464
1446477
1446488
1446496
1446508
1446514
1446527
1446539
1446540
1446553
1446562
1446571
1446586
1446595
1446600
1446613
1446625
1446632
1446648
1446654
1446669
1446676
1446681
1446697
1446703
1446711
1446722
1446736
1446745
1446758
1446767
1446774
1446789
1446790
1446809
1446817
1446824
1446838
1446846
1446852
1446863
1446875
1446880
1446891
1446904
1446916
1446929
1446931
1446947
1446950
1446965
1446973
1446982
1446998
1447006
1447012
1447021
1447033
1447049
1447057
1447068
1447070
1447085
1447103
1447111
1447122
1447136
1447145
1447158
1447167
1447174
1447189
1447190
1447208
1447214
1447227
1447239
1447240
1447253
1447262
1447271
1447286
1447295
1447307
1447310
1447328
1447335
1447344
1447356
1447361
1447372
1447383
1447399
1447400
1447413
1447425
1447432
1447448
1447454
1447469
1447476
1447481
1447497
1447501
1447519
1447526
1447534
1447542
1447555
1447560
1447578
1447587
1447602
1447615
1447623
1447630
1447641
1447659
1447664
1447677
1447696
1447705
1447718
1447720
1447737
1447743
1447751
1447766
1447784
1447792
1447804
1447816
1447829
1447831
1447847
1447865
1447873
1447882
1447898
1447909
1447917
1447938
1447946
1447952
1447963
1447980
1448003
1448011
1448022
1448036
1448045
1448058
1448074
1448090
1448106
1448112
1448121
1448133
1448149
1448168
1448170
1448185
1448194
1448207
1448210
1448228
1448235
1448256
1448261
1448272
1448283
1448299
1448308
1448314
1448327
1448339
1448340
1448353
1448371
1448386
1448404
1448429
1448431
1448447
1448450
1448465
1448473
1448482
1448498
1448502
1448515
1448523
1448530
1448541
1448559
1448564
1448588
1448596
1448601
1448619
1448626
1448634
1448655
1448660
1448678
1448687
1448693
1448709
1448717
1448746
1448752
1448775
1448780
1448791
1448800
1448813
1448825
1448832
1448848
1448854
1448869
1448876
1448881
1448897
1448905
1448918
1448920
1448937
1448943
1448951
1448966
1448979
1448984
1448992
1449004
1449016
1449029
1449031
1449047
1449050
1449065
1449073
1449082
1449098
1449101
1449119
1449126
1449134
1449155
1449187
1449205
1449218
1449220
1449237
1449243
1449266
1449279
1449284
1449292
1449300
1449313
1449325
1449332
1449348
1449354
1449369
1449376
1449381
1449403
1449411
1449422
1449436
1449445
1449458
1449467
1449474
1449489
1449490
1449509
1449517
1449524
1449546
1449552
1449563
1449575
1449580
1449591
1449606
1449612
1449621
1449633
1449649
1449657
1449668
1449670
1449685
1449702
1449715
1449723
1449730
1449741
1449759
1449764
1449777
1449796
1449808
1449814
1449827
1449839
1449840
1449853
1449862
1449871
1449886
1449895
1449907
1449910
1449928
1449935
1449944
1449956
1449961
1449983
1449999
1450005
1450018
1450020
1450043
1450051
1450066
1450079
1450084
1450092
1450107
1450110
1450135
1450144
1450156
1450161
1450172
1450183
1450199
1450206
1450221
1450233
1450249
1450257
1450268
1450285
1450294
1450301
1450326
1450334
1450342
1450360
1450378
1450387
1450393
1450409
1450417
1450424
1450438
1450446
1450452
1450463
1450475
1450480
1450491
1450500
1450513
1450525
1450532
1450548
1450554
1450569
1450576
1450597
1450608
1450627
1450639
1450640
1450653
1450662
1450671
1450686
1450695
1450716
1450729
1450731
1450747
1450750
1450765
1450773
1450782
1450798
1450802
1450815
1450823
1450830
1450841
1450859
1450877
1450888
1450903
1450911
1450922
1450945
1450958
1450967
1450974
1450990
1451004
1451016
1451029
1451031
1451047
1451065
1451073
1451098
1451101
1451119
1451126
1451134
1451142
1451155
1451160
1451178
1451187
1451193
1451205
1451218
1451220
1451237
1451243
1451251
1451266
1451279
1451284
1451292
1451300
1451313
1451325
1451332
1451348
1451369
1451376
1451381
1451397
1451403
1451411
1451422
1451436
1451445
1451458
1451474
1451489
1451490
1451509
1451517
1451538
1451546
1451552
1451575
1451580
1451606
1451612
1451621
1451633
1451649
1451657
1451668
1451670
1451685
1451694
1451702
1451715
1451723
1451730
1451741
1451759
1451764
1451777
1451788
1451808
1451814
1451827
1451839
1451840
1451853
1451862
1451886
1451895
1451907
1451910
1451928
1451935
1451944
1451956
1451961
1451972
1452001
1452019
1452026
1452034
1452042
1452055
1452060
1452078
1452087
1452093
1452104
1452116
1452129
1452131
1452165
1452173
1452182
1452198
1452200
1452213
1452225
1452232
1452248
1452254
1452269
1452276
1452281
1452297
1452305
1452318
1452320
1452337
1452343
1452351
1452366
1452379
1452384
1452392
1452408
1452414
1452427
1452439
1452440
1452453
1452462
1452486
1452495
1452512
1452533
1452549
1452557
1452568
1452585
1452594
1452609
1452617
1452624
1452638
1452646
1452652
1452663
1452675
1452680
1452691
1452707
1452710
1452728
1452735
1452744
1452756
1452761
1452772
1452783
1452799
1452803
1452811
1452822
1452845
1452858
1452867
1452874
1452889
1452890
1452902
1452915
1452923
1452930
1452941
1452959
1452964
1452977
1452988
1452996
1453008
1453014
1453027
1453039
1453040
1453053
1453062
1453086
1453095
1453109
1453117
1453124
1453146
1453152
1453163
1453180
1453191
1453202
1453215
1453223
1453230
1453241
1453264
1453277
1453288
1453296
1453303
1453322
1453336
1453345
1453358
1453367
1453374
1453390
1453401
1453426
1453434
1453442
1453460
1453478
1453487
1453493
1453507
1453528
1453535
1453544
1453556
1453561
1453583
1453599
1453604
1453616
1453629
1453631
1453647
1453650
1453665
1453682
1453698
1453712
1453721
1453733
1453757
1453768
1453770
1453785
1453794
1453805
1453818
1453820
1453837
1453851
1453866
1453879
1453884
1453892
1453900
1453913
1453925
1453932
1453948
1453954
1453969
1453976
1453981
1453997
1454007
1454010
1454028
1454035
1454044
1454056
1454061
1454072
1454083
1454105
1454118
1454120
1454137
1454143
1454151
1454166
1454179
1454184
1454192
1454201
1454219
1454226
1454234
1454242
1454255
1454260
1454278
1454287
1454293
1454306
1454312
1454321
1454333
1454349
1454357
1454368
1454370
1454385
1454394
1454402
1454415
1454423
1454430
1454441
1454459
1454464
1454477
1454488
1454496
1454508
1454527
1454539
1454540
1454553
1454562
1454571
1454586
1454595
1454600
1454613
1454625
1454648
1454654
1454676
1454681
1454697
1454703
1454711
1454722
1454736
1454745
1454758
1454767
1454774
1454789
1454790
1454809
1454824
1454838
1454852
1454875
1454891
1454904
1454916
1454929
1454931
1454947
1454950
1454965
1454973
1454982
1455003
1455011
1455022
1455036
1455045
1455058
1455067
1455074
1455089
1455090
1455106
1455112
1455121
1455133
1455149
1455157
1455168
1455170
1455185
1455194
1455207
1455210
1455228
1455235
1455244
1455256
1455261
1455272
1455283
1455299
1455308
1455314
1455339
1455340
1455353
1455362
1455371
1455386
1455395
1455416
1455429
1455431
1455447
1455450
1455465
1455473
1455482
1455498
1455502
1455515
1455523
1455530
1455541
1455559
1455564
1455577
1455596
1455601
1455619
1455626
1455634
1455642
1455655
1455660
1455678
1455687
1455693
1455717
1455724
1455738
1455752
1455763
1455775
1455780
1455791
1455800
1455813
1455825
1455832
1455848
1455854
1455869
1455876
1455881
1455897
1455905
1455918
1455920
1455937
1455943
1455951
1455966
1455979
1455984
1456009
1456017
1456024
1456046
1456052
1456075
1456080
1456091
1456114
1456127
1456139
1456140
1456153
1456162
1456171
1456186
1456195
1456203
1456211
1456222
1456236
1456245
1456258
1456267
1456274
1456290
1456302
1456323
1456330
1456341
1456359
1456364
1456377
1456388
1456396
1456405
1456418
1456437
1456443
1456451
1456466
1456479
1456484
1456492
1456504
1456529
1456531
1456547
1456550
1456565
1456582
1456607
1456610
1456628
1456635
1456644
1456656
1456661
1456672
1456683
1456699
1456700
1456713
1456725
1456732
1456748
1456754
1456769
1456776
1456781
1456797
1456801
1456819
1456826
1456834
1456842
1456855
1456860
1456878
1456887
1456893
1456906
1456921
1456933
1456949
1456957
1456968
1456970
1456985
1456994
1457015
1457023
1457030
1457041
1457059
1457064
1457077
1457088
1457096
1457100
1457113
1457125
1457132
1457154
1457169
1457176
1457181
1457197
1457204
1457216
1457229
1457231
1457247
1457250
1457265
1457273
1457282
1457298
1457309
1457317
1457324
1457338
1457346
1457352
1457363
1457375
1457380
1457391
1457407
1457410
1457428
1457444
1457456
1457472
1457483
1457499
1457503
1457511
1457522
1457536
1457545
1457558
1457567
1457574
1457589
1457590
1457605
1457618
1457620
1457637
1457651
1457684
1457692
1457708
1457714
1457727
1457739
1457740
1457753
1457762
1457771
1457786
1457795
1457806
1457812
1457821
1457833
1457849
1457857
1457870
1457885
1457894
1457901
1457919
1457926
1457934
1457955
1457960
1457978
1457987
1457993
1458000
1458013
1458025
1458032
1458048
1458054
1458069
1458076
1458097
1458102
1458123
1458130
1458141
1458159
1458164
1458177
1458188
1458196
1458209
1458217
1458224
1458238
1458246
1458252
1458263
1458275
1458280
1458291
1458304
1458316
1458331
1458347
1458350
1458365
1458373
1458382
1458406
1458412
1458421
1458433
1458449
1458457
1458468
1458470
1458485
1458494
1458505
1458518
1458520
1458537
1458543
1458551
1458566
1458579
1458584
1458592
1458603
1458611
1458622
1458636
1458645
1458658
1458667
1458674
1458689
1458690
1458701
1458719
1458726
1458734
1458742
1458755
1458760
1458778
1458787
1458793
1458807
1458828
1458835
1458844
1458856
1458861
1458872
1458883
1458899
1458908
1458914
1458939
1458940
1458953
1458962
1458971
1458986
1458995
1459006
1459012
1459033
1459049
1459057
1459070
1459085
1459103
1459111
1459136
1459145
1459158
1459167
1459174
1459189
1459190
1459208
1459214
1459227
1459239
1459240
1459253
1459262
1459271
1459295
1459307
1459310
1459328
1459335
1459356
1459361
1459372
1459383
1459399
1459400
1459413
1459432
1459448
1459454
1459469
1459476
1459481
1459501
1459519
1459526
1459534
1459542
1459555
1459560
1459578
1459587
1459593
1459602
1459615
1459623
1459630
1459641
1459659
1459664
1459677
1459688
1459696
1459718
1459720
1459737
1459743
1459751
1459766
1459779
1459792
1459804
1459816
1459829
1459831
1459847
1459850
1459865
1459873
1459882
1459898
1459909
1459917
1459924
1459938
1459946
1459952
1459963
1459975
1459980
1459991
1460008
1460014
1460027
1460039
1460040
1460053
1460062
1460071
1460086
1460095
1460109
1460124
1460138
1460146
1460152
1460163
1460175
1460180
1460191
1460202
1460215
1460223
1460230
1460241
1460259
1460264
1460277
1460288
1460296
1460303
1460311
1460322
1460336
1460345
1460358
1460367
1460389
1460390
1460401
1460419
1460426
1460434
1460442
1460455
1460460
1460478
1460487
1460493
1460510
1460535
1460556
1460561
1460572
1460583
1460599
1460604
1460631
1460647
1460650
1460665
1460673
1460682
1460698
1460706
1460712
1460733
1460757
1460768
1460770
1460785
1460794
1460805
1460818
1460820
1460837
1460843
1460866
1460879
1460884
1460892
1460900
1460913
1460932
1460948
1460954
1460969
1460976
1460981
1460997
1461012
1461021
1461033
1461049
1461068
1461070
1461085
1461094
1461103
1461111
1461122
1461136
1461145
1461158
1461167
1461174
1461190
1461208
1461214
1461227
1461239
1461240
1461253
1461262
1461271
1461286
1461295
1461310
1461328
1461335
1461344
1461356
1461361
1461372
1461383
1461400
1461413
1461425
1461448
1461454
1461469
1461476
1461481
1461497
1461501
1461519
1461526
1461534
1461542
1461555
1461578
1461587
1461593
1461602
1461615
1461623
1461630
1461641
1461659
1461664
1461677
1461688
1461696
1461705
1461718
1461720
1461737
1461743
1461751
1461766
1461779
1461784
1461792
1461804
1461816
1461829
1461831
1461847
1461850
1461865
1461873
1461882
1461898
1461909
1461917
1461924
1461938
1461946
1461952
1461975
1461980
1461991
1462011
1462022
1462036
1462045
1462058
1462074
1462089
1462090
1462106
1462112
1462133
1462149
1462168
1462170
1462185
1462207
1462210
1462228
1462235
1462244
1462256
1462261
1462272
1462283
1462299
1462308
1462314
1462327
1462339
1462353
1462362
1462371
1462386
1462395
1462404
1462416
1462429
1462447
1462465
1462473
1462482
1462498
1462502
1462515
1462523
1462530
1462559
1462564
1462577
1462588
1462596
1462601
1462634
1462642
1462660
1462678
1462687
1462693
1462709
1462717
1462724
1462738
1462746
1462752
1462763
1462775
1462780
1462791
1462800
1462813
1462832
1462848
1462854
1462869
1462876
1462881
1462897
1462905
1462918
1462920
1462937
1462943
1462951
1462966
1462979
1462984
1462992
1463004
1463016
1463029
1463031
1463047
1463050
1463065
1463073
1463082
1463098
1463101
1463119
1463126
1463134
1463142
1463155
1463160
1463178
1463187
1463193
1463205
1463218
1463220
1463237
1463243
1463251
1463266
1463279
1463284
1463292
1463300
1463313
1463325
1463332
1463348
1463354
1463369
1463376
1463381
1463397
1463403
1463411
1463422
1463436
1463467
1463489
1463490
1463509
1463517
1463524
1463538
1463546
1463563
1463580
1463591
1463606
1463612
1463621
1463649
1463657
1463668
1463670
1463694
1463702
1463715
1463723
1463730
1463741
1463759
1463764
1463777
1463788
1463814
1463827
1463839
1463840
1463862
1463871
1463895
1463907
1463928
1463935
1463944
1463956
1463961
1463972
1463983
1464009
1464017
1464024
1464038
1464046
1464052
1464063
1464075
1464080
1464091
1464108
1464114
1464127
1464139
1464140
1464153
1464162
1464171
1464186
1464195
1464203
1464211
1464222
1464236
1464245
1464258
1464267
1464274
1464289
1464290
1464302
1464315
1464323
1464330
1464359
1464364
1464377
1464388
1464396
1464405
1464418
1464420
1464437
1464443
1464451
1464466
1464479
1464484
1464504
1464516
1464531
1464547
1464550
1464565
1464573
1464582
1464598
1464607
1464610
1464628
1464635
1464644
1464656
1464661
1464672
1464699
1464700
1464713
1464725
1464748
1464754
1464769
1464776
1464781
1464801
1464819
1464826
1464834
1464842
1464855
1464878
1464887
1464893
1464906
1464912
1464921
1464933
1464949
1464957
1464968
1464970
1464985
1464994
1465000
1465013
1465025
1465032
1465048
1465054
1465069
1465076
1465081
1465097
1465102
1465115
1465123
1465130
1465141
1465159
1465164
1465177
1465188
1465196
1465217
1465224
1465238
1465246
1465252
1465263
1465275
1465280
1465291
1465304
1465316
1465329
1465331
1465347
1465350
1465365
1465373
1465382
1465398
1465406
1465412
1465421
1465433
1465457
1465468
1465470
1465505
1465518
1465520
1465537
1465543
1465551
1465566
1465579
1465584
1465592
1465603
1465611
1465622
1465645
1465658
1465667
1465674
1465689
1465690
1465701
1465719
1465726
1465734
1465742
1465755
1465760
1465778
1465787
1465793
1465807
1465810
1465828
1465844
1465856
1465861
1465872
1465883
1465914
1465939
1465940
1465953
1465962
1465971
1465995
1466019
1466026
1466034
1466042
1466055
1466060
1466078
1466087
1466093
1466104
1466116
1466129
1466131
1466147
1466150
1466165
1466173
1466182
1466198
1466200
1466213
1466225
1466232
1466248
1466254
1466269
1466276
1466281
1466297
1466305
1466318
1466320
1466337
1466343
1466366
1466379
1466384
1466392
1466408
1466414
1466427
1466439
1466453
1466462
1466471
1466486
1466495
1466506
1466512
1466521
1466533
1466549
1466557
1466568
1466570
1466585
1466594
1466609
1466617
1466624
1466638
1466646
1466652
1466663
1466675
1466680
1466691
1466707
1466710
1466728
1466735
1466744
1466756
1466761
1466772
1466783
1466799
1466803
1466811
1466822
1466836
1466858
1466867
1466874
1466889
1466915
1466923
1466930
1466941
1466959
1466964
1466988
1466996
1467005
1467018
1467020
1467037
1467051
1467066
1467079
1467084
1467107
1467110
1467128
1467156
1467161
1467172
1467183
1467206
1467212
1467221
1467233
1467249
1467257
1467268
1467270
1467285
1467294
1467301
1467319
1467326
1467334
1467342
1467355
1467360
1467378
1467387
1467393
1467409
1467417
1467424
1467438
1467446
1467463
1467475
1467480
1467491
1467500
1467513
1467525
1467532
1467548
1467554
1467569
1467576
1467581
1467597
1467608
1467614
1467627
1467639
1467640
1467653
1467662
1467671
1467686
1467695
1467704
1467716
1467729
1467731
1467747
1467750
1467765
1467773
1467782
1467798
1467815
1467823
1467830
1467859
1467864
1467877
1467888
1467903
1467911
1467922
1467936
1467945
1467958
1467967
1467989
1468007
1468010
1468035
1468044
1468056
1468061
1468072
1468083
1468099
1468105
1468118
1468120
1468137
1468143
1468151
1468166
1468179
1468184
1468192
1468201
1468219
1468226
1468234
1468242
1468260
1468278
1468287
1468293
1468306
1468312
1468321
1468333
1468349
1468357
1468368
1468385
1468394
1468402
1468415
1468423
1468430
1468459
1468464
1468477
1468488
1468496
1468508
1468527
1468539
1468540
1468553
1468562
1468571
1468586
1468595
1468600
1468613
1468625
1468648
1468654
1468669
1468676
1468681
1468697
1468703
1468711
1468722
1468736
1468758
1468767
1468774
1468789
1468790
1468817
1468824
1468838
1468846
1468852
1468863
1468875
1468880
1468891
1468904
1468916
1468929
1468931
1468947
1468950
1468965
1468973
1468982
1468998
1469002
1469015
1469023
1469030
1469041
1469059
1469064
1469088
1469096
1469100
1469113
1469125
1469132
1469148
1469154
1469169
1469176
1469181
1469197
1469204
1469216
1469229
1469231
1469250
1469273
1469282
1469298
1469309
1469317
1469324
1469338
1469352
1469363
1469375
1469380
1469391
1469407
1469435
1469444
1469461
1469472
1469483
1469499
1469511
1469522
1469536
1469558
1469574
1469589
1469590
1469605
1469618
1469620
1469637
1469643
1469651
1469666
1469679
1469684
1469692
1469708
1469714
1469727
1469739
1469740
1469753
1469762
1469771
1469786
1469806
1469812
1469821
1469833
1469849
1469857
1469868
1469870
1469885
1469894
1469901
1469919
1469926
1469934
1469942
1469955
1469960
1469978
1469987
1470007
1470010
1470028
1470044
1470056
1470072
1470083
1470099
1470105
1470118
1470143
1470151
1470166
1470179
1470184
1470192
1470201
1470219
1470234
1470242
1470255
1470260
1470278
1470287
1470293
1470306
1470312
1470321
1470349
1470357
1470368
1470370
1470385
1470394
1470402
1470415
1470423
1470430
1470441
1470459
1470464
1470477
1470488
1470496
1470508
1470514
1470527
1470539
1470540
1470553
1470562
1470571
1470586
1470595
1470600
1470613
1470625
1470632
1470648
1470669
1470676
1470681
1470703
1470711
1470722
1470736
1470745
1470758
1470767
1470774
1470789
1470790
1470809
1470817
1470838
1470846
1470852
1470863
1470875
1470880
1470891
1470904
1470916
1470929
1470931
1470947
1470950
1470965
1470973
1470982
1470998
1471003
1471011
1471022
1471036
1471045
1471058
1471067
1471074
1471089
1471090
1471106
1471112
1471121
1471133
1471149
1471157
1471168
1471185
1471194
1471207
1471210
1471228
1471235
1471244
1471261
1471283
1471299
1471308
1471327
1471339
1471340
1471353
1471371
1471386
1471395
1471404
1471416
1471429
1471431
1471447
1471450
1471465
1471473
1471482
1471498
1471502
1471515
1471523
1471530
1471541
1471559
1471577
1471588
1471596
1471601
1471619
1471626
1471634
1471642
1471655
1471660
1471687
1471693
1471709
1471717
1471724
1471738
1471746
1471752
1471763
1471775
1471780
1471791
1471800
1471813
1471825
1471832
1471848
1471876
1471881
1471897
1471905
1471918
1471920
1471937
1471943
1471951
1471979
1471984
1471992
1472006
1472012
1472021
1472033
1472049
1472057
1472068
1472070
1472085
1472094
1472103
1472122
1472136
1472145
1472158
1472167
1472174
1472189
1472190
1472208
1472214
1472227
1472239
1472240
1472253
1472262
1472271
1472286
1472295
1472307
1472310
1472328
1472335
1472344
1472361
1472372
1472383
1472399
1472400
1472413
1472425
1472432
1472448
1472454
1472469
1472476
1472481
1472497
1472501
1472526
1472534
1472542
1472555
1472560
1472578
1472587
1472593
1472602
1472623
1472641
1472659
1472664
1472677
1472688
1472696
1472705
1472718
1472720
1472737
1472743
1472751
1472766
1472784
1472792
1472804
1472816
1472829
1472831
1472847
1472850
1472865
1472873
1472882
1472898
1472909
1472917
1472924
1472938
1472946
1472952
1472963
1472975
1472980
1472991
1473000
1473013
1473025
1473032
1473048
1473069
1473076
1473081
1473097
1473102
1473115
1473123
1473130
1473141
1473159
1473177
1473188
1473196
1473209
1473217
1473224
1473246
1473252
1473263
1473275
1473280
1473291
1473304
1473316
1473329
1473331
1473347
1473350
1473365
1473382
1473398
1473406
1473412
1473421
1473433
1473449
1473457
1473468
1473470
1473485
1473494
1473505
1473518
1473520
1473537
1473543
1473551
1473566
1473579
1473584
1473592
1473603
1473611
1473622
1473636
1473645
1473658
1473667
1473674
1473689
1473701
1473719
1473726
1473734
1473742
1473755
1473760
1473778
1473787
1473793
1473807
1473810
1473828
1473835
1473844
1473856
1473861
1473872
1473883
1473899
1473908
1473914
1473927
1473953
1473962
1473971
1473986
1473995
1474005
1474018
1474020
1474043
1474051
1474066
1474079
1474084
1474092
1474107
1474110
1474128
1474135
1474144
1474156
1474161
1474172
1474183
1474199
1474206
1474212
1474221
1474233
1474249
1474257
1474268
1474270
1474285
1474294
1474301
1474319
1474326
1474334
1474342
1474355
1474360
1474378
1474387
1474393
1474409
1474417
1474438
1474446
1474452
1474463
1474475
1474480
1474491
1474500
1474513
1474525
1474532
1474548
1474554
1474569
1474576
1474597
1474608
1474627
1474639
1474653
1474662
1474671
1474686
1474695
1474704
1474716
1474729
1474731
1474747
1474750
1474765
1474773
1474782
1474798
1474802
1474823
1474830
1474841
1474864
1474877
1474888
1474896
1474903
1474911
1474922
1474936
1474945
1474958
1474967
1474974
1474989
1474990
1475004
1475016
1475029
1475031
1475047
1475050
1475073
1475082
1475098
1475101
1475119
1475126
1475155
1475160
1475178
1475187
1475193
1475218
1475220
1475237
1475266
1475284
1475292
1475300
1475313
1475325
1475332
1475348
1475354
1475369
1475376
1475381
1475397
1475403
1475411
1475422
1475436
1475445
1475458
1475467
1475474
1475489
1475490
1475509
1475517
1475524
1475538
1475546
1475552
1475563
1475575
1475580
1475591
1475606
1475612
1475621
1475633
1475657
1475668
1475670
1475685
1475694
1475715
1475723
1475730
1475741
1475759
1475777
1475788
1475796
1475808
1475814
1475827
1475839
1475840
1475853
1475862
1475871
1475886
1475895
1475907
1475910
1475928
1475935
1475956
1475961
1475972
1475983
1475999
1476002
1476015
1476023
1476030
1476041
1476059
1476064
1476077
1476088
1476096
1476100
1476113
1476125
1476148
1476154
1476169
1476176
1476181
1476197
1476204
1476216
1476229
1476231
1476247
1476250
1476265
1476282
1476298
1476309
1476317
1476324
1476338
1476346
1476352
1476363
1476375
1476391
1476407
1476410
1476428
1476435
1476444
1476456
1476461
1476472
1476483
1476499
1476503
1476511
1476522
1476536
1476545
1476558
1476567
1476574
1476589
1476590
1476618
1476620
1476643
1476651
1476666
1476679
1476684
1476692
1476708
1476714
1476727
1476739
1476740
1476753
1476762
1476771
1476786
1476795
1476806
1476812
1476821
1476833
1476849
1476857
1476868
1476870
1476885
1476894
1476919
1476926
1476934
1476942
1476955
1476960
1476978
1476987
1476993
1477009
1477017
1477024
1477038
1477046
1477052
1477063
1477080
1477091
1477108
1477127
1477139
1477140
1477153
1477162
1477171
1477186
1477195
1477211
1477222
1477236
1477267
1477274
1477289
1477290
1477302
1477315
1477323
1477330
1477341
1477359
1477364
1477377
1477388
1477396
1477405
1477418
1477420
1477437
1477443
1477451
1477466
1477479
1477484
1477492
1477504
1477516
1477529
1477531
1477547
1477550
1477565
1477573
1477582
1477598
1477607
1477610
1477628
1477635
1477644
1477656
1477661
1477672
1477683
1477700
1477713
1477725
1477732
1477748
1477754
1477769
1477797
1477801
1477819
1477826
1477834
1477842
1477855
1477860
1477878
1477887
1477893
1477906
1477912
1477921
1477949
1477957
1477968
1477970
1477985
1477994
1478008
1478014
1478027
1478039
1478040
1478053
1478062
1478071
1478086
1478095
1478124
1478138
1478146
1478152
1478163
1478175
1478180
1478191
1478202
1478215
1478223
1478230
1478241
1478259
1478264
1478277
1478288
1478296
1478303
1478311
1478322
1478336
1478345
1478358
1478367
1478374
1478389
1478390
1478401
1478419
1478426
1478434
1478442
1478455
1478460
1478478
1478487
1478493
1478507
1478510
1478528
1478544
1478556
1478561
1478572
1478583
1478604
1478629
1478631
1478647
1478650
1478665
1478673
1478682
1478698
1478706
1478712
1478721
1478733
1478749
1478768
1478785
1478805
1478818
1478820
1478837
1478851
1478866
1478879
1478884
1478892
1478900
1478913
1478925
1478932
1478948
1478954
1478969
1478976
1478981
1478997
1479001
1479019
1479026
1479042
1479055
1479060
1479078
1479087
1479093
1479104
1479116
1479129
1479147
1479150
1479173
1479182
1479198
1479200
1479213
1479225
1479232
1479248
1479254
1479269
1479276
1479297
1479305
1479318
1479320
1479337
1479343
1479351
1479366
1479379
1479392
1479408
1479414
1479427
1479439
1479440
1479453
1479462
1479471
1479486
1479495
1479512
1479521
1479533
1479549
1479557
1479568
1479570
1479585
1479594
1479609
1479617
1479624
1479638
1479646
1479663
1479675
1479680
1479691
1479707
1479710
1479728
1479735
1479744
1479756
1479761
1479772
1479783
1479799
1479803
1479811
1479836
1479845
1479858
1479867
1479874
1479889
1479890
1479902
1479915
1479923
1479930
1479941
1479959
1479964
1479977
1480000
1480013
1480025
1480032
1480054
1480069
1480076
1480081
1480097
1480115
1480130
1480141
1480159
1480164
1480177
1480188
1480196
1480209
1480217
1480224
1480238
1480246
1480252
1480263
1480275
1480280
1480291
1480304
1480316
1480329
1480331
1480347
1480350
1480365
1480373
1480398
1480406
1480412
1480433
1480449
1480457
1480468
1480470
1480485
1480494
1480505
1480518
1480520
1480537
1480543
1480551
1480566
1480579
1480584
1480592
1480603
1480611
1480622
1480645
1480658
1480667
1480674
1480690
1480701
1480719
1480726
1480734
1480755
1480760
1480778
1480793
1480807
1480810
1480828
1480844
1480856
1480861
1480872
1480883
1480899
1480914
1480939
1480940
1480953
1480962
1480971
1480986
1480995
1481001
1481019
1481026
1481034
1481042
1481055
1481060
1481078
1481087
1481093
1481104
1481116
1481129
1481131
1481147
1481150
1481165
1481173
1481182
1481198
1481200
1481213
1481225
1481232
1481248
1481269
1481276
1481281
1481297
1481305
1481318
1481320
1481337
1481343
1481351
1481366
1481379
1481384
1481392
1481408
1481427
1481439
1481440
1481453
1481462
1481471
1481486
1481506
1481512
1481521
1481533
1481549
1481568
1481570
1481585
1481594
1481624
1481638
1481646
1481652
1481680
1481707
1481710
1481735
1481744
1481756
1481761
1481772
1481783
1481799
1481811
1481822
1481836
1481845
1481858
1481867
1481874
1481889
1481890
1481902
1481915
1481923
1481930
1481941
1481959
1481964
1481988
1482004
1482016
1482029
1482031
1482047
1482050
1482065
1482073
1482082
1482098
1482101
1482119
1482126
1482134
1482142
1482155
1482178
1482187
1482193
1482205
1482218
1482220
1482237
1482243
1482251
1482266
1482279
1482284
1482292
1482300
1482313
1482332
1482348
1482369
1482376
1482381
1482397
1482403
1482411
1482436
1482445
1482458
1482467
1482474
1482489
1482490
1482509
1482517
1482538
1482546
1482552
1482563
1482575
1482580
1482591
1482612
1482621
1482633
1482649
1482657
1482668
1482670
1482694
1482702
1482715
1482723
1482730
1482759
1482764
1482777
1482788
1482796
1482808
1482814
1482827
1482839
1482853
1482862
1482871
1482886
1482895
1482910
1482928
1482935
1482944
1482956
1482961
1482972
1482983
1482999
1483003
1483011
1483022
1483036
1483045
1483058
1483067
1483074
1483089
1483106
1483112
1483121
1483133
1483149
1483157
1483168
1483170
1483185
1483194
1483207
1483210
1483228
1483235
1483244
1483256
1483261
1483272
1483283
1483299
1483308
1483314
1483327
1483339
1483340
1483353
1483362
1483371
1483395
1483416
1483431
1483447
1483450
1483465
1483473
1483482
1483498
1483502
1483515
1483523
1483530
1483541
1483559
1483564
1483588
1483596
1483601
1483619
1483626
1483634
1483642
1483655
1483660
1483678
1483687
1483693
1483709
1483717
1483724
1483738
1483746
1483752
1483763
1483775
1483780
1483791
1483800
1483813
1483825
1483848
1483854
1483869
1483876
1483881
1483897
1483905
1483918
1483920
1483937
1483943
1483951
1483966
1483979
1483984
1483992
1484002
1484015
1484023
1484030
1484041
1484059
1484064
1484077
1484088
1484096
1484100
1484113
1484132
1484154
1484169
1484176
1484181
1484197
1484204
1484216
1484229
1484231
1484247
1484250
1484265
1484273
1484282
1484298
1484309
1484317
1484324
1484338
1484346
1484352
1484380
1484391
1484407
1484410
1484428
1484444
1484456
1484461
1484472
1484483
1484499
1484503
1484511
1484522
1484536
1484545
1484558
1484567
1484574
1484589
1484590
1484605
1484637
1484643
1484651
1484666
1484679
1484708
1484714
1484727
1484739
1484740
1484753
1484762
1484771
1484786
1484795
1484806
1484812
1484821
1484833
1484849
1484857
1484868
1484870
1484885
1484894
1484901
1484919
1484926
1484934
1484942
1484955
1484960
1484978
1484987
1484993
1485008
1485014
1485027
1485039
1485040
1485062
1485071
1485086
1485095
1485109
1485117
1485124
1485138
1485146
1485152
1485163
1485175
1485180
1485191
1485202
1485215
1485223
1485230
1485241
1485259
1485264
1485277
1485288
1485296
1485303
1485311
1485322
1485336
1485345
1485358
1485367
1485374
1485389
1485401
1485419
1485426
1485434
1485442
1485455
1485460
1485478
1485487
1485493
1485507
1485510
1485528
1485535
1485544
1485556
1485561
1485572
1485583
1485599
1485616
1485629
1485631
1485647
1485650
1485665
1485673
1485682
1485698
1485706
1485712
1485721
1485733
1485749
1485757
1485768
1485770
1485785
1485794
1485805
1485818
1485820
1485837
1485843
1485851
1485866
1485884
1485892
1485900
1485913
1485925
1485932
1485948
1485954
1485969
1485976
1485981
1486006
1486012
1486021
1486033
1486057
1486068
1486070
1486085
1486094
1486103
1486111
1486122
1486136
1486145
1486158
1486174
1486189
1486190
1486208
1486214
1486227
1486239
1486240
1486253
1486262
1486271
1486295
1486307
1486310
1486328
1486335
1486344
1486356
1486361
1486372
1486383
1486400
1486413
1486425
1486448
1486454
1486469
1486476
1486481
1486497
1486501
1486519
1486526
1486534
1486542
1486555
1486560
1486578
1486593
1486615
1486623
1486630
1486659
1486664
1486677
1486688
1486696
1486705
1486718
1486720
1486737
1486743
1486751
1486766
1486779
1486784
1486792
1486804
1486816
1486829
1486850
1486865
1486873
1486882
1486898
1486909
1486917
1486924
1486938
1486946
1486952
1486963
1486975
1486980
1486991
1487007
1487010
1487028
1487035
1487044
1487056
1487061
1487072
1487083
1487099
1487105
1487118
1487120
1487137
1487143
1487151
1487184
1487192
1487201
1487219
1487226
1487234
1487242
1487255
1487278
1487287
1487293
1487306
1487312
1487321
1487333
1487349
1487357
1487368
1487370
1487385
1487394
1487415
1487423
1487430
1487441
1487459
1487464
1487488
1487496
1487508
1487514
1487527
1487539
1487540
1487562
1487586
1487595
1487600
1487613
1487625
1487632
1487648
1487654
1487669
1487676
1487681
1487697
1487703
1487711
1487722
1487736
1487745
1487758
1487767
1487774
1487789
1487790
1487809
1487817
1487824
1487838
1487846
1487852
1487863
1487875
1487880
1487891
1487904
1487916
1487929
1487931
1487947
1487950
1487965
1487973
1487982
1487998
1488005
1488018
1488020
1488037
1488043
1488051
1488066
1488092
1488107
1488110
1488128
1488135
1488144
1488156
1488161
1488172
1488183
1488199
1488206
1488212
1488221
1488233
1488257
1488268
1488270
1488285
1488294
1488301
1488319
1488326
1488334
1488342
1488355
1488360
1488378
1488387
1488393
1488409
1488417
1488424
1488438
1488452
1488463
1488475
1488480
1488491
1488500
1488513
1488525
1488532
1488548
1488554
1488569
1488576
1488581
1488597
1488608
1488614
1488627
1488639
1488640
1488653
1488662
1488671
1488686
1488716
1488729
1488731
1488747
1488750
1488765
1488773
1488782
1488798
1488802
1488815
1488823
1488830
1488841
1488859
1488864
1488877
1488888
1488896
1488903
1488911
1488922
1488936
1488945
1488958
1488967
1488974
1488989
1488990
1489009
1489017
1489024
1489038
1489046
1489052
1489063
1489075
1489080
1489091
1489114
1489139
1489140
1489153
1489162
1489171
1489186
1489195
1489203
1489211
1489222
1489236
1489258
1489267
1489274
1489289
1489290
1489302
1489315
1489323
1489330
1489341
1489388
1489396
1489420
1489437
1489443
1489451
1489466
1489479
1489484
1489492
1489504
1489516
1489529
1489531
1489547
1489565
1489582
1489598
1489610
1489628
1489635
1489644
1489656
1489672
1489683
1489713
1489725
1489732
1489748
1489754
1489769
1489776
1489781
1489801
1489819
1489826
1489834
1489842
1489855
1489860
1489878
1489893
1489906
1489912
1489921
1489933
1489949
1489957
1489968
1489970
1489985
1490003
1490011
1490022
1490036
1490045
1490067
1490074
1490089
1490090
1490106
1490112
1490121
1490149
1490157
1490168
1490170
1490185
1490194
1490207
1490228
1490235
1490244
1490256
1490272
1490283
1490299
1490308
1490314
1490327
1490339
1490353
1490362
1490371
1490386
1490395
1490404
1490416
1490431
1490447
1490450
1490465
1490473
1490498
1490502
1490515
1490523
1490530
1490559
1490564
1490577
1490588
1490596
1490601
1490619
1490626
1490634
1490642
1490655
1490660
1490678
1490687
1490693
1490717
1490724
1490738
1490746
1490752
1490763
1490780
1490791
1490800
1490813
1490825
1490832
1490848
1490854
1490869
1490876
1490881
1490897
1490905
1490918
1490920
1490937
1490943
1490951
1490966
1490979
1490984
1490992
1491009
1491024
1491038
1491046
1491052
1491063
1491075
1491080
1491091
1491108
1491114
1491127
1491140
1491162
1491171
1491186
1491195
1491203
1491211
1491222
1491236
1491245
1491258
1491267
1491274
1491290
1491302
1491315
1491323
1491330
1491341
1491359
1491364
1491377
1491388
1491396
1491405
1491418
1491420
1491437
1491443
1491451
1491466
1491479
1491484
1491492
1491504
1491516
1491529
1491531
1491547
1491550
1491573
1491598
1491607
1491628
1491635
1491656
1491661
1491672
1491683
1491699
1491700
1491713
1491725
1491732
1491748
1491754
1491769
1491776
1491781
1491797
1491801
1491826
1491834
1491842
1491855
1491860
1491878
1491887
1491893
1491906
1491912
1491921
1491933
1491949
1491957
1491968
1491985
1491994
1492008
1492014
1492027
1492039
1492040
1492062
1492071
1492086
1492095
1492109
1492117
1492124
1492138
1492146
1492152
1492163
1492175
1492180
1492191
1492202
1492215
1492241
1492259
1492264
1492277
1492288
1492296
1492303
1492322
1492336
1492345
1492358
1492367
1492374
1492389
1492390
1492401
1492419
1492426
1492434
1492442
1492455
1492460
1492478
1492487
1492510
1492528
1492535
1492556
1492561
1492572
1492583
1492604
1492616
1492629
1492631
1492647
1492650
1492665
1492673
1492682
1492698
1492706
1492712
1492721
1492733
1492749
1492768
1492770
1492785
1492794
1492805
1492818
1492820
1492837
1492843
1492851
1492866
1492879
1492892
1492913
1492925
1492948
1492954
1492969
1492976
1492981
1492997
1493001
1493019
1493026
1493042
1493055
1493078
1493087
1493093
1493104
1493116
1493129
1493131
1493150
1493165
1493173
1493182
1493198
1493200
1493213
1493225
1493232
1493248
1493254
1493269
1493276
1493281
1493297
1493305
1493318
1493320
1493337
1493343
1493351
1493366
1493379
1493392
1493408
1493414
1493427
1493453
1493462
1493471
1493486
1493495
1493506
1493512
1493521
1493533
1493549
1493557
1493568
1493570
1493585
1493594
1493609
1493617
1493638
1493652
1493663
1493675
1493680
1493691
1493707
1493728
1493735
1493744
1493756
1493761
1493772
1493783
1493799
1493803
1493822
1493836
1493845
1493858
1493867
1493874
1493889
1493890
1493902
1493915
1493923
1493930
1493941
1493959
1493964
1493977
1493988
1493996
1494012
1494021
1494033
1494057
1494068
1494070
1494085
1494103
1494111
1494122
1494136
1494145
1494158
1494167
1494174
1494189
1494190
1494208
1494214
1494227
1494239
1494240
1494253
1494262
1494271
1494295
1494307
1494310
1494328
1494344
1494356
1494361
1494372
1494383
1494399
1494400
1494413
1494425
1494432
1494448
1494454
1494469
1494476
1494497
1494501
1494519
1494526
1494542
1494555
1494560
1494587
1494593
1494602
1494615
1494623
1494630
1494641
1494659
1494664
1494677
1494688
1494705
1494718
1494720
1494737
1494751
1494766
1494779
1494784
1494792
1494804
1494816
1494829
1494831
1494850
1494865
1494873
1494882
1494898
1494909
1494917
1494924
1494946
1494952
1494963
1494975
1494980
1494991
1495005
1495020
1495037
1495051
1495066
1495079
1495084
1495092
1495107
1495110
1495128
1495135
1495144
1495156
1495161
1495172
1495199
1495206
1495212
1495221
1495233
1495249
1495257
1495268
1495270
1495285
1495294
1495301
1495319
1495326
1495334
1495342
1495360
1495378
1495393
1495409
1495424
1495438
1495446
1495452
1495463
1495475
1495480
1495500
1495513
1495525
1495532
1495548
1495554
1495569
1495576
1495581
1495597
1495608
1495614
1495639
1495653
1495662
1495671
1495695
1495704
1495716
1495729
1495731
1495747
1495750
1495773
1495782
1495798
1495802
1495815
1495830
1495859
1495864
1495888
1495903
1495911
1495922
1495936
1495958
1495967
1495974
1495989
1495990
1496004
1496016
1496029
1496031
1496047
1496050
1496065
1496073
1496082
1496098
1496101
1496126
1496142
1496155
1496160
1496178
1496187
1496193
1496205
1496218
1496220
1496237
1496243
1496251
1496284
1496292
1496300
1496313
1496332
1496348
1496354
1496369
1496376
1496381
1496397
1496403
1496411
1496422
1496436
1496445
1496458
1496467
1496474
1496489
1496490
1496509
1496517
1496538
1496546
1496552
1496563
1496575
1496580
1496606
1496612
1496621
1496633
1496657
1496668
1496670
1496685
1496694
1496702
1496715
1496723
1496730
1496741
1496764
1496777
1496788
1496796
1496814
1496827
1496839
1496840
1496853
1496862
1496871
1496886
1496907
1496910
1496928
1496935
1496944
1496956
1496961
1496972
1496983
1496999
1497000
1497013
1497032
1497048
1497054
1497069
1497076
1497081
1497097
1497102
1497130
1497141
1497159
1497164
1497177
1497188
1497196
1497209
1497217
1497224
1497238
1497246
1497252
1497275
1497280
1497291
1497304
1497316
1497329
1497347
1497350
1497365
1497373
1497382
1497398
1497406
1497412
1497421
1497433
1497449
1497457
1497470
1497485
1497494
1497505
1497518
1497520
1497537
1497543
1497551
1497566
1497579
1497584
1497592
1497603
1497611
1497622
1497636
1497658
1497667
1497674
1497689
1497690
1497701
1497719
1497726
1497742
1497755
1497760
1497778
1497793
1497807
1497810
1497828
1497835
1497844
1497856
1497861
1497872
1497883
1497899
1497908
1497914
1497927
1497939
1497940
1497953
1497962
1497986
1497995
1498002
1498015
1498023
1498030
1498041
1498059
1498064
1498077
1498088
1498096
1498100
1498125
1498132
1498148
1498154
1498169
1498176
1498181
1498197
1498204
1498216
1498229
1498231
1498247
1498265
1498273
1498282
1498298
1498309
1498317
1498324
1498346
1498352
1498363
1498380
1498391
1498407
1498410
1498428
1498444
1498456
1498461
1498472
1498483
1498499
1498503
1498511
1498536
1498545
1498558
1498567
1498574
1498589
1498590
1498605
1498618
1498620
1498637
1498643
1498651
1498666
1498679
1498684
1498692
1498708
1498714
1498739
1498740
1498753
1498762
1498771
1498786
1498795
1498812
1498821
1498833
1498849
1498857
1498870
1498885
1498894
1498901
1498919
1498926
1498934
1498942
1498955
1498978
1498987
1498993
1499007
1499010
1499028
1499035
1499044
1499056
1499061
1499072
1499083
1499099
1499105
1499118
1499120
1499137
1499143
1499151
1499166
1499179
1499184
1499201
1499219
1499226
1499234
1499242
1499255
1499260
1499278
1499287
1499293
1499306
1499312
1499333
1499349
1499357
1499368
1499370
1499385
1499394
1499402
1499415
1499423
1499430
1499441
1499459
1499464
1499477
1499496
1499508
1499514
1499527
1499540
1499562
1499571
1499586
1499595
1499600
1499613
1499625
1499632
1499648
1499654
1499669
1499681
1499697
1499703
1499711
1499722
1499736
1499758
1499767
1499774
1499790
1499809
1499817
1499824
1499846
1499852
1499863
1499875
1499880
1499891
1499904
1499916
1499929
1499931
1499947
1499950
1499965
1499973
1499982
1499998
