4600079
4600974
4601101
4602652
4602710
4602923
4603401
4603510
4603665
4604260
4605067
4605121
4605577
4606017
4606140
4607589
4608433
4608856
4609307
4609497
4610096
4610100
4610148
4610410
4610574
4610849
4610919
4610942
4611241
4611367
4611706
4611721
4612171
4612834
4613438
4613922
4614543
4615427
4615728
4615761
4616539
4616711
4617240
4617602
4618210
4618314
4618431
4618634
4619759
4620329
4620690
4621269
4621964
4622126
4622552
4623339
4624204
4624428
4625478
4625604
4625837
4626189
4628020
4628079
4628569
4629063
4629267
4629466
4629912
4630465
4630717
4630876
4632837
4633923
4634240
4634356
4634519
4634909
4634952
4636251
4636284
4636509
4636524
4637102
4637263
4637778
4637962
4638030
4638461
4638960
4639219
4639625
4639722
4639947
4640109
4640749
4640820
4640954
4640969
4641873
4642207
4642642
4642832
4643218
4643575
4644776
4644970
4645263
4645470
4645584
4645828
4646087
4646198
4646343
4646414
4646799
4646874
4647257
4647319
4647704
4648385
4648488
4648613
4649955
4651410
4651574
4651771
4651942
4652252
4652755
4652810
4652962
4653469
4653677
4653688
4654093
4655234
4655595
4655600
4655613
4655891
4656327
4656775
4658222
4658359
4658529
4658598
4659020
4659576
4659581
4660372
4660578
4660587
4661144
4661183
4661554
4661614
4661671
4663077
4663100
4663410
4663643
4664133
4664951
4665700
4666350
4667047
4667910
4668408
4670150
4670320
4670988
4671184
4671278
4673195
4674808
4675740
4675919
4679986
4680024
4680769
4681787
4682410
4684969
4685295
4687889
4688082
4689687
4690099
4690402
4690488
4691404
4692122
4693032
4694326
4694463
4694525
4698419
4698650
4698837
4698954
4699439
4699533
4699783
