4600005
4600079
4600107
4600128
4600135
4600161
4600183
4600199
4600212
4600257
4600301
4600355
4600378
4600387
4600393
4600409
4600438
4600463
4600500
4600513
4600548
4600608
4600639
4600640
4600653
4600662
4600671
4600686
4600729
4600731
4600773
4600798
4600802
4600823
4600830
4600841
4600864
4600877
4600922
4600967
4600974
4601004
4601016
4601029
4601047
4601050
4601065
4601073
4601098
4601101
4601119
4601126
4601142
4601155
4601160
4601193
4601220
4601251
4601279
4601284
4601292
4601300
4601313
4601332
4601348
4601369
4601397
4601422
4601436
4601445
4601458
4601467
4601474
4601517
4601552
4601606
4601612
4601621
4601649
4601685
4601723
4601741
4601759
4601796
4601808
4601840
4601871
4601886
4601895
4601907
4601928
4601935
4601961
4601972
4602026
4602055
4602060
4602093
4602104
4602116
4602129
4602131
4602150
4602200
4602225
4602232
4602248
4602269
4602281
4602305
4602320
4602337
4602351
4602414
4602427
4602439
4602440
4602506
4602521
4602549
4602585
4602652
4602663
4602675
4602680
4602707
4602710
4602744
4602756
4602772
4602822
4602836
4602858
4602867
4602874
4602902
4602915
4602923
4602988
4602996
4603040
4603053
4603062
4603086
4603109
4603117
4603223
4603230
4603259
4603303
4603358
4603401
4603493
4603510
4603528
4603544
4603561
4603572
4603631
4603665
4603698
4603712
4603721
4603757
4603768
4603818
4603837
4603879
4603900
4603932
4603948
4603976
4603997
4604007
4604044
4604061
4604143
4604166
4604179
4604184
4604192
4604201
4604226
4604260
4604287
4604306
4604321
4604357
4604370
4604385
4604394
4604402
4604430
4604459
4604496
4604514
4604586
4604595
4604600
4604632
4604648
4604654
4604669
4604703
4604758
4604767
4604774
4604809
4604838
4604846
4604852
4604891
4604904
4604929
4604950
4604965
4604973
4604998
4605003
4605011
4605036
4605045
4605058
4605067
4605090
4605106
4605121
4605157
4605168
4605170
4605207
4605228
4605235
4605308
4605314
4605327
4605339
4605340
4605353
4605362
4605371
4605386
4605404
4605416
4605465
4605498
4605515
4605541
4605559
4605564
4605577
4605588
4605596
4605660
4605709
4605717
4605724
4605746
4605791
4605800
4605832
4605897
4605905
4605937
4605966
4605979
4605984
4606017
4606038
4606063
4606108
4606114
4606127
4606140
4606153
4606258
4606274
4606289
4606290
4606302
4606323
4606341
4606396
4606418
4606443
4606466
4606484
4606492
4606504
4606516
4606565
4606573
4606582
4606598
4606607
4606656
4606661
4606713
4606732
4606776
4606797
4606826
4606834
4606855
4606878
4606887
4606906
4606921
4606949
4606957
4606968
4607059
4607064
4607077
4607113
4607125
4607169
4607176
4607181
4607204
4607216
4607229
4607265
4607282
4607324
4607346
4607352
4607363
4607380
4607407
4607428
4607472
4607483
4607503
4607511
4607522
4607545
4607567
4607589
4607643
4607666
4607679
4607684
4607714
4607727
4607740
4607762
4607786
4607857
4607885
4607901
4607926
4608025
4608115
4608123
4608141
4608188
4608196
4608209
4608238
4608252
4608280
4608291
4608316
4608329
4608350
4608365
4608373
4608398
4608406
4608421
4608433
4608457
4608494
4608505
4608579
4608592
4608622
4608674
4608689
4608701
4608719
4608742
4608778
4608810
4608828
4608835
4608844
4608856
4608861
4608872
4608899
4608908
4608927
4608971
4609033
4609070
4609085
4609103
4609122
4609145
4609240
4609286
4609295
4609307
4609372
4609399
4609400
4609432
4609454
4609469
4609476
4609497
4609501
4609555
4609615
4609630
4609664
4609677
4609705
4609720
4609779
4609784
4609804
4609829
4609831
4609847
4609850
4609909
4609924
4610015
4610023
4610077
4610096
4610100
4610113
4610148
4610154
4610169
4610229
4610250
4610273
4610309
4610338
4610363
4610391
4610410
4610444
4610503
4610522
4610545
4610558
4610567
4610574
4610589
4610651
4610666
4610692
4610708
4610727
4610753
4610771
4610786
4610849
4610857
4610868
4610919
4610942
4611008
4611027
4611053
4611071
4611095
4611109
4611138
4611152
4611163
4611175
4611180
4611241
4611277
4611303
4611322
4611336
4611367
4611374
4611389
4611401
4611419
4611434
4611487
4611510
4611528
4611556
4611599
4611616
4611629
4611647
4611665
4611682
4611706
4611721
4611733
4611768
4611805
4611843
4611879
4611913
4611925
4611969
4611976
4612024
4612038
4612052
4612080
4612091
4612114
4612127
4612139
4612140
4612162
4612171
4612203
4612222
4612258
4612289
4612302
4612315
4612377
4612388
4612396
4612405
4612420
4612451
4612466
4612479
4612484
4612492
4612504
4612516
4612529
4612565
4612573
4612582
4612607
4612628
4612683
4612748
4612754
4612769
4612781
4612797
4612819
4612834
4612842
4612855
4612860
4612933
4612985
4613018
4613037
4613051
4613079
4613092
4613135
4613172
4613221
4613233
4613268
4613294
4613301
4613360
4613438
4613452
4613475
4613513
4613569
4613576
4613597
4613614
4613627
4613671
4613695
4613716
4613729
4613798
4613802
4613815
4613830
4613896
4613911
4613922
4613936
4613945
4613967
4613990
4614025
4614054
4614076
4614102
4614123
4614141
4614188
4614196
4614209
4614263
4614280
4614291
4614347
4614365
4614373
4614421
4614433
4614485
4614494
4614518
4614543
4614584
4614592
4614603
4614645
4614667
4614701
4614726
4614734
4614778
4614807
4614828
4614844
4614939
4614962
4614971
4614986
4615019
4615055
4615060
4615087
4615104
4615129
4615131
4615198
4615200
4615276
4615281
4615297
4615305
4615318
4615343
4615351
4615408
4615427
4615453
4615462
4615486
4615495
4615512
4615533
4615557
4615570
4615617
4615675
4615680
4615728
4615744
4615761
4615811
4615836
4615845
4615890
4615923
4615959
4616028
4616035
4616056
4616083
4616099
4616105
4616118
4616151
4616201
4616219
4616278
4616293
4616306
4616357
4616370
4616385
4616402
4616415
4616423
4616488
4616514
4616539
4616553
4616586
4616595
4616654
4616676
4616681
4616711
4616722
4616758
4616774
4616789
4616817
4616824
4616846
4616875
4616880
4616891
4616904
4616929
4616947
4616965
4616973
4617006
4617012
4617049
4617070
4617136
4617158
4617208
4617214
4617227
4617239
4617240
4617253
4617286
4617328
4617335
4617344
4617454
4617481
4617497
4617526
4617555
4617593
4617602
4617623
4617677
4617718
4617751
4617779
4617792
4617847
4617924
4617952
4617963
4617975
4617991
4618036
4618067
4618074
4618149
4618157
4618170
4618210
4618261
4618272
4618283
4618299
4618314
4618340
4618362
4618395
4618431
4618450
4618465
4618482
4618498
4618541
4618588
4618601
4618619
4618626
4618634
4618678
4618687
4618791
4618800
4618848
4618854
4618876
4618937
4618943
4618951
4618979
4618992
4619016
4619029
4619031
4619050
4619082
4619098
4619101
4619134
4619155
4619160
4619178
4619220
4619251
4619292
4619300
4619381
4619422
4619436
4619458
4619467
4619474
4619517
4619552
4619563
4619575
4619580
4619612
4619649
4619694
4619759
4619764
4619777
4619796
4619814
4619827
4619839
4619840
4619895
4619928
4619972
4619983
4620025
4620054
4620069
4620102
4620115
4620123
4620130
4620141
4620159
4620188
4620196
4620209
4620224
4620238
4620275
4620329
4620350
4620365
4620382
4620468
4620485
4620494
4620518
4620543
4620579
4620611
4620645
4620667
4620689
4620690
4620760
4620778
4620793
4620807
4620828
4620844
4620856
4620908
4620962
4620995
4621019
4621026
4621034
4621055
4621078
4621129
4621147
4621165
4621182
4621198
4621213
4621232
4621254
4621269
4621297
4621337
4621351
4621379
4621462
4621495
4621512
4621533
4621549
4621568
4621594
4621617
4621624
4621652
4621680
4621735
4621744
4621772
4621811
4621822
4621845
4621874
4621890
4621902
4621941
4621964
4621988
4622004
4622029
4622031
4622050
4622065
4622098
4622119
4622126
4622155
4622178
4622187
4622218
4622220
4622243
4622284
4622292
4622313
4622348
4622458
4622489
4622490
4622517
4622524
4622546
4622552
4622591
4622606
4622657
4622670
4622694
4622723
4622777
4622827
4622839
4622840
4622853
4622886
4622907
4622928
4622956
4622972
4622983
4622999
4623003
4623036
4623045
4623067
4623074
4623133
4623157
4623194
4623210
4623235
4623261
4623308
4623339
4623362
4623395
4623416
4623465
4623482
4623530
4623541
4623559
4623577
4623596
4623634
4623642
4623655
4623678
4623687
4623693
4623709
4623746
4623752
4623780
4623791
4623813
4623825
4623881
4623905
4623918
4623937
4623951
4623966
4624002
4624015
4624023
4624030
4624041
4624059
4624064
4624077
4624100
4624154
4624176
4624204
4624247
4624250
4624265
4624317
4624324
4624375
4624380
4624428
4624444
4624456
4624472
4624511
4624536
4624558
4624605
4624620
4624637
4624684
4624692
4624753
4624806
4624812
4624821
4624833
4624885
4624894
4624901
4624919
4624934
4624955
4625027
4625053
4625095
4625109
4625124
4625146
4625175
4625180
4625191
4625241
4625259
4625288
4625311
4625390
4625434
4625478
4625487
4625510
4625528
4625556
4625604
4625629
4625631
4625665
4625673
4625698
4625706
4625712
4625733
4625768
4625770
4625805
4625818
4625837
4625843
4625879
4625900
4625913
4625954
4625969
4626049
4626111
4626136
4626174
4626189
4626190
4626227
4626240
4626253
4626262
4626295
4626310
4626328
4626361
4626383
4626399
4626454
4626497
4626501
4626602
4626696
4626718
4626743
4626751
4626766
4626829
4626831
4626847
4626850
4626865
4626882
4626938
4626975
4626991
4627007
4627061
4627083
4627118
4627151
4627184
4627192
4627234
4627255
4627260
4627278
4627287
4627306
4627312
4627333
4627349
4627402
4627415
4627423
4627441
4627459
4627488
4627496
4627508
4627553
4627571
4627586
4627613
4627625
4627648
4627654
4627676
4627703
4627711
4627758
4627789
4627817
4627863
4627875
4627965
4627973
4627998
4628005
4628018
4628020
4628037
4628066
4628079
4628107
4628128
4628172
4628199
4628221
4628233
4628249
4628257
4628270
4628294
4628342
4628360
4628387
4628393
4628424
4628446
4628480
4628554
4628569
4628608
4628614
4628639
4628640
4628729
4628750
4628802
4628815
4628823
4628877
4628896
4628903
4628936
4628958
4628967
4628974
4628989
4629009
4629052
4629063
4629091
4629153
4629171
4629186
4629211
4629222
4629245
4629258
4629267
4629289
4629315
4629323
4629341
4629377
4629388
4629418
4629466
4629479
4629484
4629492
4629573
4629582
4629598
4629635
4629700
4629713
4629732
4629769
4629781
4629797
4629801
4629855
4629878
4629887
4629912
4629921
4629949
4629994
4630011
4630036
4630045
4630058
4630089
4630090
4630121
4630149
4630170
4630185
4630207
4630210
4630244
4630256
4630314
4630339
4630340
4630353
4630404
4630416
4630431
4630450
4630465
4630498
4630541
4630559
4630626
4630642
4630693
4630709
4630717
4630746
4630752
4630775
4630780
4630876
4630881
4630897
4630905
4630920
4630937
4630943
4630984
4630992
4631009
4631017
4631038
4631046
4631063
4631080
4631108
4631114
4631140
4631171
4631186
4631195
4631245
4631258
4631267
4631289
4631315
4631323
4631330
4631359
4631396
4631443
4631479
4631484
4631504
4631565
4631607
4631635
4631644
4631672
4631732
4631769
4631776
4631797
4631819
4631834
4631842
4631878
4631887
4631933
4631949
4631968
4631970
4631994
4632008
4632053
4632062
4632117
4632124
4632138
4632152
4632175
4632202
4632215
4632303
4632311
4632322
4632336
4632367
4632390
4632419
4632426
4632561
4632599
4632604
4632616
4632629
4632665
4632706
4632712
4632805
4632818
4632837
4632851
4632866
4632884
4632900
4632925
4632948
4633019
4633042
4633078
4633093
4633104
4633147
4633182
4633213
4633248
4633254
4633269
4633305
4633320
4633351
4633384
4633392
4633440
4633471
4633506
4633549
4633568
4633594
4633609
4633617
4633652
4633663
4633735
4633744
4633761
4633772
4633783
4633867
4633923
4633959
4633996
4634006
4634012
4634021
4634033
4634070
4634085
4634094
4634103
4634122
4634145
4634190
4634240
4634271
4634310
4634328
4634344
4634356
4634361
4634399
4634400
4634432
4634454
4634469
4634497
4634519
4634555
4634587
4634630
4634664
4634677
4634705
4634829
4634831
4634847
4634850
4634865
4634873
4634909
4634917
4634924
4634946
4634952
4634963
4634975
4634991
4635043
4635051
4635066
4635092
4635135
4635144
4635156
4635206
4635249
4635270
4635285
4635294
4635301
4635319
4635334
4635360
4635378
4635393
4635480
4635548
4635554
4635576
4635581
4635614
4635639
4635653
4635671
4635695
4635716
4635729
4635747
4635798
4635823
4635830
4635903
4635936
4635945
4635958
4635967
4635974
4636029
4636031
4636047
4636073
4636082
4636119
4636134
4636178
4636205
4636220
4636251
4636284
4636300
4636313
4636381
4636422
4636445
4636467
4636474
4636489
4636490
4636509
4636524
4636538
4636546
4636575
4636580
4636612
4636621
4636649
4636670
4636702
4636715
4636730
4636759
4636764
4636777
4636788
4636796
4636808
4636814
4636862
4636871
4636886
4636935
4636961
4636983
4637025
4637032
4637054
4637097
4637102
4637123
4637159
4637188
4637263
4637275
4637316
4637329
4637347
4637350
4637398
4637406
4637412
4637421
4637457
4637485
4637518
4637537
4637551
4637566
4637579
4637592
4637645
4637658
4637690
4637760
4637778
4637793
4637828
4637856
4637861
4637872
4637883
4637899
4637962
4638030
4638088
4638096
4638125
4638216
4638250
4638317
4638324
4638338
4638352
4638407
4638461
4638511
4638522
4638536
4638574
4638589
4638618
4638620
4638651
4638666
4638679
4638692
4638708
4638727
4638740
4638771
4638806
4638894
4638901
4638919
4638926
4638934
4638942
4638955
4638960
4638978
4638993
4639007
4639010
4639083
4639105
4639118
4639184
4639219
4639242
4639287
4639306
4639312
4639321
4639333
4639441
4639459
4639508
4639514
4639527
4639539
4639553
4639562
4639586
4639595
4639625
4639648
4639676
4639697
4639703
4639722
4639736
4639809
4639817
4639891
4639904
4639931
4639947
4639998
4640008
4640014
4640086
4640109
4640138
4640180
4640202
4640367
4640389
4640426
4640478
4640493
4640507
4640535
4640544
4640561
4640583
4640599
4640604
4640616
4640629
4640647
4640673
4640682
4640698
4640721
4640733
4640749
4640770
4640785
4640820
4640866
4640879
4640900
4640913
4640925
4640948
4640954
4640969
4641012
4641021
4641049
4641068
4641070
4641094
4641190
4641208
4641240
4641253
4641310
4641361
4641432
4641448
4641469
4641476
4641481
4641497
4641519
4641534
4641560
4641602
4641615
4641641
4641696
4641720
4641737
4641743
4641779
4641784
4641804
4641831
4641873
4641909
4641946
4641963
4642036
4642058
4642089
4642106
4642149
4642157
4642185
4642207
4642210
4642244
4642283
4642299
4642314
4642327
4642353
4642362
4642371
4642395
4642416
4642431
4642447
4642450
4642482
4642498
4642541
4642559
4642601
4642619
4642626
4642642
4642678
4642717
4642738
4642746
4642752
4642775
4642780
4642832
4642876
4642918
4642920
4642943
4643004
4643031
4643047
4643050
4643082
4643134
4643187
4643205
4643218
4643279
4643300
4643313
4643376
4643397
4643411
4643467
4643538
4643546
4643575
4643580
4643591
4643612
4643621
4643633
4643668
4643702
4643715
4643759
4643777
4643796
4643808
4643839
4643853
4643862
4643961
4643972
4643983
4644017
4644052
4644063
4644140
4644153
4644162
4644171
4644186
4644245
4644258
4644267
4644302
4644323
4644359
4644364
4644388
4644418
4644443
4644484
4644504
4644607
4644628
4644635
4644644
4644656
4644672
4644713
4644732
4644754
4644769
4644776
4644797
4644801
4644834
4644855
4644860
4644878
4644887
4644921
4644933
4644957
4644970
4644985
4645013
4645032
4645048
4645069
4645076
4645102
4645141
4645177
4645188
4645196
4645209
4645217
4645263
4645316
4645331
4645350
4645382
4645470
4645505
4645537
4645543
4645584
4645636
4645674
4645689
4645690
4645701
4645726
4645742
4645787
4645828
4645835
4645844
4645856
4645861
4645899
4645908
4645995
4646019
4646055
4646078
4646087
4646116
4646129
4646150
4646165
4646182
4646198
4646200
4646213
4646232
4646269
4646276
4646305
4646320
4646343
4646366
4646379
4646392
4646408
4646414
4646453
4646471
4646495
4646506
4646512
4646521
4646557
4646570
4646624
4646646
4646675
4646761
4646783
4646799
4646822
4646836
4646845
4646867
4646874
4646890
4646923
4646930
4646964
4647020
4647043
4647079
4647092
4647212
4647233
4647257
4647319
4647355
4647387
4647393
4647424
4647438
4647480
4647500
4647554
4647569
4647597
4647614
4647639
4647662
4647671
4647686
4647704
4647765
4647773
4647815
4647823
4647830
4647864
4647896
4647922
4647958
4648105
4648118
4648120
4648166
4648192
4648242
4648255
4648312
4648357
4648368
4648370
4648385
4648394
4648441
4648488
4648508
4648514
4648527
4648539
4648540
4648571
4648613
4648681
4648774
4648790
4648809
4648817
4648863
4648880
4648929
4648982
4648998
4649002
4649030
4649059
4649064
4649125
4649132
4649148
4649216
4649231
4649265
4649273
4649298
4649317
4649352
4649363
4649380
4649407
4649428
4649444
4649461
4649499
4649545
4649558
4649567
4649651
4649679
4649714
4649727
4649739
4649753
4649771
4649795
4649806
4649919
4649934
4649955
4650004
4650029
4650031
4650047
4650073
4650082
4650101
4650142
4650155
4650160
4650178
4650187
4650220
4650279
4650284
4650348
4650369
4650397
4650422
4650489
4650490
4650509
4650524
4650546
4650563
4650633
4650657
4650668
4650670
4650715
4650723
4650741
4650788
4650827
4650862
4650886
4650910
4650928
4650944
4650956
4650983
4651002
4651015
4651064
4651088
4651181
4651197
4651216
4651229
4651231
4651247
4651250
4651273
4651375
4651410
4651444
4651456
4651472
4651483
4651499
4651522
4651536
4651545
4651558
4651567
4651574
4651590
4651618
4651620
4651637
4651643
4651684
4651692
4651714
4651727
4651739
4651753
4651762
4651771
4651812
4651821
4651885
4651901
4651934
4651942
4651960
4652025
4652032
4652054
4652076
4652097
4652115
4652177
4652196
4652246
4652252
4652263
4652280
4652329
4652347
4652365
4652373
4652412
4652421
4652485
4652494
4652518
4652592
4652603
4652611
4652636
4652701
4652742
4652755
4652760
4652807
4652810
4652835
4652861
4652899
4652914
4652953
4652962
4653103
4653158
4653227
4653240
4653253
4653262
4653286
4653307
4653310
4653361
4653372
4653400
4653425
4653448
4653469
4653497
4653519
4653526
4653615
4653659
4653664
4653677
4653688
4653696
4653705
4653718
4653720
4653737
4653751
4653779
4653804
4653850
4653865
4653873
4653882
4653909
4653917
4653946
4653952
4654026
4654042
4654055
4654078
4654087
4654093
4654129
4654198
4654200
4654213
4654248
4654254
4654269
4654281
4654297
4654318
4654366
4654379
4654384
4654408
4654414
4654453
4654486
4654549
4654585
4654594
4654617
4654624
4654691
4654744
4654761
4654783
4654799
4654822
4654836
4654845
4654867
4654889
4654890
4654923
4655035
4655083
4655118
4655120
4655137
4655179
4655184
4655201
4655234
4655242
4655255
4655260
4655278
4655306
4655312
4655333
4655370
4655385
4655394
4655402
4655415
4655423
4655441
4655459
4655477
4655539
4655540
4655562
4655571
4655595
4655600
4655613
4655625
4655654
4655711
4655722
4655745
4655767
4655789
4655790
4655824
4655838
4655852
4655863
4655875
4655891
4655929
4655931
4655947
4656003
4656011
4656058
4656089
4656106
4656112
4656121
4656149
4656168
4656228
4656244
4656283
4656308
4656314
4656327
4656353
4656362
4656371
4656447
4656450
4656465
4656498
4656502
4656588
4656596
4656619
4656626
4656634
4656642
4656655
4656687
4656752
4656775
4656848
4656854
4656876
4656918
4656966
4656979
4656992
4657039
4657053
4657062
4657071
4657086
4657109
4657124
4657138
4657175
4657180
4657215
4657223
4657259
4657277
4657311
4657322
4657374
4657389
4657390
4657401
4657426
4657434
4657510
4657528
4657535
4657561
4657583
4657629
4657631
4657650
4657673
4657698
4657721
4657768
4657851
4657884
4657900
4657913
4657925
4657981
4658052
4658063
4658075
4658091
4658114
4658139
4658171
4658195
4658203
4658222
4658236
4658274
4658290
4658315
4658359
4658364
4658388
4658396
4658437
4658443
4658451
4658466
4658492
4658516
4658529
4658531
4658547
4658598
4658628
4658635
4658661
4658672
4658725
4658801
4658834
4658842
4658855
4658887
4658893
4658912
4658921
4658949
4658968
4658970
4658994
4659018
4659020
4659084
4659092
4659107
4659110
4659135
4659156
4659206
4659233
4659268
4659270
4659285
4659301
4659326
4659360
4659393
4659417
4659424
4659452
4659463
4659475
4659480
4659500
4659548
4659569
4659576
4659581
4659597
4659608
4659773
4659798
4659815
4659823
4659830
4659859
4659888
4659911
4659974
4659989
4660012
4660021
4660070
4660094
4660111
4660122
4660136
4660145
4660167
4660174
4660189
4660239
4660253
4660286
4660335
4660344
4660356
4660361
4660372
4660399
4660400
4660413
4660425
4660476
4660519
4660526
4660542
4660560
4660578
4660587
4660593
4660623
4660630
4660659
4660743
4660779
4660784
4660792
4660804
4660816
4660829
4660847
4660873
4660917
4660924
4660952
4660975
4660980
4661018
4661066
4661079
4661144
4661183
4661199
4661233
4661294
4661326
4661360
4661387
4661463
4661480
4661491
4661500
4661513
4661525
4661554
4661597
4661614
4661653
4661662
4661671
4661729
4661731
4661747
4661841
4661922
4661967
4661990
4662028
4662072
4662105
4662137
4662179
4662184
4662192
4662201
4662219
4662242
4662255
4662260
4662278
4662287
4662312
4662321
4662357
4662402
4662415
4662423
4662464
4662477
4662488
4662540
4662562
4662571
4662586
4662600
4662625
4662648
4662669
4662736
4662789
4662880
4662904
4662929
4662947
4662973
4662982
4663002
4663015
4663030
4663059
4663077
4663096
4663100
4663125
4663148
4663181
4663197
4663204
4663216
4663229
4663247
4663298
4663309
4663352
4663410
4663456
4663472
4663483
4663499
4663503
4663522
4663574
4663589
4663620
4663637
4663643
4663651
4663666
4663679
4663739
4663795
4663806
4663833
4663870
4663901
4663919
4663942
4663955
4664003
4664045
4664112
4664133
4664157
4664168
4664185
4664210
4664235
4664308
4664340
4664353
4664362
4664371
4664386
4664416
4664431
4664473
4664482
4664498
4664515
4664523
4664541
4664642
4664655
4664738
4664752
4664800
4664813
4664825
4664832
4664876
4664905
4664920
4664943
4664951
4664979
4665038
4665046
4665114
4665127
4665162
4665195
4665203
4665267
4665302
4665315
4665323
4665341
4665359
4665388
4665437
4665451
4665484
4665492
4665504
4665529
4665547
4665598
4665607
4665628
4665661
4665699
4665700
4665713
4665725
4665732
4665776
4665781
4665819
4665842
4665887
4665921
4665933
4665957
4666025
4666032
4666048
4666081
4666102
4666115
4666177
4666188
4666196
4666224
4666263
4666275
4666280
4666304
4666316
4666350
4666365
4666449
4666468
4666485
4666494
4666518
4666551
4666566
4666592
4666622
4666636
4666645
4666701
4666726
4666734
4666742
4666755
4666760
4666793
4666810
4666828
4666835
4666844
4666856
4666861
4666908
4666927
4666940
4666971
4666986
4667004
4667016
4667029
4667031
4667047
4667050
4667065
4667073
4667082
4667134
4667142
4667187
4667193
4667205
4667251
4667279
4667284
4667292
4667325
4667332
4667354
4667403
4667458
4667467
4667474
4667490
4667546
4667575
4667606
4667612
4667621
4667657
4667668
4667694
4667702
4667723
4667827
4667839
4667910
4667935
4667972
4667983
4667999
4668042
4668060
4668131
4668150
4668165
4668200
4668213
4668248
4668254
4668269
4668276
4668297
4668305
4668318
4668320
4668337
4668392
4668408
4668427
4668440
4668486
4668506
4668533
4668549
4668609
4668624
4668638
4668675
4668728
4668799
4668811
4668836
4668858
4668890
4668902
4668923
4668941
4668964
4668988
4669008
4669040
4669071
4669095
4669109
4669124
4669146
4669152
4669175
4669180
4669202
4669215
4669241
4669259
4669264
4669277
4669311
4669336
4669345
4669419
4669434
4669460
4669510
4669528
4669544
4669561
4669583
4669629
4669631
4669647
4669682
4669698
4669706
4669749
4669785
4669805
4669818
4669820
4669843
4669884
4669892
4669969
4669981
4670001
4670026
4670042
4670087
4670093
4670104
4670116
4670131
4670147
4670150
4670248
4670254
4670276
4670281
4670318
4670320
4670337
4670366
4670392
4670408
4670427
4670462
4670471
4670533
4670549
4670568
4670594
4670609
4670617
4670624
4670652
4670756
4670772
4670811
4670845
4670874
4670889
4670890
4670941
4670977
4670988
4671007
4671010
4671035
4671083
4671118
4671120
4671137
4671143
4671179
4671184
4671278
4671312
4671333
4671368
4671415
4671459
4671477
4671488
4671496
4671539
4671540
4671571
4671600
4671613
4671625
4671654
4671669
4671711
4671736
4671745
4671767
4671789
4671790
4671817
4671838
4671852
4671863
4671904
4671947
4672005
4672037
4672066
4672107
4672128
4672135
4672161
4672257
4672268
4672270
4672301
4672319
4672334
4672378
4672393
4672417
4672424
4672438
4672463
4672491
4672525
4672532
4672548
4672576
4672608
4672627
4672653
4672686
4672704
4672729
4672798
4672864
4672888
4672911
4672922
4672936
4672967
4672990
4673009
4673017
4673024
4673046
4673052
4673075
4673080
4673127
4673171
4673186
4673195
4673203
4673236
4673245
4673330
4673396
4673405
4673443
4673479
4673492
4673516
4673529
4673565
4673582
4673610
4673656
4673672
4673683
4673748
4673781
4673801
4673834
4673860
4673893
4673906
4673912
4673968
4673970
4673985
4674016
4674029
4674047
4674082
4674098
4674119
4674126
4674142
4674187
4674205
4674284
4674292
4674300
4674325
4674332
4674381
4674422
4674524
4674575
4674612
4674633
4674657
4674694
4674730
4674741
4674759
4674764
4674777
4674788
4674808
4674907
4674935
4674944
4675002
4675023
4675030
4675041
4675077
4675113
4675125
4675154
4675176
4675216
4675231
4675250
4675265
4675324
4675338
4675375
4675380
4675391
4675428
4675461
4675522
4675545
4675590
4675618
4675679
4675714
4675727
4675740
4675762
4675812
4675868
4675894
4675901
4675919
4675934
4675978
4675987
4675993
4676014
4676040
4676062
4676095
4676117
4676180
4676215
4676223
4676241
4676264
4676367
4676374
4676390
4676401
4676426
4676455
4676478
4676487
4676510
4676528
4676583
4676631
4676682
4676706
4676712
4676721
4676749
4676770
4676785
4676837
4676843
4676866
4676879
4676900
4676969
4676976
4676981
4676997
4677003
4677022
4677106
4677121
4677133
4677149
4677157
4677168
4677170
4677185
4677194
4677207
4677228
4677244
4677256
4677283
4677299
4677314
4677371
4677386
4677404
4677429
4677450
4677515
4677541
4677577
4677588
4677601
4677626
4677634
4677642
4677655
4677724
4677738
4677763
4677775
4677780
4677800
4677813
4677825
4677848
4677869
4677920
4677937
4678012
4678049
4678070
4678094
4678122
4678145
4678167
4678189
4678208
4678227
4678239
4678240
4678253
4678295
4678310
4678344
4678425
4678432
4678448
4678454
4678476
4678497
4678534
4678555
4678560
4678578
4678602
4678659
4678696
4678705
4678743
4678751
4678766
4678850
4678882
4678898
4678909
4678952
4678980
4678991
4679000
4679048
4679054
4679081
4679115
4679130
4679141
4679188
4679209
4679217
4679246
4679252
4679275
4679280
4679291
4679316
4679329
4679331
4679347
4679398
4679457
4679468
4679485
4679494
4679518
4679566
4679584
4679592
4679603
4679611
4679658
4679690
4679719
4679726
4679734
4679755
4679807
4679828
4679844
4679872
4679914
4679940
4679971
4679986
4680024
4680052
4680063
4680091
4680108
4680127
4680140
4680153
4680171
4680186
4680195
4680203
4680245
4680274
4680289
4680315
4680330
4680359
4680364
4680405
4680418
4680420
4680479
4680484
4680492
4680565
4680610
4680635
4680661
4680672
4680699
4680700
4680732
4680754
4680769
4680797
4680855
4680860
4680893
4680933
4680957
4680968
4680985
4680994
4681054
4681081
4681115
4681123
4681130
4681159
4681164
4681177
4681188
4681217
4681252
4681304
4681316
4681331
4681347
4681350
4681365
4681382
4681433
4681457
4681468
4681485
4681494
4681520
4681551
4681566
4681584
4681592
4681603
4681611
4681622
4681645
4681667
4681689
4681701
4681719
4681755
4681760
4681787
4681810
4681844
4681927
4681940
4681953
4681986
4682002
4682023
4682059
4682064
4682088
4682100
4682132
4682148
4682154
4682176
4682216
4682265
4682282
4682298
4682375
4682380
4682391
4682407
4682410
4682428
4682461
4682483
4682499
4682545
4682558
4682567
4682620
4682643
4682740
4682753
4682762
4682771
4682786
4682795
4682812
4682821
4682833
4682885
4682901
4682960
4683010
4683028
4683056
4683083
4683099
4683118
4683143
4683166
4683226
4683242
4683278
4683368
4683370
4683488
4683496
4683508
4683514
4683540
4683562
4683595
4683613
4683625
4683669
4683676
4683703
4683711
4683722
4683745
4683767
4683774
4683789
4683817
4683846
4683880
4683891
4683916
4683929
4683965
4684040
4684109
4684124
4684146
4684152
4684175
4684202
4684215
4684230
4684241
4684259
4684311
4684367
4684389
4684401
4684442
4684455
4684478
4684507
4684510
4684544
4684561
4684572
4684604
4684647
4684665
4684682
4684698
4684706
4684733
4684768
4684770
4684818
4684820
4684879
4684884
4684892
4684913
4684969
4684976
4684997
4685006
4685021
4685033
4685068
4685085
4685136
4685145
4685167
4685174
4685189
4685190
4685214
4685227
4685271
4685295
4685328
4685344
4685356
4685425
4685448
4685469
4685476
4685501
4685526
4685555
4685560
4685578
4685623
4685720
4685743
4685751
4685804
4685829
4685831
4685847
4685850
4685873
4685946
4685952
4685963
4685980
4686018
4686043
4686092
4686128
4686135
4686172
4686221
4686249
4686285
4686294
4686326
4686387
4686393
4686409
4686417
4686424
4686452
4686463
4686513
4686525
4686532
4686548
4686554
4686569
4686627
4686639
4686640
4686695
4686704
4686716
4686798
4686802
4686841
4686859
4686877
4686936
4686967
4687001
4687019
4687055
4687078
4687087
4687104
4687116
4687147
4687200
4687225
4687232
4687269
4687305
4687343
4687384
4687392
4687414
4687486
4687512
4687549
4687570
4687585
4687617
4687675
4687691
4687710
4687728
4687735
4687744
4687761
4687799
4687803
4687811
4687822
4687836
4687874
4687889
4687915
4687923
4687930
4687941
4687959
4688047
4688082
4688101
4688119
4688126
4688205
4688220
4688237
4688266
4688313
4688354
4688369
4688376
4688381
4688422
4688467
4688489
4688552
4688563
4688580
4688591
4688612
4688621
4688633
4688657
4688670
4688702
4688723
4688759
4688796
4688827
4688839
4688862
4688886
4688928
4688935
4688999
4689003
4689022
4689058
4689106
4689133
4689168
4689170
4689185
4689207
4689261
4689353
4689371
4689404
4689450
4689465
4689473
4689515
4689559
4689588
4689601
4689626
4689634
4689655
4689660
4689687
4689724
4689746
4689752
4689791
4689813
4689848
4689854
4689897
4689920
4689937
4689951
4690007
4690044
4690056
4690061
4690099
4690105
4690137
4690151
4690201
4690219
4690287
4690293
4690306
4690321
4690368
4690370
4690385
4690402
4690415
4690441
4690477
4690488
4690527
4690595
4690600
4690625
4690632
4690654
4690669
4690711
4690736
4690767
4690774
4690790
4690817
4690852
4690863
4690891
4690904
4690916
4690929
4690947
4690950
4690973
4691011
4691022
4691036
4691045
4691058
4691090
4691112
4691121
4691157
4691168
4691210
4691244
4691261
4691283
4691299
4691314
4691327
4691339
4691340
4691386
4691404
4691431
4691450
4691465
4691473
4691482
4691502
4691530
4691596
4691626
4691634
4691693
4691717
4691724
4691752
4691763
4691775
4691876
4691905
4691918
4691943
4691992
4692012
4692021
4692033
4692057
4692068
4692111
4692122
4692136
4692145
4692158
4692174
4692189
4692190
4692214
4692240
4692262
4692286
4692307
4692356
4692361
4692399
4692413
4692432
4692469
4692526
4692542
4692555
4692578
4692602
4692623
4692630
4692659
4692688
4692737
4692779
4692784
4692804
4692816
4692831
4692847
4692850
4692882
4692938
4693000
4693013
4693032
4693048
4693054
4693081
4693123
4693177
4693209
4693217
4693252
4693263
4693280
4693304
4693331
4693347
4693398
4693421
4693449
4693457
4693468
4693485
4693505
4693579
4693611
4693622
4693658
4693667
4693689
4693719
4693755
4693760
4693787
4693828
4693835
4693861
4693872
4693883
4693927
4693939
4693971
4693986
4694005
4694043
4694066
4694128
4694183
4694199
4694221
4694233
4694257
4694268
4694294
4694301
4694319
4694326
4694378
4694387
4694438
4694452
4694463
4694480
4694500
4694525
4694532
4694614
4694627
4694695
4694704
4694731
4694750
4694765
4694773
4694782
4694798
4694841
4694896
4694911
4694922
4694936
4694958
4695016
4695031
4695047
4695082
4695098
4695134
4695160
4695220
4695237
4695251
4695279
4695292
4695300
4695354
4695369
4695381
4695458
4695467
4695474
4695489
4695490
4695524
4695546
4695591
4695633
4695670
4695685
4695694
4695702
4695715
4695723
4695741
4695777
4695814
4695839
4695907
4695910
4695935
4695972
4696002
4696077
4696154
4696176
4696181
4696197
4696216
4696265
4696273
4696309
4696317
4696380
4696444
4696461
4696483
4696499
4696503
4696522
4696545
4696589
4696590
4696605
4696620
4696651
4696666
4696679
4696692
4696739
4696762
4696786
4696795
4696812
4696833
4696849
4696885
4696919
4696942
4696987
4697038
4697046
4697052
4697063
4697075
4697114
4697127
4697162
4697203
4697211
4697245
4697267
4697341
4697359
4697396
4697418
4697479
4697516
4697547
4697550
4697573
4697598
4697644
4697683
4697699
4697725
4697754
4697776
4697781
4697834
4697860
4697893
4697921
4697985
4697994
4698039
4698086
4698109
4698117
4698138
4698202
4698215
4698277
4698288
4698296
4698311
4698322
4698336
4698345
4698367
4698390
4698419
4698455
4698487
4698528
4698535
4698556
4698561
4698604
4698629
4698650
4698682
4698712
4698733
4698749
4698757
4698820
4698837
4698843
4698892
4698900
4698932
4698948
4698954
4698997
4699001
4699078
4699087
4699093
4699104
4699116
4699129
4699131
4699165
4699182
4699198
4699200
4699213
4699297
4699320
4699351
4699379
4699392
4699414
4699427
4699439
4699440
4699462
4699471
4699495
4699533
4699549
4699557
4699568
4699570
4699594
4699609
4699652
4699680
4699691
4699707
4699710
4699728
4699735
4699772
4699783
4699799
4699811
4699858
4699867
4699889
4699959
4699996
