3800551
3801845
3802325
3805109
3806167
3806425
3806526
3806850
3807166
3807306
3807540
3807722
3808424
3809661
3811168
3811395
3812560
3812924
3813470
3815944
3816077
3816125
3816282
3816753
3816942
3817267
3817644
3817819
3818230
3819427
3820491
3820554
3820597
3820704
3820864
3820877
3820936
3822337
3822408
3822440
3822471
3822959
3823434
3823599
3823805
3824137
3824201
3824293
3825272
3825655
3825738
3826529
3827088
3828224
3829122
3830390
3830572
3830925
3831952
3833509
3834211
3834479
3834713
3834781
3835291
3836276
3836343
3836506
3836707
3837270
3837695
3838099
3838982
3839250
3839762
3840746
3840780
3840920
3841063
3841211
3841878
3842442
3842544
3842749
3842770
3843320
3843379
3844335
3844615
3844784
3845066
3845409
3845922
3846243
3846668
3849648
3850026
3850890
3851904
3852500
3852911
3853801
3854325
3854489
3856223
3856932
3857058
3857314
3858804
3859939
3861645
3861899
3862176
3863072
3863852
3864698
3864851
3865085
3865190
3865372
3867570
3867761
3867988
3869228
3869502
3869813
3870155
3870292
3870325
3870422
3870685
3871231
3872667
3873560
3873882
3874756
3875044
3876022
3876170
3877460
3878315
3878405
3879043
3879257
3879936
3880829
3881525
3881896
3881911
3883428
3883589
3885009
3885052
3886690
3886995
3887715
3888512
3888707
3888744
3889900
3889997
3890096
3890176
3890536
3890806
3891434
3892330
3892550
3894622
3894872
3895680
3896201
3897094
3897136
3897501
3898429
3898482
3898541
