3800350
3801087
3801131
3801414
3801440
3801495
3802065
3804148
3804708
3805296
3807632
3808037
3808409
3809405
3810010
3810370
3810745
3812526
3815313
3815621
3816023
3816590
3817769
3818673
3819638
3819874
3820911
3821050
3822521
3824278
3824357
3825717
3828025
3831122
3835485
3835719
3836890
3840832
3842721
3844831
3847962
3848605
3848849
3850557
3851880
3853887
3854300
3854702
3857473
3858917
3859238
3860994
3866285
3867001
3867930
3868839
3869687
3870332
3873167
3873847
3876106
3876687
3877180
3877241
3878610
3878887
3879135
3881417
3883030
3885855
3886013
3886734
3887142
3888959
3891296
3893270
3893480
3899621
