3900199
3900532
3900608
3900662
3901004
3901073
3901354
3903358
3903493
3906492
3906550
3906582
3906842
3908331
3908927
3909174
3909240
3909847
3910100
3910346
3910590
3910740
3911095
3912912
3914032
3915568
3915691
3916255
3916929
3917049
3917307
3918984
3919381
3920645
3921453
3922101
3922376
3922621
3922759
3922956
3923763
3923780
3924618
3926239
3926383
3926991
3927010
3927965
3928731
3929127
3929437
3929492
3930210
3930283
3930327
3930626
3931289
3933104
3933638
3933744
3934602
3935268
3935614
3935888
3935974
3936101
3937054
3937331
3938247
3938821
3938978
3939072
3939370
3939402
3939711
3940117
3941286
3941641
3941743
3941831
3941898
3941938
3942112
3942168
3942170
3942642
3943098
3943668
3944063
3944341
3945316
3945518
3945636
3946254
3946305
3946366
3946384
3946930
3947802
3948105
3948790
3949100
3949444
3950381
3950702
3951684
3951870
3952457
3953555
3954001
3954055
3954453
3954609
3954858
3955010
3955242
3955430
3956780
3957039
3957493
3958108
3959233
3960021
3960103
3960122
3960425
3960938
3961161
3961221
3961334
3961424
3961911
3962007
3962891
3962929
3963197
3963375
3963740
3964235
3964353
3964897
3966159
3966238
3966449
3966485
3966543
3966622
3967538
3967723
3968384
3968858
3969040
3969389
3969544
3969749
3969892
3970414
3970549
3970803
3971287
3971595
3971632
3973274
3973985
3974050
3974827
3975806
3976572
3977465
3978057
3979382
3980024
3980091
3980405
3980672
3981141
3981953
3982059
3982380
3982511
3982708
3982806
3983201
3983312
3983571
3983669
3983711
3983736
3984014
3984925
3985344
3985659
3985963
3986417
3988403
3988886
3989170
3989207
3989655
3990402
3991724
3992310
3993097
3993263
3993373
3993543
3993742
3993861
3994183
3994614
3994695
3998851
3999019
3999735
