4700039
4700071
4700117
4700124
4700152
4700180
4700202
4700264
4700277
4700303
4700322
4700336
4700358
4700374
4700419
4700426
4700455
4700478
4700487
4700493
4700510
4700528
4700535
4700616
4700647
4700665
4700749
4700768
4700785
4700794
4700805
4700818
4700843
4700866
4700879
4700884
4700892
4700913
4700976
4700981
4700997
4701006
4701068
4701070
4701094
4701122
4701189
4701227
4701239
4701286
4701295
4701307
4701328
4701383
4701399
4701400
4701469
4701481
4701501
4701526
4701555
4701578
4701602
4701641
4701696
4701718
4701720
4701779
4701829
4701850
4701865
4701882
4701917
4701946
4701952
4701991
4702011
4702045
4702090
4702106
4702121
4702149
4702157
4702170
4702210
4702228
4702261
4702314
4702327
4702339
4702340
4702362
4702386
4702395
4702431
4702482
4702498
4702530
4702559
4702577
4702588
4702626
4702634
4702655
4702660
4702687
4702780
4702791
4702813
4702918
4702920
4702937
4702966
4703004
4703016
4703029
4703031
4703047
4703073
4703082
4703101
4703134
4703142
4703155
4703160
4703243
4703266
4703292
4703348
4703354
4703376
4703381
4703445
4703474
4703490
4703509
4703524
4703538
4703552
4703563
4703591
4703612
4703621
4703649
4703741
4703777
4703839
4703840
4703862
4703871
4703886
4703895
4703935
4703944
4703956
4703961
4703972
4703983
4704024
4704063
4704091
4704114
4704127
4704153
4704171
4704245
4704258
4704330
4704359
4704364
4704377
4704388
4704396
4704451
4704484
4704504
4704582
4704598
4704610
4704644
4704672
4704683
4704699
4704725
4704754
4704797
4704826
4704842
4704860
4704893
4704906
4704933
4704957
4704970
4704985
4705000
4705013
4705048
4705054
4705081
4705115
4705123
4705130
4705141
4705177
4705196
4705209
4705238
4705246
4705275
4705280
4705316
4705382
4705412
4705421
4705457
4705470
4705485
4705537
4705584
4705592
4705645
4705658
4705674
4705689
4705701
4705719
4705742
4705787
4705793
4705807
4705828
4705856
4705899
4705940
4705986
4706019
4706042
4706055
4706078
4706087
4706093
4706104
4706131
4706147
4706150
4706165
4706297
4706320
4706351
4706392
4706440
4706462
4706495
4706506
4706557
4706568
4706594
4706609
4706638
4706663
4706680
4706710
4706799
4706803
4706845
4706858
4706874
4706902
4706915
4706959
4706977
4706988
4706996
4707018
4707110
4707128
4707135
4707156
4707172
4707199
4707206
4707233
4707249
4707257
4707301
4707326
4707342
4707378
4707387
4707417
4707438
4707446
4707475
4707491
4707500
4707525
4707576
4707608
4707627
4707639
4707653
4707671
4707695
4707729
4707731
4707747
4707773
4707782
4707798
4707830
4707864
4707903
4707922
4707945
4707958
4707974
4708010
4708044
4708056
4708083
4708099
4708105
4708120
4708137
4708226
4708242
4708287
4708312
4708321
4708333
4708357
4708370
4708459
4708464
4708477
4708496
4708514
4708527
4708539
4708562
4708595
4708613
4708625
4708654
4708758
4708789
4708790
4708817
4708880
4708965
4709002
4709023
4709077
4709113
4709125
4709181
4709216
4709229
4709247
4709250
4709282
4709346
4709410
4709444
4709499
4709503
4709545
4709558
4709574
4709589
4709618
4709620
4709637
4709684
4709753
4709762
4709786
4709806
4709812
4709870
4709901
4709919
4709942
4709955
4709987
4709993
4710066
4710084
4710110
4710172
4710199
4710206
4710221
4710233
4710285
4710301
4710319
4710334
4710417
4710491
4710525
4710532
4710686
4710695
4710704
4710716
4710731
4710750
4710782
4710815
4710877
4710903
4710911
4710922
4710936
4710945
4710967
4710974
4710989
4711029
4711073
4711098
4711134
4711155
4711178
4711187
4711193
4711205
4711220
4711237
4711266
4711313
4711348
4711354
4711397
4711403
4711436
4711445
4711517
4711575
4711606
4711633
4711657
4711685
4711702
4711723
4711759
4711777
4711808
4711839
4711840
4711871
4711895
4711910
4711956
4711983
4712001
4712026
4712042
4712060
4712116
4712129
4712131
4712147
4712173
4712213
4712248
4712297
4712305
4712427
4712439
4712486
4712512
4712533
4712557
4712585
4712617
4712638
4712646
4712652
4712663
4712675
4712728
4712735
4712783
4712799
4712845
4712858
4712902
4712923
4712959
4712996
4713008
4713027
4713040
4713086
4713095
4713109
4713117
4713138
4713146
4713191
4713202
4713230
4713241
4713322
4713336
4713358
4713367
4713390
4713419
4713434
4713455
4713460
4713478
4713493
4713528
4713556
4713572
4713599
4713616
4713631
4713673
4713682
4713721
4713749
4713785
4713794
4713818
4713851
4713925
4714072
4714083
4714137
4714143
4714166
4714184
4714201
4714357
4714385
4714394
4714430
4714441
4714477
4714527
4714539
4714540
4714553
4714562
4714586
4714595
4714600
4714613
4714625
4714632
4714676
4714736
4714758
4714774
4714790
4714824
4714880
4714904
4714916
4714931
4714950
4714982
4715003
4715058
4715074
4715090
4715106
4715121
4715157
4715170
4715185
4715210
4715235
4715244
4715256
4715261
4715314
4715327
4715340
4715362
4715429
4715447
4715473
4715502
4715541
4715564
4715577
4715588
4715601
4715642
4715678
4715693
4715738
4715752
4715763
4715775
4715800
4715825
4715832
4715848
4715869
4715897
4715920
4715951
4715966
4716038
4716052
4716080
4716139
4716162
4716211
4716236
4716245
4716267
4716274
4716315
4716341
4716359
4716388
4716437
4716492
4716529
4716547
4716550
4716610
4716628
4716635
4716656
4716661
4716699
4716754
4716769
4716797
4716801
4716826
4716860
4716906
4716921
4716933
4716949
4716970
4716985
4716994
4717015
4717023
4717041
4717059
4717088
4717096
4717100
4717113
4717148
4717169
4717197
4717216
4717229
4717250
4717317
4717363
4717391
4717435
4717444
4717461
4717503
4717522
4717574
4717589
4717618
4717637
4717651
4717679
4717714
4717795
4717812
4717821
4717857
4717894
4717926
4717955
4717993
4718013
4718054
4718069
4718076
4718177
4718209
4718238
4718304
4718316
4718347
4718398
4718457
4718470
4718505
4718518
4718543
4718551
4718584
4718603
4718611
4718719
4718807
4718810
4718844
4718872
4718940
4718953
4718995
4719006
4719012
4719049
4719070
4719085
4719103
4719111
4719122
4719158
4719174
4719190
4719214
4719227
4719253
4719262
4719271
4719295
4719335
4719344
4719400
4719413
4719448
4719469
4719476
4719497
4719501
4719519
4719534
4719542
4719578
4719587
4719593
4719659
4719664
4719677
4719696
4719705
4719718
4719743
4719766
4719784
4719792
4719831
4719873
4719952
4719980
4720007
4720010
4720028
4720083
4720105
4720143
4720151
4720179
4720192
4720201
4720226
4720234
4720287
4720321
4720357
4720385
4720402
4720415
4720441
4720459
4720496
4720540
4720562
4720571
4720600
4720697
4720703
4720767
4720789
4720846
4720863
4720891
4720929
4720931
4720950
4720982
4720998
4721022
4721036
4721074
4721089
4721090
4721106
4721112
4721157
4721207
4721210
4721235
4721256
4721261
4721283
4721386
4721429
4721447
4721450
4721465
4721473
4721498
4721502
4721515
4721530
4721564
4721588
4721626
4721655
4721693
4721746
4721780
4721791
4721800
4721832
4721848
4721854
4721876
4721881
4721905
4721918
4721943
4722012
4722021
4722085
4722094
4722111
4722145
4722189
4722190
4722214
4722227
4722262
4722295
4722307
4722310
4722356
4722425
4722476
4722481
4722501
4722519
4722542
4722555
4722602
4722615
4722630
4722696
4722718
4722720
4722779
4722784
4722829
4722850
4722873
4722882
4722898
4722952
4722963
4722991
4723081
4723115
4723123
4723130
4723159
4723188
4723196
4723217
4723280
4723329
4723331
4723350
4723382
4723398
4723412
4723421
4723470
4723505
4723537
4723543
4723579
4723611
4723658
4723701
4723719
4723734
4723742
4723810
4723835
4723861
4723872
4723883
4723914
4723927
4723939
4723940
4723995
4724018
4724037
4724043
4724084
4724135
4724172
4724183
4724199
4724206
4724212
4724221
4724233
4724342
4724393
4724409
4724417
4724463
4724554
4724569
4724608
4724614
4724653
4724662
4724686
4724731
4724750
4724765
4724859
4724864
4724888
4724896
4724903
4724911
4724922
4724936
4724945
4724974
4725065
4725073
4725098
4725134
4725142
4725155
4725178
4725187
4725205
4725237
4725243
4725284
4725300
4725397
4725422
4725436
4725458
4725467
4725546
4725580
4725591
4725606
4725621
4725633
4725649
4725668
4725670
4725730
4725759
4725827
4725840
4725853
4725862
4725895
4725907
4725910
4725928
4725944
4725956
4725972
4726023
4726077
4726088
4726096
4726100
4726132
4726154
4726176
4726204
4726231
4726265
4726273
4726298
4726309
4726317
4726324
4726338
4726352
4726363
4726375
4726407
4726428
4726444
4726503
4726536
4726545
4726558
4726567
4726574
4726605
4726666
4726679
4726714
4726740
4726762
4726795
4726812
4726833
4726849
4726870
4726885
4726901
4726919
4726942
4726955
4726993
4727017
4727046
4727052
4727080
4727091
4727108
4727114
4727140
4727186
4727203
4727222
4727236
4727245
4727341
4727359
4727396
4727405
4727443
4727451
4727479
4727492
4727516
4727531
4727547
4727565
4727582
4727598
4727607
4727635
4727644
4727661
4727672
4727699
4727700
4727725
4727834
4727860
4727893
4727912
4727957
4727985
4727994
4728039
4728062
4728086
4728109
4728117
4728124
4728152
4728163
4728202
4728230
4728277
4728288
4728336
4728390
4728401
4728426
4728460
4728478
4728493
4728510
4728528
4728535
4728572
4728583
4728682
4728706
4728721
4728770
4728879
4728884
4728932
4728948
4728954
4729019
4729026
4729055
4729060
4729078
4729104
4729129
4729131
4729147
4729213
4729254
4729269
4729276
4729281
4729305
4729379
4729392
4729408
4729439
4729440
4729471
4729495
4729506
4729521
4729533
4729549
4729652
4729675
4729691
4729710
4729728
4729756
4729799
4729858
4729867
4729930
4729941
4729977
4729988
4730000
4730013
4730054
4730076
4730102
4730291
4730316
4730382
4730433
4730468
4730551
4730584
4730592
4730611
4730622
4730636
4730674
4730690
4730719
4730726
4730734
4730778
4730787
4730828
4730835
4730883
4730899
4730908
4730927
4730939
4730953
4730962
4730986
4731026
4731060
4731078
4731129
4731131
4731150
4731173
4731213
4731281
4731305
4731343
4731379
4731495
4731521
4731549
4731585
4731594
4731617
4731652
4731675
4731680
4731691
4731710
4731756
4731772
4731783
4731930
4731959
4731964
4731977
4731988
4732016
4732029
4732119
4732126
4732142
4732155
4732160
4732237
4732266
4732279
4732354
4732376
4732397
4732436
4732445
4732458
4732490
4732524
4732563
4732575
4732580
4732612
4732621
4732685
4732694
4732730
4732759
4732788
4732853
4732895
4732907
4732910
4732935
4732961
4732999
4733003
4733011
4733022
4733045
4733058
4733106
4733112
4733121
4733149
4733157
4733170
4733194
4733210
4733235
4733256
4733261
4733299
4733339
4733353
4733416
4733447
4733450
4733465
4733473
4733498
4733502
4733523
4733564
4733588
4733601
4733619
4733626
4733642
4733678
4733687
4733693
4733763
4733775
4733780
4733869
4733905
4733937
4733966
4733979
4734015
4734059
4734064
4734132
4734148
4734154
4734181
4734197
4734216
4734229
4734265
4734282
4734317
4734324
4734363
4734380
4734391
4734410
4734435
4734456
4734472
4734483
4734499
4734522
4734567
4734589
4734643
4734692
4734727
4734739
4734740
4734762
4734786
4734806
4734833
4734857
4734894
4734919
4734926
4734934
4734987
4734993
4735008
4735014
4735040
4735053
4735062
4735117
4735124
4735163
4735191
4735202
4735264
4735322
4735358
4735401
4735426
4735434
4735460
4735561
4735583
4735616
4735647
4735665
4735706
4735712
4735721
4735757
4735770
4735837
4735892
4735900
4735913
4735954
4735976
4735997
4736012
4736049
4736057
4736070
4736094
4736103
4736190
4736335
4736413
4736476
4736481
4736497
4736526
4736534
4736593
4736630
4736659
4736696
4736718
4736720
4736737
4736751
4736779
4736831
4736847
4736850
4736873
4736909
4736917
4736938
4736946
4736980
4737010
4737028
4737035
4737044
4737061
4737105
4737118
4737179
4737192
4737226
4737234
4737242
4737293
4737357
4737402
4737415
4737430
4737441
4737459
4737540
4737600
4737613
4737669
4737676
4737681
4737711
4737774
4737789
4737838
4737846
4737875
4737904
4737916
4737931
4737965
4737998
4738018
4738020
4738051
4738084
4738092
4738128
4738135
4738144
4738206
4738233
4738249
4738285
4738294
4738319
4738326
4738334
4738393
4738409
4738438
4738500
4738513
4738532
4738548
4738554
4738569
4738576
4738581
4738653
4738662
4738695
4738747
4738765
4738782
4738802
4738815
4738841
4738864
4738896
4738903
4738936
4738945
4738967
4738974
4738989
4739052
4739075
4739080
4739108
4739114
4739153
4739203
4739211
4739236
4739274
4739289
4739290
4739341
4739359
4739364
4739377
4739443
4739466
4739531
4739547
4739550
4739607
4739732
4739776
4739781
4739826
4739887
4739968
4740029
4740031
4740047
4740098
4740119
4740160
4740205
4740220
4740243
4740332
4740369
4740403
4740411
4740445
4740458
4740474
4740489
4740509
4740517
4740538
4740552
4740580
4740612
4740649
4740670
4740702
4740715
4740759
4740764
4740796
4740808
4740840
4740895
4740956
4740961
4741002
4741059
4741077
4741088
4741125
4741154
4741204
4741216
4741250
4741282
4741309
4741317
4741338
4741352
4741380
4741410
4741435
4741456
4741461
4741483
4741499
4741522
4741558
4741589
4741590
4741637
4741651
4741666
4741692
4741727
4741762
4741812
4741821
4741833
4741857
4741885
4741901
4741926
4741987
4741993
4742025
4742048
4742097
4742115
4742123
4742141
4742217
4742246
4742275
4742329
4742347
4742365
4742382
4742406
4742412
4742421
4742433
4742468
4742485
4742518
4742520
4742566
4742674
4742689
4742778
4742793
4742807
4742844
4742861
4742883
4742899
4742939
4742940
4742962
4743006
4743033
4743070
4743094
4743103
4743158
4743174
4743227
4743240
4743253
4743262
4743271
4743310
4743328
4743335
4743356
4743361
4743372
4743400
4743432
4743448
4743454
4743534
4743542
4743555
4743578
4743587
4743623
4743718
4743751
4743804
4743831
4743873
4743898
4743975
4743991
4744001
4744019
4744026
4744034
4744116
4744129
4744131
4744182
4744198
4744213
4744276
4744297
4744305
4744318
4744320
4744337
4744351
4744366
4744384
4744392
4744408
4744427
4744439
4744462
4744471
4744486
4744549
4744570
4744585
4744594
4744609
4744617
4744638
4744663
4744680
4744707
4744744
4744761
4744783
4744836
4744874
4744889
4744890
4744902
4744915
4744930
4744941
4744964
4745007
4745028
4745035
4745072
4745099
4745151
4745166
4745184
4745226
4745278
4745287
4745293
4745306
4745312
4745321
4745333
4745349
4745423
4745430
4745459
4745464
4745496
4745539
4745540
4745562
4745600
4745625
4745654
4745676
4745681
4745697
4745703
4745722
4745774
4745789
4745824
4745863
4745916
4745929
4745950
4745965
4746011
4746036
4746045
4746090
4746106
4746168
4746235
4746256
4746272
4746299
4746339
4746340
4746353
4746362
4746371
4746395
4746416
4746431
4746577
4746596
4746601
4746626
4746655
4746709
4746717
4746825
4746854
4746876
4746966
4746984
4746992
4747086
4747095
4747109
4747117
4747124
4747138
4747146
4747175
4747215
4747259
4747288
4747311
4747336
4747374
4747389
4747390
4747401
4747426
4747434
4747460
4747561
4747583
4747604
4747631
4747698
4747706
4747721
4747733
4747757
4747768
4747785
4747851
4747879
4747884
4747913
4747932
4747997
4748017
4748024
4748038
4748046
4748075
4748091
4748108
4748114
4748139
4748162
4748186
4748203
4748211
4748222
4748258
4748267
4748274
4748377
4748405
4748418
4748420
4748437
4748443
4748516
4748547
4748550
4748628
4748656
4748725
4748732
4748754
4748781
4748801
4748878
4748893
4748912
4748957
4748968
4748970
4748985
4748994
4749066
4749110
4749135
4749144
4749156
4749161
4749172
4749199
4749221
4749270
4749285
4749294
4749334
4749417
4749446
4749452
4749463
4749475
4749500
4749532
4749548
4749576
4749608
4749653
4749716
4749750
4749773
4749782
4749815
4749823
4749830
4749841
4749864
4749911
4749974
4749989
4750012
4750033
4750049
4750057
4750103
4750158
4750208
4750214
4750239
4750253
4750262
4750271
4750286
4750307
4750356
4750361
4750399
4750432
4750454
4750476
4750501
4750534
4750560
4750593
4750602
4750630
4750677
4750688
4750718
4750751
4750829
4750847
4750850
4750865
4750882
4750898
4750909
4750952
4750963
4750991
4751005
4751051
4751107
4751135
4751156
4751161
4751212
4751257
4751268
4751270
4751285
4751301
4751334
4751387
4751424
4751438
4751480
4751491
4751525
4751532
4751597
4751614
4751653
4751671
4751686
4751773
4751815
4751859
4751877
4751888
4751911
4751974
4752028
4752044
4752061
4752083
4752105
4752120
4752166
4752184
4752192
4752234
4752242
4752278
4752287
4752306
4752312
4752333
4752368
4752508
4752539
4752540
4752562
4752681
4752697
4752711
4752767
4752838
4752863
4752891
4752931
4752965
4752998
4753077
4753100
4753148
4753176
4753216
4753229
4753282
4753317
4753352
4753363
4753375
4753435
4753461
4753483
4753499
4753558
4753643
4753679
4753708
4753739
4753740
4753753
4753771
4753795
4753806
4753812
4753833
4753868
4753885
4753919
4753926
4753955
4754036
4754067
4754074
4754089
4754090
4754149
4754194
4754207
4754228
4754261
4754272
4754283
4754327
4754339
4754353
4754371
4754416
4754429
4754530
4754541
4754577
4754588
4754601
4754655
4754687
4754693
4754709
4754717
4754752
4754763
4754775
4754832
4754854
4754918
4754951
4754966
4754979
4755091
4755171
4755195
4755211
4755222
4755245
4755289
4755290
4755302
4755323
4755388
4755418
4755420
4755443
4755484
4755492
4755504
4755516
4755529
4755550
4755573
4755598
4755607
4755635
4755656
4755661
4755683
4755781
4755797
4755819
4755834
4755855
4755860
4755893
4755912
4755921
4755957
4755970
4755994
4756025
4756048
4756054
4756115
4756159
4756188
4756196
4756224
4756246
4756275
4756291
4756331
4756347
4756350
4756365
4756412
4756421
4756457
4756543
4756551
4756584
4756603
4756674
4756689
4756701
4756755
4756760
4756778
4756810
4756828
4756835
4756872
4756899
4756908
4756914
4756927
4756939
4756953
4756986
4757082
4757098
4757101
4757134
4757142
4757160
4757187
4757193
4757237
4757243
4757251
4757279
4757313
4757348
4757376
4757436
4757458
4757490
4757538
4757552
4757563
4757575
4757580
4757591
4757621
4757685
4757694
4757715
4757730
4757764
4757777
4757796
4757808
4757827
4757839
4757862
4757886
4757895
4758019
4758060
4758093
4758116
4758129
4758147
4758200
4758254
4758269
4758281
4758297
4758305
4758320
4758337
4758379
4758392
4758439
4758471
4758495
4758506
4758512
4758617
4758624
4758652
4758680
4758691
4758710
4758728
4758744
4758756
4758783
4758803
4758822
4758836
4758858
4758890
4758941
4758977
4758988
4759071
4759086
4759117
4759124
4759146
4759152
4759175
4759202
4759215
4759230
4759296
4759322
4759374
4759390
4759419
4759434
4759455
4759478
4759487
4759561
4759599
4759604
4759616
4759673
4759698
4759749
4759770
4759837
4759884
4759900
4759925
4759932
4759969
4759976
4760030
4760041
4760059
4760077
4760125
4760132
4760169
4760197
4760229
4760231
4760250
4760317
4760346
4760363
4760380
4760435
4760444
4760461
4760483
4760503
4760522
4760536
4760545
4760558
4760567
4760574
4760637
4760643
4760651
4760692
4760714
4760739
4760753
4760821
4760833
4760868
4760885
4760894
4760926
4760960
4761014
4761039
4761062
4761086
4761095
4761124
4761241
4761277
4761296
4761311
4761336
4761345
4761367
4761389
4761419
4761426
4761442
4761455
4761460
4761478
4761487
4761510
4761528
4761544
4761556
4761572
4761583
4761631
4761698
4761706
4761733
4761749
4761768
4761770
4761785
4761805
4761900
4761948
4761969
4762024
4762038
4762091
4762162
4762195
4762222
4762236
4762274
4762290
4762341
4762359
4762364
4762420
4762443
4762451
4762479
4762492
4762516
4762529
4762531
4762547
4762550
4762582
4762598
4762628
4762635
4762672
4762700
4762725
4762748
4762797
4762860
4762921
4762957
4762968
4762970
4762985
4762994
4763005
4763018
4763020
4763043
4763051
4763079
4763110
4763135
4763199
4763206
4763233
4763268
4763285
4763294
4763301
4763342
4763355
4763360
4763378
4763387
4763417
4763446
4763452
4763513
4763554
4763576
4763581
4763614
4763671
4763686
4763704
4763773
4763815
4763841
4763859
4763864
4763877
4763922
4763945
4763974
4763990
4764025
4764054
4764097
4764123
4764196
4764217
4764238
4764263
4764280
4764291
4764304
4764329
4764350
4764365
4764406
4764421
4764470
4764537
4764543
4764566
4764584
4764592
4764674
4764690
4764760
4764793
4764835
4764872
4764927
4764940
4764971
4765001
4765026
4765034
4765060
4765087
4765104
4765116
4765129
4765131
4765182
4765213
4765248
4765269
4765281
4765366
4765414
4765439
4765440
4765453
4765521
4765549
4765568
4765570
4765585
4765594
4765609
4765652
4765663
4765691
4765710
4765728
4765735
4765744
4765772
4765783
4765811
4765845
4765890
4765902
4765964
4765977
4765988
4766007
4766035
4766083
4766099
4766105
4766137
4766179
4766201
4766219
4766226
4766234
4766242
4766260
4766287
4766293
4766306
4766321
4766370
4766385
4766394
4766415
4766430
4766441
4766459
4766477
4766496
4766508
4766514
4766527
4766540
4766571
4766586
4766613
4766648
4766654
4766669
4766681
4766703
4766711
4766745
4766767
4766789
4766809
4766817
4766824
4766838
4766846
4766852
4766931
4766982
4767021
4767033
4767049
4767057
4767111
4767136
4767158
4767174
4767190
4767208
4767240
4767328
4767361
4767372
4767413
4767448
4767454
4767615
4767623
4767630
4767641
4767659
4767664
4767688
4767696
4767718
4767720
4767751
4767766
4767779
4767829
4767873
4767909
4767917
4767938
4767946
4767952
4767963
4768074
4768112
4768121
4768133
4768149
4768168
4768170
4768194
4768207
4768210
4768261
4768283
4768308
4768327
4768362
4768386
4768395
4768431
4768450
4768482
4768515
4768577
4768596
4768601
4768619
4768634
4768660
4768678
4768687
4768717
4768738
4768763
4768780
4768800
4768832
4768869
4768876
4768920
4768951
4768979
4768984
4769016
4769029
4769047
4769065
4769119
4769134
4769142
4769187
4769193
4769205
4769251
4769266
4769300
4769348
4769403
4769411
4769458
4769517
4769538
4769563
4769591
4769606
4769633
4769649
4769741
4769759
4769764
4769777
4769808
4769814
4769839
4769886
4769907
4769910
4770045
4770058
4770106
4770170
4770194
4770210
4770261
4770272
4770283
4770340
4770362
4770371
4770386
4770416
4770429
4770482
4770498
4770502
4770515
4770523
4770541
4770564
4770588
4770596
4770619
4770626
4770642
4770660
4770752
4770763
4770780
4770791
4770800
4770848
4770869
4770881
4770897
4770905
4770920
4770937
4770966
4770984
4770992
4771009
4771075
4771091
4771127
4771139
4771140
4771186
4771203
4771330
4771364
4771377
4771405
4771437
4771451
4771466
4771479
4771484
4771529
4771531
4771573
4771582
4771607
4771635
4771672
4771699
4771700
4771732
4771776
4771801
4771819
4771855
4771878
4771921
4771933
4771968
4771970
4771985
4771994
4772008
4772039
4772071
4772086
4772095
4772117
4772124
4772146
4772175
4772180
4772215
4772296
4772322
4772390
4772401
4772419
4772434
4772460
4772478
4772510
4772535
4772544
4772583
4772604
4772629
4772631
4772785
4772837
4772866
4772884
4772892
4772925
4772932
4772997
4773001
4773087
4773093
4773147
4773150
4773173
4773248
4773269
4773276
4773281
4773318
4773320
4773343
4773392
4773414
4773440
4773570
4773609
4773646
4773675
4773710
4773761
4773772
4773803
4773811
4773867
4773874
4773915
4773930
4773964
4773977
4773996
4774006
4774021
4774033
4774057
4774070
4774085
4774111
4774122
4774136
4774167
4774174
4774189
4774190
4774208
4774214
4774227
4774253
4774356
4774399
4774400
4774497
4774501
4774534
4774560
4774602
4774623
4774641
4774696
4774705
4774720
4774743
4774766
4774847
4774865
4774898
4774909
4774938
4774963
4774975
4775005
4775020
4775092
4775128
4775206
4775221
4775233
4775319
4775334
4775355
4775360
4775387
4775393
4775417
4775463
4775475
4775532
4775608
4775639
4775640
4775653
4775662
4775671
4775686
4775695
4775729
4775747
4775750
4775782
4775798
4775823
4775864
4775877
4775888
4775896
4775903
4775911
4775922
4775945
4775967
4775989
4776016
4776047
4776098
4776119
4776142
4776155
4776205
4776300
4776403
4776411
4776436
4776517
4776524
4776538
4776546
4776575
4776612
4776621
4776633
4776685
4776715
4776741
4776788
4776808
4776814
4776839
4776862
4776886
4776907
4776935
4776961
4776972
4777076
4777081
4777097
4777115
4777130
4777141
4777217
4777238
4777329
4777347
4777382
4777412
4777433
4777551
4777566
4777579
4777592
4777611
4777622
4777690
4777742
4777755
4777835
4777844
4777908
4777914
4777927
4777986
4777995
4778041
4778059
4778100
4778132
4778148
4778154
4778169
4778197
4778247
4778250
4778352
4778380
4778407
4778461
4778558
4778574
4778590
4778666
4778739
4778740
4778753
4778806
4778812
4778821
4778857
4778942
4778978
4778987
4779035
4779056
4779061
4779072
4779099
4779120
4779137
4779143
4779184
4779192
4779255
4779278
4779293
4779306
4779370
4779402
4779423
4779539
4779540
4779553
4779613
4779632
4779654
4779676
4779758
4779767
4779789
4779817
4779824
4779846
4779880
4779947
4779965
4779998
4780019
4780034
4780055
4780078
4780087
4780093
4780116
4780129
4780173
4780198
4780254
4780297
4780318
4780384
4780439
4780440
4780453
4780462
4780506
4780512
4780533
4780557
4780570
4780594
4780617
4780638
4780646
4780675
4780710
4780728
4780735
4780772
4780783
4780799
4780803
4780822
4780836
4780845
4780858
4780867
4780874
4780902
4780923
4780930
4780996
4781035
4781061
4781105
4781120
4781151
4781184
4781201
4781226
4781255
4781293
4781306
4781402
4781415
4781423
4781459
4781488
4781508
4781539
4781553
4781600
4781654
4781676
4781703
4781745
4781817
4781824
4781846
4781891
4781904
4781982
4782018
4782037
4782043
4782066
4782079
4782092
4782110
4782128
4782135
4782199
4782249
4782285
4782294
4782301
4782387
4782417
4782438
4782446
4782500
4782513
4782548
4782569
4782597
4782608
4782614
4782627
4782639
4782640
4782653
4782686
4782695
4782731
4782750
4782802
4782823
4782830
4782888
4782896
4782911
4782922
4782945
4782958
4782974
4782990
4783017
4783063
4783080
4783091
4783127
4783139
4783140
4783153
4783171
4783186
4783195
4783203
4783290
4783302
4783323
4783388
4783451
4783479
4783484
4783516
4783529
4783550
4783598
4783607
4783628
4783644
4783713
4783754
4783819
4783826
4783834
4783855
4783860
4783878
4783893
4783921
4783933
4783968
4783994
4784029
4784050
4784065
4784073
4784101
4784126
4784134
4784160
4784178
4784205
4784300
4784313
4784325
4784332
4784348
4784369
4784403
4784411
4784445
4784458
4784474
4784517
4784524
4784563
4784633
4784694
4784741
4784777
4784788
4784827
4784853
4784862
4784886
4784895
4784907
4784928
4784935
4784972
4785002
4785059
4785088
4785176
4785197
4785204
4785231
4785265
4785282
4785309
4785324
4785338
4785346
4785375
4785380
4785407
4785410
4785499
4785511
4785522
4785545
4785558
4785567
4785574
4785637
4785666
4785679
4785692
4785708
4785714
4785739
4785740
4785753
4785771
4785806
4785821
4785833
4785868
4785870
4785901
4785919
4785942
4785955
4785960
4785987
4786014
4786027
4786040
4786053
4786071
4786163
4786180
4786191
4786230
4786288
4786296
4786303
4786322
4786336
4786358
4786367
4786390
4786426
4786460
4786487
4786528
4786572
4786599
4786604
4786629
4786631
4786665
4786673
4786682
4786706
4786721
4786733
4786820
4786851
4786866
4786879
4786892
4786969
4787036
4787067
4787157
4787168
4787194
4787207
4787210
4787228
4787261
4787272
4787283
4787314
4787340
4787362
4787431
4787502
4787515
4787523
4787530
4787559
4787564
4787577
4787596
4787601
4787619
4787626
4787634
4787678
4787752
4787763
4787775
4787848
4787854
4787869
4787881
4787897
4787943
4787951
4787966
4787992
4788012
4788057
4788094
4788158
4788190
4788208
4788239
4788253
4788271
4788361
4788400
4788413
4788448
4788476
4788501
4788519
4788534
4788542
4788560
4788641
4788664
4788737
4788751
4788779
4788829
4788831
4788847
4788865
4788873
4788882
4788946
4788980
4788991
4789000
4789013
4789025
4789054
4789069
4789177
4789188
4789209
4789224
4789263
4789275
4789291
4789304
4789316
4789329
4789347
4789382
4789406
4789412
4789433
4789485
4789494
4789520
4789543
4789566
4789579
4789592
4789603
4789611
4789645
4789667
4789689
4789755
4789760
4789793
4789828
4789835
4789844
4789861
4789883
4789899
4789908
4790024
4790038
4790046
4790108
4790139
4790153
4790162
4790186
4790203
4790245
4790258
4790274
4790289
4790290
4790315
4790359
4790405
4790418
4790451
4790466
4790479
4790550
4790573
4790582
4790610
4790635
4790656
4790661
4790699
4790725
4790732
4790801
4790819
4790834
4790842
4790933
4790949
4791000
4791025
4791069
4791209
4791238
4791246
4791275
4791329
4791347
4791421
4791433
4791494
4791537
4791579
4791592
4791622
4791689
4791726
4791755
4791778
4791787
4791793
4791807
4791828
4791844
4791856
4791899
4791962
4791971
4791995
4792059
4792096
4792148
4792176
4792216
4792229
4792247
4792265
4792282
4792317
4792324
4792346
4792380
4792391
4792407
4792410
4792435
4792456
4792461
4792483
4792499
4792574
4792651
4792684
4792727
4792739
4792740
4792771
4792795
4792821
4792833
4792885
4792942
4792978
4793056
4793072
4793099
4793118
4793137
4793166
4793179
4793192
4793234
4793287
4793312
4793321
4793349
4793357
4793402
4793415
4793441
4793459
4793496
4793613
4793632
4793648
4793669
4793681
4793722
4793745
4793767
4793789
4793817
4793846
4793852
4793982
4794014
4794039
4794062
4794163
4794215
4794223
4794230
4794259
4794264
4794296
4794336
4794389
4794401
4794426
4794434
4794460
4794478
4794487
4794493
4794510
4794556
4794572
4794583
4794599
4794604
4794665
4794673
4794698
4794706
4794721
4794768
4794785
4794843
4794851
4794866
4794879
4794884
4794900
4794913
4794948
4794954
4794976
4794997
4795006
4795021
4795049
4795057
4795103
4795122
4795136
4795145
4795158
4795190
4795214
4795286
4795295
4795310
4795383
4795432
4795448
4795469
4795526
4795593
4795688
4795696
4795718
4795737
4795792
4795847
4795850
4795865
4795882
4795924
4795952
4795963
4795991
4796020
4796043
4796079
4796092
4796107
4796144
4796161
4796172
4796206
4796233
4796249
4796285
4796326
4796378
4796417
4796475
4796480
4796513
4796532
4796548
4796554
4796597
4796608
4796639
4796640
4796653
4796695
4796765
4796782
4796815
4796830
4796896
4796903
4796911
4796958
4797019
4797060
4797078
4797093
4797150
4797182
4797200
4797213
4797232
4797269
4797281
4797297
4797305
4797318
4797320
4797337
4797343
4797379
4797414
4797440
4797471
4797486
4797506
4797512
4797521
4797533
4797557
4797570
4797617
4797646
4797652
4797691
4797783
4797845
4797858
4797930
4797959
4797964
4797988
4798004
4798134
4798155
4798178
4798193
4798237
4798243
4798251
4798284
4798292
4798348
4798369
4798445
4798517
4798546
4798552
4798563
4798575
4798591
4798606
4798621
4798633
4798685
4798715
4798741
4798764
4798777
4798788
4798796
4798840
4798853
4798862
4798961
4798983
4798999
4799003
4799090
4799157
4799168
4799194
4799256
4799261
4799283
4799314
4799327
4799371
4799404
4799429
4799431
4799447
4799465
4799502
4799515
4799523
4799541
4799564
4799577
4799601
4799655
4799660
4799678
4799687
4799693
4799709
4799724
4799763
4799775
4799780
4799791
4799881
4799897
4799905
4799937
4799951
4799966
4799979
4799992
