4700969
4703050
4703668
4704573
4704656
4705069
4705398
4705622
4706756
4706761
4707569
4709096
4709714
4710270
4711218
4711961
4712462
4712803
4712836
4712867
4713583
4714654
4715045
4715596
4715791
4716834
4717309
4718433
4718690
4719189
4720368
4720423
4720824
4720916
4722158
4722344
4722587
4722847
4724249
4724446
4724513
4724989
4725411
4725517
4725764
4726643
4726708
4726978
4727364
4727826
4728631
4728733
4728913
4729182
4729923
4730097
4730373
4731392
4731889
4732839
4733168
4733577
4736975
4737477
4739258
4739699
4741363
4743909
4744521
4745613
4746943
4747202
4747556
4748359
4748582
4748610
4749438
4749480
4749614
4750469
4750555
4750737
4751378
4751393
4751554
4752010
4753380
4754045
4754185
4754800
4754848
4755046
4756000
4756329
4756518
4756622
4757126
4757218
4759288
4760181
4760919
4761932
4762302
4762607
4762699
4763092
4763798
4763888
4764347
4764645
4764856
4764914
4765225
4765320
4765959
4766312
4768523
4768642
4769031
4770693
4770709
4770943
4771420
4772367
4772805
4773594
4774307
4774481
4774946
4775815
4776580
4776796
4776983
4777159
4777449
4777787
4777899
4778771
4778849
4779790
4779982
4780305
4780379
4780408
4780609
4781349
4782270
4783162
4785154
4785461
4785795
4785857
4786455
4787011
4787327
4787371
4787876
4788307
4788792
4789081
4789159
4789246
4789537
4790565
4790672
4792088
4792273
4792679
4792806
4793488
4793809
4794180
4795829
4796500
4796859
4798266
4798723
4798910
