   4 4727364
   4 4729182
   4 4731889
   4 4754848
   4 4759288
   4 4778849
   3 4703050
   3 4713583
   3 4718690
   3 4724249
   3 4728733
   3 4763888
   3 4764914
   3 4765225
   3 4765320
   3 4765959
   3 4766312
   3 4768523
   3 4769031
   3 4770693
   3 4770709
   3 4770943
   3 4771420
   3 4772367
   3 4773594
   3 4774307
   3 4774481
   3 4776580
   3 4776796
   3 4777159
   3 4777449
   3 4777787
   3 4777899
   3 4778771
   3 4780379
   3 4781349
   3 4783162
   3 4785461
   3 4785857
   3 4786455
   3 4787011
   3 4787327
   3 4787371
   3 4787876
   3 4788792
   3 4789159
   3 4792679
   3 4793488
   3 4793809
   3 4794180
   3 4796500
   3 4796859
   3 4798723
   3 4798910
   3 4799353
   2 4715596
   2 4763798
   2 4764645
   2 4768642
   2 4774946
   2 4775815
   2 4779982
   2 4780305
   2 4780408
   2 4780609
   2 4782270
   2 4785154
   2 4785795
   2 4788307
   2 4789081
   2 4789246
   2 4789537
   2 4792088
   2 4792806
   2 4795829
