4700014
4700900
4701111
4701615
4707990
4708306
4708852
4709148
4709309
4709435
4709868
4711325
4711524
4714402
4714852
4717346
4717499
4718032
4719615
4719898
4720061
4721185
4722737
4723263
4723844
4724355
4726753
4728071
4729996
4730217
4731462
4731557
4733036
4734868
4734942
4736085
4736425
4736432
4737586
4738639
4739171
4739713
4739878
4740004
4741511
4742263
4743122
4743784
4743792
4745201
4745973
4749525
4751716
4751990
4752201
4754473
4755341
4755725
4755801
4756013
4756494
4756667
4758318
4759040
4764995
4765042
4766278
4767012
4768775
4768854
4768905
4772698
4774542
4774615
4775135
4776237
4776694
4777421
4780652
4782815
4783635
4788049
4790531
4791054
4793998
4796051
4796438
4797675
4799022
4799210
4799353
4799738
