1500044
1500061
1500166
1500184
1500201
1500226
1500242
1500255
1500260
1500278
1500293
1500312
1500333
1500357
1500394
1500430
1500464
1500508
1500562
1500571
1500632
1500676
1500681
1500703
1500711
1500736
1500758
1500790
1500809
1500838
1500846
1500863
1500916
1500947
1500965
1501011
1501022
1501074
1501090
1501106
1501185
1501210
1501244
1501256
1501261
1501283
1501299
1501327
1501339
1501353
1501386
1501431
1501447
1501473
1501515
1501559
1501577
1501619
1501642
1501678
1501687
1501746
1501752
1501763
1501780
1501813
1501832
1501876
1501897
1501920
1501943
1501951
1501979
1501992
1502006
1502021
1502033
1502085
1502103
1502227
1502286
1502307
1502372
1502383
1502400
1502413
1502425
1502432
1502469
1502497
1502534
1502542
1502555
1502578
1502587
1502593
1502615
1502630
1502641
1502677
1502688
1502696
1502705
1502737
1502804
1502816
1502850
1502898
1502909
1502924
1502946
1502975
1503013
1503069
1503130
1503141
1503159
1503238
1503246
1503263
1503291
1503304
1503347
1503350
1503365
1503382
1503406
1503421
1503468
1503470
1503485
1503494
1503518
1503584
1503611
1503645
1503689
1503719
1503755
1503787
1503793
1503807
1503844
1503883
1503899
1503953
1504020
1504037
1504043
1504079
1504084
1504128
1504135
1504161
1504183
1504221
1504249
1504257
1504301
1504342
1504360
1504409
1504424
1504438
1504463
1504475
1504500
1504554
1504569
1504576
1504581
1504608
1504640
1504686
1504716
1504747
1504773
1504782
1504815
1504864
1504911
1504936
1504974
1504989
1504990
1505004
1505016
1505031
1505047
1505050
1505073
1505098
1505119
1505134
1505155
1505187
1505205
1505220
1505237
1505279
1505284
1505292
1505381
1505397
1505422
1505458
1505474
1505490
1505509
1505524
1505538
1505575
1505591
1505606
1505612
1505621
1505649
1505657
1505694
1505715
1505730
1505796
1505808
1505814
1505839
1505871
1505910
1505935
1505956
1505961
1506015
1506023
1506059
1506064
1506125
1506132
1506169
1506197
1506204
1506250
1506317
1506338
1506375
1506407
1506410
1506428
1506456
1506461
1506472
1506503
1506536
1506567
1506620
1506643
1506651
1506679
1506708
1506753
1506786
1506857
1506868
1506894
1506919
1506993
1507009
1507038
1507052
1507091
1507114
1507127
1507139
1507186
1507195
1507203
1507211
1507222
1507258
1507274
1507289
1507290
1507302
1507323
1507359
1507364
1507451
1507466
1507484
1507529
1507531
1507547
1507565
1507573
1507607
1507610
1507628
1507635
1507656
1507672
1507683
1507699
1507700
1507713
1507732
1507754
1507776
1507781
1507819
1507834
1507855
1507912
1507921
1507933
1507957
1507970
1507985
1508039
1508040
1508062
1508086
1508095
1508109
1508117
1508124
1508146
1508152
1508202
1508241
1508264
1508296
1508303
1508322
1508389
1508401
1508434
1508478
1508493
1508507
1508510
1508528
1508535
1508544
1508561
1508583
1508604
1508647
1508650
1508698
1508706
1508768
1508837
1508866
1508900
1508932
1508969
1509026
1509034
1509087
1509104
1509131
1509150
1509213
1509232
1509248
1509254
1509276
1509297
1509305
1509320
1509343
1509366
1509414
1509471
1509486
1509521
1509568
1509570
1509585
1509609
1509663
1509675
1509735
1509756
1509761
1509783
1509799
1509803
1509811
1509836
1509874
1509890
1509923
1509959
1509964
1509988
1509996
1510009
1510024
1510075
1510080
1510108
1510114
1510127
1510140
1510162
1510171
1510186
1510203
1510211
1510236
1510245
1510267
1510315
1510341
1510359
1510364
1510388
1510396
1510418
1510420
1510437
1510516
1510565
1510582
1510635
1510644
1510661
1510700
1510713
1510748
1510769
1510776
1510781
1510801
1510878
1510906
1510957
1511000
1511013
1511025
1511102
1511115
1511141
1511224
1511275
1511280
1511316
1511329
1511347
1511406
1511412
1511421
1511470
1511485
1511518
1511520
1511537
1511551
1511603
1511622
1511636
1511667
1511674
1511689
1511719
1511734
1511742
1511793
1511807
1511844
1511861
1511939
1511940
1511962
1512041
1512059
1512088
1512100
1512154
1512204
1512216
1512229
1512231
1512250
1512273
1512317
1512324
1512380
1512391
1512435
1512483
1512511
1512522
1512536
1512545
1512567
1512590
1512618
1512620
1512637
1512643
1512651
1512692
1512708
1512739
1512740
1512762
1512806
1512812
1512870
1512926
1512960
1512993
1513007
1513010
1513028
1513056
1513061
1513072
1513120
1513179
1513192
1513201
1513219
1513234
1513242
1513278
1513321
1513368
1513370
1513394
1513415
1513430
1513496
1513539
1513553
1513562
1513571
1513595
1513613
1513676
1513711
1513722
1513789
1513790
1513809
1513817
1513824
1513880
1513891
1513904
1513950
1513965
1514014
1514039
1514109
1514124
1514138
1514163
1514202
1514215
1514230
1514277
1514296
1514345
1514374
1514389
1514426
1514434
1514455
1514478
1514493
1514528
1514561
1514583
1514631
1514647
1514665
1514698
1514706
1514721
1514749
1514768
1514770
1514820
1514884
1514900
1514913
1514932
1514948
1514981
1515021
1515070
1515085
1515094
1515145
1515158
1515174
1515189
1515190
1515271
1515286
1515295
1515335
1515344
1515361
1515372
1515383
1515399
1515413
1515432
1515448
1515519
1515526
1515560
1515615
1515623
1515677
1515705
1515737
1515779
1515882
1515975
1515980
1515991
1516005
1516018
1516037
1516135
1516172
1516206
1516212
1516233
1516249
1516270
1516294
1516319
1516355
1516387
1516438
1516452
1516463
1516475
1516500
1516513
1516525
1516597
1516608
1516614
1516640
1516653
1516686
1516695
1516716
1516729
1516750
1516765
1516773
1516798
1516859
1516864
1516945
1516958
1516967
1517019
1517026
1517034
1517042
1517055
1517254
1517281
1517318
1517320
1517337
1517343
1517351
1517408
1517414
1517439
1517440
1517471
1517486
1517506
1517533
1517549
1517617
1517624
1517638
1517646
1517652
1517675
1517707
1517710
1517728
1517772
1517836
1517845
1517858
1517874
1517889
1517923
1517930
1517964
1517988
1517996
1518004
1518050
1518098
1518119
1518126
1518142
1518155
1518160
1518187
1518193
1518218
1518292
1518348
1518397
1518436
1518458
1518467
1518490
1518509
1518546
1518563
1518591
1518621
1518649
1518670
1518723
1518777
1518808
1518814
1518839
1518853
1518871
1518886
1518907
1518910
1518944
1518961
1519022
1519045
1519074
1519112
1519121
1519149
1519157
1519168
1519228
1519256
1519272
1519327
1519339
1519362
1519371
1519395
1519416
1519429
1519431
1519482
1519498
1519502
1519523
1519530
1519541
1519564
1519588
1519626
1519634
1519642
1519660
1519678
1519687
1519693
1519717
1519724
1519746
1519775
1519791
1519800
1519813
1519854
1519881
1519897
1519905
1519920
1519979
1520014
1520053
1520109
1520124
1520146
1520163
1520180
1520191
1520264
1520296
1520311
1520322
1520336
1520374
1520390
1520401
1520460
1520478
1520487
1520493
1520507
1520535
1520556
1520572
1520583
1520647
1520650
1520682
1520770
1520794
1520837
1520866
1520892
1520900
1520913
1520954
1520969
1520976
1520981
1521006
1521057
1521068
1521070
1521103
1521111
1521136
1521145
1521167
1521253
1521262
1521271
1521344
1521356
1521361
1521372
1521383
1521399
1521425
1521432
1521448
1521469
1521476
1521501
1521519
1521560
1521587
1521602
1521623
1521641
1521664
1521696
1521737
1521751
1521779
1521792
1521804
1521816
1521831
1521909
1521917
1521924
1521991
1522003
1522022
1522058
1522157
1522168
1522210
1522235
1522244
1522283
1522308
1522314
1522327
1522339
1522371
1522386
1522429
1522473
1522498
1522619
1522626
1522678
1522717
1522724
1522763
1522791
1522800
1522813
1522825
1522832
1522869
1522876
1522881
1522897
1522905
1522937
1522984
1523050
1523065
1523098
1523101
1523119
1523142
1523193
1523218
1523237
1523266
1523284
1523292
1523313
1523332
1523369
1523381
1523397
1523436
1523467
1523489
1523509
1523517
1523524
1523546
1523552
1523606
1523612
1523633
1523649
1523657
1523685
1523694
1523702
1523730
1523759
1523764
1523796
1523839
1523840
1523862
1523871
1523886
1523907
1523910
1523956
1523972
1523999
1524024
1524063
1524091
1524108
1524114
1524139
1524140
1524195
1524203
1524222
1524236
1524315
1524330
1524341
1524359
1524364
1524418
1524451
1524516
1524531
1524547
1524550
1524565
1524610
1524628
1524635
1524661
1524725
1524732
1524797
1524819
1524834
1524855
1524860
1524878
1524887
1524933
1524949
1525000
1525025
1525076
1525102
1525115
1525123
1525141
1525188
1525196
1525209
1525224
1525238
1525252
1525275
1525280
1525304
1525316
1525347
1525398
1525412
1525485
1525494
1525505
1525518
1525520
1525551
1525566
1525584
1525636
1525645
1525667
1525701
1525719
1525734
1525760
1525793
1525807
1525835
1525856
1525883
1525899
1525914
1525927
1525939
1525962
1525971
1525986
1526026
1526034
1526042
1526055
1526060
1526078
1526104
1526116
1526173
1526213
1526232
1526248
1526254
1526276
1526305
1526318
1526320
1526337
1526379
1526384
1526408
1526427
1526439
1526440
1526471
1526486
1526495
1526506
1526521
1526533
1526549
1526646
1526675
1526728
1526735
1526799
1526822
1526845
1526858
1526874
1526889
1526902
1526915
1526923
1526964
1526977
1526996
1527005
1527020
1527066
1527079
1527084
1527107
1527128
1527156
1527172
1527183
1527199
1527221
1527257
1527268
1527270
1527285
1527301
1527393
1527409
1527446
1527491
1527554
1527569
1527627
1527639
1527729
1527773
1527823
1527841
1527859
1527877
1527911
1527922
1527945
1527958
1527974
1527989
1528007
1528010
1528035
1528044
1528056
1528072
1528083
1528151
1528184
1528201
1528234
1528260
1528278
1528287
1528293
1528312
1528321
1528357
1528368
1528370
1528385
1528402
1528415
1528459
1528488
1528496
1528539
1528540
1528553
1528632
1528648
1528790
1528817
1528824
1528875
1528891
1528904
1528916
1528929
1528947
1528982
1528998
1529002
1529030
1529059
1529169
1529176
1529197
1529216
1529229
1529247
1529265
1529282
1529309
1529317
1529324
1529352
1529375
1529410
1529428
1529461
1529483
1529522
1529589
1529590
1529637
1529679
1529692
1529708
1529739
1529753
1529762
1529771
1529795
1529821
1529857
1529868
1529870
1529894
1529942
1529978
1529993
1530029
1530047
1530126
1530142
1530155
1530187
1530218
1530220
1530243
1530279
1530300
1530332
1530348
1530369
1530403
1530422
1530489
1530490
1530509
1530546
1530552
1530612
1530621
1530657
1530668
1530694
1530702
1530715
1530723
1530741
1530764
1530777
1530853
1530907
1530910
1530928
1530961
1530972
1530999
1531064
1531077
1531100
1531181
1531197
1531231
1531273
1531338
1531346
1531407
1531444
1531456
1531461
1531503
1531522
1531574
1531589
1531637
1531643
1531666
1531684
1531692
1531739
1531753
1531771
1531795
1531857
1531885
1531894
1531926
1531934
1531978
1531987
1531993
1532013
1532032
1532076
1532123
1532217
1532224
1532238
1532246
1532275
1532280
1532291
1532316
1532329
1532382
1532406
1532412
1532421
1532449
1532470
1532505
1532518
1532551
1532566
1532579
1532645
1532690
1532726
1532778
1532787
1532807
1532856
1532914
1532939
1532940
1532953
1532962
1533021
1533033
1533094
1533136
1533189
1533208
1533214
1533239
1533271
1533307
1533310
1533335
1533372
1533383
1533399
1533413
1533425
1533432
1533454
1533476
1533497
1533501
1533526
1533534
1533542
1533560
1533593
1533602
1533688
1533720
1533737
1533751
1533766
1533831
1533865
1533882
1533924
1533938
1533963
1534001
1534019
1534042
1534055
1534078
1534087
1534093
1534116
1534150
1534165
1534200
1534248
1534269
1534318
1534320
1534337
1534351
1534379
1534384
1534414
1534440
1534486
1534568
1534570
1534585
1534594
1534617
1534624
1534638
1534663
1534707
1534744
1534822
1534836
1534874
1534890
1534923
1534941
1534959
1534988
1535007
1535072
1535099
1535166
1535184
1535242
1535293
1535306
1535312
1535349
1535430
1535464
1535496
1535508
1535553
1535562
1535586
1535595
1535625
1535697
1535745
1535758
1535767
1535774
1535817
1535852
1535891
1535916
1535931
1535947
1535950
1536011
1536036
1536067
1536074
1536089
1536090
1536112
1536121
1536133
1536149
1536168
1536170
1536207
1536210
1536228
1536235
1536244
1536272
1536299
1536308
1536314
1536353
1536371
1536395
1536473
1536502
1536523
1536530
1536541
1536564
1536588
1536626
1536642
1536687
1536709
1536724
1536791
1536800
1536813
1536825
1536848
1536881
1536905
1536918
1536943
1537008
1537014
1537039
1537053
1537071
1537109
1537146
1537163
1537191
1537202
1537230
1537259
1537264
1537322
1537367
1537374
1537442
1537460
1537487
1537599
1537616
1537721
1537733
1537749
1537785
1537837
1537843
1537851
1537884
1537948
1537969
1537981
1538009
1538052
1538063
1538080
1538127
1538139
1538140
1538162
1538195
1538236
1538245
1538274
1538289
1538290
1538315
1538323
1538377
1538405
1538443
1538479
1538504
1538547
1538565
1538573
1538607
1538610
1538635
1538661
1538699
1538713
1538725
1538732
1538754
1538776
1538801
1538819
1538826
1538842
1538855
1538893
1538949
1538968
1538970
1539005
1539037
1539066
1539110
1539144
1539156
1539172
1539199
1539206
1539221
1539233
1539249
1539268
1539285
1539301
1539378
1539409
1539446
1539475
1539491
1539500
1539532
1539569
1539581
1539671
1539686
1539716
1539747
1539750
1539782
1539798
1539802
1539815
1539823
1539859
1539888
1539945
1539967
1539974
1540000
1540054
1540069
1540081
1540102
1540123
1540130
1540141
1540159
1540164
1540177
1540188
1540196
1540217
1540224
1540252
1540291
1540316
1540331
1540347
1540350
1540373
1540412
1540421
1540433
1540449
1540470
1540494
1540505
1540520
1540537
1540543
1540551
1540566
1540579
1540592
1540611
1540636
1540658
1540719
1540726
1540742
1540807
1540835
1540856
1540872
1540883
1540908
1540939
1540986
1540995
1541019
1541026
1541034
1541055
1541093
1541104
1541131
1541182
1541213
1541232
1541254
1541269
1541276
1541281
1541297
1541320
1541337
1541384
1541392
1541462
1541506
1541549
1541568
1541594
1541609
1541617
1541624
1541707
1541783
1541799
1541836
1541858
1541867
1541874
1541889
1541902
1541930
1541941
1541959
1541977
1541988
1541996
1542047
1542065
1542073
1542101
1542119
1542134
1542155
1542178
1542187
1542205
1542220
1542237
1542243
1542266
1542284
1542354
1542403
1542411
1542445
1542490
1542538
1542552
1542580
1542633
1542649
1542668
1542670
1542694
1542730
1542764
1542788
1542796
1542808
1542840
1542999
1543003
1543036
1543058
1543074
1543112
1543121
1543149
1543170
1543194
1543210
1543235
1543261
1543272
1543327
1543339
1543340
1543353
1543371
1543395
1543416
1543429
1543447
1543465
1543473
1543482
1543498
1543515
1543523
1543541
1543559
1543577
1543601
1543655
1543678
1543724
1543738
1543746
1543763
1543780
1543813
1543825
1543848
1543854
1543897
1543905
1543920
1543966
1544023
1544059
1544096
1544100
1544148
1544176
1544181
1544231
1544247
1544250
1544265
1544317
1544346
1544435
1544444
1544522
1544536
1544574
1544605
1544620
1544666
1544679
1544692
1544739
1544740
1544806
1544833
1544868
1544885
1544919
1544942
1544993
1545039
1545095
1545175
1545180
1545202
1545215
1545241
1545259
1545264
1545288
1545311
1545358
1545390
1545419
1545434
1545455
1545460
1545478
1545487
1545507
1545556
1545616
1545629
1545647
1545650
1545665
1545682
1545706
1545712
1545733
1545757
1545785
1545805
1545879
1545900
1545925
1545954
1545997
1546012
1546049
1546085
1546145
1546167
1546239
1546253
1546262
1546286
1546295
1546335
1546344
1546356
1546361
1546372
1546399
1546400
1546454
1546469
1546534
1546630
1546659
1546688
1546696
1546705
1546718
1546720
1546737
1546751
1546779
1546784
1546792
1546804
1546831
1546847
1546850
1546873
1546924
1546946
1546975
1546980
1546991
1547010
1547120
1547137
1547143
1547192
1547226
1547234
1547255
1547278
1547287
1547293
1547306
1547349
1547357
1547368
1547370
1547385
1547402
1547423
1547430
1547459
1547508
1547514
1547527
1547553
1547648
1547669
1547676
1547681
1547767
1547809
1547817
1547824
1547863
1547904
1547950
1547973
1547982
1548005
1548043
1548066
1548079
1548084
1548107
1548128
1548135
1548156
1548206
1548212
1548233
1548257
1548270
1548294
1548326
1548334
1548393
1548446
1548463
1548491
1548500
1548513
1548525
1548554
1548576
1548608
1548639
1548653
1548662
1548671
1548695
1548704
1548747
1548750
1548782
1548802
1548823
1548903
1548936
1548967
1548989
1549024
1549046
1549052
1549162
1549186
1549211
1549222
1549258
1549274
1549289
1549315
1549359
1549388
1549396
1549405
1549418
1549437
1549492
1549529
1549550
1549582
1549628
1549635
1549713
1549725
1549776
1549801
1549834
1549842
1549855
1549878
1549887
1549893
1549933
1549949
1549957
1549968
1549985
1550011
1550022
1550058
1550074
1550106
1550170
1550194
1550210
1550261
1550272
1550299
1550308
1550327
1550340
1550386
1550404
1550416
1550431
1550450
1550473
1550515
1550523
1550530
1550564
1550596
1550626
1550634
1550655
1550678
1550693
1550717
1550738
1550780
1550825
1550832
1550848
1550869
1550876
1550905
1550918
1550937
1550951
1550966
1550979
1551017
1551127
1551153
1551162
1551186
1551222
1551236
1551267
1551289
1551290
1551341
1551364
1551377
1551388
1551443
1551451
1551466
1551484
1551504
1551516
1551547
1551644
1551661
1551672
1551699
1551725
1551748
1551769
1551776
1551797
1551801
1551834
1551842
1551860
1551893
1551912
1551933
1551949
1551968
1551970
1552053
1552071
1552086
1552095
1552117
1552146
1552191
1552215
1552230
1552259
1552277
1552322
1552336
1552374
1552390
1552401
1552442
1552455
1552493
1552510
1552528
1552561
1552629
1552673
1552682
1552712
1552757
1552768
1552785
1552818
1552843
1552892
1552913
1552925
1552948
1552981
1553001
1553026
1553093
1553104
1553147
1553150
1553182
1553200
1553225
1553254
1553269
1553281
1553305
1553320
1553351
1553379
1553414
1553440
1553453
1553495
1553521
1553533
1553568
1553617
1553624
1553646
1553652
1553663
1553710
1553728
1553756
1553761
1553799
1553822
1553836
1553858
1553867
1553874
1553889
1553915
1553923
1553941
1553977
1553996
1554006
1554012
1554033
1554049
1554057
1554085
1554122
1554158
1554239
1554240
1554253
1554286
1554295
1554307
1554310
1554328
1554335
1554413
1554448
1554476
1554519
1554526
1554587
1554664
1554677
1554688
1554718
1554737
1554751
1554766
1554779
1554784
1554804
1554816
1554829
1554847
1554873
1554882
1554898
1554924
1555066
1555084
1555107
1555135
1555144
1555156
1555161
1555233
1555270
1555334
1555378
1555424
1555446
1555480
1555532
1555548
1555554
1555597
1555608
1555627
1555640
1555662
1555716
1555729
1555747
1555765
1555773
1555782
1555798
1555830
1555945
1555974
1556029
1556065
1556073
1556101
1556119
1556126
1556160
1556178
1556218
1556220
1556237
1556251
1556266
1556279
1556284
1556300
1556369
1556376
1556422
1556458
1556467
1556474
1556489
1556490
1556606
1556621
1556649
1556657
1556668
1556694
1556723
1556730
1556808
1556871
1556983
1557025
1557032
1557054
1557076
1557115
1557123
1557141
1557159
1557196
1557209
1557246
1557275
1557316
1557331
1557347
1557365
1557398
1557412
1557449
1557468
1557470
1557505
1557520
1557543
1557551
1557566
1557584
1557636
1557645
1557658
1557667
1557674
1557701
1557719
1557726
1557787
1557793
1557835
1557856
1557899
1557908
1557962
1557995
1558002
1558041
1558077
1558113
1558148
1558154
1558176
1558204
1558231
1558250
1558265
1558273
1558352
1558363
1558375
1558456
1558499
1558503
1558545
1558567
1558574
1558590
1558618
1558620
1558637
1558643
1558651
1558666
1558684
1558714
1558753
1558812
1558821
1558849
1558857
1558870
1558919
1558978
1558993
1559007
1559044
1559083
1559099
1559105
1559118
1559179
1559192
1559219
1559260
1559293
1559306
1559333
1559368
1559430
1559464
1559508
1559514
1559553
1559562
1559613
1559681
1559703
1559745
1559789
1559790
1559809
1559904
1559916
1559931
1559950
1559965
1559982
1559998
1560055
1560093
1560104
1560131
1560173
1560182
1560198
1560254
1560297
1560305
1560320
1560351
1560379
1560408
1560414
1560453
1560471
1560486
1560533
1560570
1560585
1560594
1560617
1560646
1560707
1560728
1560756
1560772
1560803
1560836
1560890
1560923
1560930
1560977
1560988
1560996
1561007
1561028
1561035
1561061
1561072
1561105
1561143
1561192
1561201
1561255
1561260
1561333
1561415
1561423
1561430
1561477
1561488
1561496
1561553
1561562
1561571
1561600
1561654
1561669
1561703
1561711
1561767
1561809
1561817
1561863
1561875
1561880
1561891
1561916
1561965
1561973
1561998
1562018
1562037
1562066
1562079
1562107
1562110
1562128
1562135
1562156
1562199
1562206
1562233
1562268
1562270
1562285
1562294
1562326
1562334
1562355
1562378
1562387
1562393
1562417
1562446
1562480
1562500
1562513
1562548
1562554
1562597
1562614
1562639
1562640
1562731
1562747
1562750
1562782
1562859
1562864
1562877
1562888
1562896
1562903
1562911
1562922
1562936
1562989
1562990
1563009
1563038
1563052
1563063
1563075
1563114
1563140
1563153
1563171
1563267
1563302
1563315
1563323
1563330
1563364
1563388
1563418
1563437
1563466
1563479
1563492
1563516
1563529
1563531
1563550
1563565
1563628
1563661
1563713
1563732
1563754
1563769
1563776
1563819
1563826
1563834
1563893
1563906
1563933
1563949
1563985
1563994
1564016
1564098
1564101
1564119
1564155
1564160
1564178
1564187
1564220
1564251
1564266
1564279
1564284
1564313
1564376
1564397
1564403
1564411
1564422
1564474
1564509
1564517
1564524
1564538
1564546
1564606
1564612
1564621
1564633
1564670
1564694
1564715
1564759
1564814
1564839
1564862
1564907
1564928
1564944
1564999
1565002
1565100
1565132
1565148
1565154
1565169
1565176
1565197
1565216
1565229
1565265
1565282
1565298
1565309
1565324
1565338
1565346
1565352
1565380
1565407
1565483
1565499
1565503
1565511
1565522
1565567
1565618
1565643
1565651
1565666
1565684
1565740
1565786
1565806
1565833
1565885
1566027
1566109
1566152
1566175
1566202
1566215
1566241
1566259
1566264
1566311
1566345
1566367
1566389
1566390
1566426
1566455
1566460
1566478
1566493
1566510
1566556
1566572
1566604
1566616
1566650
1566665
1566673
1566682
1566721
1566749
1566768
1566820
1566843
1566884
1566900
1566925
1566932
1566954
1567003
1567074
1567090
1567185
1567207
1567244
1567256
1567261
1567283
1567299
1567416
1567429
1567473
1567482
1567502
1567515
1567523
1567530
1567559
1567564
1567577
1567634
1567660
1567678
1567693
1567709
1567738
1567746
1567775
1567780
1567848
1567869
1567881
1567897
1567937
1567943
1568145
1568189
1568190
1568227
1568271
1568295
1568307
1568344
1568356
1568383
1568399
1568413
1568448
1568469
1568542
1568615
1568659
1568677
1568688
1568743
1568751
1568784
1568829
1568850
1568865
1568917
1568924
1568975
1568980
1569048
1569076
1569081
1569123
1569159
1569164
1569209
1569217
1569224
1569246
1569263
1569275
1569316
1569421
1569433
1569494
1569518
1569551
1569566
1569584
1569611
1569622
1569658
1569674
1569689
1569726
1569734
1569742
1569778
1569807
1569810
1569856
1569861
1569914
1570012
1570049
1570094
1570111
1570122
1570136
1570145
1570190
1570214
1570227
1570239
1570240
1570253
1570271
1570286
1570328
1570335
1570344
1570372
1570413
1570476
1570481
1570497
1570534
1570555
1570560
1570578
1570623
1570641
1570659
1570696
1570737
1570766
1570779
1570784
1570804
1570816
1570831
1570847
1570865
1570873
1570924
1570938
1570946
1570963
1570975
1570980
1571084
1571092
1571107
1571128
1571135
1571144
1571156
1571161
1571172
1571183
1571199
1571257
1571268
1571301
1571319
1571326
1571342
1571355
1571360
1571387
1571417
1571446
1571475
1571480
1571500
1571532
1571548
1571554
1571576
1571608
1571627
1571653
1571671
1571686
1571704
1571747
1571782
1571802
1571823
1571841
1571864
1571903
1571911
1571922
1571936
1571974
1572010
1572028
1572035
1572044
1572061
1572099
1572118
1572137
1572143
1572192
1572234
1572255
1572260
1572306
1572368
1572385
1572423
1572430
1572488
1572496
1572540
1572632
1572676
1572697
1572703
1572736
1572767
1572809
1572846
1572875
1572880
1572916
1572929
1572982
1573023
1573059
1573096
1573148
1573154
1573181
1573231
1573247
1573250
1573282
1573352
1573428
1573456
1573461
1573472
1573511
1573522
1573536
1573545
1573574
1573589
1573637
1573651
1573679
1573684
1573692
1573708
1573714
1573727
1573762
1573812
1573849
1573857
1573868
1573894
1573901
1573919
1573926
1573942
1573955
1573987
1573993
1574022
1574067
1574090
1574112
1574168
1574228
1574235
1574244
1574272
1574299
1574314
1574340
1574386
1574395
1574416
1574429
1574431
1574450
1574482
1574502
1574515
1574530
1574559
1574588
1574596
1574601
1574619
1574626
1574634
1574655
1574687
1574709
1574738
1574746
1574763
1574775
1574800
1574813
1574854
1574881
1574920
1574951
1574984
1575024
1575038
1575063
1575139
1575153
1575186
1575203
1575222
1575245
1575289
1575341
1575377
1575420
1575437
1575451
1575492
1575516
1575531
1575550
1575565
1575582
1575610
1575672
1575700
1575732
1575748
1575754
1575769
1575801
1575819
1575834
1575842
1575878
1575887
1575893
1575906
1575912
1575949
1575957
1575968
1575985
1576032
1576048
1576069
1576076
1576081
1576097
1576102
1576141
1576188
1576217
1576238
1576246
1576263
1576275
1576291
1576316
1576329
1576347
1576373
1576412
1576433
1576470
1576505
1576518
1576537
1576579
1576658
1576701
1576734
1576793
1576810
1576835
1576856
1576899
1576953
1576971
1576995
1577004
1577047
1577050
1577065
1577082
1577119
1577126
1577155
1577178
1577187
1577205
1577218
1577220
1577251
1577279
1577292
1577313
1577325
1577332
1577354
1577376
1577381
1577397
1577436
1577445
1577458
1577467
1577524
1577552
1577563
1577575
1577606
1577612
1577621
1577649
1577670
1577694
1577723
1577730
1577764
1577777
1577788
1577808
1577840
1577862
1577871
1577910
1577944
1577956
1577961
1577983
1577999
1578042
1578104
1578129
1578131
1578165
1578173
1578200
1578254
1578276
1578281
1578305
1578318
1578379
1578392
1578439
1578453
1578471
1578486
1578495
1578506
1578533
1578549
1578585
1578594
1578617
1578638
1578652
1578675
1578707
1578744
1578756
1578761
1578811
1578822
1578845
1578874
1578889
1578902
1578930
1578964
1579014
1579138
1579152
1579163
1579202
1579215
1579259
1579277
1579296
1579311
1579367
1579374
1579389
1579442
1579460
1579487
1579556
1579604
1579616
1579629
1579631
1579647
1579665
1579673
1579682
1579706
1579721
1579768
1579770
1579785
1579805
1579818
1579820
1579837
1579851
1579892
1579913
1580002
1580015
1580064
1580077
1580088
1580100
1580113
1580125
1580132
1580148
1580154
1580181
1580197
1580204
1580216
1580247
1580250
1580273
1580324
1580352
1580375
1580391
1580410
1580428
1580435
1580456
1580472
1580536
1580545
1580558
1580605
1580637
1580666
1580684
1580708
1580714
1580727
1580739
1580762
1580771
1580806
1580868
1580894
1580926
1580987
1581014
1581039
1581071
1581095
1581117
1581138
1581146
1581163
1581191
1581264
1581358
1581367
1581374
1581434
1581455
1581478
1581487
1581544
1581604
1581616
1581629
1581631
1581647
1581650
1581673
1581682
1581698
1581706
1581712
1581757
1581785
1581820
1581837
1581843
1581866
1581884
1581900
1581948
1581976
1581997
1582024
1582046
1582080
1582140
1582171
1582195
1582203
1582211
1582222
1582274
1582289
1582290
1582302
1582323
1582388
1582396
1582420
1582451
1582547
1582550
1582573
1582628
1582644
1582661
1582683
1582769
1582776
1582781
1582819
1582826
1582834
1582855
1582878
1582912
1582933
1582968
1582970
1582994
1583005
1583018
1583079
1583107
1583110
1583161
1583172
1583212
1583221
1583233
1583270
1583319
1583326
1583355
1583360
1583387
1583393
1583409
1583417
1583424
1583438
1583452
1583475
1583500
1583569
1583576
1583581
1583608
1583639
1583662
1583704
1583716
1583765
1583782
1583798
1583802
1583823
1583896
1583945
1583958
1583967
1584013
1584069
1584076
1584081
1584097
1584102
1584123
1584164
1584196
1584217
1584238
1584246
1584263
1584304
1584373
1584406
1584457
1584468
1584485
1584494
1584505
1584520
1584543
1584611
1584667
1584689
1584760
1584793
1584807
1584810
1584828
1584835
1584844
1584914
1584927
1584986
1584995
1585026
1585055
1585060
1585093
1585104
1585116
1585147
1585150
1585182
1585225
1585232
1585276
1585305
1585343
1585384
1585392
1585414
1585427
1585440
1585471
1585506
1585521
1585568
1585585
1585594
1585609
1585675
1585691
1585707
1585710
1585735
1585761
1585772
1585783
1585799
1585811
1585822
1585836
1585858
1585890
1585915
1585941
1585988
1585996
1586010
1586072
1586083
1586099
1586105
1586118
1586219
1586226
1586260
1586278
1586293
1586306
1586357
1586441
1586464
1586488
1586496
1586527
1586539
1586540
1586562
1586571
1586586
1586595
1586600
1586654
1586697
1586703
1586711
1586736
1586758
1586809
1586846
1586880
1586916
1586931
1586950
1586982
1587006
1587021
1587103
1587111
1587136
1587145
1587239
1587240
1587262
1587286
1587307
1587328
1587335
1587344
1587361
1587413
1587454
1587469
1587476
1587481
1587497
1587501
1587519
1587526
1587555
1587602
1587659
1587737
1587779
1587804
1587882
1587924
1587938
1587946
1587963
1587975
1587991
1588022
1588045
1588058
1588106
1588112
1588133
1588185
1588235
1588256
1588261
1588299
1588308
1588371
1588395
1588429
1588431
1588447
1588450
1588465
1588498
1588515
1588523
1588559
1588564
1588577
1588588
1588601
1588619
1588634
1588678
1588687
1588709
1588746
1588763
1588775
1588825
1588832
1588848
1588854
1588876
1588897
1588918
1588979
1589004
1589016
1589029
1589031
1589047
1589050
1589119
1589160
1589178
1589187
1589193
1589205
1589218
1589220
1589237
1589251
1589279
1589292
1589332
1589348
1589467
1589490
1589575
1589612
1589633
1589657
1589694
1589702
1589730
1589759
1589764
1589796
1589808
1589827
1589895
1589907
1589944
1589961
1589983
1590043
1590079
1590107
1590110
1590172
1590233
1590268
1590334
1590342
1590355
1590387
1590438
1590446
1590500
1590513
1590525
1590548
1590581
1590608
1590614
1590640
1590653
1590662
1590695
1590704
1590716
1590765
1590782
1590798
1590802
1590815
1590823
1590830
1590841
1590859
1590936
1590945
1590958
1590989
1590990
1591029
1591065
1591073
1591082
1591126
1591155
1591220
1591237
1591251
1591279
1591300
1591313
1591332
1591348
1591422
1591474
1591489
1591538
1591546
1591575
1591606
1591612
1591621
1591670
1591715
1591723
1591741
1591764
1591777
1591796
1591827
1591840
1591853
1591862
1591895
1591910
1591935
1591944
1591983
1591999
1592026
1592042
1592055
1592104
1592116
1592129
1592131
1592165
1592182
1592198
1592213
1592225
1592269
1592281
1592297
1592318
1592337
1592343
1592379
1592408
1592414
1592427
1592453
1592495
1592533
1592549
1592557
1592617
1592675
1592680
1592707
1592710
1592744
1592761
1592799
1592803
1592867
1592874
1592902
1592959
1592988
1593014
1593027
1593124
1593202
1593215
1593223
1593230
1593277
1593296
1593374
1593389
1593401
1593419
1593434
1593460
1593478
1593487
1593507
1593528
1593535
1593544
1593561
1593572
1593583
1593616
1593650
1593665
1593673
1593682
1593698
1593733
1593768
1593794
1593805
1593837
1593851
1593892
1593913
1594007
1594035
1594083
1594099
1594120
1594151
1594184
1594192
1594201
1594226
1594234
1594255
1594287
1594306
1594333
1594349
1594385
1594402
1594488
1594496
1594539
1594562
1594571
1594586
1594613
1594722
1594745
1594838
1594875
1594916
1594947
1594950
1594973
1594982
1594998
1595022
1595058
1595074
1595106
1595149
1595168
1595170
1595185
1595194
1595207
1595210
1595228
1595244
1595261
1595272
1595314
1595327
1595362
1595386
1595404
1595416
1595450
1595559
1595626
1595655
1595687
1595709
1595724
1595746
1595825
1595848
1595854
1595869
1595881
1595897
1595905
1595951
1595984
1595992
1596024
1596038
1596052
1596080
1596127
1596139
1596153
1596162
1596186
1596203
1596211
1596222
1596236
1596315
1596341
1596364
1596377
1596418
1596420
1596451
1596466
1596492
1596516
1596531
1596573
1596628
1596644
1596754
1596769
1596801
1596819
1596826
1596834
1596906
1596921
1596933
1596970
1597077
1597100
1597132
1597176
1597197
1597231
1597247
1597282
1597298
1597309
1597324
1597338
1597346
1597375
1597444
1597456
1597472
1597483
1597503
1597545
1597590
1597605
1597618
1597637
1597651
1597679
1597684
1597692
1597714
1597727
1597739
1597753
1597762
1597812
1597833
1597870
1597901
1597919
1598013
1598032
1598048
1598081
1598102
1598130
1598141
1598159
1598177
1598209
1598217
1598224
1598246
1598252
1598329
1598331
1598347
1598365
1598406
1598412
1598433
1598449
1598470
1598579
1598584
1598603
1598611
1598645
1598726
1598778
1598787
1598810
1598835
1598844
1598861
1598883
1598953
1598971
1598986
1599006
1599021
1599033
1599049
1599070
1599085
1599111
1599122
1599145
1599158
1599214
1599239
1599253
1599271
1599295
1599328
1599361
1599425
1599448
1599469
1599526
1599542
1599560
1599593
1599630
1599641
1599696
1599705
1599720
1599779
1599850
1599882
1599917
1599924
1599980
1599991
