   3 2518144
   3 2543957
   2 2500067
   2 2503147
   2 2505128
   2 2505301
   2 2505387
   2 2506422
   2 2508511
   2 2510275
   2 2512237
   2 2512961
   2 2512983
   2 2513854
   2 2514346
   2 2516372
   2 2524701
   2 2529649
   2 2531220
   2 2532343
   2 2536203
   2 2542802
   2 2543725
   2 2543769
   2 2543949
   2 2543985
   2 2544029
   2 2544031
   2 2544047
   2 2544073
   2 2544098
   2 2544193
   2 2544218
   2 2544764
   2 2545113
   2 2545978
   2 2545987
   2 2546014
   2 2546175
   2 2546180
   2 2546572
   2 2547090
   2 2547404
   2 2548057
   2 2548476
   2 2548924
   2 2549787
   2 2552708
   2 2554900
   2 2554969
   2 2555850
   2 2555898
   2 2555924
   2 2555952
   2 2555963
   2 2556066
   2 2556128
   2 2556212
   2 2556285
   2 2556294
   2 2556438
   2 2556446
   2 2556532
   2 2556554
   2 2556576
   2 2556608
   2 2556662
   2 2556974
   2 2557055
   2 2557116
   2 2557150
   2 2557198
   2 2557200
   2 2557248
   2 2557254
   2 2557297
   2 2557305
   2 2557343
   2 2557384
   2 2557707
   2 2557728
   2 2557744
   2 2558397
   2 2558445
   2 2558490
   2 2558524
   2 2558563
   2 2558580
   2 2558741
   2 2558788
   2 2558814
   2 2558827
   2 2558840
   2 2558862
   2 2558944
   2 2558983
   2 2559003
   2 2559272
   2 2559362
   2 2559800
   2 2559876
   2 2559905
   2 2559920
   2 2559943
   2 2559966
   2 2560234
   2 2564135
   2 2564802
   2 2597029
