1000294
1000945
1001243
1001788
1002254
1002297
1002318
1002889
1002959
1003264
1003583
1003892
1004234
1004357
1004508
1004562
1004613
1004722
1004809
1005003
1005089
1005112
1005244
1005429
1005564
1005588
1006140
1006267
1006466
1006504
1006725
1006994
1007169
1007229
1007247
1007338
1007444
1007483
1007589
1007620
1007679
1007739
1007753
1007934
1007960
1008032
1008048
1008331
1008584
1008611
1008908
1008971
1009006
1009737
1010015
1010059
1010229
1010231
1010317
1010574
1010684
1010708
1010714
1010960
1010993
1011027
1011124
1011768
1012038
1012258
1012289
1012437
1012547
1012957
1012985
1013051
1013475
1013608
1014275
1014457
1014760
1014828
1014856
1015150
1015392
1015568
1016151
1016234
1016625
1016681
1016697
1017033
1017784
1017882
1018121
1018416
1018693
1018738
1018937
1018966
1019187
1019685
1019796
1020263
1020331
1020457
1020701
1020962
1021570
1021594
1021691
1021735
1022029
1022538
1023854
1024231
1025138
1025223
1025389
1026033
1026122
1026664
1026737
1026751
1027219
1027669
1027863
1028107
1028135
1028576
1029290
1030881
1030984
1031290
1031341
1031388
1031598
1031906
1031968
1032071
1032191
1032535
1032913
1033200
1033557
1033988
1034239
1034372
1034659
1034751
1035581
1036065
1036101
1036575
1037350
1037412
1038833
1039010
1040053
1040345
1040460
1040818
1041356
1041413
1041454
1041615
1043325
1043935
1044195
1044607
1044713
1044921
1045505
1045995
1046462
1046570
1046646
1046680
1046735
1046874
1046988
1047671
1048035
1048044
1048219
1050411
1050983
1051456
1051567
1051618
1052350
1053602
1053677
1054351
1054710
1055488
1056089
1057138
1057866
1057954
1058377
1059841
1060049
1060335
1060792
1060831
1061268
1061319
1061393
1061765
1061864
1062035
1062056
1063100
1063503
1063771
1063901
1065017
1065405
1065748
1066778
1066883
1066962
1067649
1067670
1068343
1068495
1069040
1069230
1069604
1069733
1069749
1070379
1070996
1072206
1074029
1074436
1074886
1075618
1075786
1076507
1076785
1076866
1077353
1077966
1078021
1078049
1078085
1078189
1078677
1079238
1081102
1082002
1082282
1082955
1082993
1083010
1083540
1084008
1084426
1085033
1085560
1087710
1087874
1088284
1088759
1088910
1089660
1089791
1090028
1090278
1090998
1091314
1091523
1091596
1091869
1092070
1092718
1092831
1093054
1093224
1093347
1094301
1095741
1097009
1097063
1097080
1097186
1097504
1098981
1099200
1099343
1100644
1101141
1101275
1102176
1102204
1103595
1104124
1104259
1105085
1105720
1106294
1106581
1107001
1107408
1107977
1108031
1108332
1108397
1108524
1108670
1108935
1109036
1109854
1111184
1111260
1112525
1112597
1112627
1112815
1112823
1114187
1114397
1114871
1114999
1115499
1116322
1116673
1117157
1117601
1118356
1118743
1118882
1120621
1121987
1123006
1123145
1123432
1123664
1124384
1124646
1126832
1127175
1127616
1127698
1127770
1127805
1128091
1128405
1129765
1129815
1129945
1130057
1130253
1130865
1131107
1131326
1133216
1134157
1134515
1135052
1135290
1137082
1138034
1138408
1138486
1138570
1139146
1139757
1140061
1141473
1142534
1142924
1143196
1143551
1144144
1144199
1146231
1146679
1146926
1147479
1147933
1148556
1148647
1149549
1151915
1152292
1153626
1154894
1155215
1155259
1155455
1155818
1156328
1156344
1157201
1157846
1159418
1159713
1160848
1160979
1161063
1161970
1162757
1163318
1163889
1164335
1165066
1165172
1165424
1165841
1168987
1175147
1178709
1184010
1189587
1196392
1212981
1214555
1214593
1217726
1218113
1218265
1218435
1220917
1221285
1222293
1222880
1224523
1229535
1238854
1239160
1240009
1244673
1247923
1248907
1250947
1251157
1253000
1256273
1256410
1259756
1266898
1281328
1281641
1284211
1284443
1284672
1285000
1285032
1285081
1285674
1286225
1286549
1286988
1287270
1287704
1288044
1288105
1288508
1288916
1290243
1291247
1292603
1292689
1292734
1293189
1293253
1293328
1294042
1294200
1294281
1294803
1295430
1296207
1296588
1298236
1298842
1299671
1299841
1308614
1311943
1312335
1312372
1312432
1313076
1313872
1314532
1315422
1316536
1316692
1316762
1318008
1318202
1318884
1319889
1319923
1320480
1322318
1323616
1323673
1324929
1325272
1325780
1326290
1326330
1326699
1328793
1328807
1328810
1329399
1330749
1331432
1331587
1331751
1332036
1332106
1335123
1335331
1336116
1336902
1338044
1338648
1338669
1338703
1339169
1340228
1340465
1341091
1341258
1341683
1342892
1343093
1343320
1344526
1345773
1346422
1346808
1347069
1347252
1347883
1348030
1349242
1349625
1349789
1349880
1350042
1350116
1350150
1350318
1351061
1351824
1352500
1352597
1353222
1353267
1353274
1354369
1354524
1354886
1355522
1356367
1356733
1357256
1357314
1357447
1358432
1358587
1358865
1360516
1360672
1361485
1361518
1361986
1362204
1362282
1362919
1363540
1364665
1364843
1365070
1365469
1365938
1366525
1366640
1366773
1368134
1368187
1368300
1369717
1369800
1369869
1370134
1370657
1370670
1370944
1371298
1371444
1371786
1371833
1372986
1373784
1373829
1374001
1374728
1374744
1374803
1374889
1375120
1375137
1375151
1375496
1375758
1377230
1377277
1377932
1379206
1379888
1379911
1380898
1381135
1381815
1382242
1383346
1383410
1383428
1384194
1384979
1385139
1385258
1385437
1385776
1385860
1386013
1386953
1387376
1388874
1389434
1389460
1389535
1390317
1390375
1390461
1390483
1391851
1393199
1393877
1394130
1396219
1396394
1396459
1396973
1397208
1398450
1398660
1399649
1400239
1400481
1400938
1401294
1401990
1402880
1404228
1404235
1404299
1404450
1404724
1405075
1407284
1407445
1408915
1410458
1410796
1412611
1412940
1413344
1414845
1415838
1416207
1416523
1416693
1417311
1418933
1419037
1419270
1419301
1419387
1420735
1422393
1422750
1423108
1423531
1423860
1424266
1424999
1425978
1426311
1426976
1427738
1428006
1428136
1428335
1428792
1429742
1430080
1430171
1430547
1430699
1432375
1432511
1433488
1434682
1434948
1434969
1435873
1436199
1436270
1437305
1437351
1437384
1437646
1438119
1438546
1438764
1439813
1439951
1441818
1443206
1443342
1445093
1445305
1446998
1447033
1447122
1447271
1448404
1448523
1448992
1450107
1450249
1450716
1450729
1451517
1451723
1451759
1451788
1451895
1452200
1452408
1453925
1454234
1454430
1454496
1455848
1456700
1456776
1457176
1458209
1458238
1458316
1458468
1458494
1458701
1459641
1459938
1459975
1461534
1461792
1462943
1463220
1463517
1463606
1464725
1464985
1465177
1465347
1465373
1466512
1466799
1467378
1467716
1467729
1468151
1468219
1468722
1469015
1469197
1469651
1469679
1469955
1470255
1470488
1471283
1471429
1472372
1473123
1473141
1473350
1473899
1474747
1475292
1475580
1475657
1475961
1476558
1477046
1477211
1478014
1478071
1478665
1478698
1479392
1480398
1480485
1480645
1480971
1481462
1482134
1482474
1484456
1484567
1484590
1484857
1484919
1485071
1485336
1485698
1485866
1486497
1486705
1486924
1487349
1487745
1487982
1488532
1488888
1489211
1490121
1490207
1491171
1491377
1492040
1492062
1492358
1492712
1492721
1494383
1495128
1495268
1495532
1496422
1498574
1519541
1521070
1531795
1533208
1556029
1592988
1610066
1660125
1672805
1673680
1674448
1674555
1675936
1676862
1677551
1678942
1679654
1679931
1680305
1681767
1682183
1683443
1684047
1684723
1684999
1685002
1686053
1686434
1686604
1686768
1686866
1687090
1687660
1693648
1693736
1693838
1694202
1696765
1696967
1697889
1699157
1699943
1700552
1701250
1701684
1701901
1704570
1705402
1708290
1709084
1714834
1714912
1715013
1715807
1716055
1716129
1717864
1718083
1718809
1719181
1719849
1719960
1720052
1720364
1720547
1720550
1721076
1721123
1721421
1721645
1721690
1721734
1721828
1721986
1722041
1722346
1722849
1723192
1723234
1723368
1723586
1723863
1724053
1724288
1725189
1725286
1725865
1726417
1726640
1726798
1726936
1726990
1727439
1728050
1728142
1728670
1729185
1729687
1730184
1730357
1730998
1731133
1732253
1732602
1732898
1733032
1733209
1733449
1733726
1733962
1734662
1735723
1735862
1736169
1736298
1736620
1736740
1736868
1737801
1738507
1738583
1738665
1738976
1739427
1739858
1740779
1741066
1741387
1741525
1743100
1743148
1743298
1743651
1744168
1744362
1745985
1746164
1746209
1746468
1746505
1746810
1746828
1747808
1747862
1748379
1748744
1749389
1749749
1749851
1750620
1750666
1750692
1751086
1751146
1751296
1753662
1754263
1754537
1754899
1755318
1755996
1756028
1756072
1756201
1756600
1756973
1757174
1757641
1757705
1760334
1760424
1760475
1760989
1761155
1761178
1761397
1761612
1761668
1761928
1762116
1762150
1762772
1762836
1762923
1764234
1764312
1764349
1764875
1766080
1766754
1767181
1767739
1767901
1768013
1769111
1769307
1770457
1770914
1771198
1772004
1773157
1773228
1773395
1774125
1774666
1775095
1775146
1775794
1776021
1776122
1776399
1776743
1776980
1777676
1777852
1778135
1778334
1778424
1778475
1779195
1779364
1779550
1780979
1780984
1781139
1781289
1781302
1781635
1783440
1783977
1784454
1784476
1784542
1785581
1785639
1785750
1785936
1785989
1786178
1786332
1786348
1787054
1787246
1789321
1790462
1791007
1791166
1791255
1791430
1791600
1791852
1792334
1793330
1793492
1793994
1794657
1794694
1795247
1795620
1795679
1796040
1796712
1797194
1797780
1798980
1799032
1799054
1799252
1799793
1799939
1800564
1800752
1801732
1802277
1802820
1803078
1803379
1803533
1803988
1804909
1805005
1805199
1806220
1806279
1806313
1807331
1807584
1807622
1808096
1808231
1808955
1809676
1810280
1810350
1810674
1810995
1811060
1811462
1811822
1812325
1812467
1812546
1812657
1813541
1813800
1813897
1814125
1814169
1814247
1814714
1814727
1814926
1815510
1815604
1815673
1815892
1816587
1817007
1817947
1818066
1818128
1818513
1818841
1819017
1819127
1819330
1820265
1820714
1821604
1822222
1822949
1822957
1823285
1823452
1823475
1823569
1823750
1823974
1824238
1824263
1824939
1825915
1825923
1825959
1826287
1826790
1826817
1827705
1828121
1828515
1828564
1828813
1829284
1830018
1830172
1830221
1830491
1830597
1830864
1831381
1831759
1833288
1833345
1833561
1833616
1833631
1833805
1833932
1833997
1834394
1834965
1835036
1835447
1835502
1835763
1836396
1837113
1837181
1837229
1837407
1837483
1837545
1837643
1837806
1838291
1838551
1839593
1839641
1839952
1840254
1840783
1840996
1841192
1841357
1841423
1842144
1842257
1842974
1843203
1843672
1844397
1844862
1846152
1846202
1846442
1846954
1847011
1847339
1848399
1848664
1849159
1849329
1849592
1849807
1850388
1850396
1850466
1851069
1851592
1852113
1852919
1853287
1853349
1855122
1855214
1855253
1855383
1855469
1855497
1855501
1855720
1856206
1856731
1856922
1857129
1858649
1858670
1859395
1859559
1860293
1860402
1860595
1860697
1860745
1861003
1861717
1862630
1863054
1863793
1864257
1864446
1864480
1865029
1865445
1865670
1865961
1866926
1867700
1867921
1868434
1868507
1868721
1868805
1869652
1869964
1870843
1871286
1871501
1871847
1871924
1873205
1874289
1874860
1874985
1875350
1875622
1876165
1876675
1876964
1877128
1877326
1877409
1877750
1877922
1878143
1878648
1878809
1879247
1879273
1879605
1880972
1881002
1881651
1881666
1882645
1882667
1882927
1882986
1883271
1883400
1884783
1884874
1885035
1886465
1886498
1886724
1886992
1887303
1887866
1888024
1888140
1888420
1888607
1888635
1888748
1889092
1889945
1890356
1890873
1891409
1891671
1892105
1892118
1892929
1893708
1894185
1894693
1894869
1895108
1897580
1897871
1898305
1898408
1898710
1898836
1899544
1900298
1901389
1901510
1901599
1901818
1902377
1902699
1902860
1903548
1904543
1904939
1905026
1905060
1905087
1905129
1905680
1906028
1906184
1906745
1907271
1907526
1907615
1907751
1907963
1908502
1908619
1909205
1909220
1909895
1910136
1910310
1910335
1910501
1910555
1911554
1912415
1913651
1913821
1914170
1914194
1914314
1914450
1914937
1914951
1915516
1916159
1916398
1917178
1917827
1917886
1918225
1918663
1918728
1919442
1919599
1920133
1920314
1920386
1920395
1920724
1920854
1921186
1921887
1921968
1921970
1923093
1923351
1923783
1924208
1924214
1924400
1925043
1925319
1925360
1925989
1926961
1927081
1927097
1927188
1928030
1928679
1929201
1929553
1929586
1929676
1930055
1930408
1930440
1931402
1931527
1931880
1931998
1932945
1933046
1933153
1933258
1933531
1933748
1934082
1934490
1935176
1935204
1935472
1935643
1936152
1936561
1936757
1937112
1937261
1937854
1938602
1938975
1940128
1940525
1940532
1940911
1940958
1942225
1942638
1942822
1943124
1943223
1943303
1943976
1944137
1944143
1946017
1946195
1946388
1946396
1946466
1946610
1948543
1948734
1950954
1952121
1952502
1952869
1955518
1955939
1957172
1959125
1959204
1959309
1959363
1960348
1960999
1963189
1964889
1965514
1965711
1966228
1969747
1974014
1974367
1975481
1975784
1976005
1976491
1977034
1977594
1978862
1980234
1982476
1982664
1982882
1983689
1983755
1984750
1984765
1986391
1992411
1993660
1993992
1994380
1994643
1994786
1995390
1996975
1997669
1998554
1998627
1999610
1999860
2001018
2001417
2002007
2003795
2004577
2004738
2005009
2005529
2007759
2008129
2010910
2011558
2014836
2014845
2014996
2015105
2016465
2018330
2019417
2020254
2023516
2024668
2029566
2030826
2031263
2035372
2036005
2036903
2037131
2038016
2041288
2042359
2042776
2042994
2043569
2048693
2048825
2048832
2051126
2053008
2053039
2054201
2054654
2054973
2056222
2058470
2058742
2058971
2059033
2059057
2059804
2060374
2060770
2061111
2063142
2063381
2063777
2065032
2065196
2067172
2067773
2070648
2071074
2071876
2074270
2074782
2074896
2075670
2075895
2076410
2076727
2079116
2079533
2079845
2083431
2085117
2085259
2085561
2085682
2087891
2088268
2088653
2089683
2090261
2091396
2091550
2095597
2095704
2097373
2100350
2100810
2103194
2103717
2107370
2107477
2107931
2109826
2109855
2109893
2109957
2109994
2112328
2112400
2112696
2113123
2123561
2139096
2145782
2173174
2173286
2173917
2174173
2174638
2174941
2176121
2176416
2176848
2177095
2179110
2179627
2181221
2181597
2181815
2181823
2182028
2182508
2182539
2182697
2182817
2183620
2183786
2183795
2183857
2184121
2184371
2184763
2184876
2185052
2185267
2185531
2185801
2186667
2186734
2187187
2187251
2187575
2187808
2188617
2190148
2190955
2192341
2192607
2192878
2193608
2194689
2194914
2196891
2197307
2197664
2199458
2202240
2202737
2203048
2203726
2203760
2204387
2204958
2205126
2207075
2207405
2208535
2209351
2210607
2212558
2212620
2212926
2213061
2213931
2214583
2215070
2216967
2217297
2217414
2217594
2218332
2218606
2219074
2219596
2219642
2220478
2220629
2220698
2220749
2221012
2221946
2222089
2222832
2222869
2222876
2223279
2223538
2224289
2224516
2225433
2225778
2226858
2227823
2228192
2228368
2228527
2228613
2228669
2228722
2228758
2229651
2230160
2230243
2230580
2231064
2231483
2232032
2233413
2233718
2233991
2234822
2235151
2236541
2236848
2237175
2237733
2237757
2239144
2239360
2239424
2240719
2242376
2244338
2245014
2245389
2245925
2246049
2246094
2246615
2247007
2247931
2249364
2252460
2252561
2252794
2254136
2255161
2255393
2255716
2255830
2256422
2257940
2258317
2258456
2259982
2261099
2261402
2261508
2262005
2262989
2264243
2264575
2267089
2267848
2267905
2269177
2270174
2270310
2270560
2271378
2272625
2273282
2273435
2274058
2274244
2274404
2275038
2275075
2275565
2275949
2277606
2277694
2277983
2278001
2278254
2278803
2279175
2279288
2279487
2279631
2279706
2279981
2280637
2281757
2281925
2282108
2283378
2283640
2285366
2286846
2287240
2287560
2287615
2288121
2288149
2288431
2288800
2290183
2290974
2291983
2292165
2292366
2292663
2293062
2293277
2293650
2293794
2294648
2295157
2295465
2296700
2297015
2297317
2298760
2301595
2303968
2304657
2306721
2307832
2308094
2308448
2308542
2309188
2309971
2311171
2311420
2312163
2312460
2313366
2313646
2315576
2315823
2317520
2318795
2319333
2319496
2320578
2322143
2322477
2323637
2323692
2324416
2324800
2325009
2326123
2327218
2328093
2328427
2329163
2330317
2330926
2330978
2331434
2331954
2333532
2334123
2335392
2335568
2335609
2336586
2336929
2338693
2338709
2339082
2340195
2340330
2340492
2340547
2340565
2340968
2341658
2342352
2342870
2343260
2343654
2344510
2345917
2346815
2347624
2349244
2350998
2351473
2351596
2352432
2352448
2352718
2352963
2353159
2353252
2353457
2353611
2354206
2354903
2355029
2358374
2358997
2359453
2359646
2360908
2360927
2361337
2363210
2363832
2365223
2365374
2366070
2366454
2366898
2367255
2368092
2368360
2368830
2369725
2369949
2371886
2372506
2373008
2373109
2373631
2374242
2374385
2374441
2374965
2375404
2376610
2376683
2376725
2377282
2377651
2378115
2378611
2379214
2380124
2380152
2380572
2380913
2381555
2381831
2382738
2383509
2384017
2384855
2385304
2386182
2388402
2388703
2389317
2389727
2389739
2389919
2390082
2390759
2391618
2392674
2392810
2393630
2393688
2394104
2395179
2396045
2396920
2397039
2397191
2397223
2397749
2399233
2400071
2402626
2403126
2403467
2403546
2403944
2404063
2405217
2405398
2407446
2407911
2408255
2408306
2408916
2409590
2409833
2410378
2410750
2410864
2411474
2411764
2412198
2412318
2412440
2412756
2413117
2413163
2413733
2413981
2415157
2415693
2416377
2416994
2442518
2448245
2470157
2495145
2511858
2532078
2552298
2556424
2564491
2566618
2567661
2567769
2568374
2569977
2572371
2572447
2575940
2576890
2578349
2578423
2578790
2580723
2580730
2581317
2581536
2581812
2583383
2586626
2587892
2589990
2590705
2591569
2591686
2592459
2592863
2593786
2598902
2600857
2601202
2601706
2603144
2603491
2604622
2606137
2606929
2608045
2608564
2610952
2611326
2611802
2612553
2614918
2616347
2616421
2616689
2617073
2617580
2619604
2621598
2622062
2622507
2623680
2623822
2626134
2626489
2626907
2628169
2628714
2628894
2628978
2629430
2630707
2630874
2631415
2631774
2631931
2632043
2632249
2632270
2632896
2632974
2633038
2633573
2633732
2633970
2634050
2634126
2634839
2634935
2635154
2635503
2635522
2636322
2636374
2636712
2637596
2637601
2637626
2637876
2638094
2638898
2639025
2639304
2639398
2639505
2639807
2639872
2640018
2640378
2640581
2641073
2641126
2641403
2643805
2643820
2644137
2644402
2644711
2644758
2644973
2645121
2645133
2645465
2645626
2646024
2646565
2646878
2647849
2647901
2647987
2648329
2648584
2649659
2650039
2650336
2650749
2651372
2652244
2652655
2652979
2653220
2653251
2653325
2653354
2654565
2654933
2655217
2655760
2655787
2655939
2656506
2656512
2656744
2656836
2657128
2657199
2657859
2658083
2658333
2658965
2659298
2659391
2659472
2660840
2660871
2660956
2661030
2661273
2661407
2661894
2661934
2662196
2662382
2662760
2663975
2664858
2665255
2665321
2665477
2665880
2666121
2666498
2666642
2666918
2667180
2667631
2668635
2668933
2669270
2669765
2669936
2670162
2670635
2670994
2671000
2672015
2672197
2673179
2674303
2675136
2675208
2675356
2676018
2676172
2676424
2676475
2676532
2676729
2676922
2677783
2679112
2679951
2680179
2680226
2680703
2680846
2680891
2681058
2681498
2681746
2682068
2682240
2682335
2682476
2682816
2683081
2683412
2684360
2684859
2685082
2685300
2685956
2685961
2686030
2686100
2686317
2686679
2687024
2687091
2687171
2688478
2689019
2689761
2689803
2689890
2690246
2690622
2691200
2691521
2691675
2691735
2692160
2692218
2692972
2693791
2693800
2693813
2693869
2695146
2695805
2696253
2696792
2696850
2697312
2697459
2697539
2697613
2697790
2697929
2697973
2698206
2698268
2698360
2698525
2700548
2700958
2702060
2702173
2702198
2702594
2704540
2705106
2705244
2705339
2705596
2705876
2706186
2706364
2706644
2707100
2707169
2707282
2707483
2707786
2707821
2707942
2708719
2708971
2709383
2709469
2709555
2709630
2710125
2710352
2710428
2710456
2710684
2710795
2710894
2711202
2711311
2711390
2711721
2711913
2712466
2712769
2713922
2713958
2714196
2714209
2714579
2715471
2715609
2715691
2715996
2716099
2716105
2716402
2716809
2717938
2719279
2719458
2719649
2721200
2721225
2721379
2721384
2722621
2723003
2725175
2725296
2725712
2726068
2726122
2727632
2728782
2728802
2729171
2729364
2729418
2729656
2730848
2730979
2731038
2731573
2732146
2732442
2732631
2733147
2734286
2734615
2734898
2734991
2735686
2735859
2736445
2736633
2736862
2737081
2737537
2737719
2737810
2738503
2739745
2739774
2739998
2740109
2740913
2741448
2741784
2742003
2742541
2742775
2742848
2743101
2743606
2745115
2746055
2746453
2746680
2747051
2747233
2747731
2747773
2747967
2748056
2749064
2749684
2749727
2749771
2750458
2750886
2751113
2751605
2752883
2752940
2753068
2753307
2754034
2754131
2754276
2754320
2754638
2755496
2755539
2755790
2756022
2756395
2757040
2757277
2757535
2758140
2758203
2758405
2758504
2758516
2759005
2759438
2759695
2760432
2761597
2761627
2761704
2761911
2761990
2762056
2762287
2762496
2762508
2763410
2763536
2763885
2764067
2764854
2765732
2765933
2766701
2767458
2767741
2767935
2768150
2768414
2768570
2768707
2769175
2769706
2770439
2770533
2770617
2770728
2771255
2772525
2772614
2772859
2772990
2773222
2773529
2774065
2774300
2774538
2775375
2775380
2775499
2775870
2776117
2777067
2777752
2778696
2778975
2779097
2779329
2779592
2779760
2780970
2781252
2782472
2782762
2782821
2783044
2783226
2783459
2783477
2785208
2786446
2786576
2786695
2787988
2788422
2788458
2789564
2789832
2790184
2790625
2790789
2791058
2791523
2791905
2791943
2792980
2794378
2794480
2794671
2794686
2794936
2795243
2795279
2795633
2796059
2796231
2796942
2796960
2797479
2797754
2798487
2799129
2799858
2800017
2800341
2800635
2801263
2801373
2801883
2802472
2802870
2803863
2804544
2805208
2805615
2805766
2806161
2806233
2806257
2806452
2806773
2806864
2807001
2807165
2807384
2807663
2807799
2807858
2808300
2808796
2808886
2809371
2809746
2810034
2810078
2810772
2810822
2810941
2811151
2811201
2812128
2812378
2812765
2813547
2813968
2814606
2814814
2814956
2815589
2815901
2816389
2816599
2816866
2816981
2817036
2818432
2818963
2819102
2820031
2820575
2820777
2820961
2821041
2821522
2822000
2822217
2822347
2822457
2823033
2823174
2823286
2823659
2824305
2824379
2824772
2825143
2826966
2827053
2827358
2827884
2828017
2829334
2830068
2830262
2830831
2830847
2830850
2831005
2831212
2831360
2831409
2832044
2832234
2833684
2833692
2833708
2834473
2836159
2836468
2836470
2836485
2836543
2836566
2837552
2837983
2838414
2838512
2838959
2839027
2839175
2839288
2839556
2840035
2840166
2840184
2840703
2840904
2840973
2841058
2841687
2841832
2842227
2842991
2843177
2843927
2844554
2844974
2845490
2845796
2845983
2846317
2846511
2847302
2847323
2848785
2848805
2849129
2849836
2849915
2850209
2850331
2850373
2850927
2851019
2851533
2852292
2852403
2852591
2852649
2852788
2853465
2853693
2854100
2854231
2854352
2855163
2855303
2855358
2855698
2855721
2856784
2858212
2858823
2859203
2859359
2859396
2859672
2860074
2860194
2860256
2860687
2860869
2860951
2861211
2861359
2861878
2862345
2862794
2862954
2865896
2866403
2867520
2868444
2868894
2868955
2869137
2870181
2872797
2872842
2873110
2873877
2874520
2874883
2875521
2875557
2875570
2876527
2877399
2878235
2878832
2879266
2879422
2879467
2880896
2881621
2882104
2882384
2882858
2883389
2884415
2885194
2885984
2886776
2887250
2887265
2888689
2888734
2890086
2890851
2890948
2891560
2894186
2894222
2896710
2897051
2899204
2901771
2902331
2903400
2904799
2905950
2906074
2906133
2907884
2908038
2908912
2909731
2909841
2910487
2911766
2914405
2914855
2915603
2916019
2917513
2917990
2921883
2923514
2925882
2926156
2926888
2927129
2927384
2927440
2927996
2928591
2928827
2929314
2929362
2929386
2929709
2929738
2929905
2930234
2931447
2932630
2933209
2933592
2935741
2935839
2936309
2936806
2936885
2937933
2938175
2938311
2939439
2940425
2941051
2941446
2941989
2944530
2944588
2945274
2945598
2946246
2946793
2946828
2947490
2947563
2948506
2948867
2949311
2950739
2951419
2952017
2953221
2953387
2953747
2953936
2955440
2956562
2956613
2956875
2956931
2957262
2957413
2959029
2959332
2959524
2960716
2960922
2962213
2962858
2962890
2962902
2963322
2963706
2964278
2965678
2967483
2970032
2972119
2973920
2974059
2975712
2976085
2978731
2979153
2980746
2982322
2983462
2985051
2986580
2986702
2987457
2992671
2992841
2993080
2994098
2994142
2996146
2998873
3000163
3002746
3003490
3004139
3005584
3009064
3071405
3096750
3103985
3103994
3104606
3104730
3105041
3105461
3105806
3105955
3105960
3107168
3107717
3108816
3110036
3110515
3110588
3110800
3111024
3111607
3111656
3112163
3112303
3112478
3113297
3113744
3114158
3114578
3115480
3115782
3116563
3116633
3116685
3116944
3117224
3117793
3117807
3118536
3119676
3120542
3121005
3121576
3122278
3122357
3124943
3125359
3127218
3128254
3128506
3128710
3128761
3129163
3129770
3131401
3131884
3132153
3132171
3132635
3133018
3133172
3134810
3135533
3137012
3137578
3138022
3138371
3139715
3141081
3141224
3141537
3141622
3141793
3142298
3142590
3142934
3144062
3144401
3144528
3145253
3145356
3145454
3146301
3146355
3146513
3146640
3147269
3148243
3148292
3150648
3151194
3152448
3152641
3153164
3154525
3154859
3155489
3156204
3156435
3156511
3156901
3157359
3159471
3160130
3161343
3162445
3163619
3165095
3166497
3167255
3167514
3169644
3169776
3169819
3169994
3170802
3170841
3171657
3171827
3171862
3172867
3174613
3174632
3175207
3175431
3175943
3176921
3177590
3178382
3178861
3179448
3179560
3180040
3180345
3180954
3181534
3181630
3182482
3182775
3183538
3184139
3184267
3186131
3187249
3187640
3188044
3190606
3190840
3190871
3191204
3194486
3194902
3194959
3196194
3196642
3197682
3198418
3198598
3198699
3198797
3198860
3199221
3199268
3199319
3199640
3199704
3200724
3200848
3201377
3201405
3201906
3205079
3205107
3205475
3205695
3206004
3206517
3206956
3207102
3207115
3207810
3208324
3208651
3208849
3209571
3210048
3211710
3213235
3213693
3213951
3213984
3214444
3216831
3217099
3217394
3217613
3218802
3218922
3220590
3221086
3221925
3222140
3224209
3225147
3225198
3225276
3226028
3226118
3226809
3226904
3226950
3227356
3228235
3228937
3229759
3230393
3233215
3233303
3233733
3233879
3234143
3235780
3235984
3236080
3236405
3236565
3236819
3237795
3237942
3238054
3238275
3238421
3238449
3238658
3238674
3239804
3240087
3240173
3240638
3241293
3244668
3244839
3244910
3245265
3245317
3245643
3245870
3246086
3248587
3249291
3249667
3249690
3251611
3252298
3253293
3254175
3254191
3254296
3254322
3254604
3254925
3255006
3255094
3255189
3257351
3257915
3258376
3258422
3258715
3259058
3259207
3259498
3260697
3260703
3260846
3261918
3262240
3262743
3262804
3262917
3263347
3264945
3265490
3265827
3267258
3267302
3268117
3268138
3268389
3268535
3269129
3269570
3269609
3270202
3270712
3271664
3271816
3271975
3272045
3273972
3274274
3275856
3276269
3276680
3276707
3276803
3277183
3277475
3277903
3278595
3279216
3281041
3281096
3281265
3281461
3282054
3282470
3282622
3282690
3282793
3282810
3283688
3284198
3284254
3284486
3285072
3285669
3286185
3286314
3287311
3288139
3288245
3288672
3288842
3289107
3289446
3290012
3290111
3290158
3290356
3291491
3291662
3292007
3292736
3292947
3292965
3293352
3293605
3294011
3294717
3295396
3295437
3295484
3296025
3296291
3297065
3297777
3298165
3298772
3299843
3300056
3300496
3300613
3301515
3301619
3301775
3301951
3302328
3304110
3304798
3304802
3305300
3306229
3306812
3307451
3307610
3308180
3309337
3310236
3310855
3311275
3311645
3312821
3313496
3314296
3315425
3317337
3317408
3319371
3319559
3319854
3320682
3320913
3320948
3321174
3321718
3321784
3321938
3322717
3323243
3324484
3324834
3325518
3327896
3328255
3328950
3329727
3330098
3332048
3333136
3333593
3334093
3343353
3343530
3354454
3356031
3391563
3445090
3461456
3461684
3463399
3463454
3465571
3465863
3466966
3467223
3469438
3470140
3472942
3473736
3473965
3474288
3474818
3477783
3477811
3478016
3478160
3479157
3479920
3480044
3480061
3482356
3484974
3485972
3486620
3487330
3487957
3489379
3490263
3490645
3491624
3493943
3493984
3494132
3494231
3496501
3499359
3501835
3502868
3502894
3504014
3504976
3506608
3507495
3507735
3507874
3509791
3511423
3511852
3512548
3513834
3514445
3515148
3515231
3515435
3517157
3517717
3519406
3519689
3521753
3524087
3524281
3525056
3526473
3527976
3531257
3532441
3534395
3536291
3538087
3539879
3540586
3540789
3542295
3543246
3543412
3544206
3544491
3545376
3545606
3545827
3546015
3546857
3546942
3547127
3547203
3547573
3547826
3548712
3550097
3550861
3551001
3552047
3552218
3552445
3552961
3553564
3553854
3554154
3554926
3555277
3555478
3555650
3555913
3556307
3556641
3556792
3557044
3557083
3558387
3558475
3559108
3559236
3559921
3560045
3560149
3560170
3560541
3560854
3561451
3561921
3562345
3562851
3563297
3563462
3563874
3564641
3565084
3565156
3565270
3566348
3566524
3566668
3566715
3567457
3567883
3568204
3568812
3568870
3569357
3571086
3572529
3572906
3573864
3574939
3575439
3576349
3576613
3576676
3577190
3577816
3578207
3578431
3578693
3579098
3579509
3579685
3581702
3582165
3582343
3582549
3582959
3583086
3583561
3583706
3584496
3584553
3584711
3584838
3585876
3586108
3586139
3586418
3586699
3587435
3587605
3587692
3587753
3588674
3588861
3588899
3589085
3590336
3590544
3591214
3591497
3592045
3592314
3592693
3592825
3593591
3594075
3594236
3594985
3595755
3595844
3596182
3596617
3596675
3597092
3597128
3598260
3598370
3598464
3598496
3598539
3599375
3599545
3599620
3599637
3599993
3600284
3600348
3600403
3602054
3602382
3602449
3602592
3602807
3602856
3603804
3604116
3604269
3604512
3604691
3604890
3605035
3606045
3606133
3606168
3606362
3606660
3606775
3607180
3607215
3608504
3609360
3609452
3610507
3611012
3611295
3611344
3611555
3611718
3612559
3612937
3614776
3615013
3615032
3615196
3615275
3615518
3615939
3616343
3616392
3616744
3616836
3617393
3617750
3617911
3618846
3619023
3619868
3620075
3620114
3620516
3620748
3621025
3621365
3621971
3622317
3622651
3623234
3623703
3624040
3624583
3624682
3624706
3624794
3626716
3626974
3627453
3627617
3628029
3628047
3628119
3629090
3629133
3629775
3629800
3630488
3630774
3631067
3631170
3631185
3631800
3631832
3632021
3632310
3632400
3632623
3632641
3632882
3633793
3633807
3633828
3634446
3635082
3635155
3635187
3635348
3635436
3635649
3635788
3635907
3636197
3636273
3637075
3637162
3637484
3638572
3638712
3638954
3639638
3640057
3640070
3640122
3641257
3641500
3641653
3641662
3641841
3641936
3642118
3643605
3644011
3645504
3645565
3645598
3646013
3646844
3647218
3647928
3648034
3648087
3648129
3648173
3648305
3648392
3648874
3650023
3650352
3650692
3651631
3651884
3652186
3652396
3653285
3653491
3653877
3654032
3654494
3654971
3655471
3656496
3656916
3657262
3657664
3657882
3658881
3659251
3660257
3660491
3660773
3661411
3661983
3662200
3662495
3662617
3663419
3663510
3663768
3664151
3664312
3664973
3666114
3666162
3666171
3666289
3666516
3666531
3667363
3667545
3667727
3668025
3668141
3668883
3669136
3669481
3669615
3669784
3669952
3670406
3670986
3671131
3671756
3671799
3671890
3671902
3672509
3672538
3673157
3673404
3673791
3674503
3674590
3675455
3676158
3676534
3676873
3676938
3677287
3677357
3678107
3678257
3679700
3679893
3679994
3680244
3680272
3680655
3680920
3681009
3681063
3681364
3681418
3682086
3682288
3682805
3682851
3683165
3683486
3683570
3684103
3684615
3684909
3684952
3685020
3686047
3686205
3686243
3686300
3686546
3687398
3688282
3688833
3688894
3690680
3690710
3691357
3691586
3691736
3691947
3692206
3692823
3693063
3693957
3694098
3694777
3695064
3695483
3695574
3695643
3696296
3696976
3697090
3697185
3697207
3697371
3697800
3697881
3698361
3699102
3699316
3699350
3699674
3699760
3700720
3700898
3703132
3703589
3703806
3703812
3703821
3704022
3704905
3705492
3705797
3705855
3705985
3706347
3707332
3707381
3708512
3709358
3709665
3709785
3709818
3710160
3710467
3710764
3711511
3711942
3712025
3712097
3712787
3713012
3713578
3713615
3713630
3714129
3715790
3716244
3716256
3716920
3717040
3717138
3717241
3717981
3718127
3718547
3719161
3719491
3719841
3720116
3720318
3720379
3720557
3720756
3721061
3721184
3721349
3722066
3722199
3722446
3722500
3722581
3722765
3722967
3723108
3723236
3723330
3723656
3724411
3724668
3725282
3725407
3725567
3726053
3726163
3726202
3726434
3726785
3727340
3727951
3728006
3728720
3729252
3729520
3730405
3730492
3730547
3730672
3730819
3730842
3731520
3732231
3732708
3733863
3734008
3735189
3735310
3735560
3735816
3736212
3736750
3737147
3737710
3737756
3738047
3738354
3738552
3738580
3739074
3739133
3739235
3739283
3739498
3739951
3740511
3740740
3740762
3741434
3742114
3742267
3742672
3742748
3742801
3743128
3744742
3744971
3745366
3745585
3745822
3746192
3746255
3746540
3746916
3747253
3747664
3748207
3748371
3748992
3749376
3749928
3750079
3750212
3752060
3752297
3752318
3752594
3752691
3753109
3753604
3753820
3754056
3754061
3755404
3755416
3755498
3755619
3755897
3755979
3756330
3757030
3757154
3757204
3757352
3757461
3758188
3759253
3759399
3759705
3759882
3760138
3760152
3760296
3760556
3761975
3762541
3762780
3762918
3762920
3763205
3763237
3763369
3763808
3764186
3764732
3765159
3765188
3765742
3766652
3767782
3768758
3772057
3772975
3776015
3777203
3778152
3778768
3780177
3780953
3781200
3782517
3782759
3783067
3783447
3784088
3786214
3786641
3786829
3788387
3789628
3790881
3792095
3792528
3792884
3793034
3793506
3794501
3797962
3798407
3799083
3800350
3801087
3801131
3801414
3801440
3801495
3802065
3804148
3804708
3805296
3807632
3808037
3808409
3809405
3810010
3810370
3810745
3812526
3815313
3815621
3816023
3816590
3817769
3818673
3819638
3819874
3820911
3821050
3822521
3824278
3824357
3825717
3828025
3831122
3835485
3835719
3836890
3840832
3842721
3844831
3847962
3848605
3848849
3850557
3851880
3853887
3854300
3854702
3857473
3858917
3859238
3860994
3866285
3867001
3867930
3868839
3869687
3870332
3873167
3873847
3876106
3876687
3877180
3877241
3878610
3878887
3879135
3881417
3883030
3885855
3886013
3886734
3887142
3888959
3891296
3893270
3893480
3899621
3900172
3900438
3900716
3900798
3901218
3901621
3902609
3904061
3905447
3905619
3905678
3907023
3908449
3908760
3908953
3910684
3911223
3911770
3912529
3916385
3916736
3917696
3917938
3919621
3920032
3920275
3923601
3923897
3924428
3925152
3925706
3926542
3926688
3926882
3927368
3929052
3930825
3932358
3932616
3942498
3951762
3958672
3964502
3995886
3996282
3996589
3997245
3997315
3997754
3998616
3999533
3999710
4000250
4001086
4001426
4002186
4002565
4002933
4003183
4003393
4003936
4006151
4006226
4006293
4007831
4008089
4008655
4009538
4009788
4009839
4010033
4010158
4010356
4011249
4012669
4012767
4014022
4014473
4015024
4015582
4017134
4017759
4017956
4018343
4018351
4018964
4019117
4020170
4020634
4021038
4021479
4024189
4024602
4024882
4024938
4025750
4025765
4025967
4026332
4027658
4028926
4029846
4032084
4032480
4032532
4032686
4033323
4033479
4034862
4036820
4037058
4037482
4038779
4039246
4039760
4040500
4040525
4040945
4041702
4042521
4043455
4044192
4044676
4044774
4044973
4045045
4045588
4046797
4047265
4047812
4047894
4047987
4048883
4049049
4049122
4049615
4050892
4050976
4051400
4051980
4054887
4055485
4055872
4056585
4057378
4057548
4057627
4058514
4060999
4061216
4061229
4061231
4063103
4065745
4066943
4066979
4067175
4067241
4067259
4067976
4068046
4068479
4068492
4070108
4070683
4071123
4071719
4072901
4073929
4074163
4074389
4074712
4075208
4075214
4076084
4077811
4078300
4078741
4079709
4080083
4080595
4080758
4080809
4081194
4081596
4082307
4082850
4082975
4083421
4083518
4083551
4083755
4084773
4086113
4086435
4087573
4088599
4088820
4089646
4090316
4090382
4090658
4090927
4091761
4092126
4092633
4093404
4093465
4095583
4095599
4097184
4097226
4097459
4097809
4098417
4101577
4102253
4102659
4103421
4104233
4104387
4104671
4104958
4105840
4105956
4107315
4107860
4108572
4108851
4110222
4110970
4111048
4112380
4112522
4112955
4113061
4114138
4114389
4115262
4115413
4115946
4116233
4117104
4118142
4118381
4118403
4118445
4118935
4119775
4120014
4120202
4120556
4120616
4120925
4121555
4122642
4124289
4124781
4125347
4126269
4127922
4128385
4129410
4129567
4130155
4130612
4130788
4131708
4132382
4132622
4132940
4133751
4134617
4134761
4134889
4135875
4136256
4136979
4137095
4137322
4138377
4138921
4139608
4139614
4140209
4140449
4140760
4141129
4142073
4143498
4143709
4144605
4145095
4146829
4148409
4148640
4148731
4148989
4149323
4149341
4150530
4150800
4150813
4150920
4151127
4151912
4152374
4152493
4152969
4153495
4153988
4153996
4154021
4154743
4155161
4155257
4156119
4157579
4158806
4161711
4162206
4162830
4162974
4163091
4163162
4163341
4163607
4164029
4164205
4166215
4166223
4166900
4166976
4168425
4168718
4169097
4169719
4170136
4170145
4170898
4171043
4173618
4173833
4173955
4174791
4175063
4175598
4177029
4177126
4178087
4178557
4178867
4178902
4180380
4180901
4181223
4182009
4182162
4182330
4182781
4182855
4186600
4188854
4188937
4189436
4189606
4189621
4189764
4191702
4191764
4192663
4193455
4194321
4194809
4195905
4196359
4197229
4197407
4197812
4197868
4198485
4198914
4199356
4199413
4200038
4200186
4200529
4203201
4203846
4205816
4206257
4206576
4207150
4207200
4208474
4208538
4208796
4210320
4210366
4211863
4212475
4214546
4215077
4215942
4215955
4216117
4216146
4216721
4216820
4217157
4217897
4218737
4218784
4220474
4221618
4222457
4222645
4222807
4222883
4223094
4223372
4223519
4223641
4224281
4224320
4224638
4225998
4226314
4227556
4228341
4228396
4228443
4229037
4229911
4231729
4232028
4232415
4232767
4233806
4234308
4234450
4236159
4236196
4236470
4236622
4236667
4237050
4237886
4237999
4240226
4302138
4304070
4313327
4335058
4346757
4347058
4349636
4350985
4355938
4361869
4364221
4371751
4371804
4416439
4417877
4418508
4419926
4426716
4428961
4429210
4429256
4430402
4430625
4431709
4434525
4434750
4435474
4435759
4437573
4438673
4439799
4440829
4441212
4442306
4442789
4443919
4449117
4449733
4449913
4450088
4451913
4452437
4452516
4453438
4455486
4455803
4456838
4458709
4462379
4465327
4465362
4465498
4465791
4465869
4465876
4466038
4466211
4466582
4467064
4467282
4467901
4467919
4467987
4468584
4468674
4468844
4469448
4469501
4470433
4470579
4471001
4471078
4471646
4471663
4471941
4472119
4472251
4472895
4473121
4474148
4474363
4474771
4474868
4475095
4475124
4475426
4475948
4476413
4476829
4476882
4477118
4477415
4477423
4477722
4477982
4478387
4478671
4478731
4478877
4479492
4480089
4480386
4480775
4481748
4481968
4482561
4482682
4482770
4484167
4485249
4485639
4485695
4486814
4486840
4486895
4486907
4487793
4487856
4488352
4488407
4488821
4488960
4489260
4490254
4490320
4490453
4490557
4490811
4490874
4491028
4491242
4491349
4491430
4491681
4491736
4491880
4492092
4492334
4492387
4492859
4492896
4493912
4494489
4494808
4494928
4495154
4496040
4496460
4496616
4497502
4497530
4497626
4498307
4498555
4498664
4499164
4499209
4499291
4499551
4499658
4499927
4500000
4500177
4500291
4500872
4501248
4501799
4501822
4501889
4502411
4502591
4502827
4503482
4503577
4503596
4503634
4504100
4504589
4505749
4505997
4506111
4506310
4506696
4506792
4506804
4506952
4507278
4507681
4508608
4509091
4509330
4509985
4511813
4512103
4512425
4512454
4512476
4514066
4514627
4514841
4515853
4515944
4515983
4516002
4516282
4516346
4516894
4517598
4518434
4518507
4518631
4518843
4519799
4519959
4520704
4521160
4521369
4521445
4521467
4522019
4522087
4522213
4522392
4522799
4522836
4522959
4523277
4523493
4523507
4524255
4524697
4524758
4524875
4524916
4526195
4526443
4526529
4527666
4528579
4528584
4528778
4528861
4529136
4529310
4530027
4530191
4530215
4530336
4530434
4530900
4531021
4531847
4532036
4532353
4532541
4532601
4532717
4532738
4533098
4533814
4534075
4534504
4534656
4535054
4535280
4535291
4535971
4536254
4536710
4537268
4537294
4537452
4537576
4537704
4538234
4538255
4538654
4538904
4539338
4540502
4540564
4540687
4540717
4540832
4541364
4541855
4541893
4542631
4542837
4543078
4543147
4543297
4543318
4543822
4544006
4544425
4545135
4545161
4545639
4545640
4546050
4546796
4547350
4547485
4547760
4548643
4549312
4549600
4549973
4550060
4550129
4551242
4551349
4551600
4552301
4552773
4553516
4553529
4554524
4555015
4555522
4555567
4556175
4556303
4556322
4557979
4558227
4558560
4558720
4558751
4559551
4559778
4559835
4560364
4561701
4561760
4561953
4562666
4562762
4563758
4563824
4564062
4564086
4564434
4564673
4564733
4565946
4566079
4566802
4567811
4568004
4568119
4568354
4569431
4569601
4569881
4570031
4570193
4570397
4570759
4571181
4571282
4571567
4571637
4572760
4572986
4573174
4573975
4574521
4574902
4574996
4575370
4576089
4576791
4577053
4577124
4577215
4577507
4577733
4577884
4577913
4578776
4578906
4579156
4579662
4581221
4581989
4582201
4584074
4584185
4584429
4584465
4584876
4584897
4585024
4585038
4585330
4586398
4586690
4586807
4587134
4588104
4589191
4589259
4589264
4589367
4589629
4589733
4589749
4589805
4590231
4590522
4590679
4590684
4590708
4590727
4590762
4590812
4590919
4591230
4591434
4591478
4591673
4591794
4592114
4593206
4593671
4594329
4594603
4594645
4594674
4595001
4595305
4595408
4595414
4595638
4596385
4596496
4596950
4597286
4598149
4598523
4598601
4598848
4599354
4600079
4600974
4601101
4602652
4602710
4602923
4603401
4603510
4603665
4604260
4605067
4605121
4605577
4606017
4606140
4607589
4608433
4608856
4609307
4609497
4610096
4610100
4610148
4610410
4610574
4610849
4610919
4610942
4611241
4611367
4611706
4611721
4612171
4612834
4613438
4613922
4614543
4615427
4615728
4615761
4616539
4616711
4617240
4617602
4618210
4618314
4618431
4618634
4619759
4620329
4620690
4621269
4621964
4622126
4622552
4623339
4624204
4624428
4625478
4625604
4625837
4626189
4628020
4628079
4628569
4629063
4629267
4629466
4629912
4630465
4630717
4630876
4632837
4633923
4634240
4634356
4634519
4634909
4634952
4636251
4636284
4636509
4636524
4637102
4637263
4637778
4637962
4638030
4638461
4638960
4639219
4639625
4639722
4639947
4640109
4640749
4640820
4640954
4640969
4641873
4642207
4642642
4642832
4643218
4643575
4644776
4644970
4645263
4645470
4645584
4645828
4646087
4646198
4646343
4646414
4646799
4646874
4647257
4647319
4647704
4648385
4648488
4648613
4649955
4651410
4651574
4651771
4651942
4652252
4652755
4652810
4652962
4653469
4653677
4653688
4654093
4655234
4655595
4655600
4655613
4655891
4656327
4656775
4658222
4658359
4658529
4658598
4659020
4659576
4659581
4660372
4660578
4660587
4661144
4661183
4661554
4661614
4661671
4663077
4663100
4663410
4663643
4664133
4664951
4665700
4666350
4667047
4667910
4668408
4670150
4670320
4670988
4671184
4671278
4673195
4674808
4675740
4675919
4679986
4680024
4680769
4681787
4682410
4684969
4685295
4687889
4688082
4689687
4690099
4690402
4690488
4691404
4692122
4693032
4694326
4694463
4694525
4698419
4698650
4698837
4698954
4699439
4699533
4699783
4700014
4700900
4701111
4701615
4707990
4708306
4708852
4709148
4709309
4709435
4709868
4711325
4711524
4714402
4714852
4717346
4717499
4718032
4719615
4719898
4720061
4721185
4722737
4723263
4723844
4724355
4726753
4728071
4729996
4730217
4731462
4731557
4733036
4734868
4734942
4736085
4736425
4736432
4737586
4738639
4739171
4739713
4739878
4740004
4741511
4742263
4743122
4743784
4743792
4745201
4745973
4749525
4751716
4751990
4752201
4754473
4755341
4755725
4755801
4756013
4756494
4756667
4758318
4759040
4764995
4765042
4766278
4767012
4768775
4768854
4768905
4772698
4774542
4774615
4775135
4776237
4776694
4777421
4780652
4782815
4783635
4788049
4790531
4791054
4793998
4796051
4796438
4797675
4799022
4799210
4799353
4799738
4800811
4800822
4801306
4801789
4802627
4803171
4803573
4804983
4805456
4807876
4807881
4808526
4808578
4811038
4815686
4816205
4817081
4817164
4817584
4818993
4819035
4819514
4820240
4820804
4821144
4821731
4822697
4823059
4823558
4826373
4829969
4830410
4830740
4831053
4833092
4833782
4833802
4833823
4833830
4834828
4838308
4840289
4841263
4849693
4850415
4850441
4851416
4851678
4851848
4852688
4855016
4855458
4856088
4858442
4860579
4862300
4865389
4866344
4866677
4868958
4869075
4870233
4871458
4872225
4872453
4873733
4874349
4874789
4875022
4875308
4875502
4875869
4876504
4876607
4877273
4877461
4878054
4878412
4879882
4880215
4880892
4882168
4882738
4883243
4883944
4884451
4884484
4884635
4885579
4885690
4885899
4888099
4888539
4888767
4892164
4893476
4896074
4898607
4899480
4899716
4899773
4899859
4899922
4899958
4900240
4901233
4901532
4902703
4903978
4905162
4905289
4905405
4905672
4905842
4906000
4906275
4907266
4907292
4907369
4907796
4908042
4908811
4909053
4909223
4909805
4910591
4911282
4911298
4912778
4913049
4914248
4914305
4914675
4914772
4915293
4916170
4916832
4917805
4917866
4918203
4919301
4920379
4920594
4920691
4920803
4920811
4920822
4920959
4921306
4921540
4921767
4922161
4922823
4923405
4923683
4924546
4924808
4925885
4925894
4925987
4926954
4927523
4927738
4928111
4928476
4928766
4928792
4930091
4930364
4931421
4932894
4932934
4933260
4933600
4933809
4933973
4934264
4934794
4935804
4936452
4936911
4937269
4937281
4937646
4939003
4939121
4940176
4941820
4941866
4942573
4942635
4943548
4943581
4943653
4943823
4943841
4945104
4945150
4945512
4945811
4948235
4949538
4949657
4950043
4950221
4951348
4951983
4952557
4952568
4952570
4952845
4953401
4954736
4954875
4955003
4956748
4960426
4961167
4961469
4961641
4962308
4962395
4962404
4962709
4964492
4964598
4965953
4966858
4967233
4967409
4968625
4969282
4969666
4969849
4970571
4970600
4970863
4971058
4972136
4972167
4972946
4973076
4973470
4973537
4973674
4973755
4973939
4974257
4975777
4977610
4977819
4978528
4978805
4978837
4979198
4979495
4980658
4980690
4980719
4981060
4981822
4982956
4983157
4983431
4983465
4983473
4983825
4984375
4984435
4984574
4984993
4985374
4986677
4987745
4987774
4988144
4988156
4988393
4990022
4990404
4990416
4990596
4990992
4992561
4992879
4993822
4993930
4994737
4994779
4995750
4995815
4996031
4996300
4996796
4997097
4997102
4997778
4998148
4998352
4998618
4999007
4999028
4999625
4999891
5000514
5000648
5000904
5001036
5001058
5001447
5001763
5002295
5002454
5002980
5003398
5003844
5004020
5004183
5006132
5006273
5006391
5007114
5008510
5008843
5008866
5010531
5011398
5011734
5011953
5012197
5012993
5013789
5013904
5014358
5014599
5014749
5014851
5015578
5016144
5016206
5017019
5017521
5018004
5018741
5019353
5020390
5020434
5020599
5020976
5022404
5022473
5022724
5023796
5026585
5027360
5027765
5029030
5029041
5030788
5031250
5031410
5031739
5032470
5033286
5033952
5034182
5035184
5035736
5036194
5036515
5036634
5037008
5037455
5038258
5038985
5039798
5042935
5042961
5043869
5044247
5044901
5045616
5045631
5045749
5047790
5048285
5048639
5048974
5048989
5049529
5049957
5050800
5052146
5052712
5053652
5054542
5054924
5056313
5056575
5057543
5058651
5058885
5059654
5060248
5062270
5062747
5062815
5063323
5063504
5064702
5064910
5065536
5065545
5066277
5067272
5067353
5067800
5068432
5069760
5070630
5072219
5073955
5074314
5075957
5077509
5077759
5078165
5078915
5079288
5079721
5079749
5079892
5080265
5080391
5080651
5081303
5081650
5082203
5083233
5083409
5085297
5085585
5085638
5085811
5085890
5086044
5087372
5087882
5088327
5089376
5089862
5090967
5092173
5092254
5092512
5092874
5094508
5095089
5095920
5096725
5096834
5096970
5097250
5097346
5097714
5097926
5098603
5098734
5099049
5099057
5099873
5100273
5101040
5101163
5101487
5102139
5102267
5104755
5104940
5105675
5106184
5106357
5107227
5107677
5108601
5108869
5109142
5109524
5109612
5109702
5109759
5109956
5110145
5111020
5111037
5111294
5111765
5113023
5113679
5114752
5116252
5116899
5117723
5117796
5152106
5156756
5165293
5171209
5171468
5172919
5224467
5229810
5234191
5242607
5248207
5252744
5253117
5268891
5270929
5294372
5298169
5301831
5318032
5318252
5318304
5319012
5319720
5319975
5320010
5320056
5320758
5321634
5321951
5322737
5325218
5325621
5325723
5326154
5326472
5326620
5326727
5327315
5327582
5327607
5328071
5328117
5328152
5328493
5329165
5329392
5330013
5330123
5330636
5332065
5332777
5332808
5332928
5333937
5334282
5334298
5334407
5334714
5334868
5335117
5335561
5335757
5336560
5336587
5337010
5337179
5337184
5337514
5338092
5338206
5338270
5338627
5338798
5338922
5338974
5339080
5339628
5340313
5341708
5342986
5343085
5343696
5344318
5344495
5345056
5345072
5345600
5345711
5345863
5345929
5346791
5346869
5347426
5347770
5347981
5348274
5348644
5349500
5350253
5350519
5350766
5351548
5351695
5351989
5353346
5353708
5353786
5353885
5354003
5354149
5354813
5354848
5354854
5355038
5355052
5355153
5355341
5356013
5357193
5357606
5357668
5357715
5358078
5358996
5359230
5359264
5359647
5359673
5360273
5361650
5361682
5361706
5362529
5362906
5363092
5363342
5363750
5363859
5364329
5364726
5364927
5365624
5365996
5366255
5366441
5367519
5367542
5367938
5368036
5368353
5368854
5369546
5370185
5370473
5370564
5370825
5371080
5372336
5372604
5372969
5373232
5374068
5374784
5374924
5375326
5375480
5375671
5376458
5376509
5376788
5376886
5377742
5378885
5379514
5379586
5379767
5380570
5380772
5381260
5381394
5381722
5381904
5381965
5382037
5383063
5383644
5383781
5384332
5384436
5384759
5385574
5385771
5385857
5385919
5386367
5386426
5386442
5387588
5387854
5388012
5388469
5388898
5389081
5389433
5389566
5389971
5390364
5391238
5391592
5391760
5392015
5392740
5392833
5392955
5393370
5393852
5393947
5394095
5394124
5394673
5395057
5396342
5396409
5397213
5397533
5397744
5398575
5399523
5400078
5400318
5400384
5401035
5402092
5402525
5403017
5403211
5403699
5404668
5406215
5406401
5407738
5407800
5408555
5408623
5408816
5409097
5409494
5409579
5410074
5410386
5410869
5411139
5411484
5412202
5412311
5413533
5413585
5413707
5414167
5414850
5414975
5415018
5415092
5415614
5415686
5415864
5415922
5416445
5416839
5417246
5417592
5417828
5417995
5418077
5418309
5418380
5418589
5419061
5419745
5420103
5420361
5421233
5421393
5421608
5421888
5422056
5422312
5422553
5423059
5423324
5423708
5423786
5424660
5424763
5425769
5425797
5425834
5425878
5425893
5425970
5426470
5426537
5426828
5426995
5427160
5427300
5427612
5428200
5428320
5428512
5428568
5428930
5428996
5429039
5430077
5430125
5430231
5430375
5430461
5430536
5431241
5431419
5431673
5432302
5432377
5433249
5433782
5434102
5435087
5435343
5436402
5436669
5436697
5436950
5437816
5438036
5438185
5438272
5438660
5438775
5438825
5439142
5439220
5439381
5439474
5439563
5439741
5440479
5440504
5440573
5440842
5441097
5441304
5442324
5442461
5443904
5444152
5444230
5444572
5444665
5445070
5445659
5446903
5447343
5448016
5448073
5448509
5449185
5450441
5450965
5451045
5451327
5451395
5452068
5452383
5452587
5452641
5452991
5453238
5453263
5453468
5453611
5454798
5454859
5455332
5455348
5455397
5455422
5455657
5456113
5456483
5456522
5456567
5456605
5456868
5457017
5457504
5457610
5458434
5459440
5459680
5459691
5460097
5460835
5461042
5461078
5461129
5461131
5461652
5462764
5462999
5463058
5463299
5464651
5464919
5465191
5465629
5465698
5466501
5466560
5467368
5467477
5468221
5468319
5468417
5468500
5468576
5469437
5469628
5469748
5470257
5470500
5470513
5470782
5471552
5471563
5472680
5473997
5474061
5474648
5475170
5475854
5476267
5477154
5478159
5478726
5478908
5478939
5479262
5479425
5479448
5479476
5479659
5480039
5480794
5481602
5481865
5481980
5482185
5482194
5482327
5482431
5482738
5482780
5484388
5484635
5484661
5484906
5485252
5485365
5486129
5486803
5487360
5487463
5488333
5488349
5488669
5489428
5489456
5490685
5491298
5491870
5492485
5492579
5493208
5494060
5494585
5494923
5495357
5495562
5495767
5495809
5495846
5495875
5496577
5498267
5498610
5499438
5499500
5501029
5501047
5501237
5501862
5502269
5502440
5502691
5502707
5503117
5503202
5503345
5503358
5504333
5504875
5505058
5505089
5505395
5505515
5505775
5505920
5506139
5507077
5507282
5507762
5507795
5508177
5508406
5509033
5509335
5509784
5510059
5510346
5510806
5510894
5511202
5511892
5512017
5512091
5512529
5512573
5512700
5512826
5513765
5513830
5513877
5514054
5514433
5514494
5514566
5515772
5515803
5516143
5516385
5517012
5517356
5518074
5518149
5518308
5518717
5518951
5518984
5519220
5519633
5519764
5520263
5520603
5520689
5521060
5521318
5521570
5521710
5521988
5522668
5522907
5523327
5524113
5524229
5524250
5525086
5526469
5526924
5527010
5527477
5527600
5527654
5527736
5527809
5527916
5528896
5528974
5529565
5529635
5530228
5530588
5530848
5531550
5532175
5532180
5532733
5533453
5533707
5534012
5534021
5534873
5534980
5535342
5535704
5535945
5535974
5536193
5536266
5536354
5536928
5537347
5537485
5537518
5537611
5538088
5538309
5538352
5538407
5538620
5538868
5540311
5540322
5540805
5540981
5541111
5541372
5541448
5541534
5541718
5542523
5542920
5543155
5543759
5545130
5545734
5545787
5546104
5546761
5546836
5549273
5550575
5551247
5551317
5552246
5552350
5553094
5553295
5553425
5553688
5554232
5555293
5555385
5556854
5557981
5558267
5559342
5559548
5559830
5560239
5563216
5563511
5564210
5564272
5565080
5565108
5566159
5567474
5568761
5569913
5570646
5571711
5574160
5575618
5576191
5576682
5576749
5577244
5581412
5581645
5582771
5583056
5583143
5583394
5583539
5583703
5584086
5584390
5586294
5587104
5587248
5588411
5589918
5590293
5590370
5590540
5592476
5594037
5595193
5595839
5597080
5597949
5598014
5598434
5598616
5598757
5598768
5599297
5599624
5599675
5600566
5601890
5602944
5603813
5604077
5604148
5604536
5605146
5605223
5606122
5606432
5606831
5606898
5607007
5607357
5607402
5607514
5608156
5609075
5610056
5610415
5610789
5611022
5611339
5611353
5611465
5612068
5612094
5612751
5613054
5613238
5613275
5613494
5613622
5614393
5615082
5615411
5615961
5616154
5617437
5617672
5617912
5618124
5618561
5619147
5619568
5619923
5620005
5620135
5620360
5620731
5620823
5621467
5621657
5621935
5622034
5622735
5622930
5622959
5623062
5623733
5624184
5624496
5624595
5625530
5625564
5626222
5626236
5626418
5626672
5626933
5626968
5627088
5627176
5627955
5628188
5628331
5629286
5629542
5629641
5630296
5630665
5630837
5631454
5632465
5633279
5633292
5633657
5633814
5634186
5634776
5635883
5637233
5637319
5637548
5637888
5638044
5638496
5639059
5639692
5639708
5641323
5642434
5642487
5642665
5642900
5644189
5644239
5644542
5645161
5646670
5648002
5648023
5650710
5651306
5651965
5652020
5652491
5652729
5654178
5655894
5655919
5658136
5658310
5659141
5659689
5659835
5660038
5660114
5661076
5661291
5663817
5665779
5665804
5667646
5667710
5671113
5671666
5672810
5673239
5674617
5675745
5676966
5677027
5677086
5677296
5678912
5680555
5682514
5684447
5685437
5686081
5688617
5692203
5692451
5692842
5692855
5694742
5695337
5696703
5698943
5698951
5701186
5702230
5702805
5703116
5703439
5703988
5704344
5704784
5704975
5705294
5706279
5706552
5706777
5707505
5710551
5711001
5711297
5712251
5712895
5714870
5715180
5715277
5717321
5718199
5719140
5723183
5726736
5728854
5729325
5729445
5729796
5731187
5731972
5766545
5767315
5767420
5767985
5768510
5768650
5769276
5769462
5769557
5770288
5770851
5770981
5771542
5772067
5772090
5772261
5773073
5773580
5773910
5774985
5776131
5776867
5777990
5778137
5778998
5779132
5780411
5780458
5781821
5781934
5781978
5782130
5782382
5783497
5783519
5783873
5784756
5784772
5785184
5785613
5785625
5785711
5787095
5787401
5787535
5788245
5788479
5788776
5788781
5788797
5789569
5790335
5791326
5791903
5791990
5792648
5793229
5793885
5793926
5794185
5794362
5794502
5794655
5794848
5794881
5795075
5795203
5795550
5795834
5796102
5796365
5796962
5797397
5797759
5798104
5798379
5799259
5799493
5799976
5800134
5800538
5801273
5801456
5801536
5802755
5803587
5804026
5804297
5805385
5807152
5807616
5809172
5809326
5809500
5809798
5810401
5812752
5812920
5813668
5813862
5814725
5815032
5815291
5816019
5816198
5816276
5816570
5817438
5818368
5820046
5821520
5822461
5823817
5824296
5824345
5824544
5824604
5825253
5827585
5827836
5828119
5828467
5828871
5829194
5829482
5830028
5831937
5833048
5833196
5833778
5834172
5835205
5835218
5835381
5835961
5836536
5836567
5837330
5838698
5838892
5839652
5839915
5840057
5840085
5841005
5843806
5844353
5844626
5844687
5845405
5845437
5845466
5845906
5846252
5846636
5847218
5847702
5848570
5848941
5848977
5849180
5849345
5850511
5850714
5850849
5850857
5851296
5851401
5854690
5854755
5855019
5855379
5856056
5857432
5859490
5859546
5859788
5860270
5860285
5861300
5861764
5862414
5862617
5862923
5863071
5863241
5863460
5863510
5864061
5864880
5865530
5866052
5866195
5866683
5866699
5866834
5866855
5866860
5868102
5868224
5868470
5870518
5870971
5871521
5872031
5872266
5872397
5872458
5872467
5872606
5872670
5873724
5875303
5877571
5878037
5878319
5878480
5879127
5880854
5881443
5882884
5883799
5884239
5884469
5885438
5885716
5885823
5886073
5886445
5886538
5886944
5887365
5888250
5888714
5891179
5891838
5892018
5892066
5892221
5892257
5892554
5892704
5893529
5894670
5894972
5895204
5896442
5896706
5896997
5897515
5900290
5900801
5901032
5901468
5903028
5903143
5903306
5903349
5903973
5904095
5904367
5904976
5904981
5906199
5906729
5906922
5907116
5907874
5908332
5908546
5909074
5909655
5910617
5910707
5912989
5914098
5914524
5915428
5916163
5916665
5917228
5918111
5919054
5919468
5920546
5920871
5921926
5922543
5923924
5923975
5924297
5924439
5924638
5925477
5926058
5926272
5926473
5926687
5926775
5929110
5929731
5929773
5930012
5931268
5932010
5933391
5933483
5934256
5934272
5935893
5936013
5937119
5938756
5938783
5939008
5939040
5939345
5939721
5939879
5942012
5942519
5942630
5943054
5943081
5943667
5944475
5946282
5948843
5949902
5951609
5951822
5952489
5954132
5954154
5954352
5955027
5956425
5956696
5957099
5957234
5958161
5958653
5958671
5958922
5959315
5959754
5960523
5961855
5962336
5962401
5962599
5963042
5963638
5964952
5965409
5965765
5966741
5966814
5967316
5967520
5968265
5968589
5970231
5970536
5970740
5971401
5971419
5971794
5973765
5975232
5975414
5975453
5975761
5975941
5975996
5977208
5977335
5977975
5978431
5978687
5978854
5978876
5979004
5980576
5980773
5981670
5982042
5982093
5982297
5982836
5983389
5983866
5984423
5985848
5986186
5986222
5986302
5986607
5986754
5987942
5988518
5988622
5989519
5990358
5990631
5991372
5991615
5991630
5992515
