3500222
3500420
3501449
3502088
3502148
3503056
3504647
3504892
3505214
3506695
3506773
3507104
3508205
3508325
3509502
3510858
3511722
3512765
3512815
3515273
3516086
3516419
3516572
3517207
3517228
3517951
3518578
3518850
3519123
3519373
3519551
3520332
3520538
3520580
3520961
3522275
3523085
3523469
3523873
3524495
3524783
3526185
3527345
3528186
3530372
3530779
3531731
3531945
3535009
3536674
3538756
3539027
3540430
3541089
3544128
3544334
3544417
3545517
3545814
3546113
3549521
3550494
3554338
3558393
3558704
3559274
3559834
3560687
3561970
3563638
3563680
3563915
3564816
3567280
3568317
3569028
3569488
3570955
3573500
3573653
3573782
3575001
3576007
3576402
3576998
3578036
3578185
3578596
3579369
3580896
3581300
3582351
3586290
3586933
3587870
3587926
3588102
3589049
3589295
3590599
3591432
3594017
3594598
3596116
3597695
3598722
3599740
