4200635
4200921
4201908
4202684
4203010
4204535
4204631
4207026
4207129
4207707
4208155
4208251
4209339
4210890
4211143
4213683
4213776
4216311
4216629
4216673
4217848
4218158
4219048
4220397
4221100
4221833
4224680
4225669
4226045
4226272
4226619
4227851
4228302
4229393
4229653
4230070
4231653
4231662
4233740
4235140
4235957
4237004
4237612
4237983
4240929
4241482
4243329
4244731
4245101
4245126
4245694
4246771
4247420
4248146
4248202
4248367
4251964
4255014
4260791
4262027
4264560
4264850
4265409
4266649
4267025
4272797
4275638
4276184
4276676
4277356
4278775
4279187
4279612
4280270
4281279
4281436
4281871
4282728
4283455
4284553
4284681
4284880
4284916
4287077
4287380
4289898
4290322
4291012
4292185
4294994
4297020
4297581
4297662
4298226
4299169
