4200017
4200024
4200038
4200046
4200052
4200063
4200075
4200080
4200091
4200108
4200114
4200127
4200139
4200140
4200153
4200162
4200171
4200186
4200195
4200203
4200211
4200222
4200236
4200245
4200258
4200267
4200274
4200289
4200290
4200302
4200315
4200323
4200330
4200341
4200359
4200364
4200377
4200388
4200396
4200405
4200418
4200420
4200437
4200443
4200451
4200466
4200479
4200484
4200492
4200504
4200516
4200529
4200531
4200547
4200550
4200565
4200582
4200598
4200607
4200610
4200635
4200656
4200661
4200672
4200683
4200699
4200713
4200725
4200732
4200748
4200754
4200776
4200781
4200797
4200801
4200819
4200834
4200842
4200855
4200860
4200878
4200887
4200893
4200906
4200912
4200921
4200933
4200949
4200968
4200970
4200985
4201000
4201013
4201025
4201032
4201048
4201054
4201069
4201076
4201081
4201097
4201102
4201115
4201123
4201130
4201141
4201159
4201164
4201177
4201188
4201196
4201209
4201217
4201224
4201238
4201246
4201252
4201263
4201275
4201280
4201291
4201304
4201329
4201331
4201347
4201350
4201365
4201373
4201382
4201398
4201406
4201412
4201421
4201433
4201449
4201457
4201468
4201470
4201485
4201494
4201505
4201518
4201520
4201543
4201551
4201566
4201579
4201584
4201592
4201603
4201611
4201622
4201636
4201645
4201658
4201667
4201674
4201689
4201690
4201701
4201719
4201726
4201734
4201742
4201755
4201760
4201778
4201787
4201793
4201807
4201810
4201835
4201844
4201856
4201861
4201872
4201883
4201899
4201908
4201914
4201927
4201939
4201953
4201971
4201986
4201995
4202002
4202023
4202030
4202041
4202059
4202064
4202077
4202088
4202096
4202100
4202125
4202132
4202148
4202154
4202169
4202176
4202181
4202197
4202204
4202216
4202229
4202231
4202247
4202265
4202273
4202282
4202298
4202309
4202317
4202324
4202346
4202352
4202363
4202375
4202380
4202391
4202407
4202435
4202444
4202461
4202472
4202483
4202499
4202503
4202511
4202536
4202545
4202567
4202574
4202589
4202590
4202620
4202637
4202643
4202651
4202666
4202679
4202684
4202692
4202708
4202714
4202740
4202762
4202771
4202795
4202812
4202821
4202833
4202857
4202868
4202870
4202885
4202894
4202901
4202919
4202926
4202934
4202942
4202955
4202978
4202987
4202993
4203007
4203010
4203028
4203035
4203056
4203072
4203083
4203099
4203105
4203118
4203120
4203137
4203143
4203151
4203166
4203179
4203184
4203192
4203201
4203219
4203226
4203234
4203242
4203255
4203260
4203278
4203287
4203306
4203312
4203321
4203333
4203349
4203357
4203368
4203370
4203385
4203394
4203402
4203415
4203423
4203430
4203441
4203459
4203464
4203488
4203496
4203508
4203514
4203540
4203553
4203562
4203571
4203586
4203595
4203600
4203613
4203632
4203648
4203654
4203669
4203676
4203681
4203697
4203703
4203711
4203722
4203736
4203745
4203758
4203767
4203774
4203789
4203790
4203809
4203824
4203838
4203846
4203863
4203875
4203880
4203891
4203904
4203916
4203929
4203947
4203950
4203965
4203973
4203982
4203998
4204014
4204027
4204039
4204040
4204053
4204062
4204071
4204086
4204117
4204124
4204138
4204146
4204163
4204175
4204180
4204191
4204215
4204223
4204230
4204241
4204259
4204264
4204277
4204288
4204296
4204303
4204311
4204322
4204336
4204358
4204367
4204374
4204389
4204390
4204401
4204419
4204426
4204434
4204442
4204455
4204460
4204478
4204487
4204507
4204510
4204528
4204535
4204544
4204556
4204561
4204583
4204599
4204604
4204616
4204629
4204631
4204650
4204665
4204673
4204682
4204698
4204706
4204749
4204757
4204768
4204770
4204785
4204794
4204805
4204820
4204837
4204843
4204851
4204866
4204879
4204884
4204892
4204900
4204913
4204925
4204932
4204948
4204954
4204969
4204976
4204981
4204997
4205012
4205021
4205033
4205049
4205057
4205068
4205070
4205085
4205094
4205103
4205111
4205122
4205136
4205145
4205158
4205174
4205189
4205190
4205208
4205214
4205227
4205239
4205253
4205262
4205271
4205286
4205295
4205307
4205310
4205335
4205356
4205361
4205372
4205400
4205413
4205425
4205432
4205448
4205469
4205476
4205497
4205501
4205519
4205526
4205534
4205542
4205555
4205560
4205578
4205587
4205593
4205615
4205623
4205630
4205641
4205659
4205664
4205677
4205688
4205696
4205718
4205720
4205737
4205743
4205751
4205766
4205779
4205784
4205792
4205816
4205829
4205831
4205850
4205865
4205873
4205882
4205898
4205909
4205917
4205924
4205938
4205946
4205952
4205963
4205975
4205980
4206005
4206018
4206037
4206043
4206051
4206066
4206084
4206092
4206107
4206110
4206128
4206144
4206156
4206161
4206172
4206183
4206199
4206206
4206212
4206221
4206233
4206249
4206257
4206268
4206285
4206294
4206301
4206319
4206326
4206334
4206342
4206355
4206360
4206378
4206387
4206393
4206409
4206417
4206424
4206446
4206452
4206463
4206475
4206480
4206491
4206500
4206513
4206525
4206532
4206548
4206554
4206569
4206576
4206581
4206608
4206614
4206627
4206639
4206640
4206653
4206662
4206671
4206686
4206695
4206704
4206716
4206729
4206731
4206747
4206750
4206765
4206773
4206815
4206823
4206830
4206841
4206859
4206864
4206877
4206888
4206896
4206911
4206922
4206936
4206945
4206958
4206967
4206974
4206989
4206990
4207019
4207026
4207042
4207055
4207060
4207078
4207093
4207104
4207116
4207129
4207131
4207150
4207165
4207200
4207213
4207225
4207232
4207248
4207254
4207269
4207276
4207281
4207297
4207305
4207318
4207320
4207337
4207343
4207351
4207366
4207379
4207392
4207408
4207414
4207427
4207439
4207440
4207453
4207462
4207471
4207486
4207495
4207506
4207521
4207533
4207549
4207557
4207568
4207570
4207585
4207609
4207617
4207624
4207646
4207652
4207663
4207675
4207680
4207691
4207707
4207710
4207728
4207735
4207744
4207756
4207761
4207772
4207783
4207799
4207803
4207811
4207822
4207836
4207845
4207858
4207867
4207874
4207889
4207890
4207902
4207915
4207923
4207941
4207959
4207964
4207977
4207988
4207996
4208004
4208029
4208031
4208047
4208050
4208065
4208073
4208082
4208098
4208101
4208119
4208126
4208134
4208142
4208155
4208160
4208178
4208187
4208193
4208205
4208218
4208237
4208243
4208251
4208279
4208284
4208292
4208300
4208313
4208325
4208332
4208348
4208376
4208381
4208397
4208403
4208422
4208436
4208445
4208467
4208474
4208489
4208490
4208509
4208517
4208524
4208538
4208546
4208552
4208563
4208575
4208580
4208591
4208606
4208612
4208621
4208633
4208657
4208668
4208670
4208685
4208694
4208702
4208715
4208723
4208730
4208741
4208759
4208764
4208777
4208788
4208796
4208808
4208814
4208827
4208839
4208840
4208853
4208862
4208871
4208895
4208907
4208910
4208928
4208935
4208944
4208956
4208961
4208972
4208983
4208999
4209022
4209036
4209045
4209058
4209067
4209074
4209089
4209090
4209106
4209112
4209121
4209133
4209149
4209157
4209170
4209185
4209194
4209207
4209210
4209228
4209235
4209244
4209256
4209261
4209272
4209283
4209299
4209339
4209340
4209353
4209362
4209371
4209386
4209395
4209404
4209416
4209429
4209431
4209447
4209450
4209465
4209473
4209482
4209498
4209502
4209515
4209523
4209530
4209541
4209559
4209564
4209577
4209588
4209596
4209601
4209619
4209626
4209634
4209642
4209655
4209660
4209678
4209687
4209693
4209709
4209717
4209724
4209738
4209746
4209752
4209763
4209775
4209780
4209791
4209800
4209813
4209825
4209832
4209854
4209869
4209876
4209881
4209897
4209905
4209918
4209920
4209937
4209951
4209966
4209979
4209992
4210019
4210034
4210042
4210055
4210078
4210087
4210093
4210104
4210116
4210129
4210131
4210147
4210150
4210165
4210173
4210182
4210198
4210200
4210225
4210232
4210248
4210254
4210269
4210276
4210281
4210297
4210305
4210318
4210320
4210337
4210343
4210351
4210366
4210384
4210392
4210408
4210414
4210427
4210439
4210440
4210453
4210462
4210471
4210486
4210495
4210506
4210512
4210521
4210533
4210549
4210557
4210568
4210570
4210585
4210609
4210617
4210624
4210638
4210646
4210652
4210663
4210680
4210691
4210707
4210710
4210728
4210744
4210756
4210761
4210783
4210799
4210803
4210822
4210836
4210845
4210858
4210867
4210874
4210889
4210890
4210902
4210923
4210941
4210959
4210977
4210988
4210996
4211007
4211010
4211035
4211056
4211061
4211072
4211083
4211099
4211105
4211118
4211120
4211137
4211143
4211151
4211166
4211179
4211184
4211192
4211201
4211219
4211226
4211234
4211242
4211255
4211260
4211278
4211287
4211293
4211312
4211333
4211349
4211357
4211368
4211370
4211385
4211394
4211415
4211423
4211441
4211459
4211464
4211477
4211488
4211496
4211508
4211514
4211527
4211539
4211540
4211553
4211562
4211571
4211586
4211595
4211600
4211613
4211625
4211632
4211648
4211654
4211669
4211676
4211681
4211697
4211703
4211711
4211722
4211736
4211745
4211767
4211774
4211789
4211790
4211809
4211817
4211824
4211838
4211846
4211852
4211863
4211875
4211891
4211904
4211916
4211929
4211931
4211965
4211973
4211982
4211998
4212005
4212020
4212037
4212043
4212051
4212066
4212079
4212084
4212092
4212107
4212128
4212135
4212144
4212156
4212161
4212172
4212183
4212199
4212206
4212212
4212221
4212233
4212249
4212257
4212268
4212270
4212285
4212294
4212301
4212319
4212326
4212342
4212355
4212360
4212378
4212387
4212393
4212409
4212417
4212424
4212438
4212446
4212452
4212463
4212475
4212480
4212491
4212500
4212513
4212525
4212532
4212548
4212569
4212576
4212581
4212597
4212608
4212614
4212627
4212639
4212640
4212653
4212671
4212686
4212695
4212704
4212716
4212729
4212731
4212747
4212750
4212765
4212773
4212782
4212798
4212802
4212815
4212823
4212830
4212841
4212864
4212877
4212888
4212896
4212903
4212911
4212922
4212936
4212945
4212958
4212967
4212989
4212990
4213009
4213024
4213038
4213046
4213052
4213063
4213075
4213080
4213091
4213108
4213114
4213127
4213139
4213140
4213153
4213162
4213171
4213186
4213195
4213203
4213211
4213222
4213236
4213245
4213258
4213267
4213274
4213289
4213290
4213315
4213323
4213330
4213341
4213364
4213377
4213388
4213396
4213405
4213418
4213420
4213437
4213443
4213451
4213466
4213479
4213484
4213504
4213516
4213531
4213547
4213550
4213565
4213573
4213582
4213598
4213607
4213610
4213628
4213635
4213644
4213656
4213661
4213672
4213683
4213699
4213700
4213713
4213725
4213732
4213748
4213754
4213769
4213776
4213781
4213797
4213801
4213826
4213834
4213842
4213855
4213878
4213887
4213893
4213906
4213912
4213921
4213933
4213949
4213957
4213968
4213970
4213985
4213994
4214004
4214016
4214029
4214031
4214047
4214050
4214065
4214082
4214098
4214119
4214134
4214142
4214155
4214160
4214178
4214187
4214193
4214205
4214218
4214220
4214237
4214243
4214251
4214266
4214279
4214284
4214292
4214300
4214313
4214325
4214332
4214348
4214354
4214369
4214376
4214381
4214397
4214403
4214411
4214422
4214436
4214445
4214458
4214467
4214474
4214489
4214490
4214509
4214517
4214524
4214538
4214546
4214552
4214563
4214575
4214580
4214591
4214606
4214612
4214621
4214633
4214649
4214657
4214668
4214670
4214685
4214694
4214702
4214715
4214723
4214730
4214741
4214759
4214764
4214777
4214788
4214796
4214808
4214814
4214827
4214839
4214840
4214853
4214862
4214871
4214886
4214895
4214907
4214910
4214928
4214935
4214944
4214956
4214961
4214972
4214983
4214999
4215002
4215015
4215023
4215030
4215041
4215059
4215064
4215077
4215088
4215100
4215113
4215125
4215148
4215169
4215176
4215181
4215197
4215204
4215216
4215229
4215231
4215247
4215250
4215273
4215282
4215298
4215309
4215317
4215324
4215338
4215346
4215352
4215363
4215375
4215380
4215391
4215407
4215410
4215428
4215435
4215444
4215456
4215472
4215483
4215499
4215503
4215511
4215522
4215536
4215545
4215558
4215567
4215574
4215589
4215590
4215605
4215618
4215620
4215637
4215651
4215666
4215679
4215684
4215708
4215727
4215739
4215753
4215762
4215771
4215795
4215806
4215812
4215821
4215833
4215849
4215857
4215868
4215870
4215885
4215894
4215901
4215919
4215926
4215934
4215942
4215955
4215960
4215978
4215987
4215993
4216008
4216014
4216027
4216039
4216040
4216062
4216071
4216086
4216095
4216109
4216117
4216124
4216138
4216146
4216152
4216163
4216175
4216180
4216191
4216202
4216215
4216223
4216230
4216241
4216259
4216264
4216277
4216288
4216296
4216303
4216311
4216322
4216336
4216345
4216358
4216367
4216374
4216389
4216390
4216401
4216419
4216426
4216434
4216442
4216455
4216460
4216478
4216487
4216493
4216507
4216510
4216528
4216535
4216544
4216561
4216572
4216599
4216604
4216616
4216629
4216631
4216647
4216650
4216665
4216673
4216682
4216698
4216706
4216712
4216721
4216733
4216749
4216757
4216768
4216770
4216785
4216794
4216805
4216818
4216820
4216837
4216843
4216851
4216866
4216879
4216884
4216892
4216900
4216913
4216925
4216932
4216948
4216954
4216969
4216976
4216981
4216997
4217003
4217022
4217036
4217045
4217058
4217067
4217074
4217089
4217090
4217106
4217112
4217121
4217133
4217149
4217157
4217168
4217170
4217185
4217194
4217207
4217210
4217228
4217235
4217244
4217256
4217261
4217272
4217283
4217299
4217308
4217314
4217327
4217339
4217340
4217353
4217362
4217371
4217386
4217395
4217404
4217416
4217429
4217447
4217450
4217465
4217473
4217482
4217502
4217515
4217523
4217530
4217541
4217559
4217564
4217577
4217588
4217596
4217601
4217619
4217626
4217634
4217642
4217655
4217660
4217678
4217687
4217693
4217709
4217717
4217724
4217738
4217746
4217752
4217763
4217780
4217791
4217800
4217813
4217832
4217848
4217854
4217869
4217876
4217881
4217897
4217905
4217918
4217920
4217943
4217951
4217966
4217979
4217984
4217992
4218006
4218012
4218021
4218033
4218049
4218057
4218068
4218070
4218085
4218094
4218103
4218111
4218122
4218136
4218145
4218158
4218167
4218174
4218189
4218190
4218208
4218214
4218227
4218239
4218240
4218253
4218262
4218271
4218286
4218295
4218307
4218310
4218328
4218335
4218344
4218356
4218372
4218383
4218399
4218400
4218413
4218425
4218432
4218448
4218454
4218469
4218476
4218481
4218497
4218501
4218519
4218534
4218542
4218555
4218560
4218578
4218587
4218593
4218602
4218615
4218623
4218630
4218641
4218659
4218664
4218677
4218688
4218696
4218705
4218718
4218720
4218737
4218743
4218751
4218766
4218779
4218784
4218792
4218804
4218829
4218831
4218847
4218850
4218865
4218873
4218882
4218898
4218909
4218917
4218924
4218946
4218952
4218963
4218975
4218980
4218991
4219000
4219013
4219025
4219032
4219048
4219054
4219069
4219076
4219081
4219097
4219102
4219115
4219123
4219130
4219141
4219159
4219164
4219177
4219188
4219196
4219209
4219217
4219224
4219238
4219246
4219252
4219263
4219275
4219280
4219291
4219304
4219316
4219329
4219331
4219347
4219350
4219365
4219373
4219398
4219406
4219412
4219421
4219449
4219457
4219468
4219470
4219485
4219494
4219505
4219518
4219537
4219543
4219551
4219566
4219579
4219584
4219592
4219611
4219622
4219636
4219645
4219658
4219667
4219674
4219689
4219701
4219719
4219726
4219734
4219742
4219755
4219760
4219778
4219787
4219793
4219807
4219810
4219828
4219856
4219861
4219872
4219899
4219908
4219939
4219940
4219953
4219962
4219971
4219995
4220004
4220016
4220029
4220031
4220047
4220050
4220065
4220082
4220098
4220101
4220119
4220126
4220134
4220142
4220155
4220178
4220187
4220193
4220205
4220220
4220237
4220243
4220251
4220266
4220279
4220284
4220292
4220300
4220313
4220325
4220332
4220354
4220369
4220376
4220381
4220397
4220403
4220411
4220436
4220445
4220458
4220467
4220474
4220489
4220490
4220509
4220517
4220524
4220546
4220552
4220563
4220575
4220591
4220606
4220612
4220621
4220633
4220649
4220668
4220670
4220685
4220694
4220702
4220715
4220723
4220730
4220741
4220759
4220764
4220777
4220788
4220796
4220808
4220814
4220827
4220839
4220840
4220862
4220871
4220886
4220895
4220907
4220910
4220928
4220935
4220944
4220956
4220961
4220972
4220983
4220999
4221002
4221015
4221023
4221030
4221041
4221059
4221064
4221077
4221088
4221096
4221100
4221113
4221125
4221132
4221148
4221154
4221169
4221176
4221181
4221197
4221229
4221231
4221247
4221250
4221265
4221273
4221282
4221298
4221309
4221317
4221324
4221338
4221346
4221352
4221363
4221375
4221380
4221391
4221407
4221410
4221428
4221435
4221444
4221456
4221461
4221472
4221483
4221499
4221503
4221511
4221522
4221545
4221558
4221567
4221574
4221589
4221590
4221605
4221618
4221620
4221637
4221643
4221651
4221666
4221679
4221684
4221692
4221727
4221739
4221740
4221753
4221762
4221771
4221786
4221795
4221812
4221821
4221833
4221849
4221857
4221885
4221894
4221901
4221919
4221926
4221934
4221942
4221955
4221978
4221993
4222000
4222013
4222025
4222032
4222048
4222054
4222069
4222076
4222097
4222102
4222123
4222130
4222141
4222159
4222177
4222188
4222196
4222209
4222224
4222252
4222263
4222275
4222280
4222304
4222329
4222331
4222347
4222350
4222365
4222373
4222398
4222412
4222421
4222433
4222449
4222457
4222468
4222470
4222485
4222494
4222518
4222520
4222537
4222543
4222551
4222566
4222584
4222592
4222603
4222611
4222622
4222636
4222645
4222658
4222674
4222689
4222690
4222701
4222719
4222726
4222734
4222742
4222755
4222760
4222778
4222793
4222807
4222810
4222828
4222835
4222844
4222856
4222861
4222872
4222883
4222899
4222908
4222914
4222927
4222939
4222940
4222953
4222962
4222971
4222986
4222995
4223006
4223012
4223021
4223033
4223057
4223070
4223085
4223094
4223103
4223111
4223122
4223136
4223145
4223158
4223167
4223174
4223189
4223190
4223208
4223214
4223227
4223239
4223240
4223253
4223262
4223286
4223295
4223307
4223310
4223344
4223356
4223361
4223372
4223383
4223399
4223400
4223413
4223425
4223432
4223448
4223454
4223469
4223476
4223481
4223497
4223501
4223519
4223534
4223542
4223555
4223560
4223578
4223587
4223593
4223602
4223615
4223623
4223630
4223641
4223659
4223664
4223677
4223688
4223696
4223705
4223737
4223743
4223751
4223779
4223784
4223792
4223804
4223816
4223829
4223831
4223847
4223850
4223865
4223873
4223882
4223898
4223909
4223917
4223924
4223938
4223946
4223952
4223963
4223975
4223980
4223991
4224001
4224019
4224026
4224034
4224042
4224055
4224060
4224078
4224087
4224093
4224104
4224116
4224129
4224131
4224147
4224150
4224165
4224173
4224182
4224198
4224200
4224213
4224225
4224232
4224254
4224269
4224276
4224281
4224297
4224305
4224318
4224320
4224337
4224343
4224351
4224366
4224379
4224384
4224392
4224408
4224414
4224427
4224439
4224440
4224453
4224471
4224486
4224495
4224506
4224512
4224533
4224549
4224557
4224570
4224585
4224594
4224609
4224617
4224624
4224638
4224646
4224675
4224680
4224691
4224707
4224710
4224728
4224735
4224744
4224756
4224761
4224772
4224783
4224799
4224803
4224811
4224822
4224836
4224845
4224858
4224867
4224874
4224889
4224890
4224902
4224915
4224930
4224941
4224959
4224964
4224977
4224988
4225007
4225010
4225028
4225035
4225044
4225061
4225072
4225083
4225099
4225105
4225118
4225120
4225137
4225143
4225151
4225166
4225179
4225184
4225219
4225234
4225242
4225260
4225278
4225287
4225293
4225312
4225333
4225349
4225357
4225368
4225370
4225385
4225402
4225415
4225423
4225430
4225441
4225459
4225464
4225477
4225496
4225508
4225514
4225527
4225539
4225540
4225553
4225562
4225571
4225586
4225595
4225600
4225625
4225632
4225648
4225654
4225669
4225676
4225681
4225697
4225703
4225722
4225736
4225745
4225758
4225767
4225774
4225789
4225790
4225809
4225824
4225838
4225852
4225863
4225875
4225880
4225891
4225904
4225916
4225929
4225931
4225947
4225950
4225965
4225973
4225982
4225998
4226003
4226011
4226022
4226036
4226045
4226058
4226074
4226089
4226090
4226106
4226121
4226133
4226149
4226157
4226168
4226170
4226185
4226194
4226207
4226210
4226228
4226235
4226244
4226256
4226261
4226272
4226283
4226299
4226314
4226327
4226339
4226340
4226353
4226362
4226371
4226395
4226404
4226416
4226429
4226431
4226450
4226465
4226473
4226482
4226498
4226502
4226515
4226523
4226541
4226559
4226564
4226577
4226588
4226619
4226626
4226642
4226655
4226687
4226693
4226709
4226717
4226724
4226738
4226746
4226752
4226763
4226775
4226780
4226791
4226800
4226813
4226825
4226832
4226848
4226854
4226869
4226876
4226881
4226897
4226905
4226918
4226920
4226937
4226943
4226951
4226966
4226979
4226984
4226992
4227008
4227014
4227027
4227039
4227040
4227053
4227071
4227086
4227095
4227109
4227117
4227124
4227138
4227146
4227163
4227175
4227180
4227191
4227202
4227230
4227241
4227259
4227264
4227277
4227288
4227296
4227303
4227311
4227322
4227336
4227345
4227358
4227374
4227401
4227419
4227426
4227434
4227442
4227455
4227460
4227478
4227487
4227493
4227507
4227510
4227528
4227535
4227544
4227556
4227572
4227583
4227599
4227604
4227616
4227629
4227631
4227647
4227650
4227665
4227673
4227682
4227698
4227706
4227712
4227721
4227733
4227749
4227757
4227768
4227770
4227785
4227794
4227805
4227818
4227820
4227843
4227851
4227866
4227879
4227884
4227892
4227900
4227913
4227925
4227932
4227948
4227954
4227969
4227976
4227981
4227997
4228009
4228017
4228024
4228038
4228046
4228052
4228075
4228080
4228108
4228114
4228127
4228139
4228140
4228153
4228162
4228171
4228186
4228195
4228211
4228222
4228236
4228258
4228267
4228289
4228290
4228302
4228323
4228330
4228341
4228359
4228364
4228377
4228388
4228396
4228405
4228418
4228420
4228437
4228443
4228451
4228466
4228479
4228492
4228504
4228529
4228531
4228547
4228550
4228565
4228573
4228582
4228598
4228607
4228610
4228635
4228656
4228661
4228672
4228683
4228699
4228700
4228713
4228725
4228732
4228748
4228754
4228769
4228776
4228797
4228801
4228826
4228834
4228842
4228855
4228860
4228878
4228887
4228893
4228912
4228921
4228949
4228957
4228968
4228970
4228985
4228994
4229005
4229018
4229020
4229037
4229043
4229051
4229066
4229079
4229084
4229092
4229107
4229110
4229128
4229135
4229144
4229156
4229161
4229172
4229199
4229206
4229212
4229221
4229233
4229249
4229257
4229268
4229270
4229294
4229301
4229326
4229334
4229342
4229355
4229360
4229378
4229387
4229393
4229409
4229417
4229424
4229438
4229452
4229463
4229475
4229500
4229513
4229525
4229532
4229554
4229576
4229581
4229597
4229608
4229614
4229627
4229639
4229640
4229653
4229662
4229671
4229686
4229695
4229704
4229716
4229729
4229731
4229750
4229773
4229782
4229798
4229802
4229815
4229823
4229830
4229841
4229864
4229877
4229888
4229896
4229903
4229911
4229922
4229936
4229945
4229958
4229967
4229989
4229990
4230006
4230012
4230021
4230033
4230049
4230057
4230068
4230070
4230094
4230103
4230111
4230122
4230136
4230145
4230158
4230167
4230174
4230189
4230190
4230208
4230214
4230227
4230239
4230240
4230253
4230262
4230271
4230286
4230295
4230307
4230310
4230328
4230344
4230361
4230372
4230383
4230399
4230400
4230413
4230425
4230448
4230454
4230469
4230476
4230481
4230519
4230526
4230534
4230542
4230560
4230578
4230587
4230593
4230602
4230615
4230623
4230630
4230659
4230677
4230688
4230705
4230718
4230720
4230737
4230743
4230751
4230766
4230779
4230784
4230792
4230804
4230816
4230829
4230847
4230850
4230873
4230882
4230909
4230917
4230924
4230938
4230946
4230952
4230975
4230991
4231005
4231018
4231020
4231037
4231043
4231051
4231066
4231079
4231084
4231092
4231107
4231110
4231128
4231135
4231144
4231156
4231161
4231172
4231183
4231199
4231206
4231212
4231221
4231233
4231257
4231268
4231270
4231285
4231294
4231301
4231319
4231326
4231342
4231355
4231360
4231378
4231387
4231393
4231409
4231417
4231424
4231438
4231446
4231463
4231475
4231480
4231491
4231500
4231513
4231525
4231532
4231548
4231554
4231569
4231576
4231581
4231597
4231608
4231614
4231627
4231639
4231640
4231653
4231662
4231671
4231686
4231695
4231704
4231716
4231729
4231731
4231747
4231750
4231765
4231773
4231782
4231798
4231802
4231815
4231823
4231841
4231859
4231864
4231877
4231888
4231896
4231903
4231922
4231936
4231945
4231958
4231967
4231974
4231989
4231990
4232007
4232010
4232028
4232035
4232044
4232056
4232061
4232072
4232083
4232099
4232105
4232118
4232120
4232143
4232151
4232166
4232179
4232184
4232192
4232201
4232219
4232226
4232234
4232242
4232255
4232260
4232287
4232293
4232306
4232312
4232321
4232333
4232349
4232357
4232368
4232370
4232394
4232402
4232415
4232423
4232430
4232441
4232464
4232488
4232496
4232508
4232514
4232539
4232540
4232553
4232562
4232571
4232586
4232595
4232600
4232613
4232625
4232632
4232648
4232654
4232669
4232676
4232681
4232697
4232703
4232711
4232722
4232736
4232745
4232767
4232774
4232790
4232809
4232817
4232824
4232846
4232852
4232863
4232875
4232880
4232891
4232916
4232929
4232931
4232947
4232965
4232973
4232982
4232998
4233002
4233015
4233023
4233030
4233041
4233059
4233077
4233088
4233096
4233100
4233113
4233125
4233154
4233176
4233197
4233204
4233216
4233229
4233231
4233247
4233250
4233265
4233273
4233282
4233298
4233309
4233317
4233324
4233338
4233346
4233352
4233363
4233375
4233380
4233391
4233407
4233410
4233428
4233444
4233456
4233461
4233472
4233483
4233499
4233503
4233511
4233522
4233536
4233545
4233558
4233567
4233589
4233590
4233605
4233620
4233637
4233643
4233651
4233666
4233679
4233684
4233692
4233708
4233714
4233727
4233739
4233740
4233753
4233762
4233771
4233786
4233795
4233806
4233812
4233821
4233833
4233849
4233857
4233868
4233885
4233901
4233919
4233926
4233934
4233942
4233955
4233960
4233978
4233987
4233993
4234003
4234011
4234022
4234036
4234045
4234067
4234074
4234089
4234090
4234106
4234112
4234121
4234133
4234149
4234157
4234168
4234170
4234185
4234194
4234207
4234210
4234228
4234235
4234244
4234256
4234261
4234272
4234283
4234299
4234308
4234314
4234327
4234339
4234340
4234353
4234362
4234371
4234386
4234404
4234416
4234429
4234431
4234450
4234465
4234482
4234498
4234502
4234523
4234530
4234541
4234559
4234564
4234577
4234588
4234596
4234601
4234619
4234626
4234634
4234642
4234655
4234660
4234687
4234693
4234709
4234717
4234738
4234746
4234752
4234763
4234775
4234780
4234791
4234800
4234813
4234825
4234832
4234854
4234869
4234876
4234881
4234897
4234905
4234918
4234920
4234937
4234943
4234951
4234966
4234979
4234984
4234992
4235017
4235024
4235038
4235046
4235052
4235063
4235075
4235080
4235091
4235108
4235114
4235127
4235139
4235140
4235153
4235162
4235171
4235186
4235195
4235203
4235211
4235222
4235236
4235245
4235258
4235267
4235274
4235289
4235290
4235302
4235323
4235330
4235341
4235359
4235364
4235377
4235388
4235396
4235405
4235418
4235420
4235437
4235443
4235451
4235466
4235479
4235484
4235492
4235504
4235529
4235531
4235547
4235565
4235582
4235598
4235607
4235610
4235628
4235635
4235644
4235656
4235661
4235672
4235683
4235700
4235713
4235725
4235732
4235748
4235754
4235769
4235776
4235781
4235797
4235801
4235819
4235826
4235834
4235842
4235855
4235860
4235878
4235887
4235893
4235906
4235921
4235933
4235949
4235957
4235968
4235970
4235985
4235994
4236000
4236013
4236025
4236032
4236048
4236054
4236069
4236076
4236081
4236097
4236102
4236123
4236130
4236141
4236159
4236164
4236177
4236188
4236196
4236209
4236217
4236224
4236238
4236246
4236252
4236263
4236275
4236280
4236291
4236304
4236316
4236329
4236331
4236347
4236350
4236365
4236373
4236382
4236398
4236406
4236412
4236421
4236433
4236449
4236457
4236468
4236470
4236485
4236494
4236505
4236518
4236520
4236537
4236543
4236551
4236566
4236579
4236584
4236603
4236611
4236622
4236636
4236645
4236658
4236667
4236689
4236690
4236701
4236719
4236726
4236734
4236755
4236760
4236778
4236793
4236807
4236828
4236835
4236844
4236856
4236861
4236872
4236883
4236914
4236927
4236939
4236940
4236953
4236962
4236971
4236986
4236995
4237004
4237016
4237029
4237031
4237047
4237050
4237065
4237073
4237082
4237098
4237101
4237119
4237126
4237134
4237142
4237155
4237160
4237178
4237187
4237193
4237205
4237218
4237220
4237237
4237251
4237266
4237279
4237284
4237292
4237300
4237313
4237325
4237332
4237348
4237354
4237369
4237376
4237381
4237397
4237411
4237422
4237436
4237445
4237458
4237467
4237474
4237489
4237490
4237509
4237517
4237524
4237538
4237546
4237552
4237563
4237575
4237580
4237606
4237612
4237621
4237633
4237649
4237657
4237668
4237670
4237685
4237694
4237715
4237723
4237730
4237741
4237759
4237764
4237777
4237788
4237796
4237808
4237814
4237827
4237839
4237840
4237853
4237862
4237871
4237886
4237895
4237907
4237910
4237928
4237935
4237956
4237961
4237972
4237983
4237999
4238001
4238019
4238026
4238034
4238042
4238060
4238078
4238087
4238093
4238104
4238129
4238131
4238147
4238150
4238165
4238182
4238198
4238200
4238213
4238225
4238232
4238254
4238269
4238276
4238281
4238297
4238305
4238318
4238320
4238337
4238343
4238351
4238366
4238379
4238384
4238392
4238408
4238414
4238427
4238439
4238453
4238462
4238471
4238486
4238495
4238506
4238512
4238521
4238533
4238549
4238557
4238568
4238570
4238585
4238594
4238609
4238617
4238624
4238638
4238646
4238652
4238663
4238675
4238691
4238707
4238710
4238728
4238735
4238744
4238756
4238772
4238783
4238799
4238803
4238811
4238836
4238845
4238858
4238867
4238874
4238889
4238890
4238902
4238915
4238930
4238941
4238959
4238964
4238977
4238988
4238996
4239014
4239027
4239039
4239040
4239053
4239062
4239086
4239095
4239109
4239117
4239124
4239138
4239146
4239152
4239163
4239175
4239180
4239191
4239202
4239215
4239223
4239230
4239241
4239259
4239264
4239277
4239288
4239296
4239303
4239311
4239322
4239336
4239345
4239358
4239367
4239374
4239389
4239390
4239401
4239419
4239426
4239434
4239442
4239455
4239460
4239478
4239487
4239493
4239507
4239510
4239528
4239535
4239544
4239556
4239561
4239583
4239599
4239604
4239616
4239629
4239631
4239647
4239650
4239665
4239673
4239682
4239698
4239706
4239712
4239721
4239733
4239749
4239757
4239768
4239770
4239785
4239794
4239818
4239820
4239837
4239843
4239851
4239866
4239879
4239884
4239892
4239913
4239925
4239932
4239948
4239954
4239969
4239976
4239997
4240007
4240028
4240035
4240044
4240056
4240061
4240072
4240083
4240099
4240105
4240118
4240120
4240137
4240151
4240166
4240179
4240184
4240192
4240201
4240219
4240226
4240234
4240242
4240255
4240260
4240278
4240287
4240293
4240306
4240312
4240321
4240349
4240357
4240368
4240370
4240385
4240402
4240430
4240441
4240459
4240464
4240477
4240488
4240496
4240508
4240514
4240527
4240539
4240540
4240553
4240562
4240571
4240595
4240600
4240613
4240625
4240632
4240648
4240654
4240669
4240676
4240681
4240697
4240703
4240711
4240722
4240745
4240758
4240767
4240774
4240789
4240790
4240817
4240824
4240838
4240846
4240863
4240875
4240880
4240891
4240904
4240916
4240929
4240931
4240947
4240950
4240965
4240973
4240982
4240998
4241003
4241022
4241036
4241058
4241067
4241074
4241089
4241090
4241106
4241133
4241149
4241157
4241168
4241185
4241207
4241210
4241228
4241256
4241261
4241299
4241308
4241314
4241327
4241339
4241353
4241362
4241371
4241386
4241395
4241404
4241429
4241431
4241447
4241450
4241465
4241473
4241482
4241498
4241502
4241523
4241530
4241541
4241564
4241577
4241588
4241596
4241601
4241619
4241626
4241634
4241642
4241678
4241687
4241693
4241709
4241717
4241724
4241738
4241746
4241752
4241763
4241775
4241780
4241791
4241800
4241813
4241832
4241848
4241854
4241869
4241876
4241881
4241897
4241905
4241918
4241920
4241937
4241943
4241951
4241966
4241979
4241984
4241992
4242006
4242012
4242021
4242033
4242049
4242057
4242068
4242070
4242085
4242094
4242103
4242111
4242122
4242136
4242145
4242158
4242167
4242174
4242190
4242208
4242214
4242227
4242239
4242253
4242262
4242286
4242295
4242307
4242310
4242328
4242335
4242344
4242356
4242361
4242372
4242383
4242399
4242413
4242425
4242432
4242448
4242454
4242469
4242481
4242497
4242501
4242519
4242526
4242534
4242542
4242555
4242560
4242578
4242587
4242593
4242602
4242615
4242623
4242630
4242641
4242659
4242664
4242677
4242688
4242696
4242705
4242718
4242720
4242737
4242743
4242751
4242766
4242779
4242784
4242792
4242804
4242816
4242829
4242847
4242850
4242865
4242873
4242882
4242898
4242909
4242917
4242924
4242938
4242946
4242952
4242963
4242975
4242980
4243000
4243013
4243025
4243048
4243054
4243069
4243076
4243081
4243097
4243102
4243115
4243130
4243141
4243159
4243177
4243188
4243196
4243209
4243217
4243224
4243238
4243246
4243252
4243263
4243275
4243280
4243291
4243304
4243316
4243329
4243331
4243350
4243365
4243373
4243382
4243398
4243406
4243412
4243421
4243433
4243449
4243470
4243485
4243494
4243505
4243518
4243520
4243537
4243543
4243551
4243566
4243579
4243592
4243603
4243611
4243622
4243645
4243658
4243667
4243674
4243689
4243690
4243719
4243726
4243742
4243755
4243760
4243778
4243787
4243793
4243810
4243835
4243844
4243856
4243861
4243872
4243883
4243899
4243908
4243914
4243927
4243939
4243940
4243953
4243962
4243971
4243986
4243995
4244005
4244018
4244020
4244037
4244043
4244051
4244066
4244079
4244084
4244092
4244107
4244110
4244128
4244135
4244156
4244161
4244172
4244199
4244206
4244212
4244221
4244233
4244249
4244257
4244268
4244270
4244285
4244294
4244301
4244319
4244326
4244334
4244342
4244355
4244360
4244378
4244387
4244393
4244424
4244438
4244446
4244452
4244475
4244480
4244491
4244500
4244513
4244525
4244532
4244548
4244576
4244597
4244608
4244614
4244627
4244639
4244640
4244653
4244662
4244671
4244695
4244716
4244729
4244731
4244747
4244750
4244773
4244782
4244815
4244823
4244830
4244841
4244859
4244864
4244877
4244888
4244896
4244903
4244911
4244936
4244945
4244958
4244967
4244974
4244989
4244990
4245004
4245016
4245029
4245031
4245047
4245050
4245065
4245073
4245098
4245101
4245119
4245126
4245134
4245142
4245155
4245160
4245178
4245187
4245193
4245205
4245218
4245220
4245237
4245251
4245266
4245279
4245284
4245300
4245313
4245325
4245332
4245348
4245354
4245369
4245376
4245381
4245397
4245403
4245411
4245422
4245436
4245445
4245458
4245467
4245474
4245489
4245490
4245509
4245517
4245538
4245546
4245552
4245563
4245580
4245591
4245606
4245612
4245621
4245633
4245649
4245657
4245668
4245670
4245685
4245694
4245702
4245715
4245723
4245730
4245741
4245759
4245764
4245777
4245788
4245796
4245808
4245814
4245827
4245839
4245853
4245862
4245871
4245886
4245907
4245910
4245928
4245935
4245944
4245956
4245961
4245972
4245983
4245999
4246002
4246015
4246023
4246030
4246041
4246059
4246064
4246077
4246088
4246096
4246100
4246113
4246125
4246132
4246148
4246154
4246169
4246176
4246197
4246204
4246216
4246229
4246247
4246250
4246265
4246273
4246282
4246298
4246309
4246317
4246324
4246338
4246346
4246352
4246363
4246375
4246380
4246391
4246407
4246428
4246435
4246444
4246456
4246461
4246483
4246499
4246503
4246511
4246522
4246536
4246545
4246567
4246574
4246589
4246590
4246605
4246618
4246620
4246637
4246643
4246651
4246666
4246679
4246684
4246692
4246708
4246714
4246727
4246739
4246740
4246762
4246771
4246786
4246806
4246812
4246821
4246833
4246849
4246857
4246868
4246870
4246885
4246894
4246901
4246919
4246926
4246934
4246942
4246955
4246960
4246978
4246987
4246993
4247009
4247017
4247024
4247046
4247052
4247063
4247075
4247080
4247091
4247108
4247114
4247127
4247139
4247140
4247153
4247162
4247171
4247195
4247203
4247211
4247222
4247236
4247258
4247267
4247274
4247289
4247302
4247315
4247323
4247330
4247341
4247364
4247377
4247388
4247405
4247418
4247420
4247437
4247443
4247451
4247479
4247484
4247492
4247504
4247516
4247529
4247531
4247547
4247550
4247565
4247573
4247582
4247598
4247607
4247610
4247628
4247635
4247644
4247656
4247661
4247672
4247683
4247699
4247700
4247713
4247725
4247732
4247754
4247769
4247776
4247781
4247797
4247801
4247819
4247826
4247834
4247842
4247855
4247860
4247878
4247887
4247893
4247906
4247912
4247921
4247933
4247949
4247957
4247968
4247970
4247994
4248008
4248014
4248039
4248040
4248053
4248062
4248071
4248086
4248095
4248109
4248117
4248124
4248138
4248146
4248152
4248163
4248175
4248180
4248191
4248202
4248215
4248223
4248230
4248241
4248259
4248264
4248277
4248288
4248296
4248303
4248311
4248322
4248336
4248345
4248358
4248367
4248374
4248390
4248419
4248426
4248434
4248442
4248460
4248478
4248487
4248493
4248510
4248528
4248535
4248544
4248556
4248561
4248572
4248583
4248599
4248604
4248616
4248629
4248631
4248650
4248665
4248673
4248682
4248698
4248706
4248712
4248721
4248733
4248749
4248757
4248768
4248770
4248785
4248794
4248818
4248820
4248837
4248843
4248851
4248866
4248879
4248884
4248900
4248913
4248925
4248932
4248948
4248954
4248969
4248976
4248981
4248997
4249001
4249019
4249026
4249042
4249055
4249060
4249078
4249087
4249093
4249104
4249116
4249129
4249131
4249147
4249150
4249165
4249173
4249182
4249198
4249200
4249213
4249232
4249248
4249254
4249269
4249276
4249281
4249297
4249305
4249318
4249320
4249337
4249343
4249351
4249366
4249384
4249392
4249408
4249414
4249427
4249439
4249440
4249453
4249471
4249495
4249506
4249512
4249521
4249533
4249549
4249557
4249568
4249570
4249585
4249594
4249609
4249624
4249638
4249646
4249652
4249663
4249675
4249680
4249707
4249710
4249728
4249735
4249744
4249756
4249761
4249772
4249783
4249799
4249803
4249811
4249845
4249867
4249874
4249889
4249890
4249902
4249915
4249923
4249930
4249941
4249959
4249964
4249977
4249988
4249996
4250000
4250025
4250032
4250048
4250054
4250076
4250081
4250097
4250115
4250123
4250130
4250141
4250159
4250164
4250177
4250188
4250196
4250209
4250217
4250224
4250252
4250263
4250275
4250280
4250316
4250329
4250331
4250347
4250350
4250365
4250373
4250382
4250398
4250406
4250412
4250421
4250433
4250449
4250457
4250468
4250470
4250485
4250494
4250505
4250520
4250537
4250543
4250551
4250566
4250579
4250584
4250592
4250603
4250611
4250622
4250636
4250645
4250658
4250667
4250674
4250689
4250690
4250701
4250719
4250726
4250734
4250742
4250755
4250787
4250793
4250807
4250810
4250828
4250835
4250844
4250856
4250872
4250899
4250908
4250914
4250927
4250939
4250940
4250953
4250962
4250971
4250986
4250995
4251001
4251019
4251034
4251042
4251055
4251060
4251093
4251104
4251116
4251129
4251131
4251147
4251150
4251165
4251182
4251198
4251200
4251213
4251225
4251232
4251248
4251254
4251269
4251276
4251281
4251297
4251305
4251318
4251320
4251337
4251343
4251366
4251379
4251384
4251392
4251408
4251414
4251427
4251439
4251440
4251453
4251462
4251471
4251486
4251495
4251506
4251512
4251533
4251549
4251557
4251568
4251570
4251585
4251594
4251609
4251617
4251624
4251638
4251646
4251652
4251663
4251675
4251680
4251691
4251707
4251710
4251735
4251744
4251756
4251761
4251783
4251799
4251803
4251811
4251822
4251836
4251858
4251867
4251874
4251890
4251915
4251923
4251930
4251941
4251959
4251964
4251988
4251996
4252016
4252029
4252031
4252047
4252050
4252065
4252073
4252082
4252098
4252101
4252119
4252126
4252134
4252155
4252160
4252178
4252187
4252193
4252205
4252218
4252220
4252237
4252243
4252251
4252266
4252279
4252284
4252300
4252313
4252325
4252332
4252348
4252354
4252369
4252376
4252381
4252397
4252403
4252411
4252422
4252458
4252467
4252474
4252489
4252490
4252509
4252517
4252524
4252538
4252546
4252552
4252563
4252575
4252580
4252591
4252612
4252633
4252649
4252657
4252668
4252670
4252685
4252694
4252715
4252723
4252730
4252741
4252759
4252764
4252777
4252788
4252796
4252814
4252827
4252840
4252853
4252862
4252871
4252886
4252895
4252907
4252910
4252928
4252944
4252956
4252961
4252972
4252983
4252999
4253003
4253011
4253036
4253045
4253058
4253067
4253074
4253089
4253090
4253106
4253112
4253121
4253133
4253149
4253157
4253168
4253170
4253185
4253194
4253207
4253210
4253228
4253235
4253272
4253283
4253299
4253308
4253314
4253327
4253339
4253340
4253353
4253362
4253386
4253395
4253404
4253416
4253429
4253431
4253447
4253450
4253465
4253498
4253502
4253515
4253523
4253530
4253559
4253564
4253577
4253588
4253596
4253601
4253619
4253626
4253634
4253642
4253655
4253678
4253687
4253693
4253709
4253717
4253724
4253738
4253746
4253752
4253763
4253775
4253780
4253791
4253813
4253825
4253832
4253848
4253869
4253881
4253897
4253905
4253918
4253937
4253943
4253951
4253966
4253979
4253984
4254002
4254015
4254023
4254030
4254041
4254059
4254064
4254088
4254096
4254100
4254113
4254125
4254132
4254148
4254154
4254169
4254176
4254181
4254197
4254216
4254229
4254231
4254247
4254250
4254265
4254273
4254282
4254298
4254309
4254317
4254324
4254338
4254346
4254352
4254363
4254375
4254380
4254391
4254407
4254410
4254428
4254435
4254444
4254456
4254461
4254472
4254483
4254499
4254503
4254522
4254536
4254545
4254558
4254567
4254574
4254589
4254590
4254605
4254618
4254620
4254637
4254643
4254651
4254666
4254679
4254684
4254692
4254708
4254714
4254727
4254739
4254740
4254753
4254762
4254771
4254786
4254795
4254806
4254812
4254821
4254833
4254849
4254857
4254868
4254870
4254885
4254894
4254901
4254926
4254934
4254942
4254955
4254960
4254978
4254987
4254993
4255008
4255014
4255027
4255039
4255040
4255053
4255062
4255071
4255086
4255095
4255109
4255117
4255124
4255138
4255146
4255152
4255163
4255175
4255180
4255191
4255202
4255215
4255223
4255230
4255241
4255259
4255264
4255277
4255288
4255296
4255303
4255311
4255322
4255336
4255345
4255358
4255367
4255390
4255401
4255419
4255426
4255434
4255442
4255455
4255460
4255478
4255487
4255493
4255507
4255510
4255528
4255535
4255556
4255561
4255583
4255599
4255604
4255616
4255629
4255631
4255647
4255650
4255665
4255673
4255682
4255698
4255712
4255733
4255749
4255757
4255768
4255770
4255785
4255794
4255818
4255820
4255837
4255851
4255866
4255879
4255884
4255892
4255900
4255913
4255932
4255948
4255954
4255976
4255981
4255997
4256006
4256012
4256033
4256049
4256057
4256068
4256070
4256085
4256094
4256103
4256111
4256122
4256136
4256145
4256158
4256167
4256174
4256189
4256190
4256208
4256214
4256227
4256239
4256253
4256262
4256271
4256286
4256295
4256310
4256328
4256335
4256344
4256356
4256361
4256372
4256383
4256399
4256400
4256413
4256425
4256432
4256448
4256454
4256469
4256476
4256481
4256497
4256501
4256519
4256526
4256534
4256542
4256555
4256560
4256587
4256593
4256602
4256615
4256623
4256630
4256641
4256659
4256664
4256677
4256688
4256696
4256705
4256718
4256720
4256737
4256743
4256766
4256779
4256784
4256792
4256804
4256816
4256829
4256831
4256847
4256850
4256865
4256882
4256909
4256917
4256924
4256938
4256946
4256952
4256963
4256975
4256980
4256991
4257007
4257010
4257028
4257035
4257044
4257056
4257061
4257072
4257083
4257099
4257105
4257118
4257137
4257143
4257151
4257166
4257179
4257184
4257192
4257201
4257219
4257226
4257234
4257242
4257255
4257260
4257278
4257287
4257293
4257306
4257321
4257333
4257349
4257357
4257370
4257385
4257394
4257402
4257415
4257423
4257430
4257441
4257459
4257464
4257477
4257496
4257508
4257514
4257527
4257539
4257540
4257553
4257562
4257571
4257586
4257595
4257600
4257613
4257632
4257648
4257654
4257669
4257676
4257681
4257697
4257703
4257711
4257722
4257736
4257745
4257758
4257767
4257774
4257789
4257790
4257809
4257817
4257824
4257838
4257846
4257852
4257863
4257891
4257904
4257916
4257929
4257931
4257947
4257950
4257965
4257973
4257982
4257998
4258005
4258018
4258020
4258037
4258043
4258051
4258079
4258084
4258092
4258107
4258110
4258128
4258135
4258144
4258156
4258161
4258172
4258183
4258199
4258212
4258233
4258249
4258257
4258285
4258294
4258301
4258319
4258326
4258334
4258342
4258355
4258360
4258378
4258387
4258393
4258409
4258417
4258424
4258438
4258446
4258452
4258463
4258475
4258480
4258491
4258513
4258525
4258532
4258548
4258554
4258569
4258581
4258597
4258608
4258614
4258627
4258639
4258653
4258662
4258671
4258686
4258695
4258704
4258716
4258729
4258731
4258747
4258750
4258765
4258782
4258798
4258802
4258815
4258823
4258830
4258841
4258859
4258864
4258877
4258896
4258903
4258922
4258936
4258945
4258967
4258974
4258990
4259009
4259024
4259038
4259046
4259052
4259063
4259075
4259080
4259091
4259108
4259114
4259127
4259139
4259140
4259162
4259171
4259195
4259203
4259222
4259236
4259245
4259267
4259274
4259289
4259290
4259315
4259323
4259330
4259359
4259364
4259377
4259396
4259405
4259418
4259420
4259437
4259443
4259451
4259466
4259484
4259492
4259504
4259516
4259529
4259531
4259547
4259565
4259573
4259582
4259607
4259610
4259628
4259635
4259656
4259661
4259672
4259683
4259699
4259700
4259713
4259725
4259732
4259748
4259754
4259776
4259781
4259797
4259819
4259826
4259834
4259842
4259855
4259860
4259878
4259887
4259893
4259906
4259912
4259933
4259949
4259957
4259968
4259970
4259994
4260003
4260011
4260036
4260045
4260058
4260067
4260074
4260089
4260090
4260106
4260112
4260121
4260133
4260149
4260157
4260168
4260170
4260185
4260207
4260210
4260228
4260235
4260244
4260256
4260261
4260272
4260283
4260299
4260308
4260314
4260327
4260340
4260353
4260362
4260395
4260404
4260429
4260431
4260447
4260450
4260465
4260473
4260482
4260498
4260502
4260515
4260523
4260530
4260541
4260559
4260564
4260577
4260588
4260596
4260601
4260619
4260626
4260634
4260642
4260655
4260660
4260678
4260687
4260693
4260709
4260717
4260724
4260746
4260752
4260763
4260775
4260780
4260791
4260800
4260813
4260825
4260832
4260854
4260869
4260876
4260897
4260905
4260918
4260920
4260937
4260943
4260951
4260966
4260979
4260984
4260992
4261009
4261017
4261024
4261038
4261046
4261052
4261063
4261075
4261091
4261108
4261114
4261127
4261140
4261153
4261162
4261171
4261186
4261195
4261211
4261222
4261236
4261245
4261258
4261267
4261274
4261289
4261290
4261302
4261315
4261323
4261330
4261341
4261359
4261364
4261377
4261388
4261396
4261405
4261418
4261420
4261437
4261443
4261451
4261466
4261484
4261492
4261504
4261516
4261529
4261531
4261547
4261550
4261565
4261573
4261582
4261598
4261607
4261610
4261628
4261635
4261644
4261656
4261661
4261672
4261683
4261699
4261700
4261725
4261732
4261754
4261769
4261776
4261781
4261797
4261801
4261819
4261826
4261842
4261855
4261860
4261878
4261887
4261893
4261906
4261912
4261921
4261933
4261949
4261957
4261968
4261970
4261985
4261994
4262014
4262027
4262039
4262040
4262053
4262071
4262086
4262095
4262109
4262117
4262124
4262138
4262146
4262152
4262163
4262175
4262215
4262223
4262230
4262241
4262259
4262264
4262277
4262288
4262303
4262311
4262322
4262336
4262345
4262358
4262367
4262374
4262389
4262390
4262419
4262426
4262434
4262442
4262455
4262460
4262487
4262493
4262510
4262528
4262535
4262544
4262556
4262561
4262572
4262583
4262599
4262604
4262616
4262629
4262631
4262647
4262650
4262665
4262673
4262682
4262698
4262706
4262712
4262721
4262733
4262749
4262757
4262768
4262770
4262785
4262794
4262805
4262818
4262820
4262837
4262851
4262866
4262879
4262892
4262900
4262913
4262925
4262932
4262948
4262954
4262969
4262997
4263001
4263019
4263026
4263034
4263042
4263055
4263060
4263078
4263093
4263104
4263116
4263129
4263131
4263147
4263150
4263165
4263173
4263182
4263198
4263200
4263213
4263225
4263232
4263248
4263269
4263281
4263297
4263305
4263318
4263320
4263337
4263343
4263351
4263366
4263384
4263392
4263408
4263414
4263427
4263439
4263440
4263453
4263471
4263495
4263506
4263512
4263521
4263549
4263557
4263568
4263570
4263585
4263594
4263609
4263617
4263624
4263638
4263646
4263652
4263663
4263675
4263680
4263691
4263707
4263728
4263756
4263761
4263772
4263783
4263799
4263803
4263811
4263836
4263845
4263858
4263867
4263874
4263889
4263890
4263902
4263915
4263923
4263930
4263941
4263959
4263964
4263977
4263988
4263996
4264006
4264012
4264021
4264033
4264049
4264057
4264068
4264070
4264085
4264094
4264103
4264111
4264122
4264136
4264145
4264158
4264167
4264174
4264189
4264190
4264208
4264214
4264227
4264239
4264240
4264253
4264262
4264271
4264286
4264295
4264307
4264310
4264328
4264335
4264344
4264356
4264361
4264372
4264383
4264399
4264400
4264413
4264432
4264448
4264454
4264469
4264476
4264481
4264497
4264501
4264519
4264526
4264534
4264542
4264555
4264560
4264578
4264587
4264593
4264602
4264615
4264623
4264641
4264664
4264677
4264688
4264696
4264705
4264718
4264720
4264737
4264751
4264766
4264779
4264784
4264792
4264804
4264829
4264831
4264847
4264850
4264865
4264873
4264882
4264898
4264909
4264917
4264924
4264938
4264946
4264952
4264963
4264975
4264980
4264991
4265005
4265018
4265020
4265037
4265043
4265051
4265066
4265079
4265084
4265092
4265107
4265110
4265128
4265135
4265144
4265156
4265161
4265172
4265183
4265199
4265206
4265212
4265221
4265233
4265249
4265257
4265268
4265270
4265285
4265294
4265301
4265319
4265326
4265334
4265342
4265355
4265360
4265378
4265387
4265393
4265409
4265417
4265424
4265438
4265452
4265463
4265475
4265480
4265491
4265500
4265513
4265525
4265532
4265548
4265554
4265569
4265581
4265627
4265639
4265640
4265653
4265662
4265671
4265695
4265704
4265716
4265729
4265747
4265750
4265765
4265773
4265782
4265802
4265815
4265823
4265830
4265841
4265859
4265864
4265877
4265888
4265903
4265911
4265922
4265936
4265958
4265967
4265974
4265989
4266004
4266016
4266031
4266047
4266050
4266073
4266082
4266098
4266101
4266126
4266134
4266142
4266155
4266160
4266187
4266193
4266205
4266218
4266220
4266237
4266243
4266251
4266266
4266279
4266284
4266292
4266300
4266325
4266332
4266348
4266354
4266369
4266381
4266397
4266403
4266411
4266422
4266436
4266445
4266458
4266467
4266489
4266490
4266509
4266524
4266538
4266546
4266552
4266563
4266575
4266580
4266591
4266606
4266612
4266621
4266633
4266649
4266668
4266670
4266685
4266702
4266715
4266723
4266741
4266759
4266764
4266777
4266788
4266796
4266808
4266814
4266839
4266840
4266853
4266862
4266871
4266886
4266895
4266907
4266910
4266928
4266935
4266944
4266956
4266972
4266983
4266999
4267000
4267013
4267025
4267032
4267048
4267054
4267069
4267076
4267081
4267097
4267102
4267115
4267123
4267130
4267159
4267177
4267188
4267196
4267209
4267217
4267224
4267238
4267246
4267252
4267263
4267275
4267280
4267291
4267304
4267316
4267329
4267331
4267347
4267350
4267365
4267373
4267382
4267398
4267406
4267412
4267421
4267433
4267449
4267457
4267468
4267470
4267485
4267494
4267505
4267518
4267520
4267537
4267543
4267551
4267566
4267592
4267603
4267611
4267622
4267645
4267658
4267667
4267689
4267690
4267726
4267734
4267742
4267755
4267760
4267778
4267793
4267807
4267810
4267828
4267835
4267844
4267861
4267872
4267883
4267899
4267908
4267914
4267927
4267939
4267940
4267953
4267962
4267971
4267986
4267995
4268002
4268015
4268023
4268030
4268041
4268059
4268064
4268077
4268088
4268096
4268100
4268113
4268125
4268132
4268148
4268154
4268169
4268176
4268181
4268197
4268204
4268216
4268229
4268231
4268247
4268250
4268273
4268282
4268298
4268309
4268317
4268338
4268346
4268352
4268363
4268375
4268380
4268391
4268407
4268410
4268428
4268435
4268444
4268456
4268461
4268472
4268483
4268503
4268511
4268522
4268536
4268558
4268567
4268574
4268589
4268590
4268605
4268618
4268620
4268637
4268651
4268666
4268679
4268684
4268692
4268708
4268714
4268727
4268739
4268740
4268753
4268762
4268771
4268786
4268795
4268806
4268812
4268821
4268833
4268849
4268857
4268868
4268885
4268894
4268901
4268919
4268926
4268942
4268955
4268960
4268987
4268993
4269007
4269010
4269035
4269056
4269061
4269072
4269083
4269099
4269118
4269120
4269137
4269143
4269151
4269166
4269179
4269184
4269192
4269201
4269219
4269226
4269234
4269242
4269255
4269260
4269278
4269287
4269293
4269306
4269312
4269321
4269333
4269349
4269357
4269368
4269370
4269385
4269394
4269402
4269415
4269430
4269441
4269459
4269464
4269477
4269488
4269496
4269508
4269514
4269527
4269539
4269540
4269553
4269571
4269586
4269595
4269600
4269613
4269632
4269648
4269654
4269669
4269676
4269681
4269711
4269722
4269736
4269745
4269758
4269767
4269774
4269789
4269790
4269809
4269817
4269824
4269838
4269846
4269852
4269863
4269875
4269880
4269904
4269916
4269929
4269947
4269950
4269965
4269973
4269982
4269998
4270015
4270023
4270030
4270041
4270059
4270064
4270077
4270088
4270096
4270100
4270113
4270125
4270132
4270148
4270154
4270169
4270181
4270197
4270204
4270231
4270250
4270265
4270273
4270282
4270298
4270309
4270317
4270324
4270338
4270346
4270352
4270363
4270375
4270380
4270391
4270410
4270428
4270435
4270444
4270461
4270483
4270499
4270503
4270511
4270522
4270536
4270545
4270558
4270567
4270574
4270589
4270590
4270605
4270618
4270620
4270643
4270651
4270666
4270679
4270684
4270692
4270708
4270714
4270727
4270739
4270740
4270762
4270771
4270786
4270795
4270806
4270812
4270821
4270833
4270849
4270857
4270868
4270870
4270885
4270901
4270919
4270926
4270934
4270942
4270960
4270978
4270993
4271008
4271014
4271039
4271053
4271062
4271071
4271086
4271095
4271109
4271117
4271124
4271138
4271163
4271180
4271191
4271202
4271215
4271230
4271259
4271264
4271277
4271288
4271296
4271303
4271311
4271322
4271336
4271345
4271358
4271367
4271374
4271389
4271390
4271401
4271419
4271426
4271434
4271442
4271455
4271478
4271487
4271493
4271507
4271528
4271535
4271544
4271556
4271561
4271572
4271583
4271599
4271616
4271629
4271631
4271647
4271650
4271665
4271682
4271698
4271706
4271712
4271721
4271749
4271757
4271768
4271770
4271785
4271794
4271805
4271818
4271837
4271843
4271866
4271879
4271884
4271892
4271900
4271913
4271925
4271932
4271948
4271954
4271969
4271976
4271981
4271997
4272009
4272024
4272038
4272046
4272052
4272063
4272075
4272080
4272091
4272108
4272114
4272139
4272140
4272153
4272162
4272171
4272186
4272195
4272203
4272211
4272222
4272236
4272245
4272258
4272267
4272274
4272302
4272315
4272323
4272341
4272359
4272364
4272388
4272396
4272405
4272418
4272420
4272437
4272443
4272479
4272484
4272492
4272504
4272516
4272529
4272531
4272547
4272550
4272565
4272573
4272582
4272598
4272607
4272610
4272628
4272635
4272644
4272656
4272661
4272672
4272699
4272700
4272713
4272725
4272732
4272748
4272754
4272769
4272797
4272819
4272826
4272834
4272842
4272855
4272878
4272887
4272893
4272906
4272912
4272921
4272933
4272949
4272957
4272968
4272970
4272985
4272994
4273005
4273018
4273043
4273066
4273079
4273084
4273092
4273107
4273110
4273128
4273144
4273156
4273172
4273183
4273199
4273206
4273212
4273221
4273233
4273249
4273257
4273268
4273270
4273285
4273294
4273301
4273319
4273326
4273342
4273360
4273378
4273387
4273393
4273409
4273417
4273438
4273446
4273452
4273463
4273480
4273491
4273500
4273513
4273525
4273548
4273554
4273569
4273581
4273597
4273608
4273627
4273639
4273640
4273662
4273671
4273686
4273695
4273704
4273716
4273729
4273731
4273747
4273750
4273765
4273773
4273782
4273798
4273802
4273815
4273823
4273830
4273841
4273859
4273864
4273877
4273888
4273896
4273903
4273911
4273922
4273936
4273945
4273958
4273967
4273974
4273989
4273990
4274000
4274013
4274025
4274032
4274048
4274054
4274069
4274076
4274081
4274097
4274115
4274123
4274130
4274159
4274164
4274177
4274188
4274196
4274209
4274217
4274224
4274238
4274246
4274252
4274263
4274275
4274291
4274304
4274316
4274329
4274331
4274347
4274350
4274373
4274382
4274398
4274406
4274412
4274421
4274433
4274449
4274457
4274468
4274470
4274485
4274494
4274505
4274520
4274537
4274543
4274551
4274579
4274584
4274592
4274603
4274611
4274622
4274636
4274645
4274658
4274667
4274674
4274689
4274701
4274719
4274726
4274734
4274742
4274755
4274760
4274778
4274793
4274807
4274810
4274828
4274835
4274844
4274856
4274861
4274872
4274883
4274899
4274908
4274914
4274927
4274939
4274940
4274953
4274962
4274971
4274986
4274995
4275001
4275019
4275026
4275034
4275055
4275060
4275078
4275087
4275093
4275104
4275116
4275129
4275131
4275147
4275150
4275165
4275173
4275182
4275198
4275200
4275213
4275225
4275232
4275248
4275254
4275269
4275281
4275297
4275305
4275318
4275320
4275337
4275343
4275351
4275366
4275379
4275392
4275408
4275414
4275427
4275439
4275440
4275453
4275462
4275471
4275495
4275506
4275512
4275521
4275533
4275549
4275557
4275568
4275585
4275594
4275609
4275624
4275638
4275646
4275663
4275675
4275691
4275707
4275710
4275728
4275735
4275744
4275756
4275761
4275783
4275799
4275803
4275811
4275822
4275836
4275845
4275858
4275867
4275874
4275889
4275890
4275902
4275915
4275930
4275941
4275959
4275964
4275977
4275988
4275996
4276007
4276010
4276028
4276044
4276061
4276083
4276099
4276105
4276118
4276120
4276137
4276143
4276151
4276166
4276179
4276184
4276192
4276201
4276219
4276226
4276234
4276242
4276255
4276260
4276278
4276293
4276306
4276312
4276321
4276333
4276349
4276357
4276368
4276370
4276385
4276394
4276402
4276415
4276441
4276459
4276464
4276477
4276488
4276496
4276508
4276514
4276527
4276539
4276540
4276553
4276571
4276586
4276595
4276600
4276613
4276625
4276632
4276648
4276654
4276669
4276676
4276681
4276697
4276703
4276711
4276722
4276736
4276745
4276758
4276767
4276774
4276789
4276790
4276809
4276824
4276838
4276846
4276852
4276863
4276875
4276880
4276891
4276904
4276929
4276931
4276947
4276965
4276973
4276982
4276998
4277006
4277021
4277033
4277049
4277057
4277068
4277070
4277085
4277094
4277103
4277111
4277122
4277145
4277158
4277167
4277174
4277189
4277208
4277214
4277227
4277240
4277253
4277262
4277271
4277286
4277295
4277307
4277310
4277328
4277335
4277356
4277361
4277372
4277383
4277399
4277400
4277413
4277425
4277432
4277448
4277454
4277469
4277476
4277481
4277497
4277501
4277526
4277534
4277542
4277555
4277560
4277578
4277587
4277593
4277602
4277615
4277630
4277641
4277659
4277664
4277677
4277688
4277696
4277705
4277718
4277720
4277737
4277743
4277751
4277766
4277779
4277784
4277792
4277804
4277816
4277829
4277831
4277847
4277850
4277865
4277873
4277882
4277898
4277909
4277917
4277924
4277938
4277946
4277952
4277963
4277975
4277980
4277991
4278003
4278011
4278022
4278036
4278045
4278058
4278067
4278074
4278089
4278090
4278106
4278112
4278121
4278133
4278149
4278157
4278168
4278170
4278185
4278194
4278210
4278235
4278244
4278256
4278261
4278272
4278283
4278299
4278308
4278314
4278327
4278339
4278340
4278353
4278362
4278386
4278395
4278404
4278416
4278429
4278431
4278447
4278450
4278465
4278473
4278482
4278498
4278515
4278523
4278530
4278541
4278559
4278564
4278577
4278588
4278596
4278601
4278619
4278626
4278634
4278642
4278655
4278660
4278678
4278687
4278709
4278724
4278738
4278746
4278752
4278763
4278775
4278780
4278791
4278800
4278825
4278832
4278848
4278854
4278869
4278876
4278881
4278905
4278920
4278937
4278943
4278951
4278966
4278979
4278984
4278992
4279004
4279016
4279029
4279047
4279050
4279065
4279073
4279082
4279098
4279101
4279119
4279134
4279142
4279155
4279160
4279178
4279187
4279193
4279218
4279220
4279243
4279251
4279266
4279284
4279292
4279313
4279325
4279332
4279348
4279354
4279369
4279376
4279381
4279397
4279403
4279411
4279422
4279436
4279445
4279458
4279467
4279474
4279489
4279490
4279517
4279524
4279538
4279552
4279563
4279575
4279580
4279591
4279606
4279612
4279633
4279649
4279657
4279668
4279670
4279685
4279694
4279702
4279715
4279723
4279730
4279741
4279759
4279764
4279777
4279788
4279808
4279814
4279827
4279839
4279840
4279853
4279871
4279886
4279895
4279907
4279910
4279935
4279944
4279956
4279961
4279972
4279999
4280005
4280018
4280020
4280037
4280043
4280051
4280066
4280079
4280084
4280107
4280110
4280128
4280144
4280156
4280172
4280183
4280199
4280206
4280221
4280233
4280249
4280257
4280268
4280270
4280285
4280294
4280301
4280319
4280326
4280334
4280342
4280355
4280360
4280378
4280387
4280393
4280409
4280417
4280424
4280438
4280446
4280452
4280475
4280480
4280500
4280513
4280525
4280532
4280548
4280554
4280569
4280576
4280581
4280597
4280608
4280639
4280640
4280653
4280662
4280671
4280686
4280695
4280704
4280716
4280729
4280731
4280747
4280750
4280765
4280773
4280798
4280802
4280815
4280823
4280830
4280841
4280859
4280864
4280877
4280888
4280896
4280903
4280911
4280936
4280945
4280958
4280967
4280974
4280990
4281016
4281029
4281031
4281047
4281050
4281065
4281073
4281082
4281098
4281101
4281119
4281126
4281134
4281142
4281155
4281160
4281178
4281187
4281193
4281205
4281218
4281220
4281237
4281243
4281251
4281266
4281279
4281292
4281300
4281313
4281325
4281332
4281348
4281369
4281376
4281381
4281397
4281403
4281422
4281436
4281445
4281458
4281467
4281474
4281489
4281490
4281509
4281517
4281524
4281538
4281546
4281552
4281563
4281575
4281580
4281591
4281606
4281612
4281621
4281649
4281657
4281668
4281670
4281685
4281694
4281702
4281715
4281723
4281730
4281741
4281759
4281764
4281777
4281788
4281796
4281808
4281827
4281839
4281840
4281853
4281862
4281871
4281886
4281895
4281907
4281910
4281928
4281935
4281944
4281956
4281961
4281972
4281983
4281999
4282001
4282019
4282026
4282034
4282042
4282055
4282060
4282078
4282087
4282093
4282104
4282116
4282131
4282147
4282150
4282165
4282173
4282182
4282198
4282200
4282213
4282225
4282232
4282248
4282254
4282269
4282276
4282281
4282297
4282305
4282318
4282320
4282337
4282343
4282351
4282366
4282379
4282384
4282392
4282408
4282427
4282439
4282440
4282453
4282462
4282471
4282486
4282495
4282506
4282512
4282533
4282549
4282557
4282568
4282570
4282585
4282594
4282638
4282646
4282663
4282675
4282680
4282691
4282707
4282710
4282728
4282735
4282744
4282756
4282761
4282772
4282783
4282799
4282803
4282811
4282822
4282836
4282845
4282858
4282867
4282874
4282889
4282890
4282902
4282915
4282923
4282930
4282941
4282959
4282964
4282977
4282988
4282996
4283008
4283014
4283027
4283039
4283040
4283053
4283062
4283071
4283095
4283109
4283117
4283124
4283138
4283146
4283152
4283163
4283175
4283180
4283191
4283202
4283215
4283223
4283230
4283241
4283259
4283264
4283277
4283288
4283296
4283303
4283311
4283322
4283336
4283345
4283358
4283367
4283374
4283389
4283390
4283401
4283419
4283434
4283442
4283455
4283460
4283478
4283487
4283493
4283507
4283510
4283528
4283535
4283544
4283556
4283561
4283572
4283583
4283599
4283604
4283616
4283629
4283647
4283650
4283665
4283673
4283682
4283698
4283706
4283712
4283721
4283733
4283749
4283757
4283768
4283770
4283785
4283794
4283805
4283818
4283820
4283837
4283843
4283851
4283866
4283879
4283884
4283892
4283900
4283913
4283932
4283948
4283969
4283976
4283981
4283997
4284007
4284028
4284035
4284044
4284056
4284061
4284072
4284083
4284099
4284105
4284118
4284120
4284137
4284143
4284151
4284166
4284184
4284192
4284226
4284234
4284242
4284255
4284260
4284278
4284287
4284293
4284306
4284312
4284333
4284349
4284357
4284368
4284370
4284385
4284394
4284402
4284415
4284423
4284430
4284464
4284477
4284488
4284496
4284508
4284514
4284527
4284539
4284540
4284553
4284562
4284571
4284595
4284600
4284613
4284625
4284632
4284648
4284654
4284669
4284676
4284681
4284697
4284703
4284711
4284722
4284736
4284745
4284758
4284767
4284774
4284790
4284809
4284817
4284824
4284838
4284846
4284852
4284863
4284875
4284880
4284891
4284904
4284916
4284929
4284931
4284947
4284950
4284965
4284973
4284982
4284998
4285003
4285011
4285036
4285045
4285074
4285089
4285090
4285106
4285112
4285149
4285157
4285168
4285170
4285185
4285194
4285207
4285210
4285235
4285244
4285256
4285272
4285283
4285299
4285308
4285314
4285327
4285339
4285340
4285353
4285362
4285371
4285386
4285395
4285404
4285416
4285429
4285431
4285447
4285450
4285465
4285473
4285482
4285498
4285515
4285523
4285530
4285541
4285559
4285564
4285577
4285588
4285596
4285601
4285619
4285626
4285634
4285642
4285660
4285678
4285687
4285693
4285709
4285717
4285724
4285738
4285746
4285752
4285763
4285775
4285780
4285791
4285800
4285813
4285825
4285832
4285848
4285854
4285869
4285876
4285881
4285897
4285918
4285937
4285943
4285951
4285966
4285979
4285984
4285992
4286009
4286017
4286024
4286038
4286046
4286052
4286063
4286080
4286091
4286108
4286114
4286127
4286139
4286140
4286153
4286162
4286171
4286186
4286195
4286203
4286236
4286258
4286267
4286289
4286290
4286302
4286315
4286323
4286330
4286341
4286364
4286377
4286388
4286396
4286405
4286418
4286420
4286437
4286443
4286451
4286479
4286484
4286492
4286504
4286516
4286529
4286531
4286547
4286550
4286565
4286573
4286582
4286598
4286607
4286610
4286628
4286635
4286644
4286656
4286661
4286683
4286699
4286700
4286713
4286725
4286732
4286748
4286754
4286776
4286781
4286797
4286801
4286819
4286826
4286834
4286842
4286855
4286860
4286878
4286887
4286893
4286906
4286912
4286921
4286933
4286949
4286957
4286970
4286985
4286994
4287002
4287015
4287023
4287030
4287041
4287059
4287064
4287077
4287088
4287096
4287100
4287113
4287132
4287148
4287154
4287169
4287176
4287181
4287197
4287216
4287229
4287231
4287247
4287250
4287265
4287273
4287282
4287298
4287309
4287324
4287338
4287346
4287352
4287363
4287375
4287380
4287391
4287410
4287428
4287435
4287444
4287456
4287461
4287472
4287499
4287503
4287511
4287522
4287545
4287558
4287567
4287574
4287589
4287590
4287605
4287618
4287620
4287637
4287651
4287666
4287692
4287708
4287714
4287727
4287739
4287740
4287753
4287762
4287786
4287795
4287812
4287821
4287833
4287849
4287857
4287870
4287885
4287894
4287901
4287919
4287926
4287934
4287942
4287955
4287960
4287978
4287987
4287993
4288000
4288013
4288025
4288032
4288054
4288069
4288076
4288081
4288097
4288102
4288115
4288123
4288130
4288141
4288159
4288177
4288196
4288209
4288238
4288246
4288252
4288263
4288275
4288280
4288291
4288304
4288316
4288329
4288331
4288347
4288350
4288365
4288373
4288382
4288406
4288412
4288421
4288433
4288449
4288457
4288468
4288470
4288485
4288494
4288505
4288518
4288520
4288537
4288543
4288551
4288566
4288579
4288584
4288592
4288611
4288622
4288636
4288645
4288658
4288667
4288674
4288689
4288690
4288701
4288719
4288726
4288734
4288742
4288755
4288760
4288778
4288787
4288793
4288807
4288810
4288828
4288835
4288844
4288856
4288861
4288872
4288883
4288899
4288908
4288914
4288927
4288939
4288940
4288953
4288962
4288971
4288986
4288995
4289006
4289012
4289021
4289033
4289049
4289068
4289070
4289085
4289094
4289103
4289111
4289145
4289158
4289167
4289174
4289189
4289190
4289208
4289214
4289227
4289239
4289240
4289253
4289262
4289271
4289286
4289295
4289310
4289328
4289335
4289344
4289356
4289361
4289372
4289383
4289399
4289400
4289413
4289425
4289432
4289448
4289454
4289469
4289476
4289481
4289497
4289501
4289519
4289526
4289534
4289542
4289555
4289560
4289578
4289587
4289593
4289602
4289615
4289623
4289630
4289641
4289659
4289664
4289677
4289688
4289696
4289705
4289718
4289737
4289743
4289751
4289779
4289784
4289792
4289804
4289816
4289831
4289847
4289850
4289865
4289873
4289882
4289898
4289909
4289917
4289924
4289938
4289946
4289952
4289963
4289975
4289980
4289991
4290008
4290014
4290027
4290039
4290040
4290053
4290062
4290071
4290086
4290095
4290117
4290124
4290146
4290152
4290163
4290175
4290180
4290191
4290202
4290215
4290223
4290230
4290241
4290259
4290264
4290277
4290288
4290296
4290303
4290311
4290322
4290336
4290345
4290358
4290367
4290374
4290390
4290401
4290419
4290426
4290442
4290455
4290460
4290487
4290493
4290507
4290510
4290528
4290535
4290544
4290556
4290561
4290572
4290583
4290599
4290604
4290616
4290629
4290631
4290647
4290665
4290673
4290682
4290698
4290706
4290712
4290721
4290733
4290749
4290757
4290768
4290770
4290785
4290794
4290818
4290820
4290837
4290843
4290851
4290866
4290879
4290884
4290892
4290900
4290913
4290925
4290932
4290948
4290954
4290969
4290976
4290981
4290997
4291006
4291012
4291021
4291033
4291049
4291057
4291068
4291085
4291094
4291103
4291111
4291122
4291136
4291145
4291158
4291167
4291174
4291189
4291190
4291208
4291214
4291227
4291239
4291240
4291253
4291262
4291286
4291295
4291310
4291335
4291344
4291356
4291372
4291383
4291399
4291400
4291413
4291425
4291432
4291448
4291469
4291481
4291497
4291501
4291519
4291526
4291534
4291542
4291555
4291560
4291587
4291593
4291615
4291623
4291630
4291641
4291659
4291664
4291677
4291688
4291696
4291705
4291718
4291720
4291737
4291743
4291751
4291766
4291779
4291784
4291804
4291816
4291829
4291831
4291847
4291850
4291865
4291873
4291882
4291898
4291909
4291917
4291924
4291938
4291946
4291952
4291975
4291980
4291991
4292003
4292011
4292022
4292036
4292045
4292058
4292067
4292074
4292089
4292106
4292112
4292121
4292133
4292149
4292157
4292168
4292170
4292185
4292194
4292207
4292210
4292228
4292235
4292244
4292256
4292272
4292283
4292299
4292308
4292314
4292327
4292339
4292340
4292353
4292362
4292371
4292386
4292395
4292404
4292416
4292429
4292431
4292447
4292450
4292465
4292473
4292482
4292498
4292515
4292523
4292530
4292541
4292559
4292564
4292577
4292596
4292601
4292619
4292626
4292634
4292655
4292660
4292678
4292687
4292693
4292709
4292717
4292724
4292738
4292752
4292763
4292775
4292780
4292791
4292813
4292825
4292832
4292848
4292854
4292869
4292876
4292881
4292897
4292905
4292918
4292920
4292937
4292943
4292951
4292966
4292979
4292992
4293004
4293016
4293029
4293031
4293047
4293050
4293065
4293073
4293082
4293098
4293101
4293119
4293134
4293142
4293155
4293160
4293178
4293193
4293205
4293218
4293220
4293237
4293243
4293251
4293266
4293279
4293292
4293300
4293313
4293325
4293348
4293354
4293369
4293376
4293381
4293403
4293411
4293422
4293436
4293445
4293458
4293467
4293474
4293489
4293490
4293509
4293517
4293524
4293538
4293546
4293552
4293563
4293575
4293580
4293591
4293606
4293612
4293621
4293633
4293649
4293657
4293668
4293670
4293685
4293694
4293702
4293715
4293723
4293730
4293741
4293759
4293764
4293777
4293788
4293808
4293814
4293827
4293840
4293853
4293862
4293871
4293886
4293895
4293907
4293910
4293928
4293935
4293944
4293956
4293961
4293972
4293983
4293999
4294009
4294017
4294024
4294038
4294046
4294052
4294063
4294075
4294080
4294091
4294108
4294127
4294139
4294140
4294153
4294162
4294171
4294186
4294203
4294211
4294222
4294236
4294245
4294258
4294267
4294274
4294289
4294290
4294302
4294315
4294323
4294330
4294359
4294364
4294377
4294388
4294396
4294405
4294420
4294466
4294479
4294484
4294492
4294504
4294516
4294529
4294531
4294547
4294550
4294565
4294573
4294582
4294598
4294607
4294635
4294644
4294661
4294672
4294683
4294699
4294700
4294713
4294725
4294732
4294748
4294754
4294769
4294776
4294781
4294797
4294801
4294819
4294826
4294834
4294842
4294855
4294860
4294878
4294887
4294893
4294906
4294912
4294921
4294933
4294957
4294968
4294970
4294985
4294994
4295000
4295013
4295025
4295048
4295054
4295069
4295076
4295081
4295102
4295115
4295123
4295130
4295141
4295159
4295164
4295177
4295188
4295196
4295209
4295217
4295224
4295238
4295246
4295275
4295280
4295304
4295329
4295331
4295347
4295350
4295365
4295373
4295382
4295406
4295412
4295421
4295433
4295449
4295457
4295468
4295470
4295485
4295494
4295505
4295518
4295520
4295537
4295551
4295579
4295584
4295592
4295603
4295611
4295622
4295645
4295658
4295667
4295674
4295690
4295701
4295719
4295726
4295734
4295742
4295778
4295787
4295793
4295807
4295810
4295828
4295835
4295844
4295856
4295861
4295872
4295899
4295908
4295914
4295927
4295939
4295940
4295962
4295971
4295986
4295995
4296001
4296019
4296026
4296034
4296042
4296055
4296060
4296078
4296087
4296093
4296104
4296116
4296129
4296131
4296147
4296150
4296165
4296182
4296198
4296213
4296225
4296232
4296248
4296254
4296269
4296276
4296281
4296305
4296318
4296320
4296337
4296343
4296351
4296379
4296384
4296392
4296408
4296414
4296427
4296439
4296440
4296453
4296462
4296471
4296486
4296495
4296506
4296512
4296521
4296533
4296549
4296557
4296568
4296570
4296585
4296594
4296609
4296617
4296624
4296646
4296663
4296675
4296680
4296691
4296707
4296710
4296728
4296735
4296744
4296756
4296761
4296772
4296799
4296803
4296811
4296822
4296836
4296845
4296858
4296867
4296874
4296889
4296890
4296902
4296915
4296923
4296930
4296941
4296959
4296964
4296977
4296988
4296996
4297005
4297020
4297037
4297043
4297051
4297079
4297092
4297107
4297110
4297128
4297135
4297144
4297156
4297161
4297172
4297183
4297206
4297212
4297221
4297233
4297249
4297257
4297268
4297270
4297285
4297294
4297301
4297319
4297326
4297334
4297342
4297355
4297360
4297378
4297387
4297393
4297409
4297417
4297424
4297438
4297446
4297452
4297463
4297475
4297480
4297491
4297513
4297525
4297532
4297548
4297554
4297569
4297576
4297581
4297597
4297608
4297614
4297627
4297639
4297640
4297653
4297662
4297671
4297686
4297704
4297716
4297729
4297731
4297750
4297765
4297773
4297782
4297798
4297802
4297823
4297830
4297841
4297859
4297864
4297877
4297888
4297896
4297903
4297911
4297922
4297936
4297945
4297967
4297974
4297989
4297990
4298007
4298010
4298028
4298035
4298044
4298056
4298061
4298072
4298083
4298099
4298105
4298118
4298120
4298137
4298143
4298151
4298179
4298184
4298192
4298201
4298219
4298226
4298234
4298242
4298255
4298260
4298278
4298287
4298306
4298321
4298333
4298349
4298357
4298368
4298370
4298385
4298402
4298423
4298441
4298459
4298464
4298477
4298488
4298496
4298508
4298514
4298527
4298539
4298540
4298553
4298586
4298595
4298600
4298613
4298625
4298632
4298648
4298654
4298669
4298676
4298681
4298697
4298703
4298711
4298722
4298736
4298745
4298758
4298767
4298774
4298789
4298790
4298809
4298817
4298824
4298838
4298846
4298852
4298863
4298875
4298880
4298891
4298904
4298916
4298929
4298931
4298947
4298950
4298965
4298973
4298982
4298998
4299015
4299023
4299030
4299041
4299064
4299088
4299100
4299113
4299132
4299148
4299169
4299176
4299181
4299197
4299204
4299216
4299229
4299231
4299247
4299250
4299265
4299273
4299282
4299298
4299309
4299317
4299324
4299338
4299346
4299352
4299363
4299375
4299391
4299410
4299428
4299435
4299444
4299456
4299461
4299472
4299483
4299499
4299503
4299511
4299522
4299536
4299545
4299558
4299567
4299574
4299589
4299590
4299605
4299618
4299620
4299643
4299666
4299679
4299708
4299714
4299727
4299739
4299740
4299753
4299762
4299771
4299786
4299795
4299806
4299812
4299821
4299833
4299849
4299857
4299868
4299870
4299885
4299894
4299901
4299919
4299926
4299934
4299942
4299955
4299960
4299978
4299987
4299993
