4200017
4200038
4200075
4200080
4200108
4200114
4200139
4200140
4200153
4200171
4200186
4200211
4200258
4200267
4200274
4200289
4200290
4200315
4200323
4200359
4200377
4200388
4200396
4200418
4200443
4200451
4200466
4200479
4200492
4200504
4200529
4200607
4200610
4200656
4200699
4200776
4200781
4200834
4200855
4200887
4200893
4200949
4200968
4200970
4200985
4201013
4201025
4201032
4201054
4201069
4201097
4201238
4201252
4201263
4201275
4201291
4201406
4201449
4201468
4201505
4201520
4201551
4201566
4201584
4201636
4201645
4201667
4201674
4201690
4201719
4201734
4201760
4201793
4201810
4201856
4201872
4201899
4201927
4201986
4201995
4202002
4202030
4202041
4202077
4202088
4202132
4202176
4202181
4202204
4202247
4202273
4202298
4202317
4202375
4202380
4202391
4202407
4202435
4202444
4202461
4202499
4202536
4202567
4202589
4202590
4202620
4202637
4202643
4202666
4202740
4202771
4202795
4202812
4202833
4202857
4202885
4202894
4202901
4202919
4202926
4202934
4202942
4202955
4202987
4203028
4203035
4203083
4203099
4203151
4203166
4203184
4203201
4203219
4203242
4203260
4203306
4203312
4203333
4203357
4203540
4203553
4203571
4203595
4203669
4203676
4203681
4203736
4203745
4203767
4203838
4203846
4203904
4203916
4203947
4203965
4203973
4203982
4203998
4204014
4204053
4204062
4204117
4204124
4204215
4204288
4204296
4204303
4204322
4204374
4204434
4204442
4204455
4204510
4204544
4204604
4204665
4204706
4204768
4204794
4204820
4204843
4204866
4204900
4204913
4204948
4204981
4205049
4205103
4205111
4205122
4205136
4205190
4205214
4205227
4205286
4205310
4205356
4205361
4205400
4205413
4205448
4205476
4205501
4205519
4205526
4205542
4205555
4205560
4205578
4205587
4205593
4205659
4205718
4205720
4205743
4205766
4205779
4205784
4205816
4205831
4205850
4205924
4205952
4205963
4206018
4206037
4206043
4206066
4206092
4206107
4206128
4206172
4206183
4206221
4206233
4206249
4206257
4206294
4206326
4206334
4206342
4206360
4206387
4206393
4206446
4206452
4206525
4206532
4206569
4206576
4206608
4206614
4206639
4206640
4206671
4206686
4206704
4206716
4206731
4206747
4206815
4206823
4206830
4206877
4206896
4206911
4206936
4206967
4207019
4207042
4207055
4207060
4207131
4207150
4207200
4207297
4207305
4207318
4207320
4207337
4207351
4207366
4207379
4207408
4207427
4207495
4207506
4207521
4207533
4207549
4207557
4207568
4207570
4207609
4207652
4207680
4207744
4207761
4207799
4207811
4207890
4207915
4207964
4207977
4207988
4208050
4208082
4208098
4208101
4208119
4208218
4208279
4208284
4208376
4208397
4208422
4208436
4208467
4208474
4208489
4208517
4208538
4208552
4208580
4208591
4208606
4208657
4208668
4208685
4208702
4208723
4208741
4208788
4208796
4208827
4208840
4208862
4208972
4208999
4209045
4209121
4209133
4209149
4209185
4209194
4209244
4209261
4209272
4209362
4209395
4209416
4209447
4209450
4209473
4209482
4209515
4209523
4209564
4209588
4209626
4209655
4209660
4209678
4209738
4209763
4209775
4209780
4209813
4209825
4209832
4209854
4209881
4209905
4209918
4209920
4209937
4209951
4209979
4210019
4210034
4210087
4210093
4210116
4210165
4210173
4210198
4210200
4210225
4210232
4210248
4210320
4210366
4210408
4210414
4210495
4210609
4210617
4210624
4210638
4210646
4210710
4210822
4210836
4210874
4210902
4210923
4210959
4210996
4211007
4211035
4211061
4211072
4211099
4211105
4211118
4211137
4211179
4211192
4211201
4211260
4211293
4211357
4211385
4211394
4211488
4211508
4211540
4211553
4211562
4211586
4211613
4211632
4211697
4211722
4211745
4211774
4211790
4211817
4211824
4211846
4211852
4211863
4211891
4211904
4211916
4211929
4211998
4212005
4212020
4212066
4212079
4212084
4212092
4212107
4212161
4212183
4212199
4212206
4212212
4212387
4212393
4212424
4212438
4212452
4212475
4212480
4212500
4212532
4212548
4212581
4212608
4212614
4212640
4212686
4212695
4212729
4212747
4212798
4212802
4212830
4212841
4212903
4212958
4212989
4212990
4213009
4213075
4213091
4213108
4213127
4213140
4213186
4213195
4213203
4213236
4213258
4213267
4213289
4213290
4213315
4213364
4213396
4213405
4213420
4213451
4213479
4213516
4213547
4213565
4213573
4213598
4213607
4213628
4213635
4213661
4213672
4213713
4213781
4213826
4213878
4213912
4213921
4213970
4214004
4214050
4214082
4214098
4214134
4214142
4214155
4214178
4214218
4214220
4214243
4214266
4214300
4214369
4214376
4214381
4214397
4214467
4214509
4214546
4214563
4214606
4214612
4214633
4214649
4214657
4214670
4214685
4214702
4214730
4214796
4214853
4214862
4214886
4214895
4214907
4214935
4214956
4215015
4215023
4215030
4215041
4215064
4215077
4215088
4215100
4215113
4215125
4215148
4215169
4215181
4215197
4215204
4215216
4215231
4215250
4215298
4215309
4215338
4215375
4215380
4215391
4215428
4215435
4215472
4215499
4215536
4215558
4215567
4215574
4215605
4215618
4215620
4215637
4215666
4215679
4215684
4215727
4215739
4215753
4215771
4215821
4215857
4215870
4215894
4215934
4215942
4215955
4216008
4216014
4216062
4216071
4216086
4216117
4216146
4216152
4216163
4216180
4216215
4216223
4216322
4216358
4216367
4216390
4216419
4216442
4216478
4216487
4216493
4216510
4216535
4216572
4216647
4216650
4216682
4216706
4216712
4216721
4216749
4216770
4216818
4216820
4216843
4216866
4216913
4216932
4216948
4216954
4216997
4217003
4217036
4217045
4217067
4217074
4217106
4217133
4217157
4217170
4217185
4217207
4217210
4217256
4217261
4217283
4217340
4217371
4217395
4217404
4217465
4217482
4217502
4217515
4217559
4217564
4217577
4217601
4217619
4217626
4217655
4217738
4217791
4217854
4217869
4217881
4217897
4217918
4217951
4217979
4218006
4218012
4218057
4218070
4218136
4218167
4218208
4218214
4218239
4218240
4218253
4218271
4218310
4218372
4218399
4218425
4218454
4218469
4218476
4218555
4218578
4218602
4218630
4218641
4218659
4218664
4218677
4218688
4218718
4218720
4218737
4218751
4218766
4218779
4218784
4218804
4218829
4218831
4218850
4218882
4218898
4218917
4219013
4219025
4219032
4219054
4219102
4219115
4219123
4219130
4219224
4219275
4219304
4219329
4219350
4219412
4219421
4219449
4219494
4219505
4219566
4219584
4219592
4219622
4219636
4219645
4219667
4219674
4219719
4219726
4219742
4219755
4219778
4219787
4219807
4219810
4219861
4219962
4219995
4220029
4220031
4220047
4220050
4220082
4220098
4220101
4220134
4220155
4220187
4220220
4220237
4220251
4220266
4220292
4220300
4220376
4220381
4220411
4220445
4220458
4220467
4220474
4220490
4220524
4220552
4220575
4220612
4220621
4220668
4220685
4220702
4220715
4220723
4220730
4220788
4220796
4220814
4220840
4220862
4220886
4220895
4220928
4220935
4220956
4220961
4220972
4221030
4221059
4221077
4221096
4221113
4221132
4221148
4221197
4221229
4221231
4221250
4221265
4221273
4221282
4221298
4221317
4221346
4221352
4221363
4221375
4221380
4221435
4221499
4221511
4221567
4221574
4221589
4221590
4221618
4221620
4221637
4221666
4221684
4221692
4221753
4221795
4221978
4221993
4222032
4222048
4222054
4222069
4222076
4222097
4222123
4222141
4222177
4222196
4222224
4222252
4222263
4222280
4222304
4222329
4222331
4222347
4222412
4222421
4222433
4222457
4222485
4222494
4222520
4222537
4222566
4222603
4222611
4222645
4222742
4222755
4222807
4222810
4222828
4222835
4222856
4222861
4222872
4222883
4222927
4222939
4222940
4222971
4223012
4223021
4223057
4223085
4223094
4223103
4223145
4223189
4223208
4223239
4223262
4223286
4223344
4223372
4223399
4223432
4223469
4223497
4223519
4223542
4223587
4223593
4223602
4223623
4223630
4223641
4223664
4223696
4223743
4223784
4223816
4223847
4223865
4223873
4223917
4223963
4223975
4223991
4224001
4224055
4224087
4224104
4224116
4224147
4224173
4224182
4224198
4224200
4224232
4224254
4224281
4224318
4224320
4224337
4224343
4224366
4224384
4224392
4224408
4224427
4224440
4224453
4224471
4224486
4224512
4224549
4224585
4224594
4224638
4224646
4224707
4224756
4224761
4224783
4224811
4224822
4224858
4224867
4224941
4224959
4225028
4225035
4225061
4225072
4225105
4225137
4225166
4225184
4225219
4225260
4225287
4225333
4225349
4225368
4225385
4225402
4225423
4225441
4225477
4225496
4225514
4225539
4225540
4225625
4225632
4225654
4225681
4225722
4225736
4225745
4225767
4225789
4225790
4225838
4225875
4225880
4225950
4225982
4225998
4226022
4226036
4226058
4226074
4226089
4226106
4226168
4226185
4226194
4226228
4226235
4226244
4226256
4226261
4226314
4226327
4226339
4226431
4226498
4226515
4226559
4226564
4226577
4226642
4226655
4226717
4226746
4226752
4226775
4226800
4226813
4226825
4226832
4226848
4226881
4226905
4226943
4226984
4227014
4227027
4227039
4227040
4227138
4227175
4227180
4227230
4227288
4227303
4227336
4227345
4227358
4227374
4227401
4227426
4227434
4227455
4227460
4227478
4227510
4227544
4227556
4227583
4227599
4227616
4227647
4227665
4227698
4227712
4227721
4227749
4227770
4227805
4227879
4227913
4227932
4227948
4227981
4228024
4228075
4228127
4228186
4228195
4228222
4228258
4228267
4228289
4228323
4228330
4228341
4228377
4228388
4228396
4228405
4228418
4228443
4228466
4228479
4228504
4228529
4228531
4228547
4228565
4228598
4228607
4228610
4228713
4228725
4228754
4228776
4228797
4228801
4228887
4228970
4228985
4229018
4229020
4229037
4229043
4229051
4229110
4229135
4229206
4229221
4229257
4229301
4229355
4229360
4229378
4229409
4229417
4229438
4229513
4229525
4229532
4229576
4229597
4229614
4229627
4229639
4229686
4229695
4229704
4229716
4229750
4229782
4229798
4229802
4229815
4229823
4229864
4229888
4229896
4229911
4229922
4229936
4229989
4230006
4230049
4230094
4230136
4230145
4230158
4230174
4230227
4230240
4230253
4230271
4230344
4230361
4230372
4230383
4230400
4230425
4230454
4230476
4230542
4230560
4230587
4230593
4230623
4230630
4230659
4230677
4230720
4230737
4230751
4230779
4230784
4230792
4230816
4230850
4230873
4230917
4230938
4230975
4230991
4231043
4231079
4231092
4231107
4231110
4231161
4231172
4231206
4231221
4231270
4231285
4231294
4231409
4231417
4231438
4231463
4231475
4231480
4231491
4231569
4231581
4231597
4231614
4231627
4231639
4231704
4231729
4231750
4231765
4231798
4231815
4231823
4231841
4231922
4231936
4231945
4231967
4231989
4232007
4232028
4232035
4232044
4232061
4232072
4232099
4232120
4232179
4232184
4232219
4232234
4232255
4232287
4232293
4232349
4232368
4232402
4232415
4232430
4232464
4232508
4232514
4232553
4232571
4232586
4232600
4232613
4232648
4232654
4232669
4232676
4232681
4232703
4232711
4232722
4232767
4232774
4232790
4232846
4232852
4232875
4232880
4232891
4232916
4232931
4232998
4233002
4233015
4233030
4233077
4233088
4233125
4233154
4233176
4233216
4233247
4233282
4233338
4233375
4233407
4233428
4233483
4233503
4233536
4233545
4233558
4233567
4233589
4233590
4233679
4233708
4233714
4233727
4233739
4233753
4233795
4233806
4233812
4233833
4233849
4233868
4233885
4233919
4233926
4233955
4234036
4234045
4234074
4234090
4234157
4234185
4234210
4234235
4234244
4234256
4234299
4234308
4234314
4234371
4234404
4234431
4234450
4234498
4234541
4234559
4234564
4234577
4234626
4234687
4234693
4234717
4234746
4234752
4234763
4234791
4234800
4234832
4234869
4234881
4234905
4234918
4234920
4234943
4234966
4235038
4235063
4235075
4235127
4235162
4235171
4235203
4235211
4235245
4235274
4235289
4235290
4235302
4235330
4235377
4235388
4235405
4235437
4235466
4235479
4235484
4235492
4235529
4235531
4235610
4235656
4235661
4235732
4235748
4235776
4235781
4235860
4235893
4235949
4236000
4236013
4236048
4236054
4236069
4236130
4236141
4236159
4236164
4236177
4236196
4236252
4236263
4236280
4236291
4236304
4236331
4236350
4236365
4236412
4236449
4236457
4236468
4236470
4236485
4236505
4236551
4236566
4236584
4236622
4236636
4236645
4236658
4236667
4236701
4236755
4236760
4236778
4236793
4236872
4236914
4236962
4236986
4236995
4237029
4237047
4237050
4237065
4237098
4237101
4237134
4237160
4237178
4237187
4237237
4237284
4237300
4237332
4237348
4237354
4237376
4237509
4237517
4237546
4237563
4237575
4237580
4237606
4237621
4237633
4237657
4237694
4237730
4237741
4237764
4237777
4237788
4237808
4237827
4237840
4237853
4237871
4237886
4237907
4237910
4237961
4237999
4238019
4238034
4238042
4238060
4238087
4238093
4238104
4238129
4238131
4238147
4238150
4238165
4238198
4238200
4238213
4238225
4238254
4238269
4238276
4238281
4238305
4238320
4238337
4238351
4238366
4238384
4238408
4238414
4238427
4238462
4238495
4238512
4238568
4238570
4238585
4238617
4238624
4238646
4238663
4238675
4238691
4238707
4238728
4238744
4238756
4238845
4238858
4238867
4238874
4238890
4238902
4238915
4238930
4238941
4238959
4238964
4238996
4239027
4239040
4239062
4239086
4239117
4239124
4239146
4239175
4239223
4239241
4239259
4239277
4239296
4239303
4239345
4239389
4239390
4239401
4239442
4239455
4239460
4239478
4239493
4239507
4239556
4239561
4239599
4239647
4239650
4239665
4239673
4239682
4239698
4239706
4239712
4239749
4239768
4239770
4239837
4239851
4239866
4239879
4239913
4239948
4239954
4239969
4239997
4240028
4240035
4240056
4240072
4240083
4240166
4240184
4240192
4240219
4240226
4240234
4240255
4240260
4240278
4240312
4240370
4240441
4240459
4240488
4240508
4240514
4240527
4240540
4240553
4240562
4240571
4240600
4240613
4240632
4240648
4240654
4240669
4240676
4240681
4240697
4240722
4240745
4240774
4240824
4240863
4240875
4240880
4240891
4240904
4240947
4240950
4240965
4240973
4241003
4241022
4241036
4241058
4241074
4241089
4241090
4241149
4241228
4241261
4241299
4241314
4241339
4241353
4241362
4241371
4241450
4241498
4241530
4241541
4241564
4241596
4241634
4241693
4241724
4241752
4241780
4241791
4241832
4241869
4241876
4241881
4241897
4241937
4241943
4241992
4242012
4242021
4242049
4242057
4242068
4242103
4242122
4242158
4242214
4242227
4242253
4242295
4242307
4242310
4242344
4242356
4242481
4242497
4242519
4242534
4242542
4242555
4242578
4242593
4242615
4242688
4242705
4242718
4242743
4242751
4242766
4242784
4242829
4242865
4242873
4242909
4242938
4242946
4242952
4242963
4242975
4243025
4243048
4243054
4243069
4243081
4243097
4243102
4243130
4243177
4243188
4243196
4243209
4243263
4243304
4243316
4243331
4243373
4243398
4243412
4243470
4243485
4243494
4243518
4243520
4243537
4243551
4243579
4243603
4243622
4243667
4243674
4243690
4243719
4243726
4243787
4243793
4243856
4243872
4243883
4243986
4244005
4244018
4244020
4244051
4244084
4244107
4244128
4244199
4244257
4244270
4244285
4244319
4244334
4244342
4244424
4244446
4244475
4244513
4244576
4244627
4244639
4244640
4244653
4244695
4244750
4244773
4244782
4244815
4244841
4244859
4244877
4244888
4244967
4244990
4245004
4245050
4245065
4245073
4245134
4245155
4245160
4245193
4245220
4245237
4245251
4245266
4245284
4245313
4245348
4245381
4245397
4245403
4245411
4245422
4245436
4245458
4245467
4245474
4245509
4245517
4245538
4245580
4245606
4245612
4245649
4245657
4245670
4245702
4245715
4245723
4245777
4245814
4245839
4245853
4245886
4245907
4245910
4245944
4245956
4245961
4245972
4245983
4246002
4246041
4246088
4246096
4246113
4246125
4246154
4246169
4246204
4246247
4246265
4246282
4246346
4246363
4246380
4246428
4246435
4246444
4246456
4246483
4246536
4246545
4246574
4246589
4246620
4246679
4246684
4246692
4246727
4246739
4246762
4246786
4246821
4246833
4246849
4246857
4246870
4246894
4246919
4246926
4246942
4246960
4246993
4247009
4247046
4247052
4247063
4247080
4247114
4247139
4247153
4247162
4247171
4247211
4247236
4247267
4247274
4247315
4247323
4247330
4247341
4247364
4247377
4247388
4247437
4247443
4247451
4247479
4247516
4247529
4247531
4247547
4247550
4247565
4247573
4247598
4247607
4247610
4247628
4247635
4247656
4247672
4247700
4247725
4247732
4247769
4247776
4247797
4247834
4247842
4247855
4247878
4247887
4247906
4247921
4247949
4247957
4247970
4247994
4248014
4248039
4248040
4248053
4248095
4248124
4248180
4248223
4248230
4248259
4248264
4248311
4248322
4248345
4248358
4248374
4248426
4248434
4248442
4248478
4248510
4248556
4248561
4248599
4248604
4248629
4248706
4248721
4248733
4248757
4248785
4248820
4248837
4248843
4248851
4248866
4248913
4248925
4248948
4248954
4248976
4248981
4248997
4249001
4249019
4249055
4249060
4249087
4249093
4249131
4249150
4249165
4249232
4249248
4249254
4249276
4249281
4249366
4249384
4249414
4249427
4249440
4249453
4249471
4249506
4249512
4249521
4249533
4249549
4249624
4249638
4249675
4249728
4249744
4249756
4249783
4249803
4249811
4249867
4249889
4249930
4249941
4249959
4250054
4250123
4250159
4250164
4250209
4250217
4250263
4250275
4250365
4250373
4250398
4250457
4250468
4250470
4250485
4250505
4250537
4250551
4250566
4250579
4250592
4250603
4250622
4250645
4250658
4250667
4250689
4250690
4250701
4250719
4250726
4250787
4250793
4250810
4250828
4250844
4250940
4250953
4250962
4250971
4250986
4250995
4251001
4251034
4251093
4251104
4251116
4251150
4251213
4251225
4251232
4251297
4251305
4251318
4251320
4251337
4251366
4251392
4251414
4251440
4251453
4251471
4251495
4251533
4251549
4251568
4251594
4251617
4251624
4251646
4251663
4251675
4251691
4251707
4251735
4251783
4251803
4251836
4251867
4251874
4251915
4251941
4252029
4252031
4252047
4252065
4252119
4252134
4252218
4252237
4252243
4252251
4252300
4252313
4252348
4252369
4252376
4252381
4252403
4252411
4252422
4252467
4252489
4252490
4252538
4252546
4252575
4252580
4252591
4252633
4252670
4252715
4252730
4252759
4252788
4252827
4252853
4252871
4252895
4252907
4252928
4252956
4252961
4253003
4253036
4253074
4253090
4253133
4253157
4253168
4253170
4253207
4253228
4253235
4253299
4253353
4253386
4253404
4253416
4253523
4253577
4253596
4253601
4253626
4253642
4253678
4253709
4253724
4253746
4253775
4253780
4253791
4253869
4253897
4253905
4253937
4253984
4254002
4254015
4254041
4254088
4254132
4254148
4254176
4254181
4254197
4254229
4254231
4254265
4254309
4254324
4254352
4254375
4254391
4254407
4254428
4254435
4254461
4254499
4254503
4254522
4254605
4254620
4254637
4254708
4254714
4254739
4254740
4254762
4254795
4254821
4254849
4254868
4254960
4254987
4255008
4255053
4255071
4255109
4255117
4255124
4255175
4255202
4255230
4255241
4255264
4255277
4255296
4255303
4255336
4255401
4255419
4255442
4255460
4255493
4255507
4255510
4255528
4255556
4255561
4255599
4255616
4255631
4255647
4255665
4255698
4255757
4255768
4255770
4255785
4255851
4255866
4255884
4255913
4255932
4255954
4255981
4256033
4256070
4256094
4256103
4256136
4256145
4256214
4256227
4256239
4256262
4256271
4256286
4256295
4256328
4256335
4256361
4256383
4256425
4256448
4256469
4256481
4256501
4256519
4256560
4256602
4256615
4256623
4256630
4256705
4256737
4256743
4256779
4256792
4256816
4256831
4256909
4256938
4256946
4256952
4256963
4256980
4257007
4257035
4257061
4257072
4257105
4257151
4257179
4257255
4257260
4257278
4257306
4257321
4257415
4257423
4257508
4257527
4257562
4257595
4257648
4257654
4257676
4257681
4257697
4257711
4257736
4257745
4257767
4257789
4257809
4257838
4257863
4257929
4257947
4257973
4258020
4258092
4258107
4258110
4258128
4258156
4258183
4258285
4258294
4258301
4258326
4258342
4258355
4258360
4258387
4258393
4258417
4258424
4258446
4258475
4258480
4258513
4258532
4258548
4258554
4258569
4258597
4258639
4258686
4258695
4258731
4258782
4258830
4258841
4258896
4258936
4258945
4258967
4259009
4259046
4259052
4259063
4259080
4259091
4259108
4259114
4259127
4259162
4259171
4259236
4259267
4259289
4259290
4259364
4259377
4259396
4259405
4259418
4259529
4259531
4259547
4259607
4259610
4259635
4259672
4259683
4259699
4259700
4259725
4259732
4259748
4259754
4259819
4259842
4259878
4259912
4259949
4259957
4259968
4259970
4260011
4260058
4260089
4260106
4260121
4260149
4260157
4260207
4260244
4260256
4260261
4260272
4260299
4260308
4260314
4260340
4260353
4260362
4260395
4260429
4260465
4260473
4260498
4260502
4260530
4260559
4260601
4260619
4260626
4260655
4260678
4260687
4260693
4260724
4260780
4260800
4260825
4260832
4260854
4260905
4260918
4260979
4261017
4261046
4261052
4261063
4261091
4261114
4261162
4261195
4261236
4261267
4261289
4261290
4261341
4261359
4261364
4261405
4261418
4261420
4261443
4261484
4261516
4261529
4261531
4261565
4261573
4261628
4261644
4261672
4261699
4261769
4261797
4261801
4261826
4261906
4261912
4261921
4261933
4261968
4261985
4261994
4262040
4262086
4262109
4262117
4262124
4262138
4262215
4262223
4262230
4262241
4262264
4262288
4262303
4262311
4262336
4262374
4262390
4262419
4262434
4262442
4262528
4262544
4262561
4262572
4262583
4262629
4262650
4262673
4262682
4262698
4262721
4262749
4262757
4262818
4262900
4262925
4263001
4263034
4263042
4263060
4263078
4263147
4263150
4263198
4263213
4263225
4263297
4263305
4263318
4263351
4263408
4263427
4263439
4263471
4263495
4263506
4263512
4263570
4263617
4263624
4263680
4263707
4263772
4263783
4263799
4263811
4263845
4263889
4263890
4263915
4263923
4263941
4263964
4263988
4263996
4264012
4264068
4264070
4264085
4264094
4264103
4264111
4264122
4264158
4264189
4264208
4264239
4264240
4264286
4264295
4264344
4264361
4264372
4264399
4264400
4264413
4264448
4264454
4264469
4264476
4264481
4264519
4264542
4264587
4264593
4264615
4264641
4264664
4264677
4264705
4264718
4264804
4264829
4264865
4264898
4264924
4264946
4264975
4264980
4265005
4265018
4265020
4265037
4265079
4265084
4265107
4265110
4265128
4265135
4265156
4265161
4265172
4265233
4265257
4265268
4265285
4265301
4265342
4265378
4265417
4265463
4265491
4265500
4265548
4265569
4265581
4265627
4265662
4265671
4265716
4265729
4265747
4265765
4265782
4265802
4265823
4265830
4265841
4265859
4265877
4265888
4265903
4265922
4265974
4266004
4266031
4266047
4266050
4266082
4266098
4266101
4266126
4266325
4266354
4266369
4266403
4266411
4266436
4266445
4266467
4266489
4266490
4266524
4266538
4266552
4266591
4266606
4266621
4266715
4266759
4266764
4266777
4266788
4266839
4266871
4266935
4266972
4266983
4267032
4267054
4267081
4267097
4267102
4267115
4267209
4267224
4267238
4267246
4267252
4267263
4267280
4267291
4267304
4267316
4267329
4267331
4267347
4267373
4267382
4267398
4267412
4267433
4267449
4267457
4267470
4267505
4267518
4267543
4267551
4267566
4267611
4267658
4267690
4267742
4267755
4267760
4267778
4267828
4267861
4267872
4267883
4267899
4267908
4267953
4267971
4267986
4268002
4268015
4268023
4268077
4268096
4268100
4268113
4268125
4268148
4268154
4268169
4268176
4268181
4268197
4268216
4268231
4268247
4268250
4268282
4268298
4268317
4268375
4268380
4268428
4268456
4268472
4268483
4268558
4268589
4268590
4268605
4268618
4268666
4268684
4268727
4268739
4268740
4268753
4268771
4268786
4268806
4268821
4268849
4268868
4268901
4268919
4268926
4268955
4268960
4268987
4268993
4269035
4269137
4269143
4269166
4269179
4269242
4269255
4269278
4269287
4269312
4269333
4269385
4269394
4269415
4269430
4269441
4269459
4269477
4269488
4269496
4269553
4269571
4269632
4269676
4269711
4269722
4269767
4269789
4269846
4269852
4269863
4269875
4269880
4269929
4269998
4270041
4270088
4270113
4270148
4270197
4270204
4270250
4270265
4270273
4270298
4270309
4270317
4270324
4270363
4270375
4270391
4270410
4270428
4270435
4270444
4270461
4270483
4270503
4270511
4270522
4270558
4270567
4270589
4270590
4270605
4270618
4270643
4270692
4270708
4270739
4270771
4270795
4270806
4270812
4270849
4270857
4270870
4270901
4270919
4270934
4270978
4270993
4271008
4271014
4271086
4271124
4271138
4271191
4271215
4271259
4271264
4271288
4271336
4271358
4271374
4271389
4271419
4271442
4271478
4271507
4271556
4271561
4271583
4271599
4271629
4271647
4271650
4271682
4271712
4271768
4271794
4271805
4271837
4271843
4271892
4271925
4271932
4271948
4271981
4272009
4272024
4272038
4272063
4272075
4272108
4272139
4272203
4272211
4272222
4272258
4272267
4272302
4272315
4272323
4272341
4272359
4272364
4272388
4272396
4272420
4272437
4272492
4272529
4272531
4272565
4272582
4272607
4272610
4272644
4272656
4272699
4272700
4272713
4272725
4272855
4272906
4272921
4272949
4272957
4272970
4273043
4273084
4273128
4273144
4273183
4273199
4273221
4273301
4273342
4273378
4273387
4273452
4273463
4273491
4273500
4273554
4273569
4273581
4273597
4273704
4273716
4273729
4273747
4273773
4273782
4273798
4273802
4273823
4273830
4273841
4273877
4273888
4273896
4273903
4273911
4273936
4273958
4273974
4274000
4274054
4274097
4274123
4274164
4274177
4274209
4274217
4274224
4274246
4274252
4274275
4274304
4274316
4274331
4274347
4274373
4274406
4274412
4274433
4274449
4274457
4274470
4274485
4274505
4274551
4274579
4274584
4274603
4274611
4274622
4274636
4274658
4274689
4274719
4274810
4274828
4274835
4274861
4274872
4274914
4274939
4274953
4274962
4274971
4275001
4275034
4275055
4275060
4275129
4275147
4275165
4275182
4275225
4275232
4275248
4275254
4275269
4275281
4275320
4275337
4275351
4275453
4275462
4275471
4275506
4275568
4275585
4275609
4275646
4275663
4275707
4275735
4275761
4275783
4275822
4275845
4275858
4275874
4275890
4275915
4275930
4275941
4275964
4275977
4276007
4276010
4276044
4276105
4276118
4276137
4276219
4276242
4276278
4276312
4276333
4276370
4276459
4276488
4276508
4276514
4276539
4276540
4276553
4276600
4276613
4276669
4276697
4276703
4276745
4276767
4276789
4276790
4276846
4276863
4276880
4276891
4276947
4276965
4276973
4276982
4277033
4277057
4277068
4277103
4277111
4277122
4277174
4277262
4277307
4277310
4277328
4277335
4277361
4277372
4277383
4277399
4277400
4277425
4277448
4277454
4277469
4277481
4277497
4277526
4277534
4277542
4277555
4277615
4277659
4277677
4277720
4277743
4277766
4277779
4277784
4277804
4277831
4277865
4277882
4277898
4277909
4277917
4277924
4277952
4277975
4278003
4278011
4278022
4278058
4278067
4278074
4278089
4278090
4278106
4278121
4278133
4278157
4278185
4278194
4278210
4278244
4278256
4278272
4278308
4278314
4278327
4278340
4278362
4278386
4278429
4278465
4278482
4278498
4278564
4278577
4278596
4278626
4278642
4278655
4278660
4278752
4278763
4278825
4278832
4278876
4278881
4278920
4278943
4278966
4278992
4279016
4279029
4279047
4279098
4279101
4279119
4279134
4279178
4279193
4279220
4279243
4279251
4279266
4279284
4279354
4279369
4279381
4279403
4279458
4279467
4279490
4279517
4279552
4279563
4279685
4279730
4279777
4279814
4279907
4279910
4279935
4280005
4280037
4280110
4280128
4280156
4280199
4280221
4280233
4280257
4280268
4280294
4280319
4280334
4280342
4280355
4280378
4280387
4280409
4280424
4280446
4280480
4280513
4280532
4280576
4280653
4280704
4280716
4280729
4280731
4280773
4280798
4280888
4280911
4280945
4280967
4280974
4281016
4281031
4281073
4281134
4281142
4281155
4281266
4281292
4281325
4281422
4281489
4281509
4281524
4281563
4281575
4281649
4281657
4281670
4281685
4281702
4281715
4281723
4281741
4281759
4281777
4281808
4281862
4281895
4281944
4281999
4282078
4282087
4282104
4282116
4282147
4282150
4282165
4282182
4282198
4282200
4282213
4282254
4282276
4282281
4282305
4282318
4282343
4282351
4282366
4282379
4282440
4282453
4282462
4282506
4282512
4282533
4282549
4282557
4282570
4282638
4282663
4282675
4282707
4282710
4282735
4282756
4282761
4282858
4282867
4282889
4282923
4282930
4282964
4282988
4282996
4283014
4283039
4283040
4283053
4283095
4283117
4283138
4283146
4283163
4283191
4283202
4283215
4283230
4283259
4283277
4283345
4283367
4283389
4283419
4283434
4283442
4283487
4283493
4283507
4283535
4283583
4283599
4283673
4283785
4283818
4283820
4283837
4283866
4283892
4283976
4283981
4283997
4284044
4284061
4284072
4284099
4284105
4284118
4284120
4284137
4284151
4284166
4284192
4284242
4284260
4284287
4284306
4284368
4284394
4284415
4284423
4284430
4284477
4284496
4284514
4284562
4284595
4284625
4284632
4284648
4284654
4284676
4284722
4284767
4284809
4284817
4284838
4284863
4284950
4284982
4284998
4285011
4285074
4285149
4285170
4285185
4285207
4285235
4285244
4285256
4285299
4285327
4285339
4285340
4285353
4285371
4285395
4285450
4285465
4285498
4285523
4285541
4285559
4285619
4285626
4285634
4285642
4285693
4285738
4285752
4285763
4285791
4285813
4285848
4285897
4285918
4285937
4285943
4285979
4285992
4286024
4286046
4286080
4286108
4286127
4286140
4286236
4286258
4286290
4286302
4286315
4286388
4286396
4286405
4286418
4286504
4286516
4286529
4286550
4286565
4286582
4286607
4286610
4286644
4286661
4286713
4286725
4286748
4286776
4286801
4286819
4286826
4286842
4286893
4286912
4286985
4286994
4287023
4287100
4287113
4287148
4287154
4287181
4287229
4287250
4287265
4287298
4287309
4287324
4287428
4287444
4287456
4287461
4287499
4287545
4287558
4287574
4287589
4287605
4287666
4287708
4287714
4287795
4287833
4287849
4287870
4287919
4287926
4287960
4287987
4288013
4288025
4288032
4288069
4288102
4288115
4288123
4288130
4288159
4288177
4288252
4288263
4288280
4288291
4288331
4288350
4288373
4288382
4288433
4288449
4288468
4288485
4288494
4288505
4288537
4288551
4288592
4288622
4288690
4288726
4288734
4288778
4288810
4288828
4288899
4288914
4288927
4288940
4288971
4289006
4289049
4289068
4289070
4289111
4289167
4289190
4289208
4289214
4289286
4289295
4289328
4289335
4289400
4289448
4289469
4289481
4289497
4289501
4289519
4289555
4289593
4289602
4289623
4289641
4289659
4289677
4289688
4289696
4289705
4289737
4289743
4289779
4289784
4289792
4289816
4289831
4289850
4289865
4289873
4289882
4289909
4289917
4289938
4289952
4289963
4289975
4290008
4290014
4290039
4290053
4290086
4290095
4290124
4290146
4290152
4290175
4290180
4290223
4290264
4290277
4290288
4290345
4290358
4290442
4290510
4290544
4290572
4290583
4290616
4290629
4290631
4290647
4290698
4290712
4290733
4290749
4290757
4290820
4290837
4290843
4290851
4290879
4290913
4290932
4290954
4290969
4290981
4290997
4291006
4291049
4291057
4291085
4291103
4291136
4291158
4291167
4291189
4291208
4291214
4291227
4291240
4291310
4291356
4291372
4291383
4291399
4291413
4291432
4291448
4291469
4291481
4291497
4291519
4291542
4291555
4291623
4291677
4291688
4291718
4291737
4291743
4291873
4291882
4291898
4291909
4291917
4291946
4291952
4291980
4291991
4292036
4292045
4292058
4292074
4292112
4292149
4292194
4292210
4292256
4292272
4292314
4292327
4292339
4292340
4292416
4292429
4292431
4292450
4292473
4292498
4292515
4292530
4292564
4292596
4292601
4292619
4292626
4292693
4292717
4292724
4292752
4292763
4292780
4292813
4292825
4292832
4292848
4292854
4292876
4292881
4292905
4292937
4292992
4293029
4293065
4293098
4293101
4293134
4293155
4293178
4293205
4293218
4293220
4293237
4293243
4293251
4293279
4293292
4293325
4293369
4293376
4293422
4293467
4293489
4293490
4293509
4293517
4293524
4293612
4293657
4293788
4293808
4293814
4293827
4293853
4293871
4293895
4293907
4293928
4293956
4293999
4294024
4294038
4294063
4294075
4294139
4294140
4294153
4294162
4294203
4294211
4294222
4294267
4294274
4294289
4294290
4294323
4294359
4294396
4294405
4294479
4294492
4294504
4294529
4294547
4294550
4294565
4294573
4294713
4294725
4294748
4294776
4294801
4294826
4294842
4294860
4294878
4294887
4294957
4295013
4295025
4295081
4295141
4295164
4295177
4295188
4295196
4295224
4295246
4295365
4295373
4295406
4295421
4295468
4295470
4295518
4295520
4295551
4295592
4295611
4295645
4295667
4295674
4295701
4295719
4295734
4295778
4295861
4295914
4295927
4295939
4295962
4295971
4295995
4296001
4296019
4296026
4296034
4296055
4296093
4296104
4296131
4296147
4296150
4296165
4296198
4296225
4296269
4296281
4296343
4296351
4296392
4296414
4296427
4296439
4296453
4296462
4296471
4296506
4296512
4296533
4296549
4296557
4296609
4296617
4296624
4296646
4296691
4296710
4296744
4296761
4296811
4296874
4296923
4296964
4297051
4297092
4297128
4297144
4297221
4297233
4297257
4297268
4297294
4297319
4297326
4297360
4297387
4297393
4297409
4297417
4297424
4297438
4297446
4297475
4297480
4297491
4297525
4297532
4297608
4297640
4297653
4297671
4297704
4297731
4297750
4297773
4297782
4297802
4297830
4297841
4297864
4297877
4297888
4297903
4297922
4297990
4298007
4298044
4298061
4298083
4298099
4298118
4298120
4298137
4298192
4298201
4298219
4298234
4298255
4298278
4298287
4298321
4298357
4298368
4298385
4298402
4298441
4298477
4298514
4298539
4298595
4298632
4298676
4298697
4298703
4298722
4298736
4298758
4298789
4298824
4298846
4298852
4298929
4298947
4298982
4298998
4299015
4299030
4299148
4299197
4299204
4299247
4299265
4299273
4299309
4299324
4299346
4299352
4299391
4299428
4299435
4299456
4299472
4299483
4299503
4299511
4299589
4299590
4299605
4299618
4299643
4299714
4299739
4299740
4299786
4299795
4299821
4299849
4299868
4299870
4299885
4299894
4299901
4299926
4299978
