5001074
5001738
5004662
5004841
5007108
5009269
5009663
5009959
5011861
5013464
5015189
5017087
5018332
5019106
5019559
5019619
5022588
5022951
5023928
5027841
5028120
5030928
5033262
5037733
5038162
5039360
5040971
5041276
5043003
5043207
5043660
5043979
5047982
5048491
5051195
5052892
5055319
5056126
5056193
5056381
5057689
5060087
5060147
5060811
5061226
5061613
5061767
5062079
5062417
5063834
5064422
5066071
5070021
5071525
5071608
5072916
5073503
5073806
5074371
5074791
5074876
5075052
5075341
5076622
5077313
5078836
5079712
5083967
5084470
5085675
5086562
5087534
5088920
5089029
5090922
5092337
5093629
5093805
5094312
5094430
5094838
5095447
5095642
5096075
5098505
5099975
