5000035
5000044
5000083
5000099
5000151
5000192
5000201
5000219
5000226
5000260
5000278
5000293
5000333
5000357
5000368
5000370
5000402
5000415
5000464
5000477
5000508
5000539
5000540
5000553
5000562
5000586
5000595
5000625
5000632
5000676
5000697
5000703
5000722
5000745
5000758
5000789
5000790
5000809
5000817
5000838
5000852
5000875
5000929
5000931
5000950
5000973
5000982
5001003
5001045
5001067
5001074
5001090
5001106
5001112
5001121
5001157
5001170
5001185
5001210
5001244
5001256
5001299
5001308
5001327
5001362
5001404
5001416
5001431
5001465
5001523
5001530
5001564
5001588
5001619
5001642
5001655
5001693
5001709
5001717
5001738
5001746
5001791
5001813
5001832
5001848
5001943
5001951
5001979
5001984
5002006
5002012
5002070
5002085
5002094
5002103
5002111
5002122
5002136
5002167
5002189
5002208
5002253
5002262
5002307
5002344
5002372
5002383
5002399
5002400
5002413
5002425
5002432
5002519
5002526
5002534
5002555
5002560
5002587
5002602
5002615
5002623
5002630
5002641
5002664
5002677
5002696
5002705
5002718
5002720
5002737
5002743
5002766
5002779
5002804
5002816
5002850
5002909
5002917
5002924
5002963
5002991
5003000
5003013
5003025
5003032
5003076
5003097
5003123
5003130
5003141
5003188
5003217
5003252
5003275
5003280
5003291
5003350
5003382
5003406
5003433
5003449
5003457
5003470
5003485
5003494
5003518
5003537
5003566
5003579
5003603
5003611
5003622
5003636
5003645
5003658
5003674
5003690
5003701
5003726
5003734
5003742
5003755
5003760
5003778
5003883
5003914
5003940
5003995
5004005
5004018
5004051
5004092
5004107
5004110
5004128
5004144
5004161
5004206
5004212
5004221
5004233
5004249
5004285
5004294
5004334
5004342
5004360
5004446
5004480
5004491
5004500
5004513
5004532
5004576
5004597
5004608
5004639
5004640
5004662
5004695
5004704
5004731
5004750
5004782
5004802
5004823
5004830
5004841
5004859
5004877
5004896
5004903
5004936
5004945
5004958
5004967
5004974
5005016
5005031
5005047
5005050
5005065
5005098
5005119
5005142
5005155
5005160
5005178
5005187
5005237
5005251
5005300
5005313
5005332
5005348
5005369
5005381
5005403
5005411
5005422
5005445
5005467
5005474
5005490
5005546
5005580
5005606
5005612
5005621
5005649
5005685
5005723
5005777
5005814
5005839
5005840
5005871
5005895
5005907
5005910
5005928
5005935
5005956
5005961
5005983
5005999
5006002
5006023
5006059
5006064
5006088
5006169
5006181
5006204
5006216
5006229
5006231
5006247
5006250
5006265
5006309
5006317
5006338
5006346
5006352
5006375
5006380
5006407
5006428
5006435
5006444
5006456
5006472
5006499
5006503
5006511
5006522
5006567
5006589
5006590
5006605
5006618
5006620
5006637
5006643
5006684
5006714
5006727
5006753
5006771
5006786
5006795
5006806
5006857
5006870
5006894
5006901
5006919
5006934
5006987
5006993
5007009
5007017
5007046
5007052
5007108
5007139
5007140
5007162
5007171
5007236
5007245
5007289
5007315
5007323
5007341
5007364
5007388
5007420
5007479
5007484
5007492
5007504
5007529
5007573
5007582
5007628
5007635
5007644
5007672
5007683
5007699
5007713
5007748
5007797
5007801
5007826
5007834
5007842
5007878
5007887
5007893
5007906
5007912
5007933
5007957
5007968
5007970
5007985
5007994
5008027
5008039
5008062
5008071
5008086
5008109
5008124
5008175
5008180
5008230
5008296
5008303
5008336
5008345
5008389
5008390
5008434
5008460
5008487
5008507
5008561
5008572
5008599
5008616
5008629
5008631
5008665
5008673
5008682
5008698
5008706
5008721
5008733
5008749
5008757
5008785
5008805
5008820
5008851
5008900
5008913
5008925
5008954
5008976
5008981
5008997
5009001
5009042
5009087
5009093
5009104
5009116
5009129
5009131
5009147
5009150
5009165
5009173
5009182
5009198
5009200
5009213
5009225
5009248
5009254
5009269
5009318
5009320
5009337
5009343
5009351
5009392
5009408
5009427
5009440
5009453
5009462
5009495
5009506
5009512
5009521
5009533
5009557
5009570
5009585
5009609
5009624
5009638
5009646
5009652
5009663
5009675
5009680
5009691
5009707
5009710
5009735
5009744
5009783
5009799
5009803
5009822
5009867
5009889
5009902
5009915
5009930
5009959
5009964
5009977
5009988
5009996
5010009
5010017
5010024
5010046
5010052
5010114
5010139
5010140
5010186
5010195
5010211
5010222
5010236
5010258
5010274
5010289
5010302
5010315
5010323
5010341
5010377
5010388
5010437
5010443
5010466
5010484
5010516
5010547
5010550
5010565
5010582
5010598
5010610
5010635
5010656
5010661
5010672
5010683
5010699
5010700
5010725
5010732
5010748
5010754
5010797
5010855
5010878
5010912
5010921
5010968
5010985
5011013
5011054
5011102
5011115
5011123
5011141
5011159
5011164
5011209
5011246
5011280
5011291
5011316
5011329
5011347
5011350
5011365
5011373
5011382
5011406
5011421
5011433
5011449
5011457
5011468
5011485
5011494
5011518
5011537
5011543
5011584
5011611
5011622
5011636
5011645
5011667
5011674
5011701
5011726
5011742
5011793
5011810
5011828
5011844
5011861
5011872
5011883
5011899
5011927
5011962
5011971
5011995
5012015
5012023
5012041
5012059
5012077
5012088
5012100
5012113
5012132
5012181
5012216
5012231
5012265
5012273
5012338
5012346
5012352
5012375
5012407
5012428
5012444
5012483
5012503
5012522
5012574
5012589
5012618
5012637
5012643
5012684
5012708
5012727
5012739
5012762
5012786
5012806
5012833
5012849
5012857
5012870
5012885
5012919
5012942
5012978
5013010
5013035
5013061
5013072
5013099
5013105
5013143
5013151
5013166
5013179
5013219
5013226
5013242
5013287
5013306
5013312
5013321
5013333
5013349
5013357
5013368
5013370
5013385
5013430
5013459
5013464
5013477
5013508
5013514
5013540
5013562
5013600
5013613
5013625
5013632
5013648
5013669
5013697
5013703
5013711
5013736
5013745
5013758
5013774
5013790
5013809
5013817
5013824
5013838
5013846
5013891
5013929
5013947
5013950
5013965
5013982
5013998
5014109
5014117
5014138
5014146
5014180
5014191
5014215
5014264
5014288
5014296
5014303
5014311
5014322
5014336
5014345
5014374
5014389
5014401
5014419
5014434
5014478
5014493
5014507
5014510
5014528
5014544
5014561
5014583
5014616
5014629
5014665
5014673
5014682
5014712
5014757
5014768
5014770
5014785
5014794
5014818
5014843
5014866
5014879
5014884
5014913
5014925
5014932
5014969
5014981
5015006
5015012
5015021
5015033
5015049
5015057
5015068
5015070
5015085
5015111
5015174
5015189
5015227
5015240
5015253
5015271
5015286
5015295
5015307
5015328
5015344
5015413
5015448
5015476
5015481
5015497
5015519
5015555
5015587
5015602
5015615
5015659
5015664
5015696
5015737
5015743
5015751
5015779
5015784
5015804
5015816
5015831
5015865
5015873
5015882
5015917
5015924
5015938
5015946
5015952
5015963
5015975
5015991
5016005
5016018
5016020
5016037
5016043
5016079
5016092
5016110
5016135
5016156
5016172
5016233
5016257
5016270
5016301
5016319
5016326
5016334
5016378
5016387
5016417
5016424
5016438
5016446
5016480
5016500
5016532
5016569
5016576
5016597
5016662
5016695
5016704
5016729
5016773
5016782
5016802
5016815
5016841
5016859
5016864
5016888
5016911
5016936
5016945
5016989
5017055
5017060
5017087
5017093
5017129
5017131
5017147
5017150
5017173
5017200
5017225
5017248
5017254
5017337
5017343
5017366
5017384
5017392
5017408
5017439
5017471
5017486
5017533
5017568
5017570
5017585
5017609
5017638
5017663
5017691
5017761
5017783
5017799
5017822
5017845
5017858
5017867
5017889
5017902
5017930
5017988
5017996
5018016
5018029
5018031
5018047
5018050
5018065
5018082
5018119
5018126
5018160
5018193
5018205
5018218
5018237
5018243
5018251
5018292
5018300
5018325
5018332
5018369
5018397
5018422
5018436
5018445
5018458
5018467
5018474
5018490
5018517
5018524
5018552
5018563
5018580
5018612
5018621
5018668
5018670
5018694
5018723
5018730
5018764
5018777
5018814
5018839
5018840
5018853
5018862
5018886
5018895
5018910
5018935
5018972
5019011
5019036
5019045
5019058
5019089
5019090
5019106
5019121
5019168
5019170
5019194
5019210
5019228
5019244
5019272
5019308
5019314
5019327
5019339
5019340
5019362
5019386
5019395
5019404
5019416
5019429
5019465
5019473
5019482
5019498
5019515
5019530
5019541
5019559
5019564
5019577
5019596
5019619
5019634
5019642
5019655
5019660
5019717
5019763
5019780
5019791
5019800
5019813
5019825
5019854
5019897
5019918
5019920
5019937
5019943
5019951
5019979
5019992
5020008
5020014
5020027
5020039
5020062
5020071
5020086
5020095
5020109
5020117
5020124
5020138
5020146
5020152
5020163
5020180
5020202
5020215
5020223
5020241
5020264
5020288
5020296
5020303
5020336
5020358
5020401
5020419
5020442
5020455
5020507
5020510
5020528
5020556
5020561
5020572
5020583
5020616
5020647
5020650
5020665
5020673
5020698
5020721
5020733
5020749
5020770
5020785
5020794
5020818
5020820
5020837
5020884
5020900
5020925
5020981
5021012
5021021
5021033
5021049
5021057
5021068
5021085
5021103
5021111
5021122
5021136
5021145
5021189
5021190
5021239
5021240
5021253
5021286
5021310
5021344
5021361
5021383
5021432
5021454
5021469
5021476
5021497
5021519
5021526
5021534
5021555
5021560
5021587
5021602
5021641
5021659
5021664
5021688
5021696
5021705
5021718
5021720
5021743
5021751
5021784
5021792
5021804
5021816
5021829
5021850
5021873
5021917
5021924
5021938
5021946
5021963
5021991
5022003
5022022
5022036
5022067
5022074
5022089
5022121
5022133
5022157
5022168
5022170
5022185
5022194
5022210
5022235
5022244
5022256
5022261
5022314
5022353
5022362
5022371
5022416
5022429
5022431
5022450
5022465
5022482
5022515
5022523
5022530
5022559
5022588
5022619
5022634
5022660
5022746
5022763
5022791
5022825
5022832
5022869
5022876
5022897
5022905
5022937
5022943
5022951
5022966
5022979
5023004
5023031
5023050
5023065
5023073
5023082
5023101
5023126
5023134
5023178
5023187
5023193
5023218
5023220
5023237
5023266
5023279
5023284
5023292
5023313
5023325
5023332
5023348
5023397
5023403
5023422
5023445
5023509
5023546
5023563
5023580
5023591
5023606
5023612
5023649
5023657
5023668
5023670
5023685
5023694
5023715
5023723
5023730
5023777
5023808
5023814
5023853
5023871
5023895
5023907
5023910
5023928
5023961
5023972
5023999
5024017
5024024
5024038
5024046
5024052
5024063
5024075
5024108
5024114
5024127
5024139
5024153
5024186
5024195
5024211
5024267
5024274
5024315
5024341
5024359
5024377
5024388
5024405
5024418
5024479
5024484
5024529
5024547
5024573
5024628
5024635
5024656
5024661
5024683
5024699
5024700
5024713
5024725
5024748
5024754
5024769
5024776
5024781
5024826
5024834
5024842
5024855
5024878
5024893
5024906
5024912
5024921
5024949
5024968
5024970
5025000
5025025
5025032
5025097
5025115
5025123
5025130
5025159
5025164
5025177
5025188
5025196
5025209
5025217
5025224
5025238
5025246
5025252
5025280
5025291
5025304
5025316
5025329
5025347
5025365
5025382
5025398
5025449
5025457
5025470
5025485
5025494
5025505
5025518
5025543
5025566
5025603
5025622
5025636
5025658
5025674
5025689
5025742
5025755
5025778
5025793
5025828
5025856
5025861
5025883
5025908
5025914
5025953
5025962
5026001
5026019
5026026
5026034
5026042
5026055
5026087
5026093
5026116
5026131
5026173
5026182
5026198
5026225
5026254
5026276
5026305
5026337
5026343
5026366
5026379
5026408
5026439
5026440
5026453
5026462
5026471
5026486
5026533
5026549
5026557
5026570
5026617
5026624
5026638
5026663
5026691
5026707
5026728
5026735
5026744
5026756
5026761
5026783
5026811
5026836
5026867
5026874
5026889
5026890
5026902
5026923
5026941
5026964
5026988
5026996
5027018
5027043
5027051
5027066
5027092
5027110
5027135
5027183
5027199
5027206
5027221
5027233
5027257
5027268
5027285
5027294
5027342
5027378
5027409
5027417
5027438
5027452
5027491
5027513
5027532
5027548
5027554
5027576
5027581
5027597
5027608
5027614
5027627
5027639
5027640
5027653
5027662
5027729
5027731
5027773
5027802
5027841
5027864
5027877
5027896
5027903
5027945
5027967
5027974
5027989
5028035
5028044
5028056
5028105
5028120
5028137
5028151
5028166
5028184
5028192
5028201
5028234
5028242
5028255
5028278
5028349
5028368
5028402
5028423
5028441
5028459
5028464
5028488
5028514
5028527
5028553
5028600
5028613
5028625
5028648
5028654
5028697
5028722
5028736
5028745
5028758
5028774
5028789
5028817
5028824
5028863
5028875
5028891
5028904
5028929
5028931
5028947
5028950
5028973
5028982
5029002
5029064
5029077
5029096
5029100
5029132
5029154
5029197
5029204
5029229
5029231
5029250
5029282
5029298
5029324
5029352
5029428
5029456
5029461
5029472
5029503
5029522
5029545
5029574
5029605
5029620
5029666
5029684
5029692
5029714
5029739
5029753
5029762
5029795
5029833
5029849
5029868
5029870
5029885
5029901
5029919
5029926
5029934
5029955
5029960
5030029
5030050
5030098
5030101
5030119
5030187
5030193
5030237
5030284
5030325
5030348
5030354
5030397
5030403
5030422
5030436
5030467
5030490
5030517
5030546
5030580
5030591
5030621
5030649
5030657
5030723
5030730
5030796
5030814
5030839
5030840
5030853
5030871
5030886
5030895
5030907
5030910
5030928
5030944
5030956
5030961
5030983
5030999
5031002
5031015
5031030
5031041
5031059
5031064
5031088
5031096
5031113
5031125
5031148
5031169
5031176
5031197
5031229
5031231
5031247
5031273
5031309
5031324
5031407
5031428
5031435
5031456
5031472
5031503
5031522
5031545
5031558
5031574
5031590
5031605
5031620
5031643
5031651
5031679
5031692
5031714
5031727
5031753
5031762
5031786
5031821
5031833
5031849
5031857
5031894
5031901
5031919
5031926
5031942
5031955
5031960
5031978
5032000
5032013
5032054
5032069
5032076
5032081
5032115
5032123
5032159
5032164
5032188
5032217
5032224
5032252
5032263
5032291
5032304
5032316
5032329
5032347
5032373
5032433
5032457
5032468
5032485
5032505
5032518
5032520
5032537
5032543
5032584
5032622
5032636
5032667
5032690
5032701
5032719
5032726
5032755
5032760
5032778
5032787
5032793
5032810
5032828
5032835
5032844
5032856
5032861
5032899
5032927
5032962
5032986
5032995
5033006
5033021
5033049
5033068
5033085
5033103
5033189
5033227
5033239
5033240
5033253
5033262
5033295
5033310
5033328
5033361
5033383
5033399
5033400
5033413
5033448
5033469
5033476
5033497
5033519
5033526
5033534
5033555
5033578
5033587
5033602
5033615
5033641
5033664
5033688
5033696
5033705
5033743
5033751
5033784
5033792
5033829
5033831
5033847
5033850
5033882
5033909
5033917
5033938
5033946
5033963
5033991
5034019
5034093
5034116
5034129
5034147
5034173
5034232
5034248
5034269
5034281
5034305
5034318
5034320
5034337
5034384
5034392
5034414
5034453
5034471
5034495
5034506
5034512
5034521
5034533
5034549
5034568
5034585
5034594
5034609
5034624
5034663
5034675
5034680
5034691
5034707
5034728
5034761
5034783
5034845
5034858
5034867
5034890
5034915
5034923
5035007
5035010
5035028
5035099
5035120
5035137
5035151
5035166
5035179
5035192
5035226
5035278
5035306
5035312
5035394
5035441
5035464
5035477
5035508
5035527
5035539
5035540
5035613
5035648
5035654
5035669
5035681
5035697
5035722
5035745
5035774
5035790
5035809
5035817
5035824
5035846
5035852
5035863
5035875
5035880
5035929
5035931
5035947
5035965
5035973
5036011
5036045
5036058
5036074
5036112
5036133
5036149
5036157
5036170
5036185
5036207
5036228
5036244
5036272
5036283
5036299
5036339
5036340
5036362
5036371
5036431
5036447
5036450
5036465
5036482
5036530
5036588
5036596
5036619
5036642
5036660
5036687
5036709
5036746
5036775
5036800
5036813
5036825
5036832
5036848
5036876
5036881
5036897
5036920
5036943
5036979
5037027
5037040
5037053
5037086
5037095
5037109
5037124
5037146
5037175
5037180
5037202
5037215
5037230
5037241
5037259
5037264
5037288
5037311
5037336
5037367
5037389
5037401
5037419
5037426
5037507
5037528
5037535
5037556
5037561
5037572
5037583
5037599
5037629
5037673
5037698
5037721
5037733
5037749
5037757
5037770
5037805
5037843
5037851
5037866
5037879
5037900
5037969
5038009
5038017
5038038
5038063
5038075
5038080
5038091
5038108
5038114
5038139
5038140
5038153
5038162
5038171
5038195
5038203
5038211
5038245
5038267
5038289
5038290
5038323
5038341
5038359
5038377
5038396
5038405
5038418
5038420
5038443
5038451
5038479
5038484
5038547
5038635
5038644
5038661
5038700
5038725
5038732
5038748
5038754
5038769
5038776
5038781
5038797
5038826
5038860
5038878
5038887
5038893
5038912
5038968
5038970
5038994
5039005
5039020
5039037
5039051
5039066
5039079
5039084
5039092
5039107
5039110
5039161
5039183
5039199
5039212
5039257
5039294
5039360
5039378
5039387
5039409
5039417
5039438
5039463
5039491
5039532
5039569
5039576
5039581
5039614
5039639
5039640
5039716
5039729
5039773
5039802
5039815
5039823
5039830
5039841
5039945
5039958
5039967
5039989
5040032
5040048
5040081
5040115
5040123
5040164
5040177
5040246
5040280
5040291
5040331
5040382
5040398
5040412
5040421
5040457
5040505
5040518
5040520
5040579
5040584
5040592
5040603
5040611
5040645
5040674
5040689
5040701
5040755
5040778
5040787
5040793
5040810
5040835
5040856
5040861
5040908
5040927
5040939
5040953
5040971
5040986
5041019
5041042
5041055
5041060
5041104
5041116
5041129
5041147
5041150
5041173
5041182
5041225
5041269
5041276
5041297
5041318
5041337
5041351
5041366
5041392
5041414
5041427
5041439
5041440
5041453
5041471
5041506
5041533
5041549
5041557
5041594
5041617
5041624
5041638
5041652
5041675
5041680
5041710
5041728
5041735
5041744
5041772
5041811
5041822
5041858
5041889
5041902
5041915
5041923
5041941
5041964
5041977
5041988
5041996
5042004
5042016
5042029
5042082
5042126
5042134
5042155
5042160
5042178
5042187
5042237
5042251
5042279
5042313
5042348
5042354
5042369
5042397
5042411
5042436
5042458
5042467
5042489
5042509
5042538
5042546
5042563
5042580
5042591
5042606
5042612
5042621
5042649
5042657
5042685
5042694
5042702
5042715
5042723
5042741
5042777
5042796
5042853
5042862
5042871
5042886
5042944
5042983
5042999
5043003
5043011
5043022
5043036
5043045
5043058
5043067
5043074
5043106
5043112
5043133
5043157
5043168
5043170
5043185
5043194
5043207
5043235
5043261
5043283
5043299
5043339
5043340
5043362
5043371
5043386
5043395
5043404
5043416
5043431
5043450
5043465
5043473
5043482
5043498
5043541
5043577
5043596
5043619
5043626
5043634
5043642
5043660
5043687
5043693
5043709
5043738
5043746
5043763
5043775
5043780
5043813
5043848
5043854
5043881
5043918
5043951
5043966
5043979
5043984
5043992
5044002
5044015
5044023
5044030
5044041
5044064
5044077
5044088
5044100
5044125
5044132
5044154
5044169
5044197
5044229
5044231
5044250
5044273
5044298
5044346
5044410
5044435
5044456
5044472
5044503
5044511
5044522
5044536
5044567
5044574
5044589
5044590
5044618
5044620
5044637
5044684
5044692
5044708
5044714
5044727
5044740
5044771
5044786
5044812
5044849
5044857
5044868
5044894
5044919
5044934
5044978
5044987
5044993
5045008
5045027
5045071
5045086
5045124
5045163
5045175
5045180
5045215
5045223
5045230
5045259
5045296
5045303
5045311
5045322
5045345
5045389
5045426
5045434
5045460
5045478
5045493
5045507
5045510
5045528
5045544
5045556
5045599
5045629
5045647
5045650
5045665
5045673
5045682
5045698
5045712
5045721
5045733
5045757
5045770
5045794
5045843
5045866
5045884
5045892
5045900
5045954
5045969
5045981
5045997
5046021
5046033
5046049
5046057
5046068
5046070
5046085
5046094
5046103
5046111
5046122
5046136
5046174
5046189
5046190
5046214
5046239
5046240
5046262
5046271
5046328
5046344
5046361
5046372
5046383
5046399
5046400
5046448
5046454
5046476
5046501
5046519
5046534
5046542
5046587
5046623
5046659
5046664
5046688
5046705
5046737
5046779
5046784
5046804
5046829
5046850
5046865
5046873
5046898
5046909
5046917
5046938
5046946
5046975
5047007
5047010
5047035
5047056
5047061
5047072
5047083
5047099
5047118
5047151
5047166
5047179
5047192
5047201
5047226
5047234
5047242
5047278
5047287
5047293
5047306
5047333
5047357
5047370
5047385
5047394
5047402
5047415
5047423
5047441
5047464
5047508
5047514
5047540
5047553
5047562
5047586
5047600
5047625
5047669
5047676
5047681
5047711
5047736
5047745
5047758
5047774
5047809
5047817
5047852
5047863
5047875
5047931
5047950
5047973
5047982
5047998
5048005
5048020
5048066
5048084
5048135
5048183
5048199
5048212
5048249
5048294
5048334
5048360
5048393
5048409
5048438
5048446
5048491
5048500
5048525
5048532
5048548
5048608
5048614
5048627
5048653
5048662
5048695
5048704
5048747
5048773
5048798
5048802
5048815
5048823
5048830
5048841
5048896
5048922
5048945
5048967
5049009
5049017
5049024
5049038
5049052
5049140
5049153
5049186
5049195
5049211
5049258
5049267
5049274
5049290
5049302
5049341
5049359
5049388
5049405
5049420
5049437
5049516
5049531
5049565
5049573
5049598
5049635
5049644
5049656
5049661
5049683
5049699
5049700
5049713
5049725
5049748
5049754
5049769
5049781
5049797
5049826
5049842
5049887
5049893
5049906
5049912
5049933
5049949
5049968
5049985
5050003
5050022
5050067
5050074
5050089
5050090
5050121
5050157
5050168
5050170
5050194
5050207
5050210
5050228
5050244
5050256
5050272
5050299
5050308
5050314
5050340
5050353
5050362
5050386
5050395
5050404
5050416
5050431
5050447
5050450
5050498
5050502
5050515
5050523
5050530
5050541
5050564
5050577
5050588
5050596
5050601
5050626
5050642
5050660
5050687
5050693
5050709
5050717
5050763
5050775
5050791
5050813
5050825
5050869
5050881
5050897
5050951
5050966
5050984
5051009
5051017
5051052
5051063
5051075
5051080
5051091
5051108
5051114
5051127
5051139
5051140
5051162
5051171
5051195
5051203
5051211
5051236
5051267
5051274
5051323
5051341
5051359
5051388
5051396
5051405
5051420
5051437
5051443
5051466
5051479
5051484
5051492
5051504
5051529
5051565
5051573
5051598
5051628
5051656
5051683
5051725
5051732
5051748
5051776
5051781
5051797
5051801
5051834
5051842
5051878
5051887
5051906
5051957
5051970
5051994
5052014
5052040
5052062
5052109
5052175
5052180
5052202
5052215
5052223
5052241
5052264
5052296
5052303
5052322
5052345
5052358
5052389
5052426
5052434
5052442
5052478
5052487
5052507
5052528
5052535
5052556
5052561
5052572
5052583
5052599
5052604
5052629
5052631
5052647
5052650
5052665
5052706
5052721
5052749
5052768
5052770
5052794
5052805
5052820
5052837
5052843
5052866
5052879
5052884
5052892
5052913
5052925
5052948
5052976
5052997
5053055
5053060
5053078
5053093
5053129
5053131
5053147
5053150
5053173
5053254
5053281
5053318
5053320
5053337
5053343
5053379
5053384
5053392
5053439
5053453
5053471
5053486
5053506
5053609
5053617
5053624
5053646
5053675
5053680
5053710
5053744
5053756
5053761
5053803
5053836
5053858
5053867
5053874
5053889
5053923
5053977
5054006
5054021
5054049
5054068
5054070
5054085
5054094
5054111
5054136
5054214
5054227
5054239
5054240
5054253
5054271
5054286
5054295
5054356
5054372
5054400
5054413
5054497
5054501
5054526
5054578
5054593
5054602
5054623
5054630
5054688
5054737
5054751
5054784
5054804
5054909
5054938
5054946
5054952
5054963
5054975
5055005
5055018
5055037
5055043
5055066
5055092
5055156
5055161
5055206
5055212
5055285
5055294
5055319
5055334
5055355
5055360
5055378
5055417
5055452
5055475
5055480
5055491
5055500
5055513
5055525
5055532
5055548
5055569
5055581
5055608
5055614
5055627
5055695
5055704
5055729
5055747
5055765
5055782
5055815
5055841
5055864
5055922
5055936
5055958
5055989
5056016
5056031
5056082
5056098
5056126
5056134
5056142
5056155
5056160
5056178
5056193
5056205
5056237
5056266
5056284
5056300
5056325
5056332
5056369
5056381
5056397
5056403
5056422
5056436
5056445
5056458
5056474
5056489
5056490
5056552
5056563
5056580
5056621
5056649
5056657
5056668
5056670
5056685
5056702
5056723
5056764
5056808
5056814
5056827
5056839
5056840
5056853
5056886
5056910
5056928
5056935
5056944
5056961
5056972
5056983
5057013
5057032
5057076
5057123
5057159
5057209
5057246
5057291
5057316
5057365
5057398
5057421
5057433
5057470
5057518
5057537
5057566
5057579
5057584
5057592
5057603
5057611
5057622
5057636
5057645
5057658
5057689
5057701
5057719
5057760
5057793
5057883
5057899
5057908
5057914
5057939
5057940
5057962
5057995
5058015
5058030
5058059
5058077
5058088
5058148
5058197
5058204
5058216
5058229
5058231
5058247
5058282
5058324
5058338
5058352
5058407
5058444
5058456
5058461
5058483
5058499
5058511
5058522
5058536
5058545
5058590
5058605
5058620
5058637
5058679
5058684
5058692
5058708
5058727
5058740
5058762
5058786
5058795
5058806
5058821
5058833
5058857
5058870
5058894
5058901
5058919
5058926
5058934
5058955
5058987
5059010
5059028
5059044
5059056
5059061
5059072
5059083
5059118
5059120
5059137
5059151
5059166
5059179
5059184
5059201
5059219
5059255
5059278
5059287
5059293
5059321
5059333
5059402
5059415
5059459
5059477
5059488
5059496
5059540
5059553
5059562
5059571
5059586
5059613
5059669
5059703
5059711
5059736
5059758
5059790
5059809
5059824
5059863
5059880
5059904
5059929
5059931
5059950
5059973
5060001
5060019
5060042
5060055
5060087
5060116
5060129
5060147
5060150
5060173
5060232
5060254
5060276
5060297
5060305
5060343
5060351
5060366
5060392
5060439
5060453
5060462
5060512
5060521
5060549
5060594
5060609
5060617
5060652
5060675
5060680
5060707
5060710
5060728
5060756
5060761
5060783
5060799
5060803
5060811
5060822
5060836
5060874
5060889
5060902
5060915
5060977
5060988
5061007
5061028
5061061
5061072
5061083
5061099
5061105
5061120
5061151
5061166
5061179
5061184
5061192
5061219
5061226
5061278
5061312
5061333
5061349
5061370
5061385
5061402
5061441
5061464
5061477
5061496
5061508
5061540
5061553
5061562
5061586
5061613
5061625
5061632
5061648
5061654
5061669
5061703
5061711
5061722
5061736
5061767
5061789
5061809
5061817
5061838
5061846
5061875
5061880
5061891
5061904
5061916
5061947
5061965
5061973
5062005
5062018
5062020
5062037
5062043
5062051
5062079
5062084
5062092
5062107
5062135
5062161
5062172
5062183
5062206
5062233
5062285
5062294
5062301
5062319
5062334
5062342
5062387
5062393
5062409
5062417
5062446
5062452
5062463
5062500
5062532
5062548
5062569
5062581
5062597
5062653
5062662
5062686
5062695
5062704
5062716
5062731
5062750
5062802
5062823
5062830
5062841
5062864
5062888
5062896
5062903
5062911
5062936
5062945
5062989
5062990
5063009
5063017
5063024
5063046
5063052
5063063
5063075
5063080
5063108
5063127
5063139
5063140
5063153
5063171
5063186
5063195
5063203
5063222
5063245
5063258
5063267
5063274
5063289
5063302
5063359
5063377
5063396
5063405
5063418
5063437
5063443
5063451
5063484
5063492
5063516
5063529
5063547
5063550
5063565
5063582
5063607
5063610
5063656
5063661
5063672
5063699
5063713
5063725
5063732
5063754
5063769
5063776
5063797
5063801
5063819
5063834
5063855
5063887
5063893
5063906
5063912
5063921
5063949
5063970
5064004
5064029
5064073
5064082
5064101
5064126
5064155
5064193
5064220
5064237
5064243
5064251
5064266
5064284
5064292
5064300
5064332
5064348
5064369
5064376
5064381
5064397
5064422
5064436
5064458
5064489
5064538
5064552
5064563
5064575
5064580
5064591
5064606
5064612
5064621
5064633
5064657
5064670
5064694
5064723
5064730
5064759
5064764
5064777
5064788
5064796
5064808
5064827
5064839
5064862
5064895
5064956
5064972
5064983
5064999
5065002
5065015
5065023
5065041
5065059
5065096
5065100
5065113
5065125
5065154
5065204
5065216
5065265
5065273
5065282
5065298
5065346
5065363
5065407
5065428
5065483
5065499
5065503
5065567
5065589
5065620
5065643
5065651
5065714
5065727
5065762
5065771
5065786
5065795
5065812
5065821
5065833
5065857
5065868
5065870
5065885
5065934
5065955
5066008
5066014
5066027
5066039
5066053
5066062
5066071
5066109
5066124
5066146
5066191
5066202
5066230
5066241
5066264
5066288
5066296
5066303
5066336
5066358
5066367
5066390
5066419
5066478
5066493
5066507
5066535
5066544
5066572
5066599
5066604
5066616
5066629
5066665
5066673
5066706
5066712
5066749
5066757
5066768
5066785
5066818
5066820
5066837
5066843
5066925
5066948
5066969
5066981
5067011
5067036
5067045
5067058
5067090
5067112
5067157
5067170
5067185
5067194
5067210
5067235
5067256
5067261
5067283
5067299
5067308
5067314
5067339
5067371
5067386
5067395
5067404
5067429
5067431
5067465
5067473
5067482
5067502
5067523
5067541
5067559
5067577
5067588
5067634
5067642
5067660
5067687
5067693
5067709
5067724
5067746
5067752
5067775
5067791
5067813
5067869
5067881
5067918
5067992
5068006
5068021
5068049
5068103
5068111
5068136
5068167
5068174
5068189
5068190
5068208
5068239
5068240
5068271
5068307
5068356
5068361
5068372
5068383
5068399
5068400
5068425
5068448
5068454
5068469
5068497
5068519
5068526
5068542
5068555
5068587
5068602
5068623
5068641
5068659
5068677
5068688
5068696
5068705
5068720
5068737
5068743
5068751
5068784
5068792
5068804
5068816
5068829
5068831
5068847
5068850
5068873
5068917
5068952
5068963
5068991
5069000
5069054
5069076
5069081
5069097
5069130
5069159
5069177
5069188
5069209
5069238
5069246
5069252
5069280
5069291
5069304
5069316
5069331
5069347
5069350
5069365
5069373
5069382
5069406
5069421
5069433
5069449
5069470
5069494
5069505
5069518
5069537
5069551
5069584
5069611
5069674
5069701
5069734
5069807
5069810
5069835
5069844
5069856
5069883
5069927
5069940
5069953
5069971
5069986
5069995
5070006
5070021
5070033
5070057
5070070
5070094
5070111
5070122
5070145
5070174
5070189
5070190
5070214
5070227
5070239
5070262
5070271
5070295
5070307
5070310
5070328
5070335
5070372
5070383
5070399
5070413
5070425
5070497
5070501
5070542
5070560
5070587
5070602
5070641
5070664
5070677
5070696
5070720
5070766
5070784
5070792
5070816
5070847
5070882
5070898
5070917
5070963
5071037
5071051
5071066
5071092
5071110
5071135
5071144
5071156
5071161
5071206
5071212
5071221
5071233
5071270
5071285
5071301
5071326
5071355
5071378
5071393
5071409
5071438
5071452
5071463
5071480
5071491
5071525
5071532
5071548
5071554
5071576
5071608
5071614
5071627
5071653
5071662
5071686
5071695
5071704
5071747
5071782
5071859
5071888
5071896
5071911
5071922
5071945
5071967
5071974
5071989
5071990
5072007
5072010
5072028
5072035
5072056
5072072
5072105
5072120
5072143
5072166
5072184
5072226
5072234
5072242
5072255
5072260
5072287
5072321
5072333
5072368
5072385
5072394
5072402
5072415
5072423
5072441
5072459
5072477
5072496
5072508
5072514
5072527
5072539
5072540
5072562
5072571
5072586
5072613
5072625
5072632
5072648
5072669
5072697
5072711
5072722
5072767
5072774
5072809
5072817
5072824
5072852
5072863
5072880
5072891
5072904
5072916
5072929
5072931
5072965
5072982
5072998
5073015
5073041
5073059
5073064
5073096
5073154
5073169
5073181
5073197
5073216
5073229
5073247
5073250
5073265
5073282
5073298
5073309
5073363
5073375
5073410
5073428
5073461
5073483
5073499
5073503
5073522
5073536
5073545
5073558
5073567
5073590
5073618
5073666
5073684
5073708
5073714
5073727
5073739
5073762
5073786
5073806
5073812
5073821
5073833
5073857
5073885
5073901
5073919
5073934
5073960
5073978
5074022
5074036
5074045
5074058
5074067
5074106
5074112
5074121
5074133
5074170
5074194
5074210
5074235
5074244
5074256
5074261
5074272
5074299
5074308
5074327
5074362
5074371
5074429
5074431
5074447
5074450
5074465
5074498
5074515
5074523
5074541
5074564
5074588
5074601
5074634
5074642
5074678
5074693
5074717
5074724
5074738
5074746
5074752
5074763
5074780
5074791
5074800
5074813
5074825
5074848
5074876
5074881
5074920
5074951
5074966
5074984
5075009
5075017
5075024
5075046
5075052
5075063
5075091
5075114
5075139
5075140
5075171
5075186
5075222
5075236
5075245
5075258
5075267
5075323
5075330
5075341
5075359
5075388
5075396
5075405
5075418
5075437
5075443
5075479
5075484
5075492
5075504
5075529
5075582
5075598
5075700
5075725
5075748
5075754
5075769
5075801
5075819
5075842
5075855
5075860
5075887
5075893
5075912
5075921
5075933
5075949
5076013
5076025
5076032
5076054
5076081
5076097
5076115
5076123
5076130
5076141
5076164
5076209
5076217
5076246
5076252
5076275
5076280
5076291
5076304
5076316
5076329
5076331
5076347
5076373
5076382
5076398
5076421
5076470
5076485
5076494
5076520
5076543
5076551
5076579
5076592
5076603
5076611
5076622
5076658
5076667
5076674
5076689
5076701
5076742
5076755
5076793
5076807
5076835
5076856
5076861
5076927
5076939
5076940
5076953
5076986
5077016
5077029
5077073
5077082
5077126
5077134
5077142
5077155
5077160
5077178
5077187
5077193
5077243
5077279
5077284
5077292
5077313
5077325
5077369
5077376
5077381
5077403
5077458
5077474
5077489
5077490
5077552
5077575
5077591
5077612
5077657
5077668
5077685
5077694
5077702
5077764
5077777
5077814
5077839
5077840
5077853
5077862
5077886
5077895
5077935
5077944
5077961
5077983
5077999
5078034
5078055
5078087
5078093
5078129
5078147
5078173
5078182
5078200
5078213
5078254
5078276
5078281
5078297
5078318
5078320
5078337
5078343
5078351
5078384
5078408
5078439
5078453
5078462
5078471
5078495
5078512
5078521
5078549
5078557
5078568
5078609
5078617
5078638
5078663
5078675
5078707
5078710
5078735
5078744
5078756
5078761
5078799
5078822
5078836
5078845
5078858
5078867
5078874
5078889
5078930
5078959
5078964
5078977
5078996
5079014
5079040
5079062
5079071
5079086
5079095
5079109
5079180
5079223
5079230
5079241
5079264
5079296
5079311
5079358
5079367
5079389
5079401
5079426
5079434
5079442
5079455
5079478
5079487
5079493
5079528
5079535
5079544
5079561
5079572
5079583
5079616
5079629
5079631
5079650
5079665
5079682
5079712
5079733
5079770
5079785
5079794
5079805
5079820
5079843
5079866
5079884
5079932
5079954
5079976
5080002
5080015
5080023
5080064
5080077
5080088
5080096
5080100
5080148
5080154
5080176
5080181
5080197
5080216
5080229
5080231
5080250
5080273
5080298
5080309
5080324
5080352
5080375
5080380
5080407
5080410
5080435
5080444
5080456
5080461
5080499
5080503
5080511
5080522
5080536
5080545
5080558
5080618
5080643
5080666
5080679
5080727
5080753
5080786
5080795
5080806
5080821
5080857
5080868
5080870
5080885
5080894
5080901
5080934
5080942
5080955
5080960
5080978
5080987
5081008
5081027
5081039
5081040
5081062
5081071
5081086
5081095
5081109
5081117
5081124
5081146
5081152
5081180
5081202
5081215
5081223
5081230
5081259
5081264
5081296
5081311
5081322
5081358
5081367
5081374
5081389
5081390
5081419
5081426
5081434
5081442
5081460
5081478
5081487
5081507
5081528
5081556
5081572
5081629
5081665
5081698
5081721
5081733
5081757
5081768
5081794
5081805
5081818
5081820
5081843
5081851
5081884
5081948
5081969
5081976
5081981
5082009
5082017
5082024
5082063
5082075
5082108
5082127
5082139
5082140
5082153
5082162
5082171
5082186
5082195
5082211
5082245
5082258
5082274
5082290
5082323
5082341
5082364
5082388
5082396
5082420
5082437
5082466
5082479
5082492
5082504
5082531
5082547
5082550
5082565
5082598
5082607
5082610
5082628
5082644
5082656
5082672
5082683
5082699
5082713
5082732
5082754
5082769
5082776
5082819
5082834
5082842
5082855
5082860
5082893
5082912
5082957
5082970
5082994
5083005
5083051
5083079
5083084
5083092
5083107
5083128
5083135
5083144
5083156
5083172
5083199
5083212
5083221
5083270
5083285
5083319
5083326
5083387
5083424
5083452
5083475
5083480
5083500
5083525
5083548
5083554
5083569
5083576
5083597
5083627
5083686
5083704
5083716
5083747
5083750
5083802
5083815
5083830
5083841
5083859
5083896
5083903
5083945
5083967
5083989
5083990
5084013
5084025
5084032
5084048
5084054
5084115
5084130
5084141
5084188
5084196
5084209
5084238
5084246
5084252
5084304
5084329
5084398
5084406
5084421
5084433
5084449
5084470
5084485
5084543
5084551
5084566
5084579
5084622
5084645
5084658
5084690
5084701
5084719
5084734
5084755
5084760
5084778
5084807
5084844
5084872
5084939
5084953
5085026
5085042
5085055
5085060
5085093
5085129
5085131
5085150
5085182
5085198
5085213
5085248
5085254
5085269
5085281
5085320
5085351
5085366
5085379
5085408
5085414
5085439
5085440
5085471
5085486
5085495
5085506
5085521
5085549
5085557
5085568
5085617
5085624
5085646
5085652
5085675
5085707
5085728
5085735
5085783
5085799
5085822
5085836
5085845
5085867
5085915
5085941
5085964
5085977
5085988
5086083
5086105
5086118
5086137
5086143
5086151
5086184
5086192
5086219
5086226
5086234
5086242
5086278
5086293
5086312
5086333
5086349
5086370
5086402
5086415
5086423
5086464
5086488
5086508
5086514
5086527
5086540
5086562
5086595
5086625
5086632
5086648
5086654
5086676
5086711
5086789
5086790
5086817
5086846
5086852
5086863
5086875
5086880
5086891
5086904
5086929
5086947
5086950
5086982
5087006
5087012
5087021
5087068
5087085
5087094
5087111
5087122
5087136
5087174
5087189
5087208
5087227
5087310
5087328
5087344
5087399
5087469
5087476
5087497
5087501
5087519
5087526
5087534
5087542
5087560
5087587
5087602
5087615
5087630
5087641
5087659
5087664
5087688
5087696
5087720
5087737
5087751
5087766
5087779
5087831
5087847
5087865
5087909
5087924
5087946
5087952
5087975
5087991
5088011
5088036
5088058
5088067
5088090
5088106
5088121
5088133
5088149
5088157
5088194
5088207
5088210
5088228
5088235
5088256
5088283
5088308
5088340
5088353
5088371
5088386
5088416
5088431
5088447
5088450
5088465
5088498
5088523
5088559
5088564
5088577
5088619
5088626
5088634
5088642
5088655
5088660
5088678
5088687
5088738
5088746
5088752
5088763
5088775
5088791
5088800
5088832
5088848
5088876
5088897
5088918
5088920
5088943
5088966
5088979
5088984
5088992
5089004
5089016
5089029
5089047
5089050
5089119
5089126
5089134
5089142
5089155
5089193
5089237
5089243
5089279
5089300
5089313
5089332
5089348
5089397
5089411
5089422
5089436
5089458
5089467
5089474
5089489
5089509
5089524
5089538
5089546
5089563
5089575
5089591
5089606
5089621
5089633
5089657
5089668
5089702
5089715
5089723
5089730
5089741
5089764
5089788
5089796
5089808
5089839
5089871
5089886
5089907
5089928
5089935
5089956
5089961
5089972
5089983
5090018
5090037
5090066
5090079
5090110
5090144
5090156
5090172
5090199
5090206
5090212
5090221
5090268
5090270
5090285
5090294
5090301
5090319
5090326
5090342
5090438
5090452
5090463
5090480
5090513
5090548
5090554
5090576
5090581
5090608
5090614
5090627
5090639
5090662
5090671
5090704
5090716
5090729
5090731
5090765
5090798
5090823
5090830
5090859
5090877
5090888
5090896
5090903
5090922
5090945
5090958
5090989
5090990
5091004
5091016
5091031
5091073
5091082
5091101
5091126
5091134
5091160
5091178
5091187
5091220
5091243
5091251
5091284
5091292
5091300
5091332
5091348
5091354
5091376
5091411
5091445
5091474
5091489
5091517
5091524
5091546
5091563
5091580
5091612
5091621
5091633
5091657
5091685
5091702
5091730
5091764
5091788
5091796
5091814
5091827
5091839
5091871
5091886
5091895
5091907
5091928
5091944
5091956
5092001
5092019
5092026
5092034
5092042
5092055
5092060
5092087
5092093
5092131
5092147
5092165
5092182
5092198
5092269
5092276
5092281
5092297
5092318
5092337
5092351
5092379
5092384
5092440
5092462
5092471
5092486
5092506
5092521
5092533
5092549
5092568
5092585
5092624
5092663
5092691
5092707
5092710
5092744
5092756
5092761
5092772
5092783
5092803
5092822
5092836
5092889
5092890
5092902
5092915
5092923
5092964
5092996
5093008
5093027
5093039
5093053
5093071
5093095
5093117
5093124
5093175
5093180
5093191
5093215
5093223
5093230
5093259
5093296
5093303
5093345
5093389
5093390
5093401
5093426
5093442
5093478
5093493
5093507
5093510
5093528
5093535
5093544
5093561
5093572
5093599
5093616
5093629
5093631
5093647
5093698
5093712
5093721
5093749
5093770
5093785
5093794
5093805
5093818
5093820
5093843
5093866
5093879
5093913
5093954
5093969
5093981
5093997
5094010
5094035
5094044
5094056
5094099
5094105
5094120
5094137
5094151
5094166
5094192
5094219
5094226
5094234
5094255
5094260
5094287
5094293
5094306
5094312
5094321
5094333
5094349
5094357
5094368
5094370
5094394
5094402
5094415
5094430
5094441
5094459
5094464
5094477
5094527
5094540
5094562
5094586
5094600
5094625
5094648
5094681
5094697
5094711
5094722
5094736
5094745
5094758
5094774
5094789
5094838
5094846
5094852
5094863
5094875
5094904
5094931
5094950
5094965
5094982
5094998
5095011
5095036
5095045
5095058
5095067
5095074
5095112
5095121
5095149
5095157
5095168
5095170
5095194
5095228
5095235
5095244
5095256
5095283
5095308
5095314
5095339
5095371
5095429
5095447
5095450
5095473
5095498
5095502
5095541
5095564
5095577
5095619
5095642
5095655
5095660
5095678
5095693
5095717
5095763
5095775
5095780
5095791
5095813
5095825
5095832
5095876
5095881
5095905
5095951
5095966
5095984
5095992
5096017
5096024
5096052
5096075
5096139
5096140
5096186
5096195
5096258
5096274
5096290
5096302
5096315
5096341
5096359
5096405
5096418
5096437
5096443
5096451
5096466
5096479
5096484
5096492
5096504
5096516
5096565
5096573
5096607
5096610
5096644
5096656
5096661
5096683
5096699
5096700
5096713
5096732
5096769
5096781
5096797
5096801
5096826
5096855
5096893
5096912
5096921
5096968
5096985
5097002
5097023
5097030
5097041
5097059
5097064
5097088
5097096
5097113
5097125
5097148
5097169
5097176
5097197
5097204
5097216
5097231
5097273
5097282
5097309
5097317
5097324
5097338
5097352
5097363
5097380
5097391
5097407
5097410
5097428
5097435
5097444
5097456
5097483
5097522
5097545
5097558
5097567
5097574
5097589
5097590
5097618
5097620
5097637
5097643
5097651
5097684
5097692
5097727
5097753
5097762
5097771
5097786
5097795
5097806
5097812
5097821
5097868
5097894
5097901
5097955
5097960
5097978
5097987
5098025
5098069
5098076
5098081
5098097
5098115
5098123
5098130
5098159
5098164
5098209
5098224
5098252
5098291
5098304
5098329
5098347
5098350
5098365
5098398
5098433
5098449
5098457
5098468
5098505
5098518
5098520
5098537
5098543
5098566
5098611
5098645
5098667
5098674
5098701
5098719
5098760
5098778
5098787
5098810
5098828
5098835
5098844
5098856
5098883
5098914
5098927
5098940
5098995
5099006
5099070
5099094
5099122
5099145
5099158
5099174
5099189
5099190
5099208
5099240
5099253
5099271
5099286
5099310
5099400
5099413
5099448
5099476
5099497
5099501
5099519
5099526
5099534
5099542
5099555
5099587
5099593
5099602
5099615
5099641
5099664
5099677
5099688
5099705
5099718
5099737
5099766
5099779
5099804
5099850
5099865
5099909
5099938
5099963
5099975
5099991
