2900325
2902787
2903718
2904568
2905880
2906133
2906207
2906498
2907997
2908451
2908985
2909731
2909841
2909859
2909888
2911190
2912089
2914855
2915726
2916320
2917990
2918464
2918586
2918632
2921883
2923242
2924493
2925400
2926156
2926888
2927129
2927173
2927318
2927977
2927996
2928827
2929210
2929314
2930790
2931693
2932630
2932882
2934747
2935935
2936309
2936522
2936885
2937364
2938311
2938510
2940873
2941051
2941513
2941823
2941911
2943181
2944314
2945052
2945274
2945834
2946246
2946793
2946828
2947490
2948087
2948495
2948506
2948867
2949040
2949146
2949682
2949976
2951419
2952781
2953005
2953326
2955440
2956562
2956613
2956875
2956965
2957262
2957413
2958951
2959029
2959332
2959871
2960548
2960716
2960750
2960922
2960974
2960990
2963230
2963599
2964539
2965800
2965825
2966127
2966479
2967030
2967363
2968252
2969454
2970209
2971001
2971930
2972187
2973371
2973465
2973813
2974204
2974346
2975163
2976094
2977669
2978716
2978945
2979046
2979330
2979364
2980693
2981080
2982389
2982954
2983320
2983890
2984497
2984696
2985782
2986134
2988618
2992020
2992319
2992798
2994016
2994237
2996820
2997327
2997482
2997775
2997984
2998344
2999494
