2901771
2902331
2903400
2904799
2905950
2906074
2906133
2907884
2908038
2908912
2909731
2909841
2910487
2911766
2914405
2914855
2915603
2916019
2917513
2917990
2921883
2923514
2925882
2926156
2926888
2927129
2927384
2927440
2927996
2928591
2928827
2929314
2929362
2929386
2929709
2929738
2929905
2930234
2931447
2932630
2933209
2933592
2935741
2935839
2936309
2936806
2936885
2937933
2938175
2938311
2939439
2940425
2941051
2941446
2941989
2944530
2944588
2945274
2945598
2946246
2946793
2946828
2947490
2947563
2948506
2948867
2949311
2950739
2951419
2952017
2953221
2953387
2953747
2953936
2955440
2956562
2956613
2956875
2956931
2957262
2957413
2959029
2959332
2959524
2960716
2960922
2962213
2962858
2962890
2962902
2963322
2963706
2964278
2965678
2967483
2970032
2972119
2973920
2974059
2975712
2976085
2978731
2979153
2980746
2982322
2983462
2985051
2986580
2986702
2987457
2992671
2992841
2993080
2994098
2994142
2996146
2998873
