2900029
2900047
2900050
2900065
2900082
2900101
2900178
2900187
2900220
2900266
2900300
2900325
2900369
2900376
2900381
2900397
2900474
2900517
2900546
2900612
2900633
2900649
2900741
2900777
2900788
2900853
2900871
2900886
2900907
2900910
2900928
2900983
2900999
2901002
2901015
2901030
2901059
2901096
2901125
2901148
2901176
2901204
2901216
2901231
2901265
2901273
2901324
2901338
2901346
2901363
2901380
2901444
2901472
2901511
2901536
2901545
2901558
2901605
2901643
2901666
2901708
2901714
2901739
2901740
2901771
2901786
2901795
2901806
2901812
2901901
2901926
2901942
2901955
2901960
2901978
2902000
2902013
2902025
2902076
2902102
2902141
2902177
2902188
2902196
2902238
2902246
2902252
2902280
2902331
2902382
2902412
2902421
2902433
2902470
2902485
2902520
2902543
2902579
2902592
2902603
2902636
2902674
2902719
2902734
2902755
2902760
2902787
2902807
2902835
2902861
2902872
2902914
2902939
2902962
2902971
2902995
2903012
2903021
2903033
2903049
2903094
2903103
2903136
2903174
2903190
2903227
2903239
2903295
2903310
2903335
2903361
2903399
2903400
2903413
2903432
2903454
2903476
2903497
2903555
2903578
2903593
2903602
2903615
2903659
2903664
2903688
2903696
2903718
2903766
2903779
2903792
2903829
2903847
2903873
2903882
2903898
2903909
2903917
2903938
2903952
2903963
2903980
2903991
2904019
2904026
2904034
2904042
2904055
2904060
2904087
2904147
2904165
2904173
2904182
2904200
2904225
2904254
2904276
2904320
2904337
2904379
2904384
2904392
2904408
2904427
2904462
2904471
2904568
2904585
2904594
2904646
2904652
2904691
2904728
2904735
2904761
2904799
2904803
2904811
2904874
2904890
2904902
2904923
2904930
2904964
2905028
2905056
2905072
2905120
2905143
2905179
2905184
2905278
2905402
2905430
2905441
2905459
2905464
2905488
2905527
2905539
2905540
2905553
2905586
2905632
2905648
2905654
2905711
2905736
2905767
2905846
2905863
2905880
2905891
2905916
2905931
2905950
2905965
2905973
2905998
2906003
2906011
2906058
2906074
2906089
2906090
2906112
2906121
2906133
2906170
2906185
2906207
2906210
2906299
2906308
2906339
2906362
2906371
2906386
2906395
2906416
2906465
2906482
2906498
2906502
2906523
2906541
2906564
2906577
2906619
2906642
2906660
2906693
2906746
2906752
2906775
2906780
2906800
2906813
2906825
2906832
2906869
2906920
2906937
2907014
2907027
2907039
2907040
2907062
2907109
2907117
2907152
2907180
2907202
2907223
2907259
2907288
2907296
2907303
2907322
2907336
2907367
2907389
2907390
2907426
2907434
2907455
2907460
2907478
2907510
2907544
2907599
2907616
2907629
2907647
2907650
2907712
2907733
2907757
2907794
2907843
2907851
2907866
2907879
2907884
2907892
2907932
2907969
2907997
2908017
2908024
2908038
2908075
2908091
2908108
2908127
2908139
2908162
2908186
2908195
2908203
2908211
2908222
2908236
2908245
2908289
2908290
2908315
2908323
2908330
2908377
2908396
2908420
2908451
2908479
2908484
2908504
2908529
2908565
2908582
2908598
2908635
2908644
2908656
2908672
2908700
2908732
2908754
2908781
2908797
2908801
2908842
2908855
2908887
2908906
2908912
2908921
2908933
2908949
2908985
2909005
2909018
2909051
2909128
2909135
2909144
2909183
2909212
2909233
2909257
2909294
2909319
2909326
2909355
2909360
2909393
2909409
2909500
2909532
2909576
2909627
2909640
2909653
2909662
2909695
2909704
2909716
2909731
2909750
2909765
2909773
2909782
2909798
2909802
2909815
2909823
2909830
2909841
2909859
2909888
2909896
2909936
2909967
2909974
2909990
2910014
2910039
2910062
2910146
2910191
2910215
2910223
2910230
2910259
2910288
2910303
2910311
2910322
2910336
2910358
2910367
2910390
2910419
2910442
2910487
2910493
2910535
2910556
2910583
2910599
2910665
2910673
2910682
2910698
2910721
2910733
2910768
2910785
2910805
2910851
2910866
2910879
2910892
2910900
2910932
2910969
2911021
2911049
2911068
2911103
2911111
2911122
2911167
2911190
2911239
2911286
2911307
2911310
2911328
2911356
2911383
2911399
2911400
2911413
2911481
2911526
2911587
2911593
2911602
2911615
2911659
2911688
2911766
2911779
2911784
2911792
2911847
2911865
2911873
2911938
2912022
2912036
2912045
2912074
2912089
2912090
2912210
2912256
2912327
2912353
2912362
2912371
2912395
2912416
2912447
2912502
2912523
2912588
2912626
2912687
2912693
2912709
2912746
2912763
2912791
2912832
2912854
2912869
2912897
2912937
2912951
2913029
2913047
2913050
2913065
2913082
2913101
2913126
2913142
2913178
2913187
2913193
2913220
2913300
2913313
2913348
2913369
2913376
2913411
2913422
2913458
2913489
2913490
2913517
2913538
2913546
2913563
2913575
2913580
2913591
2913668
2913694
2913796
2913808
2913839
2913840
2913895
2913928
2913956
2913972
2913999
2914009
2914052
2914063
2914091
2914127
2914153
2914171
2914195
2914211
2914222
2914258
2914267
2914274
2914302
2914315
2914341
2914359
2914364
2914396
2914405
2914451
2914466
2914479
2914504
2914516
2914547
2914582
2914635
2914644
2914656
2914661
2914672
2914683
2914700
2914748
2914776
2914801
2914819
2914855
2914878
2914906
2914970
2915000
2915032
2915069
2915081
2915097
2915102
2915123
2915141
2915159
2915164
2915209
2915238
2915246
2915280
2915316
2915329
2915331
2915347
2915350
2915398
2915406
2915412
2915421
2915457
2915470
2915494
2915537
2915592
2915603
2915622
2915689
2915726
2915734
2915778
2915828
2915856
2915861
2915883
2915899
2915908
2915927
2915939
2915953
2916019
2916055
2916078
2916093
2916104
2916116
2916225
2916320
2916337
2916351
2916366
2916427
2916439
2916471
2916506
2916521
2916557
2916568
2916609
2916617
2916646
2916652
2916680
2916691
2916707
2916761
2916772
2916783
2916803
2916874
2916915
2916923
2916930
2916977
2916988
2916996
2917079
2917084
2917110
2917156
2917199
2917206
2917212
2917221
2917268
2917285
2917326
2917387
2917393
2917417
2917424
2917452
2917463
2917475
2917480
2917491
2917500
2917513
2917576
2917581
2917597
2917608
2917639
2917640
2917686
2917695
2917704
2917729
2917731
2917747
2917750
2917802
2917815
2917859
2917864
2917877
2917903
2917936
2917945
2917989
2917990
2918007
2918010
2918035
2918044
2918083
2918099
2918118
2918120
2918143
2918226
2918242
2918255
2918260
2918287
2918312
2918321
2918333
2918349
2918370
2918385
2918415
2918464
2918586
2918595
2918600
2918625
2918632
2918681
2918697
2918711
2918745
2918774
2918789
2918809
2918817
2918846
2918852
2918863
2918904
2918950
2918965
2918973
2918998
2919100
2919113
2919169
2919197
2919216
2919229
2919273
2919298
2919352
2919363
2919380
2919391
2919407
2919444
2919472
2919499
2919511
2919536
2919574
2919590
2919605
2919618
2919637
2919643
2919651
2919666
2919679
2919684
2919727
2919786
2919833
2919849
2919857
2919901
2919926
2919934
2919960
2919993
2920024
2920052
2920080
2920091
2920162
2920195
2920245
2920258
2920274
2920290
2920302
2920315
2920323
2920330
2920359
2920405
2920443
2920451
2920479
2920492
2920504
2920516
2920529
2920547
2920573
2920635
2920656
2920683
2920700
2920713
2920776
2920797
2920801
2920878
2920893
2920906
2920933
2920994
2921000
2921025
2921032
2921048
2921102
2921130
2921141
2921159
2921196
2921217
2921246
2921263
2921280
2921304
2921316
2921329
2921331
2921347
2921373
2921406
2921457
2921505
2921537
2921566
2921592
2921603
2921636
2921645
2921658
2921667
2921689
2921690
2921742
2921778
2921793
2921810
2921872
2921883
2921908
2921940
2921971
2922002
2922041
2922077
2922132
2922154
2922176
2922181
2922229
2922298
2922317
2922324
2922346
2922352
2922363
2922391
2922435
2922456
2922461
2922472
2922499
2922522
2922558
2922590
2922618
2922708
2922714
2922739
2922753
2922762
2922786
2922812
2922821
2922868
2922870
2922919
2923028
2923035
2923044
2923083
2923118
2923120
2923151
2923166
2923219
2923242
2923255
2923260
2923293
2923306
2923333
2923385
2923394
2923477
2923508
2923514
2923553
2923571
2923625
2923654
2923669
2923697
2923852
2923863
2923875
2923916
2923929
2923965
2923982
2924039
2924071
2924095
2924138
2924146
2924180
2924202
2924215
2924241
2924264
2924277
2924358
2924419
2924434
2924455
2924493
2924556
2924561
2924572
2924604
2924616
2924631
2924647
2924650
2924665
2924673
2924712
2924768
2924785
2924794
2924818
2924837
2924843
2924851
2924884
2924892
2924948
2924969
2925012
2925057
2925094
2925167
2925189
2925190
2925214
2925239
2925240
2925262
2925286
2925310
2925361
2925399
2925400
2925432
2925448
2925454
2925476
2925481
2925501
2925519
2925526
2925542
2925560
2925623
2925688
2925696
2925705
2925718
2925737
2925743
2925779
2925792
2925804
2925829
2925831
2925850
2925882
2925898
2925917
2925924
2925946
2925952
2926020
2926037
2926051
2926084
2926092
2926107
2926110
2926128
2926135
2926156
2926161
2926172
2926183
2926206
2926212
2926268
2926342
2926387
2926409
2926438
2926452
2926480
2926525
2926581
2926614
2926627
2926639
2926653
2926695
2926747
2926765
2926773
2926782
2926802
2926815
2926859
2926877
2926888
2926911
2926945
2926967
2926974
2926989
2926990
2927019
2927042
2927078
2927087
2927093
2927104
2927129
2927173
2927198
2927200
2927232
2927248
2927297
2927318
2927343
2927366
2927384
2927414
2927439
2927440
2927453
2927471
2927521
2927557
2927568
2927570
2927624
2927663
2927680
2927691
2927735
2927744
2927772
2927799
2927811
2927836
2927845
2927858
2927874
2927889
2927890
2927930
2927941
2927977
2927988
2927996
2928004
2928016
2928047
2928050
2928082
2928098
2928142
2928155
2928205
2928237
2928243
2928266
2928292
2928300
2928325
2928332
2928369
2928376
2928381
2928397
2928422
2928436
2928458
2928489
2928490
2928580
2928591
2928668
2928670
2928715
2928723
2928788
2928796
2928827
2928840
2928871
2928886
2928907
2928972
2928983
2928999
2929003
2929045
2929067
2929090
2929106
2929157
2929168
2929185
2929194
2929210
2929256
2929308
2929314
2929327
2929340
2929362
2929371
2929386
2929395
2929416
2929431
2929450
2929523
2929541
2929577
2929588
2929596
2929601
2929619
2929626
2929709
2929724
2929738
2929763
2929775
2929800
2929876
2929881
2929897
2929905
2929918
2929984
2929992
2930028
2930044
2930061
2930143
2930184
2930201
2930234
2930255
2930278
2930287
2930306
2930321
2930370
2930394
2930415
2930441
2930464
2930600
2930613
2930632
2930681
2930711
2930736
2930745
2930758
2930767
2930790
2930846
2930852
2930863
2930875
2930880
2930891
2930904
2930929
2930947
2930965
2931011
2931022
2931045
2931074
2931133
2931170
2931185
2931194
2931228
2931272
2931283
2931314
2931327
2931386
2931404
2931416
2931429
2931447
2931450
2931498
2931502
2931596
2931619
2931642
2931655
2931660
2931678
2931687
2931693
2931724
2931752
2931763
2931813
2931825
2931854
2931876
2931897
2931905
2931920
2931937
2931966
2931979
2932033
2932057
2932085
2932094
2932158
2932174
2932189
2932190
2932208
2932214
2932227
2932328
2932383
2932400
2932413
2932432
2932476
2932501
2932519
2932534
2932542
2932560
2932587
2932615
2932630
2932641
2932659
2932718
2932720
2932751
2932792
2932816
2932882
2932938
2932946
2932980
2933000
2933069
2933115
2933164
2933177
2933188
2933196
2933209
2933280
2933316
2933365
2933373
2933382
2933398
2933433
2933470
2933494
2933518
2933551
2933592
2933611
2933645
2933658
2933667
2933734
2933755
2933760
2933778
2933787
2933810
2933828
2933835
2933844
2933856
2933883
2933962
2934005
2934018
2934020
2934043
2934092
2934110
2934135
2934221
2934249
2934294
2934301
2934355
2934378
2934417
2934424
2934491
2934500
2934525
2934532
2934548
2934581
2934608
2934640
2934653
2934686
2934704
2934731
2934747
2934782
2934830
2934877
2934888
2934896
2934911
2934967
2934974
2935016
2935029
2935082
2935134
2935155
2935205
2935237
2935266
2935292
2935300
2935348
2935467
2935524
2935552
2935563
2935580
2935591
2935606
2935621
2935633
2935670
2935694
2935715
2935723
2935741
2935777
2935796
2935808
2935839
2935840
2935853
2935907
2935910
2935928
2935935
2935944
2935972
2935983
2935999
2936002
2936015
2936041
2936059
2936064
2936077
2936088
2936148
2936181
2936229
2936250
2936273
2936309
2936324
2936346
2936352
2936410
2936444
2936456
2936461
2936472
2936483
2936499
2936522
2936567
2936589
2936618
2936620
2936643
2936692
2936708
2936739
2936786
2936806
2936821
2936885
2936919
2936934
2936955
2936987
2936993
2937009
2937024
2937038
2937046
2937063
2937075
2937080
2937114
2937127
2937153
2937162
2937186
2937211
2937258
2937267
2937274
2937289
2937330
2937341
2937364
2937377
2937388
2937418
2937420
2937451
2937484
2937565
2937610
2937635
2937644
2937656
2937683
2937797
2937826
2937933
2937968
2937970
2938008
2938095
2938117
2938124
2938146
2938152
2938175
2938191
2938202
2938288
2938296
2938311
2938322
2938358
2938367
2938374
2938389
2938401
2938419
2938426
2938434
2938460
2938493
2938507
2938510
2938544
2938572
2938583
2938599
2938604
2938629
2938631
2938665
2938682
2938706
2938721
2938733
2938757
2938768
2938805
2938837
2938843
2938851
2938866
2938884
2938892
2938913
2938925
2938932
2938969
2938976
2938981
2939001
2939019
2939026
2939055
2939060
2939104
2939116
2939129
2939131
2939182
2939198
2939200
2939213
2939232
2939305
2939320
2939392
2939414
2939427
2939439
2939453
2939462
2939486
2939512
2939568
2939624
2939652
2939675
2939707
2939744
2939772
2939783
2939836
2939874
2939930
2939959
2939996
2940012
2940057
2940158
2940167
2940190
2940227
2940262
2940271
2940335
2940361
2940383
2940399
2940425
2940454
2940497
2940501
2940519
2940542
2940578
2940587
2940593
2940602
2940615
2940623
2940630
2940696
2940720
2940737
2940816
2940847
2940873
2940946
2940963
2941043
2941051
2941079
2941092
2941107
2941110
2941128
2941156
2941172
2941206
2941233
2941257
2941270
2941285
2941342
2941387
2941409
2941417
2941438
2941446
2941452
2941475
2941513
2941525
2941532
2941554
2941581
2941608
2941614
2941627
2941640
2941653
2941671
2941686
2941695
2941704
2941750
2941798
2941802
2941823
2941841
2941911
2941922
2941936
2941958
2941989
2942028
2942035
2942044
2942072
2942118
2942120
2942137
2942143
2942151
2942179
2942226
2942293
2942333
2942357
2942385
2942394
2942430
2942527
2942539
2942553
2942562
2942571
2942613
2942632
2942648
2942654
2942669
2942722
2942774
2942817
2942838
2942863
2942875
2942880
2942891
2942904
2942929
2942947
2942982
2942998
2943023
2943041
2943088
2943096
2943100
2943132
2943181
2943204
2943229
2943250
2943265
2943298
2943338
2943346
2943352
2943407
2943410
2943428
2943444
2943456
2943461
2943499
2943503
2943511
2943545
2943558
2943589
2943605
2943684
2943692
2943714
2943739
2943740
2943795
2943812
2943857
2943885
2943919
2943926
2943934
2943955
2943960
2943987
2943993
2944036
2944067
2944089
2944106
2944121
2944228
2944235
2944256
2944314
2944431
2944473
2944482
2944498
2944502
2944523
2944530
2944541
2944564
2944577
2944588
2944601
2944619
2944634
2944642
2944655
2944678
2944693
2944724
2944738
2944752
2944775
2944800
2944832
2944854
2944869
2944897
2944905
2944918
2944951
2944979
2945017
2945038
2945046
2945052
2945091
2945114
2945171
2945186
2945258
2945274
2945289
2945302
2945315
2945377
2945418
2945437
2945443
2945451
2945516
2945531
2945547
2945598
2945644
2945672
2945754
2945769
2945781
2945801
2945834
2945860
2945906
2945912
2945921
2945970
2946025
2946097
2946115
2946123
2946164
2946217
2946224
2946238
2946246
2946291
2946329
2946350
2946373
2946382
2946412
2946421
2946468
2946494
2946505
2946520
2946537
2946543
2946584
2946603
2946611
2946645
2946689
2946701
2946719
2946734
2946742
2946755
2946787
2946793
2946828
2946835
2946939
2947016
2947031
2947047
2947050
2947082
2947098
2947126
2947134
2947142
2947237
2947243
2947292
2947300
2947325
2947332
2947376
2947411
2947445
2947467
2947474
2947490
2947517
2947546
2947552
2947563
2947612
2947649
2947670
2947723
2947730
2947759
2947788
2947839
2947910
2947935
2947944
2947972
2947999
2948001
2948026
2948042
2948060
2948078
2948087
2948104
2948129
2948131
2948150
2948173
2948182
2948198
2948200
2948225
2948248
2948254
2948392
2948427
2948462
2948495
2948506
2948512
2948521
2948617
2948624
2948638
2948675
2948680
2948761
2948783
2948811
2948845
2948858
2948867
2948874
2948889
2948923
2948930
2948941
2948996
2949014
2949040
2949095
2949117
2949146
2949202
2949215
2949264
2949288
2949296
2949311
2949389
2949426
2949442
2949460
2949478
2949487
2949493
2949535
2949544
2949561
2949604
2949631
2949682
2949706
2949721
2949768
2949794
2949851
2949884
2949913
2949925
2949954
2949976
2949981
2949997
2950015
2950077
2950088
2950100
2950113
2950148
2950181
2950197
2950204
2950229
2950247
2950265
2950317
2950352
2950380
2950410
2950472
2950503
2950522
2950536
2950545
2950590
2950684
2950692
2950727
2950739
2950762
2950771
2950786
2950795
2950812
2950821
2950833
2950857
2950885
2950894
2950926
2950942
2950955
2950960
2950987
2950993
2951053
2951146
2951180
2951202
2951215
2951264
2951277
2951322
2951336
2951345
2951367
2951419
2951442
2951478
2951487
2951493
2951528
2951544
2951556
2951572
2951604
2951631
2951647
2951665
2951698
2951706
2951721
2951749
2951785
2951837
2951892
2951925
2951997
2952017
2952024
2952038
2952046
2952052
2952080
2952127
2952171
2952258
2952267
2952289
2952290
2952302
2952315
2952330
2952341
2952359
2952396
2952418
2952420
2952484
2952492
2952529
2952547
2952610
2952628
2952644
2952656
2952661
2952672
2952683
2952713
2952748
2952754
2952769
2952776
2952781
2952797
2952819
2952855
2952906
2952968
2953005
2953066
2953079
2953128
2953156
2953161
2953199
2953221
2953233
2953257
2953268
2953270
2953294
2953326
2953334
2953355
2953387
2953393
2953409
2953417
2953446
2953463
2953569
2953581
2953614
2953639
2953640
2953662
2953671
2953695
2953704
2953716
2953747
2953750
2953765
2953798
2953815
2953888
2953896
2953936
2953945
2953958
2953989
2953990
2954000
2954025
2954032
2954076
2954130
2954164
2954177
2954196
2954209
2954238
2954252
2954275
2954316
2954329
2954331
2954373
2954406
2954433
2954449
2954485
2954505
2954537
2954603
2954658
2954674
2954689
2954690
2954719
2954726
2954755
2954778
2954793
2954835
2954883
2954914
2954940
2954953
2955001
2955026
2955034
2955042
2955055
2955060
2955078
2955087
2955116
2955131
2955165
2955200
2955213
2955225
2955254
2955305
2955318
2955320
2955351
2955379
2955384
2955392
2955414
2955439
2955440
2955462
2955471
2955486
2955512
2955521
2955533
2955568
2955570
2955617
2955638
2955675
2955680
2955691
2955707
2955744
2955756
2955761
2955783
2955845
2955890
2955915
2955930
2955941
2955959
2955977
2956007
2956010
2956028
2956035
2956044
2956056
2956143
2956151
2956166
2956184
2956278
2956293
2956333
2956368
2956402
2956415
2956459
2956477
2956488
2956496
2956508
2956514
2956539
2956540
2956553
2956562
2956586
2956600
2956613
2956669
2956676
2956711
2956722
2956767
2956789
2956790
2956809
2956817
2956824
2956838
2956846
2956875
2956916
2956929
2956931
2956947
2956965
2957012
2957033
2957049
2957057
2957111
2957136
2957145
2957190
2957253
2957262
2957310
2957356
2957372
2957399
2957413
2957481
2957497
2957555
2957578
2957587
2957593
2957623
2957664
2957688
2957737
2957779
2957829
2957847
2957850
2957865
2957938
2957946
2957975
2957991
2958003
2958045
2958074
2958089
2958106
2958121
2958170
2958207
2958228
2958261
2958283
2958339
2958386
2958404
2958416
2958447
2958465
2958473
2958498
2958502
2958515
2958523
2958530
2958559
2958596
2958619
2958687
2958717
2958738
2958746
2958813
2958825
2958832
2958854
2958869
2958876
2958881
2958897
2958918
2958920
2958937
2958943
2958951
2958966
2958984
2958992
2959029
2959047
2959050
2959205
2959220
2959243
2959279
2959300
2959325
2959332
2959348
2959381
2959411
2959422
2959445
2959467
2959474
2959524
2959538
2959563
2959591
2959606
2959668
2959694
2959814
2959862
2959871
2959886
2959928
2959935
2959961
2959999
2960043
2960051
2960092
2960135
2960144
2960161
2960172
2960183
2960199
2960212
2960221
2960268
2960285
2960319
2960326
2960334
2960360
2960378
2960417
2960424
2960438
2960446
2960452
2960475
2960491
2960525
2960548
2960569
2960608
2960614
2960639
2960662
2960671
2960695
2960704
2960716
2960731
2960750
2960765
2960773
2960782
2960864
2960896
2960911
2960922
2960967
2960974
2960989
2960990
2961004
2961029
2961050
2961065
2961082
2961098
2961101
2961134
2961193
2961205
2961220
2961251
2961279
2961332
2961369
2961376
2961381
2961403
2961445
2961458
2961467
2961490
2961509
2961546
2961591
2961606
2961649
2961657
2961668
2961694
2961702
2961723
2961764
2961788
2961796
2961808
2961814
2961862
2961944
2961956
2962019
2962026
2962034
2962129
2962131
2962198
2962213
2962232
2962269
2962281
2962297
2962305
2962366
2962379
2962384
2962408
2962414
2962427
2962439
2962462
2962486
2962521
2962549
2962594
2962617
2962646
2962663
2962691
2962728
2962756
2962772
2962783
2962858
2962889
2962890
2962902
2962930
2962964
2962977
2962996
2963008
2963027
2963039
2963053
2963062
2963071
2963117
2963124
2963146
2963152
2963175
2963230
2963277
2963322
2963358
2963426
2963442
2963510
2963528
2963535
2963583
2963599
2963616
2963647
2963706
2963757
2963768
2963770
2963794
2963805
2963818
2963884
2963900
2963913
2963932
2963948
2963954
2963981
2963997
2964007
2964010
2964028
2964056
2964120
2964184
2964226
2964278
2964287
2964349
2964357
2964415
2964423
2964430
2964441
2964464
2964477
2964496
2964508
2964514
2964539
2964632
2964648
2964681
2964758
2964824
2964846
2964852
2964875
2964880
2964891
2964916
2964931
2964950
2964973
2965022
2965036
2965045
2965058
2965067
2965074
2965106
2965149
2965170
2965185
2965194
2965207
2965210
2965244
2965283
2965299
2965314
2965327
2965339
2965371
2965416
2965515
2965523
2965541
2965559
2965564
2965577
2965619
2965626
2965642
2965660
2965678
2965693
2965724
2965752
2965763
2965791
2965800
2965825
2965881
2965937
2965951
2965966
2966017
2966038
2966063
2966108
2966127
2966140
2966162
2966186
2966203
2966289
2966315
2966359
2966388
2966418
2966420
2966437
2966479
2966547
2966550
2966565
2966610
2966635
2966700
2966713
2966725
2966776
2966878
2966957
2966994
2967002
2967030
2967041
2967059
2967088
2967113
2967148
2967204
2967231
2967273
2967317
2967338
2967346
2967352
2967363
2967380
2967407
2967410
2967435
2967472
2967483
2967522
2967545
2967574
2967605
2967708
2967739
2967740
2967753
2967762
2967786
2967868
2967885
2967919
2967934
2967942
2968013
2968069
2968130
2968164
2968177
2968252
2968275
2968331
2968350
2968365
2968373
2968382
2968398
2968412
2968468
2968470
2968485
2968505
2968520
2968537
2968543
2968566
2968584
2968603
2968622
2968658
2968667
2968674
2968690
2968726
2968793
2968807
2968828
2968835
2968883
2968899
2968914
2968927
2968939
2968953
2968962
2969006
2969033
2969057
2969070
2969094
2969122
2969136
2969190
2969214
2969227
2969262
2969286
2969295
2969307
2969356
2969372
2969400
2969413
2969425
2969432
2969448
2969454
2969469
2969481
2969497
2969560
2969578
2969587
2969615
2969659
2969743
2969779
2969831
2969847
2969873
2969924
2969946
2969952
2969975
2970032
2970069
2970076
2970097
2970123
2970159
2970209
2970217
2970246
2970280
2970291
2970329
2970347
2970350
2970373
2970457
2970485
2970494
2970505
2970537
2970543
2970566
2970592
2970636
2970658
2970690
2970701
2970742
2970787
2970835
2970844
2970914
2970939
2970940
2971001
2971019
2971026
2971150
2971165
2971200
2971213
2971225
2971269
2971281
2971297
2971305
2971318
2971320
2971351
2971427
2971439
2971453
2971495
2971506
2971557
2971568
2971570
2971585
2971594
2971624
2971638
2971675
2971691
2971707
2971728
2971735
2971744
2971772
2971822
2971836
2971845
2971874
2971889
2971902
2971923
2971930
2971964
2972050
2972073
2972082
2972098
2972119
2972126
2972142
2972160
2972178
2972187
2972205
2972237
2972266
2972279
2972325
2972332
2972354
2972397
2972422
2972467
2972538
2972546
2972552
2972580
2972612
2972621
2972633
2972649
2972670
2972715
2972764
2972777
2972788
2972814
2972853
2972871
2972886
2972895
2973089
2973090
2973106
2973133
2973157
2973170
2973272
2973299
2973308
2973314
2973340
2973353
2973371
2973395
2973465
2973473
2973482
2973498
2973515
2973588
2973596
2973634
2973660
2973687
2973717
2973724
2973780
2973791
2973800
2973813
2973854
2973869
2973881
2973920
2973979
2973992
2974059
2974077
2974100
2974125
2974169
2974204
2974229
2974265
2974282
2974309
2974317
2974324
2974338
2974346
2974391
2974407
2974428
2974461
2974499
2974503
2974536
2974545
2974589
2974637
2974684
2974740
2974753
2974762
2974771
2974812
2974821
2974833
2974849
2974857
2974885
2974901
2974919
2974942
2974955
2974987
2975014
2975027
2975040
2975053
2975095
2975117
2975163
2975223
2975264
2975288
2975303
2975322
2975374
2975442
2975455
2975460
2975561
2975583
2975616
2975631
2975682
2975712
2975733
2975749
2975768
2975770
2975820
2975843
2975866
2975884
2975900
2975932
2975948
2975954
2975976
2976057
2976085
2976094
2976103
2976111
2976122
2976136
2976145
2976239
2976253
2976286
2976328
2976335
2976361
2976448
2976469
2976476
2976519
2976542
2976555
2976578
2976630
2976677
2976696
2976718
2976751
2976792
2976804
2976816
2976909
2976952
2976975
2976991
2977044
2977056
2977083
2977105
2977120
2977137
2977184
2977234
2977255
2977287
2977293
2977349
2977357
2977385
2977394
2977441
2977464
2977477
2977496
2977508
2977540
2977586
2977595
2977613
2977632
2977669
2977676
2977722
2977736
2977767
2977824
2977880
2977904
2977929
2978018
2978066
2978079
2978107
2978144
2978206
2978212
2978249
2978257
2978285
2978326
2978393
2978409
2978417
2978475
2978500
2978513
2978614
2978627
2978639
2978640
2978662
2978671
2978695
2978716
2978731
2978765
2978773
2978798
2978888
2978903
2978911
2978945
2978958
2978967
2978974
2979046
2979052
2979063
2979075
2979080
2979114
2979153
2979162
2979203
2979267
2979289
2979290
2979323
2979330
2979364
2979388
2979396
2979418
2979443
2979466
2979479
2979484
2979516
2979531
2979598
2979628
2979683
2979713
2979748
2979754
2979776
2979801
2979855
2979860
2979878
2979887
2979906
2979912
2979933
2979957
2979970
2980003
2980011
2980058
2980067
2980090
2980157
2980185
2980235
2980244
2980256
2980272
2980283
2980308
2980353
2980362
2980386
2980404
2980498
2980502
2980515
2980588
2980596
2980601
2980626
2980687
2980693
2980709
2980746
2980780
2980791
2980813
2980832
2980854
2980876
2980905
2980920
2980937
2980966
2980979
2980992
2981017
2981038
2981080
2981114
2981127
2981140
2981195
2981203
2981222
2981245
2981289
2981315
2981359
2981396
2981420
2981443
2981516
2981547
2981582
2981635
2981661
2981672
2981700
2981725
2981732
2981754
2981781
2981819
2981826
2981834
2981842
2981855
2981893
2981912
2981921
2981933
2981949
2981957
2982014
2982039
2982040
2982062
2982095
2982117
2982146
2982152
2982202
2982215
2982230
2982264
2982277
2982296
2982311
2982322
2982336
2982389
2982390
2982434
2982478
2982493
2982556
2982561
2982599
2982604
2982616
2982631
2982647
2982650
2982673
2982682
2982698
2982721
2982749
2982805
2982818
2982837
2982843
2982892
2982948
2982954
2982997
2983019
2983042
2983060
2983078
2983087
2983104
2983116
2983131
2983150
2983173
2983198
2983232
2983248
2983281
2983297
2983305
2983318
2983320
2983343
2983379
2983384
2983414
2983440
2983462
2983471
2983486
2983495
2983521
2983549
2983609
2983617
2983663
2983691
2983707
2983728
2983799
2983803
2983836
2983858
2983867
2983874
2983890
2983902
2983915
2983923
2983959
2983977
2983988
2983996
2984068
2984070
2984103
2984145
2984158
2984189
2984190
2984208
2984214
2984253
2984271
2984286
2984295
2984307
2984310
2984328
2984335
2984361
2984372
2984383
2984399
2984413
2984425
2984432
2984454
2984476
2984481
2984497
2984534
2984542
2984587
2984630
2984659
2984677
2984688
2984696
2984784
2984831
2984847
2984865
2984909
2984917
2984924
2984938
2984963
2984975
2984980
2985043
2985051
2985066
2985084
2985107
2985110
2985128
2985135
2985144
2985199
2985212
2985249
2985270
2985452
2985491
2985513
2985554
2985576
2985597
2985640
2985653
2985671
2985686
2985704
2985729
2985747
2985782
2985802
2985830
2985841
2985859
2985888
2985958
2985990
2986029
2986047
2986098
2986101
2986134
2986155
2986178
2986187
2986218
2986237
2986251
2986300
2986348
2986369
2986381
2986397
2986403
2986436
2986458
2986489
2986490
2986509
2986524
2986580
2986612
2986633
2986668
2986702
2986759
2986764
2986788
2986808
2986814
2986839
2986853
2986862
2986871
2986895
2986935
2986944
2987000
2987013
2987097
2987130
2987141
2987159
2987209
2987224
2987246
2987252
2987263
2987291
2987331
2987373
2987406
2987412
2987421
2987433
2987457
2987520
2987543
2987551
2987579
2987584
2987622
2987658
2987667
2987701
2987734
2987742
2987755
2987760
2987787
2987793
2987807
2987828
2987835
2987883
2987939
2987962
2987995
2988002
2988030
2988041
2988064
2988077
2988154
2988176
2988181
2988231
2988247
2988265
2988317
2988346
2988380
2988483
2988511
2988522
2988558
2988574
2988589
2988618
2988620
2988651
2988679
2988708
2988714
2988806
2988821
2988868
2988919
2988955
2989007
2989028
2989099
2989105
2989242
2989255
2989321
2989357
2989370
2989402
2989415
2989464
2989477
2989527
2989539
2989540
2989562
2989571
2989600
2989676
2989681
2989711
2989745
2989758
2989767
2989817
2989846
2989852
2989863
2989916
2989929
2989931
2989950
2989965
2989998
2990055
2990104
2990150
2990182
2990213
2990232
2990248
2990254
2990281
2990297
2990305
2990318
2990320
2990351
2990414
2990453
2990471
2990521
2990533
2990594
2990663
2990675
2990680
2990756
2990772
2990902
2990923
2990930
2990964
2990977
2990996
2991010
2991035
2991056
2991072
2991099
2991120
2991137
2991143
2991201
2991226
2991242
2991278
2991287
2991333
2991370
2991385
2991423
2991430
2991464
2991477
2991488
2991496
2991562
2991571
2991625
2991654
2991681
2991697
2991789
2991790
2991817
2991824
2991838
2991846
2991880
2991891
2991904
2991916
2991931
2991947
2992018
2992020
2992051
2992066
2992092
2992107
2992128
2992135
2992144
2992161
2992183
2992199
2992212
2992221
2992233
2992285
2992319
2992424
2992446
2992452
2992513
2992548
2992608
2992627
2992640
2992671
2992704
2992798
2992802
2992823
2992841
2992903
2992911
2992922
2992936
2992945
2992974
2993017
2993038
2993080
2993127
2993153
2993203
2993211
2993245
2993289
2993290
2993302
2993323
2993364
2993388
2993396
2993418
2993437
2993443
2993466
2993484
2993516
2993529
2993550
2993582
2993635
2993661
2993672
2993683
2993700
2993725
2993748
2993754
2993797
2993801
2993819
2993842
2993893
2993906
2993912
2993968
2993985
2993994
2994004
2994016
2994029
2994047
2994050
2994098
2994101
2994119
2994126
2994142
2994205
2994218
2994237
2994266
2994313
2994325
2994332
2994348
2994381
2994403
2994411
2994445
2994517
2994524
2994546
2994563
2994575
2994591
2994606
2994621
2994657
2994668
2994685
2994702
2994741
2994759
2994777
2994814
2994827
2994853
2994895
2994928
2994983
2994999
2995002
2995023
2995030
2995041
2995077
2995125
2995148
2995154
2995176
2995204
2995216
2995231
2995250
2995273
2995298
2995338
2995346
2995363
2995375
2995391
2995407
2995410
2995435
2995444
2995456
2995461
2995483
2995522
2995574
2995605
2995637
2995643
2995651
2995666
2995679
2995708
2995727
2995739
2995740
2995753
2995762
2995806
2995812
2995821
2995833
2995857
2995868
2995934
2995955
2995987
2995993
2996008
2996014
2996062
2996086
2996124
2996146
2996163
2996175
2996180
2996223
2996230
2996259
2996264
2996296
2996303
2996311
2996336
2996367
2996374
2996389
2996390
2996401
2996419
2996426
2996434
2996442
2996455
2996487
2996493
2996507
2996510
2996572
2996616
2996721
2996749
2996770
2996794
2996820
2996837
2996843
2996892
2996900
2996913
2996954
2996997
2997011
2997036
2997058
2997089
2997106
2997133
2997170
2997194
2997283
2997299
2997308
2997327
2997371
2997404
2997416
2997431
2997447
2997450
2997482
2997502
2997515
2997523
2997559
2997564
2997588
2997596
2997601
2997619
2997626
2997634
2997693
2997709
2997724
2997746
2997775
2997780
2997869
2997881
2997918
2997937
2997984
2997992
2998049
2998068
2998158
2998167
2998174
2998189
2998190
2998214
2998227
2998239
2998240
2998253
2998307
2998335
2998344
2998356
2998372
2998425
2998469
2998481
2998501
2998519
2998578
2998593
2998602
2998641
2998677
2998688
2998696
2998779
2998784
2998792
2998804
2998873
2998882
2998909
2998952
2998991
2999013
2999032
2999076
2999115
2999123
2999141
2999217
2999224
2999246
2999291
2999304
2999347
2999406
2999412
2999433
2999449
2999494
2999543
2999566
2999603
2999611
2999636
2999667
2999674
2999689
2999690
2999742
2999778
2999787
2999807
2999828
2999844
2999883
2999899
2999908
2999953
2999995
