2104987
2110260
2111825
2112190
2112253
2112623
2113755
2114334
2115193
2115509
2117364
2117699
2118086
2119281
2119858
2120653
2120695
2122379
2124838
2125596
2126063
2126127
2126598
2128013
2130374
2131400
2132090
2132447
2132564
2132634
2133853
2134245
2140951
2141933
2143512
2144068
2147742
2149010
2151527
2151852
2153267
2155041
2155407
2157655
2159566
2159701
2159742
2160139
2160933
2164770
2165946
2166614
2167131
2167281
2167512
2167549
2168300
2170886
2171666
2172013
2173829
2175553
2175571
2175676
2175789
2177401
2179020
2179597
2180190
2181747
2184106
2184626
2188652
2188772
2190216
2192683
2192797
2194939
2196441
2196838
2197328
2198979
2199862
