4000132
4003463
4003671
4004196
4004899
4006947
4007253
4010938
4012863
4012916
4013169
4013176
4014429
4014752
4016810
4019507
4019682
4020465
4020601
4022460
4022818
4022900
4023756
4023845
4024136
4024356
4024519
4025107
4026871
4028472
4029143
4029441
4031553
4032319
4033211
4034715
4034840
4035461
4037530
4038271
4041840
4041862
4043191
4043241
4043616
4045058
4045314
4046550
4047483
4048048
4049720
4050851
4052966
4053098
4055835
4056055
4056343
4059247
4060575
4060670
4060871
4066045
4069967
4070203
4070855
4073736
4073745
4073891
4074544
4075383
4075501
4075847
4076066
4081272
4082792
4085178
4088544
4090102
4090611
4092279
4092563
4093588
4097056
4098393
4098782
4098922
4099274
