1801289
1810584
1810645
1811104
1811173
1814282
1815008
1815631
1815820
1816262
1816578
1817312
1818257
1818285
1818360
1819878
1820059
1820428
1820605
1820934
1821336
1822267
1822504
1822531
1823548
1826219
1826625
1826931
1828447
1831538
1833264
1837461
1837692
1837849
1837919
1838518
1838734
1838742
1838872
1839068
1839070
1839158
1839167
1839696
1839792
1839804
1839963
1840087
1840248
1840281
1840366
1840414
1840506
1840568
1840609
1840735
1840761
1840822
1841010
1841306
1841613
1841891
1841998
1842233
1842378
1842409
1842424
1842480
1842653
1842671
1842695
1842704
1842877
1842896
1843046
1843108
1843140
1843236
1843377
1843388
1843451
1843754
1844251
1845030
1845806
1846039
1846277
1846544
1846572
1846712
1846721
1846757
1846785
1846837
1846851
1847362
1847447
1848271
1848779
1848882
1849494
1856221
1856233
1856285
1856301
1856319
1856342
1856491
1856525
1856554
1856576
1856639
1856662
1856686
1856716
1856750
1856765
1856798
1856802
1856815
1856823
1856864
1856877
1856945
1856974
1856989
1857001
1857019
1857026
1857034
1857042
1857078
1857093
1857131
1857198
1857225
1857254
1857269
1857281
1857305
1857320
1857337
1857351
1857379
1857384
1857392
1857414
1857427
1857439
1857453
1857471
1857521
1857533
1857568
1857609
1857638
1857675
1857680
1857710
1857783
1857836
1857845
1857890
1857923
1857930
1857959
1858004
1858016
1858031
1858082
1858119
1858126
1858134
1858142
1858220
1858279
1858313
1858354
1858376
1858403
1858445
1858509
1858517
1858546
1858552
1858621
1858657
1858730
1858764
1858777
1858808
1858814
1858862
1858895
1858944
1858961
1858972
1858999
1859022
1859036
1859067
1859074
1859121
1859157
1859194
1859207
1859283
1859308
1859314
1859339
1859340
1859404
1859416
1859429
1859450
1859465
1859482
1859564
1859588
1859596
1859601
1859634
1859660
1859687
1859717
1859724
1859780
1859825
1859869
1859920
1859966
1860028
1860035
1860056
1860083
1860105
1860118
1860120
1860166
1860192
1860226
1860287
1860306
1860321
1860368
1860385
1860441
1860496
1860514
1860539
1860553
1860562
1860586
1860648
1860758
1860817
1860824
1860846
1860880
1860891
1860904
1860929
1860947
1860950
1860998
1861011
1861022
1861036
1861045
1861074
1861090
1861149
1861157
1861170
1861194
1861210
1861228
1861244
1861261
1861272
1861283
1861299
1861308
1861327
1861339
1861340
1861353
1861395
1861416
1861473
1861502
1861523
1861530
1861588
1861619
1861626
1861709
1861724
1861738
1861746
1861763
1861780
1861791
1861800
1861813
1861848
1861869
1861876
1861905
1861920
1861937
1861943
1861966
1861984
1862021
1862033
1862070
1862094
1862103
1862122
1862145
1862158
1862190
1862208
1862253
1862271
1862286
1862307
1862328
1862356
1862372
1862383
1862469
1862501
1862519
1862534
1862587
1862677
1862720
1862804
1862816
1862898
1862938
1862991
1863081
1869337
1871593
1871737
1872022
1872036
1876408
1876549
1877183
1877212
1877662
1878118
1878306
1878321
1878998
1879113
1879265
1879536
1880126
1880376
1880411
1880591
1880827
1880961
1881059
1881096
1881346
1881435
1881993
1882518
1882622
1882726
1882734
1882760
1883519
1883526
1883534
1883542
1883560
1883602
1883865
1884019
1884845
1884867
1884902
1884959
1884996
1885044
1885151
1885192
1885234
1885385
1885496
1885553
1885632
1885648
1885790
1886261
1886482
1886515
1886541
1887770
1889452
1894905
1894966
1895203
1895418
1896188
1896350
1896566
1896579
1897376
1897702
1897788
1897907
1898042
