1810584
1810645
1811104
1814282
1818257
1818285
1818360
1820428
1820605
1820934
1823548
1826625
1826931
1828447
1837461
1837849
1837919
1838518
1839804
1840087
1840248
1840366
1840414
1840568
1840761
1841010
1841306
1841613
1841891
1841998
1842378
1842409
1842424
1842671
1844251
1845030
1846277
1846712
1846721
1846757
1846785
1846851
1847362
1856301
1856319
1856342
1856491
1856525
1856554
1856576
1856662
1856716
1856765
1856823
1856945
1857026
1857034
1857042
1857078
1857254
1857269
1857379
1857427
1857439
1857471
1857521
1857533
1857568
1857638
1857675
1857923
1857930
1857959
1858016
1858031
1858082
1858126
1858134
1858142
1858313
1858403
1858445
1858509
1858546
1858552
1858621
1858657
1858777
1858808
1858862
1858895
1858961
1858972
1858999
1859194
1859207
1859283
1859308
1859314
1859339
1859340
1859416
1859429
1859450
1859465
1859588
1859596
1859634
1859724
1859920
1859966
1860028
1860035
1860056
1860105
1860118
1860166
1860226
1860287
1860321
1860368
1860385
1860441
1860496
1860514
1860562
1860586
1860648
1860758
1860817
1860824
1860880
1860891
1860904
1860929
1860947
1860950
1860998
1861011
1861022
1861036
1861074
1861090
1861149
1861157
1861170
1861194
1861210
1861244
1861261
1861283
1861299
1861308
1861340
1861473
1861523
1861530
1861588
1861619
1861709
1861738
1861746
1861763
1861780
1861791
1861800
1861813
1861869
1861876
1861905
1861920
1861937
1861943
1861966
1862021
1862033
1862070
1862103
1862122
1862145
1862158
1862190
1862208
1862253
1862286
1862307
1862356
1862372
1862383
1862469
1862501
1862519
1862534
1862542
1862560
1862593
1862615
1862623
1862641
1862696
1862705
1862718
1862737
1862784
1862865
1862873
1862882
1862898
1862924
1862946
1863000
1863025
1863115
1863141
1863177
1863209
1863304
1863347
1863382
1863412
1863584
1863636
1863883
1863995
1864043
1864110
1866589
1867245
1872170
1872340
1873016
1873325
1873369
1873621
1873895
1876549
1877183
1877212
1878306
1878321
1878998
1879113
1879536
1880126
1880376
1880411
1880591
1880827
1880961
1881059
1881096
1881993
1882518
1882622
1882726
1882734
1882760
1883519
1883526
1883534
1883542
1883865
1884019
1884996
1885385
1885648
1886261
1886482
1886515
1886541
1886752
1886920
1887629
