1800564
1800752
1801732
1802277
1802820
1803078
1803379
1803533
1803988
1804909
1805005
1805199
1806220
1806279
1806313
1807331
1807584
1807622
1808096
1808231
1808955
1809676
1810280
1810350
1810674
1810995
1811060
1811462
1811822
1812325
1812467
1812546
1812657
1813541
1813800
1813897
1814125
1814169
1814247
1814714
1814727
1814926
1815510
1815604
1815673
1815892
1816587
1817007
1817947
1818066
1818128
1818513
1818841
1819017
1819127
1819330
1820265
1820714
1821604
1822222
1822949
1822957
1823285
1823452
1823475
1823569
1823750
1823974
1824238
1824263
1824939
1825915
1825923
1825959
1826287
1826790
1826817
1827705
1828121
1828515
1828564
1828813
1829284
1830018
1830172
1830221
1830491
1830597
1830864
1831381
1831759
1833288
1833345
1833561
1833616
1833631
1833805
1833932
1833997
1834394
1834965
1835036
1835447
1835502
1835763
1836396
1837113
1837181
1837229
1837407
1837483
1837545
1837643
1837806
1838291
1838551
1839593
1839641
1839952
1840254
1840783
1840996
1841192
1841357
1841423
1842144
1842257
1842974
1843203
1843672
1844397
1844862
1846152
1846202
1846442
1846954
1847011
1847339
1848399
1848664
1849159
1849329
1849592
1849807
1850388
1850396
1850466
1851069
1851592
1852113
1852919
1853287
1853349
1855122
1855214
1855253
1855383
1855469
1855497
1855501
1855720
1856206
1856731
1856922
1857129
1858649
1858670
1859395
1859559
1860293
1860402
1860595
1860697
1860745
1861003
1861717
1862630
1863054
1863793
1864257
1864446
1864480
1865029
1865445
1865670
1865961
1866926
1867700
1867921
1868434
1868507
1868721
1868805
1869652
1869964
1870843
1871286
1871501
1871847
1871924
1873205
1874289
1874860
1874985
1875350
1875622
1876165
1876675
1876964
1877128
1877326
1877409
1877750
1877922
1878143
1878648
1878809
1879247
1879273
1879605
1880972
1881002
1881651
1881666
1882645
1882667
1882927
1882986
1883271
1883400
1884783
1884874
1885035
1886465
1886498
1886724
1886992
1887303
1887866
1888024
1888140
1888420
1888607
1888635
1888748
1889092
1889945
1890356
1890873
1891409
1891671
1892105
1892118
1892929
1893708
1894185
1894693
1894869
1895108
1897580
1897871
1898305
1898408
1898710
1898836
1899544
