1000525
1001348
1003062
1003616
1003900
1007096
1010380
1012732
1013438
1013597
1013989
1014645
1015026
1017688
1022251
1022300
1022575
1023058
1023090
1023228
1024410
1026068
1026158
1029222
1030022
1030149
1036292
1037755
1039488
1039931
1040202
1040698
1041262
1043082
1044437
1045810
1046512
1048306
1051181
1051643
1051868
1052076
1052537
1052810
1053286
1054803
1055083
1055625
1058699
1061671
1062477
1064011
1065443
1065725
1067612
1069721
1070200
1071809
1072686
1073933
1074580
1076948
1077979
1081291
1082849
1083562
1083571
1083613
1084528
1089395
1089541
1089709
1093962
1095972
1096620
1103789
1105227
1105980
1106257
1106360
1108065
1108155
1109133
1110453
1111219
1112005
1113153
1113531
1115522
1115620
1115692
1116117
1116296
1117261
1119953
1120961
1122927
1123111
1126619
1128396
1130924
1131569
1131704
1131888
1133435
1135531
1136449
1136835
1136844
1137313
1139117
1140703
1140790
1141362
1143566
1144475
1146558
1146692
1148175
1150331
1151297
1151772
1151783
1152101
1152193
1152670
1154023
1154059
1155460
1155757
1157357
1158480
1158704
1159887
1160121
1161466
1162008
1162401
1163337
1164085
1164534
1165199
1165378
1166073
1166178
1166218
1168231
1168461
1168821
1169931
1170059
1171367
1172855
1173446
1175453
1175744
1176595
1176875
1177882
1178832
1178918
1178966
1178984
1180446
1182078
1182131
1183086
1183095
1183264
1185314
1186388
1188115
1188755
1189286
1190768
1190851
1191865
1194985
1196521
1197417
1197480
1198179
1199739
1201044
1201600
1205154
1205338
1205363
1205483
1206086
1207416
1207709
1209159
1213594
1213710
1214240
1214850
1214991
1215020
1215084
1218391
1221135
1221581
1222681
1224687
1225127
1225479
1226953
1227292
1227381
1227436
1229478
1229604
1232492
1232819
1233639
1234115
1234457
1234520
1235248
1236166
1237917
1240211
1242821
1245307
1246206
1247001
1247408
1248436
1248621
1249416
1252847
1253579
1254608
1254989
1255251
1255313
1255621
1256934
1258117
1258706
1259521
1259941
1262928
1263045
1263465
1265604
1265866
1266952
1268686
1271047
1272318
1272761
1273062
1274010
1275022
1276359
1276377
1276957
1278778
1279310
1279743
1281526
1283134
1285760
1288929
1289096
1289309
1290155
1291727
1293847
1295423
1296876
1299500
1304567
1306751
1306779
1310929
1311530
1313971
1314704
1315376
1316461
1317970
1323561
1324192
1325429
1325848
1326834
1327637
1327679
1327960
1328280
1329361
1329850
1330455
1330665
1331413
1332634
1332724
1333016
1333313
1333369
1334171
1335159
1337640
1337747
1339740
1340133
1340210
1341140
1341330
1341968
1342528
1344208
1345896
1346284
1346715
1348483
1350147
1350225
1350930
1351789
1353769
1354422
1355444
1356374
1356478
1357530
1359755
1360921
1362503
1362545
1363654
1363998
1365240
1366475
1366896
1367902
1369404
1375072
1376642
1376854
1378222
1381409
1382312
1385699
1386196
1388147
1388182
1388439
1388803
1390618
1391296
1392834
1394275
1394304
1394329
1394962
1395568
1396143
1398133
1398256
1399730
1400240
1400963
1402464
1405211
1405236
1405330
1406398
1407649
1409932
1410376
1410467
1410591
1413469
1415998
1416272
1416992
1418364
1419888
1422653
1422686
1424126
1424685
1425666
1425926
1426535
1428356
1428481
1429856
1431622
1432868
1434561
1435578
1438348
1439256
1440298
1440727
1441264
1442531
1442550
1445646
1447103
1449956
1451237
1451369
1454681
1455429
1455523
1455918
1457023
1457786
1458962
1460976
1461190
1462498
1463827
1464607
1464748
1470306
1470394
1471022
1471308
1471881
1476298
1477153
1477878
1479093
1481959
1482292
1483067
1483362
1484428
1486542
1487044
1487880
1489466
1490244
1490530
1492673
1498015
1498204
1498567
1500192
1500875
1501003
1501228
1502122
1502262
1503734
1505445
1506739
1511760
1512444
1513508
1514358
1514879
1514976
1516548
1516704
1518411
1520215
1520997
1523047
1525246
1525329
1525742
1526617
1526624
1527967
1528527
1529064
1529558
1530445
1531113
1531317
1531901
1532054
1532081
1532719
1534343
1534549
1535648
1536194
1537544
1538906
1539903
1540263
1540275
1541533
1541585
1542292
1543596
1545109
1545599
1546310
1547035
1549700
1550813
1551038
1551330
1551405
1553042
1553506
1554136
1554454
1554850
1554917
1555294
1557494
1558708
1559595
1559676
1561394
1562974
1563700
1563912
1565064
1566191
1567395
1567626
1569690
1569828
1571005
1573380
1575683
1578663
1580643
1582492
1585269
1586056
1586852
1587784
1592305
1592624
1592638
1593969
1594312
1594464
1595133
1596776
1601481
1603031
1603381
1603723
1604968
1605246
1607156
1610128
1611910
1613892
1617472
1618701
1619006
1620394
1620648
1620736
1621256
1623494
1624695
1624990
1626795
1627186
1628303
1630398
1630636
1630689
1633791
1635665
1636208
1637105
1637402
1637571
1637669
1639203
1639418
1640325
1640376
1641030
1641338
1644570
1644710
1644744
1648038
1648330
1649221
1649569
1649974
1652357
1652402
1653708
1653739
1654207
1654596
1654937
1655038
1658638
1659805
1661768
1662582
1663990
1666242
1667816
1671826
1673087
1673624
1673756
1673803
1673902
1673996
1677899
1677962
1678273
1680034
1680744
1680772
1681477
1681586
1683245
1686487
1688189
1688831
1689209
1689398
1690466
1691518
1692708
1693179
1694191
1694367
1694768
1694976
1695917
1695980
1696079
1696532
1699235
1699596
1699687
1700730
1701352
1701955
1704129
1704609
1705904
1706465
1707039
1708801
1709387
1709945
1712168
1712881
1713160
1714153
1716269
1716624
1718061
1718464
1718562
1719064
1720075
1720887
1720893
1722352
1723648
1723875
1725208
1725664
1726823
1727060
1727609
1727638
1728348
1730697
1731577
1732743
1733760
1733835
1737492
1738442
1739173
1740829
1741438
1742875
1742929
1743324
1743456
1745203
1753084
1753967
1754291
1755570
1755874
1757917
1760107
1762276
1762646
1763223
1764166
1765133
1766781
1770551
1771710
1772047
1775230
1775336
1776917
1779769
1779878
1781656
1781994
1782682
1783663
1786591
1786961
1787365
1788461
1791219
1791676
1793359
1793443
1794422
1795753
1795771
1796264
1797693
1800121
1800626
1800634
1801330
1802544
1803799
1803923
1804454
1804991
1805285
1806972
1807689
1808298
1808536
1808739
1811977
1812050
1812685
1812730
1814216
1814771
1815757
1816189
1816413
1820637
1822038
1824579
1825439
1828473
1830513
1830782
1833241
1833507
1833528
1833673
1834333
1834676
1838048
1838579
1841539
1842532
1842782
1844546
1846706
1847112
1847395
1847678
1847920
1848413
1851102
1851115
1851275
1852346
1852857
1853312
1853459
1854768
1854770
1856990
1859058
1862659
1865082
1865552
1865956
1866708
1867644
1868062
1868202
1869248
1871792
1872327
1874323
1876462
1877206
1877841
1878929
1879684
1882275
1884735
1885099
1888080
1888466
1888699
1888855
1889639
1892441
1892711
1894121
1895315
1896543
1899230
1901706
1903360
1903830
1904421
1904835
1906044
1908404
1908429
1909134
1909142
1909178
1909538
1909961
1910720
1912496
1912681
1914133
1914207
1914353
1915091
1915330
1915451
1915842
1916674
1917029
1918281
1919884
1921598
1921656
1923858
1924792
1926546
1930131
1930427
1931745
1931809
1933661
1934098
1935064
1935096
1937207
1937256
1937515
1938476
1939097
1940387
1941155
1942521
1942867
1945523
1945869
1947605
1947960
1948000
1948263
1948986
1949476
1951310
1953796
1954893
1961077
1963963
1964915
1964996
1966089
1967866
1969525
1969608
1970080
1970267
1971350
1972545
1974544
1974629
1975816
1976233
1976765
1976990
1977867
1979724
1980278
1980293
1980441
1980736
1981210
1981709
1982779
1983398
1984903
1984945
1985723
1986041
1986363
1988215
1989198
1989427
1991902
1992730
1993642
1994096
1996792
1998513
1998640
1999776
2000751
2002648
2004299
2004724
2004763
2004832
2006537
2007591
2007730
2008486
2009837
2010381
2011590
2011894
2012164
2013779
2015151
2016003
2018396
2018550
2019525
2019581
2020495
2020858
2022525
2025148
2025250
2025605
2026086
2027106
2027588
2028623
2030114
2030290
2031329
2031611
2031856
2032806
2032987
2033333
2033527
2037305
2037570
2039327
2039979
2042437
2043716
2043729
2045131
2050257
2050747
2051944
2052147
2053866
2054540
2054676
2055058
2055106
2056912
2057590
2058196
2058457
2059372
2062362
2063300
2064330
2065102
2065164
2067319
2067597
2069762
2070464
2071261
2071655
2071825
2072481
2073304
2073872
2073962
2074480
2074802
2075220
2076960
2078932
2079756
2080238
2083074
2084309
2084795
2085180
2086578
2086784
2087613
2088802
2089258
2089776
2090897
2091565
2092820
2093471
2093638
2094271
2095268
2095990
2096205
2096467
2096490
2097636
2098088
2099072
2099120
2099488
2099632
2104987
2110260
2111825
2112190
2112253
2112623
2113755
2114334
2115193
2115509
2117364
2117699
2118086
2119281
2119858
2120653
2120695
2122379
2124838
2125596
2126063
2126127
2126598
2128013
2130374
2131400
2132090
2132447
2132564
2132634
2133853
2134245
2140951
2141933
2143512
2144068
2147742
2149010
2151527
2151852
2153267
2155041
2155407
2157655
2159566
2159701
2159742
2160139
2160933
2164770
2165946
2166614
2167131
2167281
2167512
2167549
2168300
2170886
2171666
2172013
2173829
2175553
2175571
2175676
2175789
2177401
2179020
2179597
2180190
2181747
2184106
2184626
2188652
2188772
2190216
2192683
2192797
2194939
2196441
2196838
2197328
2198979
2199862
2203069
2204172
2205871
2206435
2209276
2210970
2210985
2212499
2215469
2217276
2217845
2218910
2219979
2220345
2224091
2226890
2227782
2227896
2228736
2229375
2230840
2231812
2233253
2233865
2234351
2235464
2239172
2239463
2244148
2245673
2246952
2248903
2249437
2249683
2253379
2254454
2255671
2256563
2258247
2258679
2260471
2262532
2262888
2264796
2266706
2268189
2268991
2269622
2271576
2271888
2272278
2272527
2274465
2276844
2277436
2280740
2280812
2280901
2282171
2283005
2283729
2285568
2285680
2286613
2287103
2287980
2289546
2289814
2290020
2290172
2291376
2292001
2292585
2293146
2294368
2294477
2294838
2295011
2295314
2298755
2299779
2300609
2300744
2300890
2302877
2305015
2305197
2305391
2305753
2306843
2307194
2308307
2308623
2308641
2309760
2312599
2313440
2313902
2318059
2318077
2318511
2321066
2321747
2322010
2323363
2323870
2324660
2324687
2326382
2326828
2327332
2327685
2329510
2330428
2331712
2335594
2336891
2337227
2339016
2339694
2340957
2341373
2344455
2344572
2346319
2346597
2346877
2346911
2349228
2353551
2355670
2355796
2355907
2356176
2357290
2361026
2361093
2361570
2361867
2362126
2362853
2363194
2363261
2364197
2365053
2366361
2366952
2367863
2368161
2368233
2369114
2372001
2372453
2373650
2375447
2375800
2375825
2377708
2378141
2378217
2379641
2379975
2380706
2381751
2382634
2384479
2389363
2390685
2392316
2393335
2393615
2395385
2395669
2395891
2396869
2398171
2401057
2402775
2404550
2406439
2408464
2414184
2415473
2415596
2415813
2417456
2419847
2423828
2424084
2426444
2426812
2427781
2430457
2432369
2434380
2434472
2435932
2436963
2437998
2440251
2440517
2441250
2442953
2444165
2444366
2444811
2446353
2447900
2448985
2450328
2451334
2451945
2453265
2454090
2454515
2457702
2459277
2459303
2459673
2460795
2460857
2462713
2463110
2463823
2464421
2464899
2465276
2465915
2468353
2469517
2469862
2470314
2470340
2470918
2471017
2472851
2473533
2474012
2474641
2476313
2477032
2477252
2477719
2477883
2477908
2478282
2480078
2480165
2480772
2481722
2482409
2483323
2483405
2485088
2485125
2486556
2486604
2488432
2492176
2493929
2495286
2496183
2499450
2500395
2502040
2503337
2503675
2505051
2506657
2507412
2512251
2512279
2512284
2512517
2513416
2514589
2515374
2516526
2517600
2517697
2519776
2520148
2520176
2521976
2522504
2524421
2525254
2526105
2526179
2526201
2533311
2535559
2537456
2538883
2542107
2542765
2543024
2547951
2548664
2549280
2550222
2551263
2552231
2552821
2553402
2553441
2554721
2554879
2555555
2555641
2556463
2556782
2556911
2561473
2563275
2565218
2565467
2565591
2568460
2569351
2570757
2571766
2573764
2574195
2574776
2575645
2577110
2578120
2579643
2579708
2579795
2580685
2580702
2581849
2583975
2585459
2586244
2588323
2588769
2590122
2590295
2591270
2593461
2593955
2598276
2598890
2600346
2600651
2601071
2602290
2604076
2604102
2606459
2606586
2607012
2607033
2607924
2608106
2610946
2612226
2613216
2613870
2613942
2616000
2616899
2618182
2618392
2620515
2622528
2624122
2625911
2626348
2626411
2626759
2626827
2628064
2628096
2629166
2629184
2629459
2631477
2632409
2634458
2635176
2635753
2636572
2636851
2638688
2641467
2642923
2643191
2643997
2644061
2645170
2645482
2645559
2647684
2648645
2649804
2650296
2651383
2652473
2652642
2653160
2653944
2654479
2654504
2654529
2654781
2658527
2661346
2663766
2663898
2664165
2665654
2666395
2668258
2669639
2670573
2671365
2673234
2674202
2675497
2676859
2676945
2677042
2677129
2679763
2681738
2682630
2683719
2683856
2684135
2686309
2686428
2686461
2688311
2690188
2691959
2695095
2695175
2697477
2697562
2701126
2703322
2703913
2704477
2704838
2705283
2706236
2707753
2708329
2708412
2709705
2710113
2710589
2711086
2711487
2711528
2713020
2714263
2714316
2714807
2716061
2716676
2716681
2716736
2717677
2718404
2719862
2721104
2721453
2722944
2724309
2724380
2726049
2726344
2726659
2726963
2729236
2730089
2732616
2733026
2735597
2735716
2737518
2737939
2739255
2739736
2740264
2741335
2741344
2743354
2743764
2744797
2744826
2745406
2745645
2746305
2746964
2748219
2750047
2750155
2751934
2752238
2753049
2756431
2756530
2757884
2760361
2761798
2763620
2764210
2766485
2766927
2767702
2768147
2772731
2773290
2773315
2773754
2774403
2774907
2775666
2776180
2778033
2778085
2780644
2781177
2781291
2781382
2781828
2782708
2783349
2783394
2784146
2784733
2784770
2786581
2787506
2787941
2788031
2788082
2790929
2794513
2794731
2795517
2796096
2796511
2796795
2796833
2799506
2800644
2802363
2803508
2804109
2807320
2807408
2807521
2808134
2809036
2810744
2812285
2812773
2815375
2815812
2816040
2817564
2818909
2820999
2825586
2826168
2826709
2827202
2828359
2828492
2829747
2829823
2829896
2830271
2836856
2836953
2837467
2838533
2838930
2839712
2841992
2842399
2843263
2846456
2846545
2847748
2848259
2849663
2850054
2850115
2850755
2851392
2851988
2853596
2853687
2857083
2859725
2859921
2860327
2861127
2862390
2863495
2863756
2867566
2867603
2868435
2873491
2873731
2874123
2874719
2875495
2876333
2876711
2876745
2878157
2879126
2883374
2885752
2891328
2892261
2893436
2894451
2894598
2894607
2894661
2894769
2895365
2896276
2897378
2899181
2900839
2901352
2902658
2902986
2905242
2905817
2907175
2908573
2910837
2913436
2914887
2914994
2915025
2916042
2918875
2919282
2921835
2922795
2923234
2923402
2924805
2925208
2926958
2927594
2928685
2929869
2933861
2934513
2934750
2935251
2936096
2940111
2941144
2941463
2942540
2944984
2945323
2945359
2945661
2948351
2949345
2950456
2953903
2954246
2957743
2958752
2959895
2962799
2962803
2964676
2967849
2969526
2970054
2970412
2970962
2971408
2971756
2972730
2973067
2973244
2973678
2974231
2975535
2976946
2977242
2977306
2978452
2978463
2978576
2978989
2980619
2984779
2986999
2987069
2987350
2987844
2988795
2989654
2990427
2991105
2991809
2992334
2993139
2993776
2994376
2994649
2995714
2996698
2998865
2999365
2999962
3000230
3001705
3002089
3002235
3003730
3004683
3004819
3005645
3006440
3006557
3008219
3010092
3010640
3011422
3011670
3012728
3012941
3013785
3015523
3016531
3018347
3019122
3019214
3021498
3022103
3022743
3023048
3023470
3023520
3023787
3023986
3024750
3024990
3025369
3026148
3026324
3026987
3028336
3029165
3029735
3029902
3030543
3032376
3033775
3035014
3035124
3035794
3036094
3036718
3037625
3038888
3039195
3040376
3041265
3042793
3043335
3043476
3047572
3047631
3050094
3054869
3056115
3056217
3056412
3061460
3061837
3062222
3062364
3062801
3062906
3062994
3065384
3066226
3066774
3066838
3066891
3067070
3067383
3068228
3069142
3069422
3069759
3069814
3070482
3070564
3070979
3073570
3077778
3077844
3078346
3079028
3079179
3079234
3080915
3082135
3084082
3084220
3087074
3088214
3088641
3089520
3089645
3090912
3091252
3091701
3091953
3092064
3093370
3094039
3096221
3096936
3097343
3098777
3101625
3102532
3103635
3104348
3104509
3105229
3105338
3106124
3106230
3106682
3106932
3108262
3110045
3112866
3113799
3113915
3116065
3119234
3119508
3120286
3120361
3120847
3121257
3121750
3122669
3124272
3124854
3125732
3126518
3127411
3128675
3131008
3131086
3132628
3132725
3133268
3134350
3136459
3137085
3137208
3138482
3138876
3139220
3139657
3140933
3142926
3144879
3146037
3148489
3154409
3154452
3155702
3157377
3159890
3160097
3160927
3161874
3161930
3162999
3166190
3167099
3167824
3167916
3168043
3170480
3171649
3173583
3177684
3178690
3183082
3183205
3183292
3183796
3191483
3193189
3193952
3195464
3195774
3197599
3198080
3203318
3204372
3205896
3206649
3206910
3210025
3210329
3211964
3212155
3212871
3213149
3213261
3213905
3215152
3216240
3218798
3222644
3224159
3226817
3230294
3232165
3232440
3232486
3232624
3233892
3234790
3236700
3236949
3237265
3238025
3238412
3238835
3238986
3240198
3241459
3241774
3242355
3245282
3246152
3246976
3247074
3248816
3248873
3249778
3249995
3252023
3252181
3252363
3253120
3253540
3255792
3257026
3260571
3260852
3265369
3265895
3266410
3269213
3269964
3270296
3270374
3270925
3271158
3272660
3274114
3276427
3276996
3277020
3277864
3280160
3283361
3283917
3284129
3284930
3287673
3288582
3288834
3289608
3289802
3290021
3290560
3293795
3294386
3294515
3295405
3297348
3297657
3299493
3301272
3301655
3302239
3302372
3302784
3303304
3306298
3306868
3306942
3309318
3311097
3311373
3311520
3312229
3314954
3315688
3315705
3316569
3318538
3321924
3322523
3324420
3326269
3326281
3326453
3328711
3330517
3331567
3331942
3332000
3332622
3333189
3335654
3336210
3336502
3336709
3337954
3338091
3338364
3338819
3340350
3342458
3342580
3343362
3344428
3345109
3346542
3346792
3347950
3349661
3353663
3353902
3354593
3356016
3356065
3356580
3358231
3359278
3359562
3360462
3361931
3362945
3363418
3364047
3364403
3365096
3365812
3366631
3367371
3368413
3368526
3369579
3370239
3370630
3371294
3372151
3372514
3373324
3376861
3376899
3379163
3380273
3380461
3381932
3382754
3384793
3385078
3386790
3387295
3388045
3389050
3390199
3390747
3392254
3392440
3393053
3393191
3395596
3396819
3399070
3399335
3399792
3400363
3400762
3402516
3403729
3404224
3404995
3405384
3405964
3407094
3408003
3408523
3408577
3412508
3416551
3417458
3420634
3420791
3421075
3421492
3424469
3425475
3426187
3427252
3428324
3429817
3430034
3430609
3431260
3431669
3432161
3433418
3434944
3435309
3436768
3437502
3437966
3439551
3440653
3441348
3445371
3445502
3445897
3446289
3447503
3448081
3448962
3449122
3449578
3450124
3451310
3451917
3452207
3452523
3452693
3452848
3454127
3454341
3454781
3457043
3458333
3459499
3459885
3461444
3461942
3463718
3464343
3465349
3466619
3467163
3468769
3469750
3469945
3470091
3470420
3470860
3471054
3472522
3474794
3474820
3475938
3476212
3476525
3478788
3479089
3479450
3480459
3480947
3481067
3481502
3483658
3484704
3485065
3487341
3488230
3489147
3490914
3492031
3492193
3493011
3493256
3494023
3494391
3494545
3494574
3495981
3499024
3499290
3499949
3500222
3500420
3501449
3502088
3502148
3503056
3504647
3504892
3505214
3506695
3506773
3507104
3508205
3508325
3509502
3510858
3511722
3512765
3512815
3515273
3516086
3516419
3516572
3517207
3517228
3517951
3518578
3518850
3519123
3519373
3519551
3520332
3520538
3520580
3520961
3522275
3523085
3523469
3523873
3524495
3524783
3526185
3527345
3528186
3530372
3530779
3531731
3531945
3535009
3536674
3538756
3539027
3540430
3541089
3544128
3544334
3544417
3545517
3545814
3546113
3549521
3550494
3554338
3558393
3558704
3559274
3559834
3560687
3561970
3563638
3563680
3563915
3564816
3567280
3568317
3569028
3569488
3570955
3573500
3573653
3573782
3575001
3576007
3576402
3576998
3578036
3578185
3578596
3579369
3580896
3581300
3582351
3586290
3586933
3587870
3587926
3588102
3589049
3589295
3590599
3591432
3594017
3594598
3596116
3597695
3598722
3599740
3601169
3602329
3603070
3603766
3605293
3605595
3606371
3606920
3607712
3608140
3608359
3608377
3610345
3610389
3612272
3613552
3615645
3617020
3617128
3617438
3620893
3623293
3623722
3625850
3626438
3627078
3627093
3627675
3628657
3628715
3630061
3630151
3630767
3631992
3633835
3635031
3635552
3635702
3635935
3636786
3638303
3639078
3639131
3640068
3643885
3645080
3648923
3652656
3652887
3652970
3653731
3656179
3657519
3657831
3659759
3661702
3664035
3668159
3671026
3671557
3671803
3671930
3672458
3673299
3674113
3674461
3674483
3675426
3675805
3676344
3677703
3678270
3679038
3679108
3679531
3679887
3681139
3682892
3685043
3685841
3686490
3690131
3691137
3692079
3695375
3696932
3697235
3697299
3697678
3698328
3699000
3699518
3701107
3701446
3701452
3703499
3704447
3704473
3707187
3709682
3712927
3713189
3715824
3715916
3717818
3717954
3719212
3720977
3722958
3724313
3725324
3725753
3726510
3726733
3727775
3729159
3729177
3730195
3734374
3734544
3734583
3735057
3735476
3735882
3736326
3738004
3738292
3740666
3742330
3743438
3743974
3744807
3745803
3745964
3746571
3746891
3747454
3748752
3752609
3755386
3755642
3755937
3757247
3757250
3759898
3760820
3763101
3764607
3764921
3768293
3770464
3771090
3772865
3775814
3776919
3779129
3779609
3780304
3781026
3781173
3782670
3782730
3783058
3786136
3786526
3790074
3790386
3791388
3791985
3793055
3793585
3794335
3796983
3798605
3802142
3804618
3804919
3805303
3805981
3811256
3811746
3813899
3814319
3816002
3818442
3819129
3821862
3826661
3827100
3828927
3828995
3829033
3829400
3830866
3832022
3832869
3833266
3834114
3834683
3834732
3837020
3837319
3837387
3838061
3838201
3838368
3839589
3840283
3840353
3841024
3841108
3842460
3842892
3844718
3845301
3845671
3846134
3846928
3847123
3847421
3849072
3849632
3850034
3850453
3850533
3850799
3851676
3855273
3858476
3858602
3858623
3858677
3859927
3862096
3863774
3863904
3865136
3865873
3866877
3869775
3870633
3871955
3872778
3873432
3874104
3876371
3878628
3878834
3879597
3880271
3884564
3885661
3887633
3888440
3890901
3891665
3892080
3892529
3893841
3895001
3896349
3902902
3903879
3904540
3905089
3905693
3908252
3910015
3911884
3912443
3913747
3914543
3914622
3915213
3916226
3916553
3917033
3917705
3919741
3920329
3921182
3921744
3924708
3926816
3929418
3930752
3931957
3934021
3934623
3935491
3936187
3936354
3936886
3937115
3937636
3937742
3938643
3940647
3941952
3942465
3942482
3943489
3943853
3943862
3944114
3944162
3945291
3946915
3947161
3949088
3949169
3951708
3952238
3952995
3953526
3953602
3953737
3953829
3954392
3957146
3957175
3957981
3958171
3958683
3961079
3962179
3962255
3962464
3962496
3964482
3964717
3964937
3965547
3965644
3967575
3968728
3969631
3971654
3973267
3975499
3975795
3977523
3981995
3982536
3983402
3984311
3984770
3985122
3985399
3985593
3985630
3986877
3987060
3987150
3988723
3988999
3989966
3990321
3990863
3991386
3991601
3993291
3994199
3995325
3996483
3996901
3999822
4000132
4003463
4003671
4004196
4004899
4006947
4007253
4010938
4012863
4012916
4013169
4013176
4014429
4014752
4016810
4019507
4019682
4020465
4020601
4022460
4022818
4022900
4023756
4023845
4024136
4024356
4024519
4025107
4026871
4028472
4029143
4029441
4031553
4032319
4033211
4034715
4034840
4035461
4037530
4038271
4041840
4041862
4043191
4043241
4043616
4045058
4045314
4046550
4047483
4048048
4049720
4050851
4052966
4053098
4055835
4056055
4056343
4059247
4060575
4060670
4060871
4066045
4069967
4070203
4070855
4073736
4073745
4073891
4074544
4075383
4075501
4075847
4076066
4081272
4082792
4085178
4088544
4090102
4090611
4092279
4092563
4093588
4097056
4098393
4098782
4098922
4099274
4100312
4100333
4100838
4101678
4101848
4102816
4104936
4105759
4106849
4110080
4111177
4111224
4112059
4112919
4113385
4113676
4115383
4117822
4119106
4119502
4119678
4122416
4122577
4122966
4124153
4124341
4124547
4125914
4127989
4128056
4128321
4128430
4128745
4130101
4131806
4133103
4134034
4134281
4134728
4135571
4136897
4137419
4138236
4139662
4140398
4145390
4145733
4148342
4149713
4151573
4151906
4153617
4153915
4156895
4157102
4159539
4160609
4161441
4161875
4163222
4164119
4166948
4168094
4168122
4168534
4168587
4168963
4169971
4170227
4171729
4173148
4173868
4174431
4177220
4178042
4178707
4179706
4179712
4181215
4182139
4185225
4185568
4185783
4189284
4192902
4194010
4194234
4195210
4196582
4197231
4199593
4200635
4200921
4201908
4202684
4203010
4204535
4204631
4207026
4207129
4207707
4208155
4208251
4209339
4210890
4211143
4213683
4213776
4216311
4216629
4216673
4217848
4218158
4219048
4220397
4221100
4221833
4224680
4225669
4226045
4226272
4226619
4227851
4228302
4229393
4229653
4230070
4231653
4231662
4233740
4235140
4235957
4237004
4237612
4237983
4240929
4241482
4243329
4244731
4245101
4245126
4245694
4246771
4247420
4248146
4248202
4248367
4251964
4255014
4260791
4262027
4264560
4264850
4265409
4266649
4267025
4272797
4275638
4276184
4276676
4277356
4278775
4279187
4279612
4280270
4281279
4281436
4281871
4282728
4283455
4284553
4284681
4284880
4284916
4287077
4287380
4289898
4290322
4291012
4292185
4294994
4297020
4297581
4297662
4298226
4299169
4300660
4303440
4305161
4306411
4307224
4307742
4309278
4309774
4309931
4311799
4311889
4313235
4313848
4314154
4316481
4317736
4318576
4318877
4319437
4320894
4325281
4325427
4326441
4326931
4328256
4328530
4328724
4328984
4330342
4330888
4331657
4332281
4332728
4335429
4335577
4336504
4336529
4336819
4338123
4339413
4340799
4341562
4344237
4346223
4349899
4350748
4350893
4353430
4353514
4356877
4358509
4358563
4359800
4360234
4360703
4360774
4361724
4362286
4363000
4363908
4366064
4366265
4366666
4366806
4369366
4370892
4373193
4374968
4377051
4377084
4377798
4378430
4379154
4380098
4382701
4383012
4383917
4384549
4386465
4386717
4387879
4387913
4390012
4390190
4391326
4393064
4393132
4393589
4394168
4394588
4395529
4395797
4396778
4397218
4397313
4397715
4397814
4398533
4399367
4400788
4401589
4403158
4404680
4405293
4405916
4406074
4406951
4410191
4410866
4411070
4411630
4413325
4413827
4416019
4416055
4419077
4420776
4421433
4421505
4423767
4424932
4426903
4428871
4429897
4432587
4432784
4433787
4434342
4436229
4436993
4438358
4438712
4440335
4441066
4441393
4443978
4445769
4446054
4446793
4450666
4451008
4451851
4452607
4452635
4453084
4453334
4453627
4454054
4454347
4454962
4455225
4455930
4456697
4458112
4459928
4460864
4463008
4463599
4465601
4468940
4468995
4470844
4470971
4473678
4474030
4475892
4476361
4477508
4477625
4478107
4479949
4481516
4483269
4485221
4488023
4488030
4489184
4493063
4495247
4499734
4501408
4501617
4501638
4505071
4508206
4508750
4511194
4513013
4515575
4517921
4519486
4520066
4520128
4520326
4521458
4521840
4523336
4525473
4526153
4526359
4527558
4527901
4531240
4531865
4533961
4535076
4536150
4537903
4537911
4538061
4539148
4540261
4542163
4543034
4544519
4544641
4545452
4546546
4546621
4547962
4548461
4549010
4550533
4551669
4553267
4553628
4554591
4556442
4557482
4557642
4558021
4558361
4558873
4561329
4561398
4561667
4563790
4566144
4566326
4566614
4567019
4567680
4571100
4571169
4571380
4571391
4573677
4575540
4577296
4577303
4578139
4578887
4580623
4581859
4584660
4585531
4585683
4585797
4587050
4587538
4587907
4588384
4588557
4588585
4590589
4590806
4591336
4592492
4592732
4595351
4595652
4595811
4596166
4596357
4597677
4597975
4598011
4598431
4599134
4600285
4603180
4604625
4607821
4607942
4609271
4609975
4610231
4610643
4611264
4612906
4613020
4613257
4613608
4614658
4614742
4615320
4615867
4617361
4617865
4618717
4618813
4620097
4621638
4621707
4625086
4626924
4627846
4628092
4632879
4633026
4634295
4634476
4634560
4635491
4635569
4636279
4639681
4640434
4640528
4641578
4641829
4643552
4646254
4648891
4649618
4652164
4654521
4656724
4656920
4658504
4659945
4661037
4661608
4662676
4663740
4664450
4665573
4668570
4668930
4670439
4670638
4671044
4671061
4671553
4673635
4677235
4677340
4677596
4678286
4678946
4679406
4681069
4682250
4683061
4684629
4685737
4688065
4688730
4689979
4691170
4692946
4693778
4694491
4696901
4697186
4697968
4698460
4698721
4699506
4700599
4700631
4702473
4704139
4704887
4706318
4706549
4707020
4708676
4708982
4709059
4709324
4709692
4710569
4712281
4712351
4712756
4713152
4713665
4714697
4715149
4718188
4718485
4718667
4718986
4720613
4721058
4721194
4722136
4724144
4724480
4724576
4725218
4725741
4726064
4726771
4728604
4730141
4730449
4731799
4732546
4732956
4732972
4736006
4736167
4737184
4738161
4740381
4740524
4742013
4742081
4742690
4743659
4744087
4746185
4748887
4751294
4752179
4752477
4753154
4753410
4757332
4757853
4759712
4759843
4761892
4762661
4763548
4764000
4764449
4764636
4764939
4766863
4767560
4768036
4768447
4768791
4769685
4773165
4773923
4774049
4774677
4774850
4782005
4784538
4785978
4787244
4787256
4792250
4792352
4792666
4793143
4793477
4793703
4794345
4794544
4794749
4795476
4796221
4796257
4797198
4798730
4799074
4799482
4800150
4800772
4802020
4802037
4802172
4802249
4803451
4804808
4805229
4809543
4812146
4812367
4813213
4813609
4814526
4814578
4814792
4814898
4816354
4818023
4818762
4818960
4821417
4822151
4822278
4826872
4827685
4828320
4828453
4828783
4829040
4831086
4831191
4831510
4831997
4832396
4833319
4834835
4841807
4842620
4842753
4843553
4844146
4850595
4851149
4852909
4854729
4856346
4856375
4856522
4856618
4860115
4860331
4860347
4861408
4861996
4868212
4869418
4869635
4869661
4871369
4872182
4873175
4875800
4879286
4881094
4881356
4882447
4883827
4885861
4889216
4889410
4889666
4891204
4892755
4893963
4895998
4897510
4898834
4899750
4900295
4901107
4901597
4902072
4902321
4903148
4904791
4905598
4906141
4906188
4907119
4907715
4909322
4909721
4910332
4911247
4911391
4912611
4914001
4916920
4917892
4919989
4921226
4922424
4922716
4923713
4923912
4924119
4924580
4925511
4925960
4927149
4927498
4927763
4928952
4932684
4932987
4933514
4933904
4934631
4935057
4936037
4938300
4938369
4938489
4939362
4940643
4942656
4943199
4944382
4946654
4946950
4947145
4947898
4948261
4949563
4949935
4952129
4952254
4955498
4956377
4957684
4960528
4962339
4965329
4966165
4968010
4968586
4973130
4973196
4974393
4975031
4975292
4976786
4977732
4979803
4980224
4981557
4983067
4987654
4988268
4989994
4990170
4990207
4991289
4992389
4992647
4992650
4993663
4994262
4994578
4995268
4995922
4996741
4997263
4999044
5001074
5001738
5004662
5004841
5007108
5009269
5009663
5009959
5011861
5013464
5015189
5017087
5018332
5019106
5019559
5019619
5022588
5022951
5023928
5027841
5028120
5030928
5033262
5037733
5038162
5039360
5040971
5041276
5043003
5043207
5043660
5043979
5047982
5048491
5051195
5052892
5055319
5056126
5056193
5056381
5057689
5060087
5060147
5060811
5061226
5061613
5061767
5062079
5062417
5063834
5064422
5066071
5070021
5071525
5071608
5072916
5073503
5073806
5074371
5074791
5074876
5075052
5075341
5076622
5077313
5078836
5079712
5083967
5084470
5085675
5086562
5087534
5088920
5089029
5090922
5092337
5093629
5093805
5094312
5094430
5094838
5095447
5095642
5096075
5098505
5099975
5101288
5104971
5105845
5106306
5106370
5107975
5108832
5109155
5111018
5113885
5114800
5116102
5118276
5118617
5118744
5120170
5121516
5122259
5125199
5126325
5126474
5126702
5127188
5129192
5131143
5133024
5135391
5135714
5136117
5136866
5138425
5139032
5140018
5140438
5143071
5143884
5144415
5146258
5146985
5147282
5147590
5147993
5148470
5149898
5149946
5150215
5150460
5150733
5153489
5157212
5157798
5158423
5160178
5161833
5161993
5163057
5163085
5163344
5163816
5163898
5164624
5166283
5171280
5172461
5173613
5176268
5177093
5180852
5181966
5182070
5182677
5182705
5184051
5185205
5186567
5188202
5188434
5189198
5190102
5191042
5191198
5192436
5192517
5196085
5199162
5199267
5201695
5202278
5202459
5203229
5204149
5209095
5209682
5210205
5213865
5214026
5215166
5215184
5217879
5218330
5218725
5218921
5218957
5219360
5219608
5219830
5223550
5229115
5230607
5232435
5232708
5236480
5236653
5237617
5238694
5239943
5240407
5241820
5243128
5245269
5245276
5246151
5247497
5247578
5248482
5250417
5250662
5255678
5255709
5256162
5257428
5257666
5259361
5259481
5262170
5262791
5263944
5266959
5268947
5270488
5271523
5271541
5272335
5276380
5278277
5278673
5278879
5279165
5281803
5282205
5282886
5285389
5285419
5285785
5288409
5288608
5291024
5291834
5293060
5294784
5297449
5298483
5301850
5302235
5303403
5303606
5303633
5304038
5306617
5307342
5309002
5309030
5310614
5310695
5311218
5311313
5311436
5311580
5312691
5312959
5313180
5314931
5317605
5320120
5320260
5321256
5324974
5325155
5325300
5329305
5329471
5329923
5330159
5331147
5332524
5333371
5335969
5337394
5337676
5338212
5340292
5340403
5341338
5341739
5342252
5345312
5345441
5346170
5346763
5347039
5349782
5349922
5350469
5350975
5351463
5354992
5355661
5355921
5356164
5357467
5358811
5359040
5363285
5363729
5364674
5365297
5365512
5368502
5368709
5369764
5369862
5369956
5370244
5370482
5370905
5371267
5373890
5374271
5375020
5375268
5376381
5377914
5379201
5379219
5380320
5380638
5380744
5382627
5382716
5385483
5388938
5390140
5390153
5392618
5393394
5393508
5393982
5394419
5394528
5394712
5396627
5397147
5399979
5400232
5400710
5402233
5402936
5405955
5406925
5407897
5408641
5408909
5410112
5411418
5412768
5414946
5417622
5417645
5418125
5420664
5421974
5422035
5422477
5423727
5427218
5427445
5429277
5431264
5432732
5435254
5435988
5436321
5437677
5439524
5440009
5440017
5440781
5440985
5443007
5443184
5443234
5443278
5443681
5448580
5452111
5453726
5453995
5456216
5456444
5457748
5458442
5460755
5461384
5463530
5463678
5464786
5466070
5466425
5466766
5467464
5469195
5471580
5473390
5475362
5475371
5475693
5477558
5480374
5480631
5483029
5484114
5486318
5486845
5487750
5488415
5489391
5490266
5490999
5493829
5495931
5496067
5496473
5496541
5498420
5499051
5501300
5506091
5506893
5509938
5510352
5510503
5510522
5510919
5511264
5511288
5513319
5515001
5515200
5516846
5517400
5518121
5518194
5519237
5519983
5520280
5521427
5521462
5522489
5526578
5527242
5527817
5528249
5528360
5530642
5531046
5532455
5533165
5534542
5534664
5534718
5535765
5535936
5536871
5539260
5539508
5540631
5543517
5543886
5544661
5545810
5550591
5554414
5555527
5556660
5557932
5558504
5558933
5562998
5563309
5563786
5564596
5564897
5565289
5565754
5568959
5569455
5572043
5572079
5572967
5574552
5574983
5576969
5578307
5578335
5579252
5580153
5580418
5581908
5582363
5582870
5582955
5588999
5591149
5591634
5593494
5597443
5598561
5599248
5600102
5601343
5601988
5602004
5602458
5603655
5603951
5604154
5605288
5605879
5607539
5608463
5609492
5610137
5610441
5610595
5611207
5612253
5612344
5613566
5615489
5616030
5618027
5618733
5619728
5621279
5621397
5622318
5624891
5625036
5626139
5627181
5627197
5632523
5633840
5634245
5635304
5636060
5638118
5638846
5639410
5641009
5642976
5646591
5647013
5648197
5648346
5650305
5650506
5650533
5651061
5652206
5652653
5652798
5653108
5653405
5654411
5656027
5656629
5656721
5656757
5657170
5658578
5659013
5659551
5660267
5663539
5666084
5667495
5667915
5668907
5668910
5669045
5670142
5675824
5677040
5677535
5678565
5679233
5680122
5680497
5684011
5684149
5687489
5687886
5693640
5694566
5695198
5697310
5697718
5698106
5698450
5700299
5703959
5704068
5704122
5704542
5704737
5707304
5710579
5712524
5712741
5714229
5716214
5717120
5717586
5719153
5721706
5722267
5722797
5722985
5723888
5723903
5724069
5724159
5724217
5724291
5726817
5727006
5727501
5728207
5728244
5728693
5729509
5729886
5730285
5730491
5731928
5732617
5733535
5734736
5735036
5735660
5736855
5737338
5738899
5739534
5740351
5740366
5740710
5740845
5741192
5742729
5743628
5743801
5744065
5744082
5744649
5745410
5747530
5747825
5748033
5754419
5755136
5755208
5755850
5757131
5757150
5757276
5758101
5759261
5759951
5762469
5762850
5765670
5765871
5766522
5766574
5766849
5768180
5768303
5768837
5769761
5769799
5770296
5772897
5773047
5773839
5774781
5775908
5775940
5778430
5785880
5791037
5796159
5799650
5801282
5801901
5801993
5803924
5813694
5814834
5815584
5816034
5816568
5819059
5820479
5820598
5821252
5821304
5822059
5822380
5823464
5823852
5825400
5825784
5826294
5828999
5831678
5833102
5833365
5833622
5833844
5835187
5835871
5838027
5838721
5839902
5839964
5840122
5842488
5842676
5844780
5845009
5845302
5847220
5847243
5847723
5850380
5851820
5852985
5854726
5854908
5855078
5856260
5856508
5856571
5857593
5861445
5864137
5865299
5865473
5866957
5867298
5868622
5870734
5875062
5875879
5876526
5876659
5877349
5877711
5878639
5878671
5878922
5880848
5882837
5882932
5883131
5885066
5885079
5885731
5888806
5889321
5889950
5890281
5891072
5893776
5894668
5894956
5895181
5895545
5897353
5897920
5899658
5900644
5901123
5901953
5903998
5907087
5907568
5907663
5907744
5909185
5910486
5910609
5913610
5913957
5914178
5916071
5922196
5922674
5923688
5923718
5925758
5926709
5927358
5931355
5932044
5932632
5934207
5935550
5937759
5938104
5939086
5939277
5940774
5941170
5942033
5942481
5943734
5947038
5947222
5947315
5950457
5950584
5951213
5953149
5954651
5954942
5957143
5957184
5957973
5958640
5959377
5959565
5959635
5959801
5961046
5961699
5961912
5962851
5963173
5965221
5967787
5967872
5970868
5972504
5979205
5980974
5982116
5982200
5982977
5983277
5984562
5985112
5985596
5986396
5987679
5988141
5988667
5989688
5990008
5990768
5991057
5991111
5993082
5993369
5993397
5993685
5994323
5997409
5997888
5998595
5999812
6000943
6000984
6001547
6002820
6003248
6004049
6006741
6008786
6009508
6009595
6011874
6013256
6019748
6020428
6022860
