2401057
2402775
2404550
2406439
2408464
2414184
2415473
2415596
2415813
2417456
2419847
2423828
2424084
2426444
2426812
2427781
2430457
2432369
2434380
2434472
2435932
2436963
2437998
2440251
2440517
2441250
2442953
2444165
2444366
2444811
2446353
2447900
2448985
2450328
2451334
2451945
2453265
2454090
2454515
2457702
2459277
2459303
2459673
2460795
2460857
2462713
2463110
2463823
2464421
2464899
2465276
2465915
2468353
2469517
2469862
2470314
2470340
2470918
2471017
2472851
2473533
2474012
2474641
2476313
2477032
2477252
2477719
2477883
2477908
2478282
2480078
2480165
2480772
2481722
2482409
2483323
2483405
2485088
2485125
2486556
2486604
2488432
2492176
2493929
2495286
2496183
2499450
