2400008
2400014
2400027
2400040
2400053
2400071
2400086
2400095
2400124
2400146
2400191
2400202
2400223
2400241
2400259
2400264
2400277
2400288
2400303
2400336
2400389
2400390
2400401
2400419
2400426
2400460
2400478
2400487
2400528
2400535
2400599
2400629
2400650
2400665
2400682
2400698
2400721
2400733
2400749
2400757
2400785
2400818
2400820
2400837
2400851
2400866
2400900
2400954
2400969
2400976
2400981
2400997
2401021
2401103
2401122
2401145
2401174
2401189
2401239
2401253
2401271
2401295
2401328
2401344
2401361
2401383
2401399
2401432
2401481
2401497
2401519
2401526
2401542
2401555
2401560
2401593
2401602
2401720
2401766
2401816
2401831
2401850
2401873
2401909
2401917
2401924
2401946
2401980
2402003
2402011
2402022
2402067
2402074
2402106
2402112
2402121
2402133
2402185
2402194
2402207
2402210
2402235
2402256
2402261
2402272
2402314
2402327
2402371
2402395
2402404
2402429
2402465
2402541
2402588
2402596
2402601
2402619
2402626
2402634
2402655
2402693
2402717
2402763
2402780
2402791
2402854
2402920
2402937
2402943
2402966
2403004
2403029
2403050
2403065
2403119
2403126
2403160
2403187
2403218
2403220
2403237
2403251
2403313
2403325
2403376
2403397
2403403
2403411
2403436
2403445
2403467
2403524
2403546
2403563
2403575
2403580
2403649
2403670
2403694
2403702
2403715
2403723
2403730
2403764
2403777
2403796
2403808
2403839
2403840
2403853
2403886
2403928
2403944
2403956
2403961
2404009
2404038
2404063
2404114
2404171
2404245
2404290
2404302
2404330
2404341
2404396
2404418
2404420
2404437
2404443
2404466
2404504
2404529
2404598
2404656
2404661
2404672
2404699
2404732
2404819
2404826
2404834
2404855
2404878
2404887
2404912
2404957
2404968
2404970
2405000
2405013
2405025
2405076
2405097
2405102
2405141
2405177
2405196
2405217
2405224
2405252
2405291
2405316
2405331
2405382
2405398
2405406
2405457
2405468
2405470
2405494
2405505
2405584
2405622
2405690
2405719
2405755
2405787
2405793
2405807
2405828
2405835
2405861
2405872
2405883
2405953
2405995
2406001
2406060
2406104
2406129
2406147
2406200
2406269
2406281
2406305
2406318
2406320
2406366
2406379
2406384
2406427
2406453
2406506
2406512
2406521
2406533
2406549
2406568
2406585
2406594
2406609
2406624
2406638
2406646
2406663
2406744
2406756
2406889
2406902
2406959
2406964
2406988
2407018
2407037
2407043
2407084
2407092
2407128
2407144
2407156
2407233
2407257
2407285
2407334
2407378
2407409
2407424
2407446
2407475
2407480
2407500
2407513
2407532
2407576
2407597
2407608
2407639
2407653
2407686
2407729
2407765
2407782
2407802
2407823
2407830
2407841
2407864
2407911
2407958
2407967
2407990
2408010
2408083
2408105
2408120
2408201
2408226
2408255
2408260
2408278
2408287
2408293
2408306
2408368
2408394
2408441
2408477
2408488
2408553
2408562
2408595
2408625
2408676
2408697
2408722
2408736
2408745
2408758
2408809
2408817
2408824
2408875
2408891
2408916
2408931
2409015
2409064
2409154
2409197
2409229
2409273
2409338
2409346
2409391
2409428
2409461
2409472
2409483
2409522
2409536
2409558
2409567
2409590
2409605
2409618
2409620
2409643
2409679
2409684
2409714
2409795
2409833
2409955
2410107
2410128
2410144
2410172
2410206
2410249
2410268
2410294
2410334
2410342
2410378
2410446
2410463
2410500
2410513
2410576
2410581
2410608
2410627
2410639
2410653
2410671
2410704
2410729
2410731
2410747
2410750
2410773
2410802
2410823
2410864
2410911
2410922
2410958
2410974
2410989
2410990
2411004
2411016
2411029
2411031
2411047
2411073
2411101
2411119
2411142
2411155
2411160
2411178
2411193
2411220
2411237
2411243
2411284
2411300
2411325
2411348
2411354
2411376
2411381
2411403
2411422
2411445
2411467
2411474
2411490
2411606
2411621
2411633
2411649
2411657
2411668
2411685
2411702
2411723
2411741
2411764
2411777
2411788
2411796
2411814
2411827
2411840
2411853
2411886
2411910
2411944
2411956
2411972
2412055
2412078
2412093
2412116
2412131
2412147
2412173
2412182
2412198
2412213
2412232
2412248
2412269
2412281
2412297
2412305
2412318
2412337
2412351
2412392
2412414
2412439
2412440
2412453
2412471
2412506
2412512
2412521
2412533
2412594
2412609
2412646
2412652
2412707
2412735
2412744
2412756
2412772
2412822
2412874
2412890
2412902
2412964
2412996
2413039
2413040
2413053
2413071
2413095
2413109
2413117
2413124
2413138
2413163
2413191
2413202
2413223
2413264
2413288
2413303
2413367
2413426
2413460
2413478
2413493
2413507
2413572
2413583
2413599
2413604
2413629
2413650
2413665
2413682
2413698
2413706
2413721
2413733
2413768
2413770
2413785
2413820
2413851
2413866
2413884
2413913
2413954
2413981
2414007
2414010
2414035
2414044
2414072
2414105
2414120
2414143
2414151
2414166
2414192
2414226
2414260
2414278
2414293
2414368
2414402
2414441
2414459
2414477
2414508
2414527
2414562
2414571
2414600
2414625
2414632
2414654
2414669
2414681
2414703
2414711
2414824
2414852
2414875
2414904
2414916
2414929
2414950
2414982
2415022
2415067
2415074
2415106
2415133
2415157
2415210
2415228
2415299
2415314
2415339
2415362
2415395
2415431
2415465
2415482
2415502
2415530
2415588
2415626
2415634
2415642
2415693
2415746
2415775
2415780
2415825
2415832
2415854
2415869
2415876
2415897
2415905
2415979
2416017
2416024
2416038
2416108
2416127
2416139
2416162
2416203
2416211
2416222
2416236
2416245
2416289
2416290
2416302
2416315
2416330
2416341
2416377
2416420
2416437
2416443
2416466
2416492
2416504
2416516
2416547
2416550
2416598
2416607
2416610
2416628
2416635
2416656
2416700
2416713
2416732
2416801
2416826
2416834
2416906
2416921
2416933
2416968
2416985
2416994
2417002
2417041
2417059
2417096
2417100
2417125
2417148
2417216
2417231
2417282
2417317
2417324
2417338
2417346
2417375
2417391
2417407
2417444
2417472
2417483
2417503
2417589
2417590
2417618
2417692
2417727
2417771
2417786
2417849
2417868
2417894
2417926
2417942
2417960
2417978
2417993
2418032
2418130
2418164
2418177
2418188
2418224
2418238
2418275
2418304
2418316
2418329
2418373
2418382
2418433
2418449
2418518
2418543
2418592
2418603
2418645
2418667
2418674
2418690
2418755
2418793
2418807
2418810
2418844
2418856
2418899
2418908
2418927
2418962
2418971
2419012
2419021
2419049
2419068
2419094
2419122
2419145
2419158
2419189
2419190
2419253
2419271
2419295
2419307
2419328
2419356
2419361
2419383
2419400
2419432
2419454
2419481
2419497
2419501
2419519
2419542
2419593
2419602
2419615
2419623
2419630
2419677
2419696
2419737
2419743
2419751
2419766
2419792
2419804
2419829
2419850
2419865
2419873
2419898
2419952
2419963
2420010
2420061
2420120
2420143
2420151
2420184
2420201
2420219
2420234
2420242
2420260
2420333
2420385
2420394
2420415
2420430
2420459
2420464
2420540
2420553
2420562
2420600
2420613
2420648
2420654
2420676
2420681
2420745
2420767
2420789
2420817
2420846
2420931
2420982
2421011
2421089
2421090
2421106
2421112
2421133
2421157
2421168
2421170
2421185
2421207
2421210
2421228
2421256
2421261
2421272
2421283
2421339
2421353
2421386
2421429
2421447
2421465
2421482
2421502
2421515
2421564
2421577
2421596
2421660
2421717
2421724
2421752
2421763
2421780
2421800
2421813
2421825
2421854
2421876
2421920
2421937
2421979
2421984
2421992
2422006
2422012
2422021
2422049
2422057
2422070
2422103
2422111
2422122
2422239
2422240
2422253
2422262
2422271
2422310
2422328
2422335
2422361
2422425
2422448
2422497
2422519
2422526
2422534
2422560
2422578
2422587
2422602
2422677
2422705
2422720
2422743
2422766
2422779
2422804
2422850
2422865
2422909
2422917
2422938
2422975
2422980
2422991
2423013
2423032
2423048
2423069
2423076
2423123
2423130
2423164
2423177
2423188
2423246
2423252
2423316
2423331
2423350
2423365
2423398
2423449
2423468
2423485
2423518
2423520
2423566
2423579
2423584
2423603
2423611
2423622
2423645
2423667
2423719
2423742
2423760
2423807
2423810
2423856
2423861
2423899
2423914
2423927
2423940
2423962
2423995
2424005
2424037
2424043
2424079
2424092
2424107
2424110
2424128
2424144
2424161
2424172
2424249
2424268
2424270
2424285
2424355
2424360
2424393
2424424
2424446
2424475
2424525
2424532
2424569
2424576
2424597
2424608
2424627
2424639
2424640
2424653
2424662
2424671
2424704
2424716
2424729
2424747
2424750
2424765
2424798
2424802
2424823
2424830
2424841
2424864
2424877
2424896
2424936
2424945
2424967
2424974
2425031
2425047
2425050
2425098
2425126
2425134
2425160
2425187
2425193
2425205
2425218
2425243
2425251
2425266
2425279
2425284
2425292
2425332
2425348
2425403
2425445
2425467
2425546
2425612
2425685
2425715
2425723
2425730
2425759
2425814
2425840
2425853
2425862
2425935
2425944
2425961
2425972
2425983
2426002
2426015
2426030
2426059
2426064
2426088
2426096
2426100
2426113
2426125
2426148
2426169
2426176
2426229
2426250
2426273
2426282
2426298
2426317
2426375
2426391
2426407
2426410
2426428
2426435
2426456
2426483
2426574
2426637
2426643
2426666
2426679
2426692
2426708
2426727
2426740
2426762
2426786
2426795
2426806
2426833
2426868
2426870
2426926
2426934
2427009
2427017
2427038
2427052
2427091
2427108
2427114
2427127
2427171
2427186
2427195
2427258
2427274
2427290
2427302
2427315
2427330
2427341
2427359
2427418
2427451
2427484
2427504
2427516
2427531
2427610
2427628
2427700
2427713
2427725
2427776
2427842
2427860
2427878
2427893
2427906
2427949
2427970
2427994
2428053
2428062
2428152
2428223
2428230
2428259
2428288
2428296
2428322
2428336
2428345
2428358
2428374
2428389
2428390
2428401
2428426
2428434
2428478
2428493
2428510
2428535
2428544
2428572
2428616
2428647
2428665
2428682
2428706
2428721
2428770
2428785
2428794
2428843
2428866
2428879
2428913
2428925
2428954
2428969
2428981
2428997
2429078
2429116
2429131
2429173
2429200
2429232
2429269
2429297
2429379
2429384
2429427
2429439
2429440
2429486
2429495
2429506
2429624
2429663
2429675
2429707
2429710
2429756
2429761
2429799
2429803
2429822
2429836
2429902
2429941
2429959
2429988
2429996
2430013
2430025
2430032
2430097
2430102
2430123
2430164
2430188
2430196
2430209
2430217
2430224
2430238
2430252
2430304
2430331
2430347
2430350
2430365
2430373
2430382
2430398
2430421
2430433
2430494
2430537
2430566
2430579
2430584
2430592
2430611
2430667
2430701
2430734
2430760
2430778
2430793
2430807
2430828
2430856
2430908
2430927
2430971
2430995
2431001
2431026
2431034
2431042
2431093
2431116
2431173
2431200
2431225
2431232
2431248
2431269
2431281
2431297
2431318
2431366
2431384
2431392
2431506
2431557
2431570
2431646
2431675
2431680
2431735
2431756
2431772
2431803
2431858
2431867
2431874
2431902
2431941
2431988
2432004
2432031
2432047
2432050
2432073
2432082
2432098
2432155
2432243
2432251
2432284
2432292
2432300
2432325
2432332
2432397
2432422
2432474
2432509
2432517
2432546
2432552
2432575
2432606
2432633
2432657
2432668
2432694
2432702
2432764
2432840
2432895
2432928
2432944
2432956
2433011
2433045
2433058
2433074
2433089
2433090
2433112
2433194
2433210
2433235
2433244
2433256
2433261
2433299
2433308
2433314
2433404
2433431
2433450
2433465
2433473
2433502
2433515
2433541
2433559
2433601
2433660
2433687
2433709
2433717
2433738
2433746
2433791
2433825
2433832
2433876
2433897
2433905
2433920
2433966
2433979
2434002
2434015
2434023
2434030
2434041
2434059
2434064
2434077
2434096
2434132
2434154
2434169
2434176
2434181
2434197
2434204
2434265
2434273
2434282
2434298
2434317
2434338
2434352
2434363
2434407
2434410
2434435
2434456
2434499
2434503
2434536
2434545
2434567
2434574
2434590
2434620
2434643
2434651
2434679
2434684
2434692
2434708
2434740
2434753
2434762
2434786
2434833
2434870
2434885
2434894
2434901
2434942
2434960
2434978
2435014
2435027
2435071
2435095
2435117
2435124
2435152
2435163
2435215
2435241
2435259
2435288
2435303
2435311
2435345
2435358
2435367
2435390
2435401
2435442
2435535
2435556
2435572
2435673
2435682
2435721
2435749
2435757
2435768
2435770
2435785
2435794
2435843
2435913
2435925
2435948
2435954
2435969
2435981
2436012
2436033
2436049
2436057
2436085
2436103
2436122
2436136
2436145
2436174
2436190
2436239
2436253
2436262
2436286
2436307
2436335
2436356
2436361
2436454
2436526
2436542
2436560
2436587
2436602
2436615
2436630
2436641
2436688
2436696
2436737
2436743
2436751
2436779
2436784
2436792
2436850
2436873
2436898
2436909
2436917
2436938
2437010
2437061
2437099
2437166
2437184
2437192
2437219
2437226
2437242
2437278
2437293
2437394
2437430
2437477
2437488
2437514
2437539
2437553
2437562
2437571
2437595
2437613
2437648
2437654
2437669
2437767
2437817
2437824
2437838
2437852
2437891
2437904
2437950
2437973
2437982
2438018
2438020
2438037
2438043
2438079
2438084
2438092
2438156
2438199
2438206
2438249
2438257
2438270
2438285
2438301
2438334
2438355
2438424
2438438
2438446
2438480
2438500
2438513
2438525
2438532
2438548
2438554
2438569
2438576
2438581
2438597
2438614
2438627
2438639
2438640
2438686
2438750
2438782
2438798
2438802
2438823
2438859
2438877
2438896
2438903
2438911
2438922
2438967
2438989
2438990
2439038
2439046
2439063
2439075
2439080
2439091
2439140
2439186
2439222
2439236
2439274
2439289
2439330
2439341
2439359
2439388
2439418
2439420
2439466
2439531
2439550
2439628
2439635
2439644
2439656
2439672
2439683
2439699
2439700
2439713
2439725
2439754
2439776
2439781
2439855
2439994
2440016
2440029
2440031
2440050
2440073
2440101
2440119
2440126
2440142
2440155
2440178
2440220
2440237
2440284
2440292
2440313
2440332
2440354
2440376
2440381
2440397
2440422
2440445
2440458
2440474
2440489
2440509
2440524
2440538
2440563
2440591
2440633
2440668
2440702
2440715
2440759
2440777
2440796
2440853
2440862
2440886
2440895
2440910
2440999
2441023
2441030
2441059
2441064
2441096
2441113
2441125
2441148
2441154
2441197
2441229
2441231
2441265
2441273
2441282
2441375
2441380
2441391
2441407
2441435
2441456
2441461
2441472
2441483
2441499
2441522
2441558
2441574
2441618
2441620
2441637
2441643
2441651
2441666
2441679
2441692
2441727
2441786
2441795
2441806
2441821
2441833
2441849
2441885
2441901
2441926
2441955
2441978
2441987
2442048
2442054
2442076
2442081
2442102
2442115
2442224
2442263
2442275
2442304
2442316
2442331
2442365
2442433
2442457
2442518
2442520
2442566
2442579
2442592
2442611
2442645
2442658
2442674
2442701
2442734
2442742
2442760
2442778
2442810
2442835
2442844
2442856
2442861
2442872
2442883
2442939
2443057
2443068
2443085
2443111
2443208
2443328
2443372
2443399
2443448
2443476
2443481
2443526
2443593
2443602
2443615
2443630
2443641
2443659
2443688
2443705
2443737
2443766
2443779
2443804
2443816
2443829
2443831
2443873
2443898
2443909
2443917
2443938
2443952
2443963
2444026
2444034
2444078
2444087
2444104
2444116
2444173
2444198
2444200
2444213
2444232
2444248
2444269
2444281
2444305
2444318
2444320
2444351
2444392
2444408
2444414
2444439
2444440
2444486
2444506
2444512
2444533
2444557
2444609
2444624
2444638
2444652
2444680
2444691
2444707
2444710
2444761
2444803
2444822
2444867
2444889
2444930
2444959
2444977
2445007
2445028
2445056
2445061
2445151
2445166
2445179
2445226
2445242
2445255
2445260
2445368
2445370
2445385
2445394
2445402
2445514
2445527
2445571
2445600
2445613
2445625
2445654
2445669
2445711
2445722
2445809
2445817
2445838
2445852
2445891
2445916
2445982
2445998
2446011
2446022
2446112
2446121
2446157
2446168
2446185
2446207
2446228
2446272
2446299
2446327
2446339
2446371
2446386
2446416
2446447
2446465
2446498
2446523
2446541
2446564
2446596
2446619
2446626
2446655
2446693
2446717
2446724
2446738
2446746
2446780
2446791
2446825
2446848
2446876
2446881
2446905
2446943
2446966
2446979
2446992
2447008
2447014
2447062
2447109
2447146
2447191
2447288
2447303
2447322
2447345
2447374
2447390
2447478
2447487
2447510
2447528
2447535
2447599
2447604
2447616
2447665
2447673
2447698
2447706
2447712
2447721
2447733
2447749
2447757
2447768
2447770
2447794
2447805
2447820
2447837
2447892
2447925
2447948
2447954
2447969
2447976
2447981
2448024
2448038
2448046
2448052
2448108
2448127
2448140
2448153
2448195
2448211
2448222
2448245
2448267
2448274
2448289
2448315
2448323
2448377
2448388
2448396
2448405
2448420
2448437
2448479
2448484
2448550
2448573
2448598
2448610
2448644
2448661
2448672
2448725
2448732
2448748
2448819
2448826
2448834
2448842
2448878
2448887
2448893
2448957
2448970
2449005
2449037
2449051
2449066
2449079
2449107
2449110
2449128
2449144
2449161
2449172
2449233
2449257
2449268
2449285
2449294
2449301
2449319
2449342
2449393
2449438
2449452
2449475
2449500
2449513
2449532
2449548
2449608
2449614
2449627
2449662
2449671
2449686
2449704
2449716
2449729
2449731
2449750
2449765
2449773
2449798
2449815
2449823
2449841
2449859
2449896
2449936
2449945
2449967
2449974
2450068
2450094
2450103
2450122
2450145
2450174
2450190
2450239
2450240
2450253
2450262
2450295
2450335
2450356
2450372
2450383
2450413
2450425
2450469
2450497
2450501
2450593
2450623
2450641
2450659
2450688
2450751
2450792
2450804
2450831
2450850
2450873
2450882
2450898
2450917
2450924
2450938
2450952
2451005
2451020
2451037
2451043
2451051
2451107
2451128
2451144
2451156
2451172
2451199
2451249
2451257
2451270
2451294
2451301
2451378
2451438
2451491
2451500
2451513
2451525
2451554
2451581
2451608
2451614
2451627
2451671
2451731
2451747
2451773
2451815
2451841
2451859
2451911
2451922
2451958
2451967
2451989
2452044
2452056
2452083
2452105
2452118
2452120
2452137
2452143
2452166
2452184
2452201
2452226
2452234
2452242
2452260
2452278
2452368
2452394
2452415
2452423
2452430
2452441
2452477
2452488
2452496
2452508
2452595
2452654
2452681
2452697
2452703
2452711
2452722
2452736
2452758
2452767
2452774
2452824
2452863
2452875
2452916
2452929
2452950
2452982
2453015
2453023
2453059
2453064
2453088
2453100
2453113
2453125
2453132
2453154
2453181
2453197
2453204
2453231
2453247
2453282
2453309
2453317
2453338
2453407
2453435
2453522
2453536
2453545
2453574
2453589
2453605
2453620
2453679
2453708
2453739
2453740
2453786
2453806
2453812
2453857
2453955
2453978
2453987
2454003
2454011
2454036
2454058
2454067
2454074
2454089
2454149
2454168
2454210
2454228
2454235
2454261
2454283
2454314
2454327
2454353
2454362
2454386
2454395
2454416
2454429
2454465
2454473
2454482
2454523
2454530
2454577
2454601
2454619
2454634
2454655
2454660
2454693
2454724
2454738
2454746
2454775
2454780
2454791
2454832
2454854
2454897
2454920
2454979
2454984
2455009
2455080
2455091
2455114
2455139
2455153
2455162
2455171
2455186
2455211
2455222
2455258
2455289
2455290
2455302
2455323
2455330
2455359
2455377
2455388
2455405
2455466
2455492
2455516
2455565
2455573
2455582
2455683
2455699
2455797
2455801
2455819
2455834
2455842
2455921
2455985
2456032
2456048
2456097
2456115
2456130
2456188
2456196
2456209
2456263
2456275
2456304
2456316
2456365
2456382
2456406
2456412
2456421
2456449
2456494
2456505
2456520
2456537
2456543
2456551
2456658
2456690
2456726
2456742
2456760
2456778
2456807
2456835
2456861
2456883
2456899
2456908
2456914
2456939
2456986
2456995
2457047
2457082
2457119
2457134
2457142
2457155
2457160
2457178
2457193
2457205
2457218
2457243
2457251
2457284
2457300
2457332
2457354
2457376
2457403
2457411
2457422
2457474
2457490
2457524
2457546
2457552
2457563
2457575
2457612
2457633
2457668
2457730
2457777
2457788
2457808
2457814
2457827
2457886
2457956
2457961
2457972
2458001
2458026
2458034
2458078
2458104
2458116
2458225
2458297
2458318
2458351
2458366
2458379
2458384
2458427
2458439
2458471
2458495
2458521
2458568
2458594
2458638
2458675
2458691
2458710
2458756
2458772
2458799
2458867
2458890
2458902
2458930
2458959
2458988
2459014
2459027
2459039
2459109
2459117
2459138
2459146
2459152
2459180
2459215
2459223
2459241
2459259
2459345
2459367
2459419
2459455
2459493
2459510
2459528
2459535
2459556
2459583
2459604
2459629
2459712
2459757
2459770
2459785
2459851
2459866
2459879
2459884
2459913
2459925
2459981
2460002
2460154
2460169
2460176
2460204
2460231
2460250
2460273
2460298
2460309
2460338
2460375
2460428
2460461
2460483
2460522
2460545
2460574
2460643
2460651
2460714
2460739
2460771
2460786
2460812
2460868
2460894
2460901
2460919
2460926
2460934
2460942
2460978
2460987
2461014
2461040
2461053
2461062
2461124
2461146
2461163
2461175
2461180
2461191
2461202
2461223
2461230
2461264
2461296
2461336
2461389
2461390
2461419
2461434
2461442
2461487
2461528
2461556
2461583
2461604
2461629
2461706
2461712
2461733
2461749
2461757
2461770
2461785
2461820
2461843
2461851
2461892
2461900
2461925
2461932
2461976
2461997
2462017
2462038
2462080
2462108
2462153
2462186
2462203
2462222
2462245
2462302
2462323
2462359
2462364
2462377
2462388
2462405
2462418
2462420
2462437
2462466
2462492
2462504
2462582
2462598
2462610
2462635
2462661
2462672
2462699
2462725
2462732
2462754
2462776
2462781
2462801
2462842
2462860
2462878
2462887
2462893
2462912
2462949
2462985
2462994
2463005
2463018
2463135
2463156
2463161
2463183
2463221
2463233
2463249
2463285
2463326
2463355
2463452
2463475
2463500
2463532
2463554
2463639
2463662
2463671
2463686
2463729
2463802
2463815
2463859
2463864
2463877
2463896
2463903
2463922
2463958
2463967
2463974
2464013
2464097
2464115
2464123
2464130
2464141
2464177
2464209
2464304
2464329
2464347
2464505
2464543
2464551
2464592
2464603
2464611
2464645
2464658
2464674
2464690
2464734
2464742
2464787
2464793
2464810
2464835
2464861
2464872
2464927
2464939
2464953
2464971
2465055
2465093
2465104
2465129
2465131
2465248
2465254
2465318
2465351
2465366
2465379
2465392
2465439
2465440
2465453
2465495
2465506
2465512
2465533
2465557
2465568
2465570
2465585
2465594
2465617
2465646
2465663
2465680
2465710
2465744
2465761
2465858
2465867
2465902
2465959
2465964
2465988
2465996
2466010
2466061
2466072
2466083
2466151
2466179
2466201
2466242
2466333
2466349
2466357
2466394
2466415
2466423
2466477
2466496
2466508
2466514
2466527
2466539
2466540
2466553
2466586
2466595
2466600
2466632
2466676
2466697
2466703
2466774
2466789
2466790
2466838
2466846
2466947
2466965
2467006
2467021
2467033
2467068
2467085
2467103
2467122
2467136
2467158
2467189
2467214
2467240
2467262
2467286
2467295
2467307
2467310
2467328
2467372
2467399
2467425
2467476
2467481
2467560
2467587
2467593
2467602
2467641
2467677
2467688
2467696
2467705
2467720
2467743
2467766
2467792
2467804
2467829
2467831
2467850
2467882
2467898
2467917
2467938
2467963
2467980
2467991
2468058
2468074
2468089
2468106
2468112
2468121
2468149
2468170
2468185
2468210
2468261
2468272
2468339
2468371
2468386
2468429
2468450
2468473
2468515
2468541
2468559
2468619
2468678
2468738
2468752
2468825
2468832
2468869
2468876
2468918
2468966
2468984
2468992
2469016
2469029
2469050
2469065
2469098
2469101
2469134
2469142
2469160
2469193
2469218
2469243
2469292
2469300
2469325
2469332
2469403
2469411
2469422
2469445
2469490
2469509
2469552
2469563
2469575
2469580
2469591
2469612
2469621
2469649
2469670
2469702
2469741
2469764
2469788
2469796
2469827
2469895
2469907
2469910
2469935
2469956
2469983
2470045
2470058
2470067
2470074
2470089
2470106
2470112
2470121
2470133
2470157
2470185
2470194
2470210
2470228
2470256
2470261
2470272
2470283
2470308
2470371
2470386
2470395
2470482
2470498
2470515
2470541
2470577
2470588
2470596
2470626
2470634
2470660
2470693
2470717
2470738
2470775
2470780
2470791
2470800
2470848
2470869
2470876
2470881
2470951
2470984
2470992
2471038
2471046
2471075
2471091
2471114
2471127
2471139
2471153
2471267
2471274
2471290
2471323
2471330
2471341
2471364
2471418
2471451
2471466
2471484
2471504
2471573
2471700
2471725
2471732
2471781
2471801
2471826
2471860
2471893
2471912
2471949
2472039
2472040
2472053
2472071
2472086
2472095
2472117
2472124
2472138
2472146
2472152
2472180
2472202
2472241
2472277
2472288
2472311
2472367
2472434
2472442
2472460
2472478
2472510
2472544
2472556
2472561
2472583
2472599
2472629
2472647
2472650
2472721
2472805
2472818
2472837
2472884
2472892
2472948
2472981
2473001
2473055
2473060
2473078
2473087
2473093
2473104
2473150
2473165
2473173
2473198
2473225
2473254
2473269
2473276
2473281
2473305
2473318
2473337
2473343
2473351
2473366
2473392
2473414
2473495
2473506
2473570
2473585
2473594
2473624
2473646
2473675
2473680
2473707
2473728
2473783
2473799
2473803
2473811
2473822
2473858
2473915
2473923
2473930
2473941
2473988
2474006
2474068
2474070
2474085
2474094
2474103
2474136
2474145
2474167
2474189
2474286
2474335
2474344
2474361
2474400
2474413
2474425
2474432
2474454
2474476
2474497
2474519
2474578
2474587
2474593
2474623
2474630
2474659
2474664
2474688
2474705
2474718
2474720
2474784
2474847
2474873
2474909
2474917
2474924
2474938
2474946
2474980
2474991
2475020
2475043
2475084
2475110
2475135
2475144
2475161
2475172
2475212
2475221
2475257
2475270
2475285
2475301
2475326
2475393
2475417
2475452
2475480
2475525
2475554
2475569
2475608
2475639
2475640
2475653
2475662
2475686
2475704
2475747
2475773
2475782
2475802
2475815
2475823
2475841
2475896
2475936
2475958
2475989
2476029
2476031
2476047
2476050
2476065
2476073
2476119
2476134
2476142
2476178
2476193
2476205
2476218
2476220
2476237
2476266
2476279
2476292
2476300
2476325
2476332
2476348
2476381
2476397
2476403
2476411
2476467
2476524
2476612
2476657
2476670
2476685
2476702
2476715
2476741
2476759
2476764
2476777
2476827
2476839
2476840
2476862
2476871
2476895
2476910
2476928
2476935
2476956
2476961
2476972
2476983
2477048
2477054
2477069
2477102
2477123
2477141
2477177
2477196
2477280
2477304
2477316
2477350
2477365
2477373
2477382
2477449
2477457
2477470
2477566
2477579
2477592
2477603
2477667
2477674
2477734
2477778
2477787
2477807
2477856
2477914
2477940
2477953
2477971
2477986
2478030
2478059
2478064
2478077
2478096
2478125
2478181
2478204
2478247
2478265
2478338
2478391
2478410
2478472
2478483
2478499
2478511
2478536
2478545
2478574
2478590
2478605
2478618
2478620
2478643
2478651
2478666
2478679
2478714
2478762
2478795
2478806
2478821
2478849
2478857
2478919
2478926
2478934
2478942
2478955
2479010
2479028
2479044
2479056
2479061
2479083
2479118
2479166
2479179
2479184
2479192
2479219
2479234
2479242
2479255
2479287
2479312
2479357
2479385
2479402
2479423
2479441
2479459
2479477
2479488
2479508
2479600
2479613
2479625
2479632
2479676
2479697
2479711
2479722
2479817
2479824
2479838
2479846
2479852
2479863
2479875
2479880
2479929
2479931
2479973
2479982
2480001
2480019
2480026
2480093
2480104
2480116
2480131
2480147
2480150
2480173
2480200
2480232
2480318
2480392
2480408
2480427
2480439
2480440
2480549
2480568
2480570
2480594
2480638
2480663
2480756
2480803
2480822
2480836
2480845
2480858
2480867
2480889
2480902
2480923
2480959
2480996
2481105
2481120
2481137
2481143
2481166
2481179
2481226
2481234
2481242
2481312
2481357
2481368
2481370
2481385
2481402
2481477
2481527
2481539
2481562
2481571
2481595
2481613
2481625
2481681
2481703
2481758
2481790
2481809
2481824
2481863
2481880
2481891
2481904
2481929
2481973
2481982
2482005
2482020
2482037
2482043
2482079
2482110
2482135
2482172
2482206
2482221
2482268
2482294
2482301
2482319
2482326
2482334
2482342
2482355
2482393
2482417
2482463
2482480
2482513
2482532
2482554
2482569
2482576
2482597
2482608
2482653
2482671
2482716
2482750
2482765
2482782
2482802
2482823
2482859
2482864
2482888
2482896
2482945
2483009
2483052
2483075
2483091
2483108
2483139
2483140
2483162
2483195
2483211
2483222
2483245
2483267
2483274
2483302
2483315
2483364
2483388
2483420
2483437
2483451
2483466
2483479
2483504
2483573
2483628
2483644
2483656
2483672
2483725
2483748
2483769
2483801
2483834
2483906
2483921
2483949
2483985
2484004
2484031
2484047
2484050
2484073
2484119
2484126
2484142
2484237
2484284
2484332
2484369
2484403
2484467
2484490
2484509
2484538
2484575
2484580
2484668
2484715
2484730
2484777
2484808
2484827
2484839
2484853
2484886
2484907
2484928
2484944
2484983
2484999
2485059
2485077
2485096
2485100
2485169
2485176
2485181
2485197
2485204
2485216
2485231
2485247
2485265
2485282
2485317
2485324
2485346
2485363
2485391
2485407
2485428
2485444
2485456
2485461
2485472
2485483
2485499
2485522
2485536
2485620
2485637
2485643
2485651
2485666
2485684
2485692
2485708
2485740
2485753
2485786
2485812
2485821
2485978
2486027
2486039
2486062
2486086
2486095
2486109
2486152
2486163
2486215
2486264
2486311
2486374
2486389
2486487
2486493
2486507
2486510
2486561
2486583
2486616
2486629
2486647
2486698
2486749
2486768
2486770
2486805
2486820
2486843
2486851
2486866
2486879
2486913
2486932
2486948
2486976
2486981
2487003
2487011
2487022
2487045
2487067
2487112
2487149
2487168
2487244
2487283
2487353
2487362
2487371
2487386
2487395
2487404
2487431
2487447
2487498
2487515
2487523
2487559
2487564
2487626
2487642
2487655
2487687
2487775
2487800
2487825
2487832
2487869
2487881
2487918
2487943
2487951
2487966
2487979
2487984
2488012
2488033
2488057
2488094
2488111
2488136
2488145
2488167
2488174
2488214
2488239
2488271
2488307
2488310
2488344
2488383
2488399
2488469
2488481
2488497
2488501
2488519
2488534
2488542
2488555
2488578
2488602
2488615
2488623
2488630
2488659
2488688
2488696
2488705
2488720
2488779
2488792
2488804
2488829
2488865
2488924
2488946
2489069
2489076
2489081
2489097
2489102
2489123
2489130
2489159
2489188
2489209
2489217
2489224
2489252
2489280
2489291
2489304
2489329
2489365
2489406
2489485
2489537
2489551
2489566
2489579
2489584
2489622
2489658
2489690
2489701
2489742
2489778
2489793
2489807
2489835
2489883
2489914
2489940
2489971
2489986
2489995
2490009
2490046
2490063
2490091
2490108
2490114
2490139
2490162
2490203
2490211
2490245
2490258
2490267
2490274
2490290
2490323
2490377
2490388
2490396
2490405
2490466
2490479
2490484
2490492
2490504
2490529
2490573
2490598
2490635
2490699
2490713
2490732
2490769
2490776
2490797
2490819
2490834
2490855
2490878
2490906
2490921
2490957
2490968
2490994
2491013
2491081
2491196
2491238
2491252
2491263
2491275
2491331
2491347
2491350
2491365
2491373
2491406
2491468
2491485
2491505
2491537
2491543
2491551
2491636
2491645
2491742
2491810
2491844
2491856
2491899
2491908
2491953
2491971
2491986
2492002
2492023
2492041
2492064
2492088
2492096
2492132
2492148
2492154
2492169
2492204
2492216
2492229
2492250
2492298
2492309
2492338
2492346
2492363
2492375
2492391
2492410
2492435
2492444
2492456
2492461
2492483
2492503
2492511
2492558
2492643
2492651
2492666
2492714
2492727
2492762
2492771
2492786
2492806
2492821
2492833
2492849
2492870
2492926
2492934
2492960
2492978
2493028
2493035
2493099
2493120
2493137
2493166
2493179
2493192
2493201
2493219
2493234
2493255
2493287
2493293
2493306
2493357
2493402
2493423
2493441
2493459
2493477
2493514
2493553
2493571
2493632
2493654
2493722
2493745
2493767
2493774
2493789
2493790
2493824
2493838
2493846
2493852
2493863
2493880
2493904
2493950
2493973
2494039
2494086
2494109
2494117
2494138
2494180
2494191
2494223
2494264
2494277
2494358
2494374
2494401
2494426
2494442
2494460
2494478
2494510
2494544
2494556
2494583
2494599
2494604
2494631
2494647
2494665
2494712
2494721
2494733
2494757
2494768
2494794
2494805
2494843
2494851
2494866
2494884
2494900
2494913
2495049
2495068
2495070
2495085
2495136
2495145
2495189
2495190
2495271
2495307
2495310
2495344
2495356
2495361
2495383
2495400
2495425
2495454
2495476
2495519
2495555
2495593
2495602
2495615
2495623
2495641
2495677
2495751
2495766
2495779
2495784
2495816
2495882
2495909
2495924
2495946
2495991
2496018
2496020
2496037
2496051
2496066
2496084
2496110
2496161
2496199
2496206
2496212
2496221
2496249
2496257
2496270
2496294
2496334
2496378
2496393
2496438
2496452
2496475
2496480
2496491
2496513
2496554
2496576
2496597
2496608
2496639
2496653
2496671
2496686
2496729
2496747
2496750
2496798
2496802
2496823
2496841
2496859
2496877
2496936
2496945
2496967
2496974
2497001
2497019
2497042
2497055
2497087
2497104
2497147
2497165
2497182
2497225
2497254
2497269
2497276
2497281
2497305
2497318
2497320
2497351
2497366
2497392
2497439
2497471
2497495
2497512
2497533
2497585
2497638
2497646
2497663
2497675
2497691
2497707
2497710
2497735
2497756
2497761
2497772
2497874
2497915
2497977
2498004
2498016
2498029
2498047
2498073
2498126
2498155
2498187
2498193
2498218
2498220
2498279
2498348
2498381
2498397
2498474
2498490
2498524
2498552
2498563
2498580
2498591
2498621
2498670
2498685
2498723
2498730
2498741
2498788
2498808
2498814
2498827
2498839
2498840
2498871
2498895
2498907
2498910
2498928
2498935
2498972
2499003
2499011
2499022
2499036
2499045
2499067
2499106
2499157
2499194
2499210
2499272
2499283
2499299
2499308
2499340
2499353
2499371
2499386
2499395
2499429
2499431
2499473
2499515
2499530
2499564
2499588
2499634
2499678
2499724
2499746
2499752
2499763
2499780
2499791
2499832
2499848
2499854
2499876
2499881
2499897
2499920
2499937
2499951
2499984
2499992
