5800016
5800029
5800031
5800047
5800065
5800073
5800082
5800098
5800101
5800119
5800126
5800142
5800155
5800193
5800220
5800279
5800284
5800292
5800300
5800325
5800369
5800376
5800422
5800445
5800458
5800467
5800474
5800489
5800524
5800546
5800563
5800580
5800606
5800621
5800633
5800649
5800668
5800670
5800715
5800723
5800730
5800741
5800759
5800764
5800796
5800814
5800839
5800840
5800853
5800862
5800886
5800895
5800907
5800928
5800956
5800961
5800999
5801002
5801015
5801023
5801041
5801064
5801088
5801125
5801132
5801154
5801181
5801197
5801204
5801231
5801265
5801282
5801309
5801317
5801324
5801338
5801346
5801363
5801375
5801380
5801410
5801428
5801435
5801444
5801472
5801483
5801503
5801522
5801545
5801558
5801618
5801620
5801637
5801643
5801651
5801679
5801692
5801714
5801739
5801740
5801753
5801762
5801771
5801795
5801812
5801821
5801833
5801849
5801857
5801870
5801901
5801919
5801926
5801934
5801978
5801993
5802013
5802025
5802054
5802076
5802097
5802123
5802130
5802141
5802159
5802164
5802177
5802196
5802209
5802246
5802252
5802275
5802304
5802316
5802347
5802365
5802373
5802382
5802398
5802406
5802412
5802433
5802449
5802457
5802505
5802518
5802520
5802543
5802592
5802603
5802611
5802636
5802658
5802667
5802674
5802689
5802701
5802719
5802778
5802787
5802807
5802810
5802861
5802883
5802899
5802914
5802927
5802940
5802953
5802962
5802971
5802995
5803006
5803012
5803057
5803068
5803145
5803167
5803174
5803189
5803214
5803240
5803253
5803262
5803295
5803307
5803310
5803335
5803356
5803361
5803413
5803425
5803432
5803469
5803476
5803481
5803497
5803602
5803615
5803664
5803677
5803688
5803705
5803718
5803720
5803737
5803743
5803766
5803792
5803804
5803816
5803829
5803831
5803850
5803917
5803924
5803938
5803963
5803980
5803991
5804001
5804034
5804060
5804087
5804104
5804131
5804150
5804198
5804200
5804213
5804269
5804281
5804320
5804337
5804366
5804392
5804408
5804414
5804439
5804440
5804453
5804462
5804495
5804549
5804557
5804570
5804594
5804609
5804624
5804638
5804646
5804652
5804675
5804710
5804735
5804744
5804783
5804803
5804811
5804822
5804836
5804867
5804902
5804930
5804959
5805007
5805035
5805056
5805120
5805166
5805184
5805201
5805226
5805255
5805287
5805333
5805349
5805368
5805394
5805402
5805415
5805423
5805430
5805459
5805477
5805488
5805514
5805539
5805562
5805571
5805613
5805625
5805681
5805722
5805736
5805745
5805774
5805790
5805809
5805817
5805838
5805875
5805904
5805929
5805931
5805950
5805965
5806003
5806022
5806036
5806045
5806058
5806074
5806089
5806133
5806157
5806168
5806185
5806194
5806207
5806210
5806235
5806261
5806308
5806339
5806353
5806371
5806395
5806416
5806431
5806447
5806450
5806465
5806498
5806515
5806523
5806530
5806541
5806559
5806577
5806588
5806596
5806601
5806619
5806634
5806660
5806678
5806687
5806693
5806709
5806738
5806746
5806752
5806763
5806780
5806791
5806800
5806848
5806854
5806881
5806897
5806937
5806943
5806951
5806966
5806984
5807027
5807039
5807040
5807053
5807062
5807071
5807095
5807109
5807117
5807124
5807138
5807146
5807163
5807180
5807223
5807241
5807277
5807288
5807296
5807311
5807358
5807367
5807401
5807419
5807442
5807460
5807487
5807510
5807528
5807544
5807561
5807599
5807604
5807629
5807682
5807706
5807712
5807721
5807733
5807749
5807768
5807770
5807818
5807837
5807843
5807851
5807879
5807900
5807913
5807932
5807948
5807969
5807981
5807997
5808017
5808038
5808046
5808075
5808091
5808108
5808114
5808139
5808140
5808162
5808171
5808186
5808203
5808211
5808222
5808236
5808245
5808258
5808267
5808289
5808290
5808315
5808330
5808341
5808377
5808388
5808405
5808437
5808443
5808466
5808484
5808504
5808516
5808529
5808531
5808565
5808582
5808607
5808628
5808635
5808672
5808683
5808699
5808713
5808732
5808748
5808754
5808797
5808801
5808826
5808834
5808878
5808887
5808893
5808906
5808921
5808933
5808949
5808957
5808994
5809018
5809020
5809037
5809066
5809079
5809084
5809107
5809128
5809161
5809199
5809206
5809221
5809233
5809249
5809268
5809342
5809387
5809393
5809409
5809417
5809424
5809446
5809463
5809475
5809480
5809491
5809525
5809576
5809597
5809608
5809639
5809653
5809662
5809671
5809686
5809695
5809704
5809716
5809731
5809765
5809782
5809823
5809830
5809841
5809877
5809888
5809967
5810008
5810014
5810027
5810039
5810040
5810053
5810062
5810071
5810095
5810109
5810117
5810138
5810146
5810163
5810175
5810191
5810202
5810223
5810230
5810241
5810259
5810277
5810296
5810303
5810322
5810336
5810345
5810367
5810374
5810390
5810419
5810426
5810455
5810460
5810478
5810507
5810510
5810528
5810561
5810583
5810599
5810604
5810665
5810712
5810721
5810749
5810757
5810785
5810805
5810843
5810866
5810879
5810892
5810900
5810925
5810969
5810976
5810981
5810997
5811012
5811021
5811049
5811057
5811068
5811085
5811094
5811103
5811111
5811167
5811189
5811190
5811208
5811214
5811227
5811239
5811240
5811262
5811286
5811307
5811335
5811344
5811383
5811400
5811413
5811448
5811481
5811497
5811501
5811519
5811526
5811542
5811555
5811560
5811593
5811602
5811623
5811630
5811641
5811659
5811677
5811688
5811705
5811720
5811737
5811784
5811804
5811816
5811873
5811882
5811909
5811917
5811938
5811946
5811980
5812022
5812045
5812058
5812074
5812089
5812090
5812106
5812121
5812170
5812185
5812194
5812228
5812244
5812299
5812314
5812327
5812339
5812362
5812371
5812404
5812416
5812429
5812431
5812473
5812482
5812498
5812523
5812530
5812541
5812559
5812564
5812619
5812626
5812655
5812717
5812724
5812738
5812763
5812775
5812780
5812791
5812800
5812813
5812832
5812848
5812869
5812881
5812897
5812937
5812966
5812992
5813004
5813016
5813029
5813031
5813047
5813065
5813073
5813082
5813098
5813119
5813126
5813160
5813178
5813193
5813218
5813220
5813237
5813284
5813300
5813313
5813348
5813354
5813381
5813397
5813436
5813458
5813489
5813490
5813509
5813517
5813552
5813575
5813580
5813591
5813606
5813612
5813621
5813633
5813670
5813694
5813702
5813715
5813730
5813741
5813777
5813788
5813808
5813839
5813853
5813886
5813907
5813910
5813935
5813999
5814009
5814017
5814024
5814046
5814063
5814075
5814114
5814140
5814171
5814186
5814195
5814211
5814245
5814258
5814274
5814289
5814323
5814364
5814377
5814388
5814396
5814418
5814443
5814451
5814466
5814484
5814492
5814531
5814547
5814565
5814628
5814644
5814656
5814661
5814672
5814754
5814769
5814781
5814797
5814826
5814834
5814855
5814878
5814887
5814893
5814906
5814912
5814921
5814949
5814970
5814985
5814994
5815000
5815025
5815054
5815081
5815097
5815115
5815123
5815130
5815141
5815177
5815196
5815209
5815263
5815280
5815304
5815329
5815331
5815365
5815433
5815449
5815468
5815470
5815485
5815518
5815520
5815537
5815543
5815584
5815592
5815611
5815622
5815674
5815689
5815701
5815734
5815755
5815778
5815807
5815828
5815844
5815856
5815872
5815927
5815939
5815940
5815953
5815962
5815971
5815986
5815995
5816001
5816026
5816034
5816104
5816116
5816147
5816150
5816165
5816173
5816200
5816225
5816232
5816248
5816254
5816269
5816305
5816318
5816337
5816379
5816408
5816414
5816427
5816439
5816440
5816486
5816495
5816533
5816568
5816594
5816652
5816663
5816675
5816680
5816735
5816744
5816772
5816783
5816799
5816803
5816811
5816822
5816845
5816867
5816874
5816889
5816902
5816930
5816941
5816964
5816977
5816988
5816996
5817018
5817020
5817051
5817079
5817084
5817092
5817107
5817172
5817183
5817199
5817206
5817233
5817294
5817319
5817342
5817355
5817360
5817393
5817409
5817417
5817480
5817491
5817513
5817525
5817532
5817569
5817597
5817640
5817653
5817671
5817695
5817704
5817716
5817729
5817750
5817782
5817798
5817802
5817815
5817823
5817859
5817877
5817888
5817896
5817903
5817911
5817936
5817967
5817989
5818007
5818028
5818035
5818056
5818061
5818072
5818083
5818118
5818120
5818137
5818143
5818179
5818242
5818255
5818278
5818287
5818306
5818312
5818349
5818385
5818402
5818496
5818527
5818539
5818540
5818571
5818586
5818595
5818613
5818625
5818648
5818669
5818676
5818681
5818703
5818758
5818767
5818790
5818809
5818817
5818824
5818852
5818863
5818904
5818929
5818931
5818965
5818973
5819002
5819059
5819088
5819096
5819100
5819148
5819154
5819169
5819176
5819204
5819216
5819231
5819250
5819273
5819282
5819298
5819338
5819363
5819375
5819391
5819435
5819461
5819472
5819503
5819536
5819545
5819574
5819590
5819605
5819620
5819643
5819651
5819684
5819739
5819753
5819771
5819786
5819806
5819821
5819849
5819857
5819868
5819870
5819885
5819942
5819955
5819993
5820038
5820063
5820140
5820153
5820162
5820195
5820203
5820211
5820222
5820236
5820245
5820267
5820274
5820290
5820330
5820341
5820359
5820364
5820377
5820396
5820418
5820420
5820479
5820484
5820492
5820516
5820547
5820573
5820582
5820598
5820610
5820628
5820635
5820656
5820661
5820672
5820699
5820700
5820748
5820769
5820797
5820801
5820819
5820855
5820887
5820906
5820933
5820957
5820985
5820994
5821000
5821013
5821025
5821032
5821069
5821076
5821102
5821115
5821123
5821159
5821164
5821177
5821196
5821252
5821263
5821291
5821304
5821316
5821329
5821347
5821365
5821373
5821382
5821412
5821468
5821470
5821485
5821518
5821543
5821566
5821579
5821592
5821603
5821611
5821622
5821636
5821645
5821658
5821689
5821690
5821734
5821742
5821755
5821760
5821778
5821787
5821807
5821810
5821828
5821835
5821844
5821861
5821883
5821908
5821927
5821939
5821940
5821962
5821995
5822002
5822015
5822030
5822059
5822064
5822077
5822096
5822154
5822169
5822181
5822204
5822231
5822247
5822250
5822298
5822324
5822346
5822352
5822375
5822380
5822391
5822407
5822444
5822456
5822499
5822511
5822522
5822536
5822643
5822651
5822679
5822684
5822692
5822714
5822762
5822795
5822806
5822812
5822821
5822849
5822857
5822868
5822870
5822894
5822919
5822926
5822942
5822993
5823028
5823044
5823056
5823061
5823072
5823120
5823137
5823151
5823192
5823219
5823226
5823260
5823278
5823293
5823306
5823312
5823333
5823349
5823368
5823370
5823402
5823430
5823441
5823459
5823464
5823477
5823514
5823539
5823553
5823562
5823586
5823632
5823676
5823697
5823711
5823722
5823736
5823758
5823767
5823774
5823789
5823790
5823824
5823838
5823846
5823852
5823875
5823904
5823916
5823929
5823931
5823973
5823982
5824008
5824027
5824039
5824095
5824124
5824138
5824146
5824163
5824175
5824180
5824191
5824202
5824223
5824230
5824264
5824303
5824311
5824322
5824358
5824367
5824374
5824390
5824426
5824434
5824442
5824455
5824460
5824487
5824493
5824507
5824535
5824556
5824561
5824572
5824650
5824665
5824682
5824698
5824721
5824733
5824749
5824757
5824805
5824837
5824866
5824879
5824932
5824948
5824969
5824976
5824981
5824997
5825006
5825049
5825094
5825103
5825111
5825122
5825136
5825167
5825190
5825208
5825214
5825227
5825271
5825328
5825344
5825356
5825361
5825400
5825413
5825425
5825432
5825448
5825454
5825481
5825526
5825534
5825593
5825602
5825630
5825641
5825659
5825664
5825688
5825705
5825720
5825737
5825751
5825784
5825831
5825847
5825850
5825865
5825873
5825882
5825898
5825909
5825917
5825924
5825952
5825963
5825975
5825980
5826005
5826020
5826043
5826084
5826092
5826128
5826135
5826156
5826183
5826221
5826233
5826249
5826270
5826294
5826319
5826326
5826334
5826378
5826387
5826393
5826417
5826438
5826452
5826500
5826525
5826532
5826548
5826581
5826614
5826653
5826686
5826695
5826716
5826729
5826731
5826765
5826773
5826782
5826823
5826830
5826841
5826859
5826896
5826903
5826911
5826936
5826945
5826967
5826974
5827001
5827055
5827078
5827087
5827093
5827116
5827131
5827147
5827150
5827232
5827248
5827254
5827281
5827297
5827305
5827320
5827337
5827343
5827351
5827366
5827414
5827495
5827506
5827512
5827521
5827568
5827570
5827594
5827652
5827663
5827675
5827728
5827744
5827803
5827867
5827874
5827890
5827915
5827923
5827941
5827959
5827996
5828065
5828082
5828126
5828142
5828155
5828160
5828205
5828237
5828243
5828284
5828292
5828300
5828313
5828348
5828376
5828403
5828411
5828422
5828436
5828445
5828458
5828474
5828489
5828490
5828538
5828546
5828552
5828591
5828612
5828621
5828649
5828670
5828685
5828694
5828723
5828788
5828814
5828839
5828853
5828886
5828944
5828956
5828961
5828972
5828983
5828999
5829011
5829022
5829036
5829067
5829089
5829090
5829106
5829157
5829168
5829170
5829185
5829207
5829228
5829244
5829272
5829299
5829308
5829314
5829340
5829353
5829362
5829371
5829416
5829431
5829465
5829473
5829502
5829523
5829577
5829588
5829601
5829619
5829634
5829642
5829693
5829717
5829738
5829752
5829763
5829775
5829800
5829813
5829825
5829881
5829905
5829918
5829920
5829937
5829966
5829979
5830007
5830035
5830056
5830083
5830118
5830120
5830137
5830151
5830184
5830234
5830242
5830278
5830287
5830293
5830321
5830349
5830368
5830385
5830394
5830430
5830441
5830477
5830496
5830527
5830553
5830562
5830571
5830595
5830613
5830648
5830676
5830697
5830703
5830767
5830789
5830809
5830824
5830891
5830916
5830929
5830931
5830950
5831003
5831022
5831067
5831074
5831089
5831149
5831157
5831207
5831210
5831235
5831256
5831261
5831283
5831314
5831327
5831339
5831340
5831353
5831395
5831429
5831502
5831530
5831541
5831559
5831588
5831601
5831642
5831655
5831678
5831693
5831709
5831746
5831752
5831800
5831813
5831825
5831832
5831848
5831854
5831918
5831943
5831966
5831979
5831984
5831992
5832006
5832021
5832033
5832049
5832057
5832070
5832085
5832094
5832103
5832136
5832145
5832158
5832174
5832214
5832227
5832240
5832253
5832262
5832286
5832295
5832307
5832335
5832344
5832356
5832383
5832399
5832400
5832432
5832454
5832469
5832476
5832481
5832497
5832519
5832526
5832534
5832542
5832630
5832659
5832664
5832677
5832688
5832705
5832720
5832737
5832743
5832766
5832779
5832804
5832816
5832829
5832847
5832850
5832865
5832873
5832898
5832963
5832991
5833000
5833013
5833069
5833076
5833081
5833102
5833115
5833141
5833164
5833188
5833209
5833224
5833238
5833246
5833252
5833280
5833291
5833347
5833365
5833433
5833457
5833470
5833485
5833518
5833537
5833579
5833584
5833592
5833603
5833622
5833645
5833658
5833701
5833755
5833810
5833844
5833872
5833927
5833939
5833940
5833953
5833962
5833971
5833986
5833995
5834005
5834018
5834020
5834043
5834066
5834092
5834128
5834135
5834144
5834156
5834161
5834206
5834212
5834233
5834285
5834294
5834326
5834334
5834342
5834378
5834409
5834417
5834438
5834452
5834500
5834513
5834532
5834548
5834554
5834569
5834576
5834614
5834627
5834639
5834662
5834686
5834704
5834716
5834729
5834731
5834765
5834773
5834782
5834815
5834830
5834841
5834859
5834864
5834888
5834896
5834911
5834922
5834936
5834958
5834974
5835016
5835029
5835047
5835065
5835073
5835119
5835142
5835160
5835187
5835313
5835325
5835332
5835348
5835354
5835403
5835411
5835445
5835467
5835474
5835489
5835546
5835552
5835563
5835580
5835606
5835657
5835715
5835730
5835759
5835777
5835788
5835814
5835839
5835840
5835853
5835871
5835886
5835895
5835907
5835910
5835935
5835972
5836015
5836064
5836100
5836113
5836132
5836148
5836176
5836204
5836247
5836250
5836265
5836282
5836298
5836309
5836324
5836338
5836346
5836363
5836375
5836410
5836435
5836444
5836461
5836472
5836499
5836522
5836558
5836574
5836589
5836605
5836618
5836637
5836679
5836692
5836714
5836739
5836740
5836753
5836762
5836771
5836786
5836795
5836806
5836812
5836821
5836833
5836857
5836870
5836919
5836934
5836942
5836960
5836987
5837038
5837052
5837063
5837075
5837080
5837091
5837108
5837127
5837139
5837153
5837162
5837171
5837186
5837195
5837203
5837211
5837245
5837274
5837341
5837359
5837364
5837396
5837405
5837443
5837479
5837484
5837516
5837529
5837547
5837565
5837582
5837610
5837628
5837644
5837656
5837672
5837683
5837713
5837725
5837732
5837781
5837797
5837801
5837819
5837834
5837842
5837855
5837893
5837912
5837921
5837933
5837949
5837968
5837970
5837994
5838008
5838027
5838040
5838053
5838095
5838152
5838163
5838180
5838223
5838241
5838259
5838288
5838296
5838303
5838311
5838322
5838345
5838367
5838374
5838390
5838434
5838460
5838478
5838535
5838561
5838572
5838629
5838647
5838665
5838673
5838706
5838721
5838733
5838749
5838757
5838768
5838770
5838805
5838818
5838837
5838843
5838851
5838925
5838932
5838954
5838969
5838976
5838997
5839001
5839078
5839087
5839093
5839104
5839147
5839165
5839173
5839182
5839198
5839213
5839232
5839248
5839276
5839281
5839318
5839320
5839343
5839379
5839384
5839392
5839408
5839414
5839440
5839453
5839462
5839495
5839506
5839533
5839585
5839594
5839617
5839624
5839638
5839691
5839707
5839756
5839761
5839772
5839822
5839836
5839845
5839874
5839889
5839902
5839964
5839988
5839996
5840006
5840021
5840033
5840049
5840068
5840103
5840122
5840136
5840158
5840167
5840208
5840227
5840295
5840307
5840310
5840383
5840399
5840425
5840469
5840497
5840501
5840526
5840534
5840542
5840555
5840560
5840641
5840659
5840664
5840688
5840696
5840705
5840718
5840737
5840779
5840804
5840829
5840831
5840847
5840882
5840924
5840946
5840963
5841037
5841079
5841084
5841092
5841135
5841221
5841249
5841257
5841319
5841342
5841378
5841387
5841409
5841417
5841424
5841446
5841452
5841491
5841500
5841513
5841548
5841569
5841576
5841581
5841608
5841627
5841639
5841640
5841653
5841662
5841671
5841729
5841731
5841765
5841773
5841798
5841815
5841823
5841830
5841864
5841877
5841911
5841922
5841936
5841990
5842007
5842028
5842035
5842061
5842072
5842099
5842120
5842166
5842184
5842192
5842255
5842260
5842278
5842306
5842312
5842333
5842349
5842370
5842394
5842402
5842441
5842464
5842488
5842496
5842508
5842527
5842553
5842562
5842595
5842600
5842632
5842648
5842654
5842669
5842676
5842703
5842711
5842722
5842736
5842745
5842774
5842790
5842817
5842838
5842852
5842863
5842929
5842931
5842947
5842950
5842965
5842973
5842982
5843015
5843023
5843041
5843064
5843077
5843088
5843100
5843113
5843125
5843132
5843154
5843176
5843181
5843197
5843204
5843247
5843298
5843309
5843338
5843352
5843363
5843380
5843407
5843410
5843428
5843444
5843472
5843499
5843511
5843522
5843558
5843567
5843574
5843590
5843605
5843618
5843620
5843666
5843679
5843684
5843739
5843740
5843795
5843812
5843821
5843833
5843849
5843857
5843868
5843885
5843894
5843901
5843919
5843926
5843934
5843955
5843978
5843993
5844045
5844058
5844074
5844089
5844106
5844133
5844157
5844170
5844185
5844194
5844272
5844299
5844314
5844340
5844371
5844450
5844465
5844482
5844498
5844515
5844559
5844564
5844577
5844588
5844596
5844634
5844642
5844660
5844717
5844724
5844738
5844746
5844752
5844775
5844780
5844791
5844813
5844825
5844848
5844854
5844881
5844905
5844920
5844937
5844943
5844951
5844979
5844992
5845009
5845017
5845046
5845063
5845091
5845153
5845162
5845195
5845203
5845211
5845236
5845258
5845274
5845290
5845302
5845315
5845323
5845330
5845364
5845377
5845396
5845492
5845504
5845516
5845531
5845565
5845582
5845598
5845610
5845628
5845644
5845656
5845683
5845700
5845713
5845725
5845732
5845748
5845754
5845776
5845781
5845797
5845826
5845834
5845842
5845860
5845912
5845921
5845933
5845957
5845968
5845970
5845985
5846000
5846013
5846032
5846054
5846069
5846081
5846102
5846123
5846130
5846159
5846164
5846246
5846275
5846316
5846365
5846412
5846449
5846457
5846468
5846505
5846518
5846520
5846537
5846584
5846592
5846622
5846645
5846658
5846674
5846690
5846742
5846778
5846793
5846807
5846861
5846927
5846939
5846962
5846971
5846986
5846995
5847004
5847050
5847065
5847073
5847082
5847098
5847134
5847178
5847187
5847205
5847220
5847237
5847243
5847251
5847279
5847284
5847292
5847300
5847313
5847332
5847354
5847376
5847403
5847411
5847458
5847467
5847474
5847509
5847517
5847524
5847563
5847575
5847580
5847606
5847612
5847657
5847685
5847715
5847723
5847730
5847764
5847808
5847814
5847839
5847862
5847935
5847956
5847972
5848001
5848019
5848026
5848034
5848129
5848131
5848147
5848165
5848173
5848198
5848200
5848213
5848254
5848281
5848318
5848320
5848337
5848343
5848366
5848379
5848384
5848414
5848453
5848462
5848486
5848495
5848506
5848557
5848594
5848609
5848624
5848680
5848707
5848728
5848735
5848744
5848756
5848772
5848783
5848799
5848803
5848811
5848822
5848836
5848867
5848889
5848890
5848915
5848964
5848988
5848996
5849014
5849039
5849040
5849053
5849071
5849095
5849109
5849117
5849124
5849138
5849163
5849191
5849202
5849215
5849223
5849230
5849259
5849322
5849336
5849358
5849401
5849419
5849442
5849455
5849460
5849493
5849510
5849535
5849556
5849561
5849572
5849616
5849712
5849721
5849768
5849770
5849785
5849805
5849818
5849820
5849837
5849866
5849884
5849892
5849900
5849932
5849948
5849976
5849981
5850015
5850030
5850077
5850096
5850113
5850125
5850148
5850154
5850169
5850181
5850197
5850216
5850229
5850247
5850273
5850282
5850309
5850317
5850338
5850346
5850363
5850380
5850391
5850407
5850435
5850456
5850472
5850483
5850522
5850574
5850589
5850590
5850618
5850643
5850679
5850739
5850740
5850753
5850762
5850786
5850806
5850833
5850868
5850885
5850894
5850919
5850926
5850934
5850960
5850978
5851008
5851014
5851039
5851040
5851071
5851117
5851124
5851138
5851163
5851202
5851230
5851241
5851277
5851322
5851336
5851367
5851389
5851419
5851426
5851434
5851455
5851478
5851487
5851507
5851510
5851535
5851572
5851583
5851599
5851616
5851629
5851631
5851650
5851673
5851682
5851721
5851749
5851757
5851770
5851785
5851794
5851805
5851820
5851843
5851851
5851884
5851900
5851948
5851969
5851981
5851997
5852009
5852052
5852063
5852075
5852108
5852114
5852127
5852139
5852140
5852153
5852162
5852171
5852203
5852222
5852245
5852267
5852274
5852290
5852302
5852315
5852330
5852359
5852364
5852377
5852396
5852418
5852437
5852451
5852479
5852516
5852531
5852565
5852573
5852582
5852598
5852607
5852610
5852635
5852656
5852713
5852725
5852748
5852781
5852797
5852801
5852826
5852834
5852855
5852860
5852887
5852912
5852933
5852949
5852957
5852970
5852985
5853005
5853020
5853037
5853156
5853161
5853172
5853221
5853249
5853294
5853326
5853334
5853342
5853360
5853378
5853409
5853417
5853424
5853438
5853446
5853463
5853480
5853491
5853513
5853525
5853548
5853569
5853614
5853627
5853639
5853671
5853686
5853704
5853747
5853750
5853782
5853798
5853815
5853823
5853830
5853859
5853877
5853911
5853936
5853974
5853989
5853990
5854013
5854032
5854069
5854097
5854115
5854141
5854159
5854188
5854217
5854224
5854238
5854246
5854304
5854329
5854347
5854350
5854365
5854382
5854421
5854433
5854449
5854457
5854518
5854537
5854551
5854566
5854579
5854584
5854592
5854636
5854667
5854674
5854689
5854701
5854726
5854760
5854778
5854787
5854793
5854828
5854835
5854844
5854856
5854883
5854908
5854914
5854939
5854953
5854962
5854971
5855001
5855042
5855055
5855060
5855078
5855093
5855104
5855116
5855147
5855150
5855165
5855198
5855225
5855232
5855254
5855281
5855297
5855320
5855366
5855384
5855392
5855440
5855486
5855495
5855506
5855533
5855594
5855609
5855624
5855638
5855646
5855680
5855691
5855728
5855735
5855772
5855783
5855822
5855845
5855858
5855867
5855874
5855890
5855941
5855964
5855988
5855996
5856010
5856035
5856044
5856099
5856105
5856166
5856179
5856201
5856219
5856242
5856260
5856278
5856287
5856321
5856349
5856385
5856464
5856488
5856496
5856508
5856514
5856539
5856553
5856562
5856571
5856595
5856600
5856632
5856648
5856669
5856703
5856722
5856745
5856758
5856767
5856824
5856838
5856846
5856863
5856880
5856904
5856916
5856929
5856931
5856973
5856982
5857006
5857033
5857057
5857068
5857070
5857085
5857111
5857174
5857189
5857190
5857208
5857214
5857227
5857239
5857253
5857262
5857271
5857295
5857307
5857310
5857328
5857335
5857356
5857383
5857400
5857413
5857425
5857476
5857481
5857497
5857519
5857534
5857542
5857560
5857578
5857593
5857602
5857623
5857630
5857718
5857737
5857751
5857766
5857784
5857792
5857829
5857847
5857850
5857873
5857917
5857938
5857946
5857975
5857991
5858003
5858022
5858036
5858045
5858074
5858089
5858090
5858112
5858149
5858157
5858168
5858170
5858185
5858207
5858228
5858244
5858256
5858272
5858299
5858308
5858314
5858327
5858339
5858362
5858371
5858395
5858416
5858429
5858465
5858473
5858498
5858530
5858564
5858577
5858588
5858596
5858619
5858626
5858655
5858678
5858717
5858738
5858752
5858775
5858780
5858791
5858825
5858881
5858897
5858905
5858937
5858943
5858966
5858992
5859016
5859029
5859031
5859047
5859065
5859073
5859098
5859101
5859134
5859142
5859160
5859187
5859205
5859218
5859237
5859251
5859266
5859279
5859292
5859313
5859325
5859332
5859376
5859403
5859458
5859474
5859509
5859517
5859524
5859538
5859552
5859575
5859606
5859612
5859657
5859668
5859670
5859702
5859715
5859741
5859759
5859777
5859796
5859839
5859840
5859853
5859871
5859910
5859944
5859961
5859972
5860005
5860018
5860043
5860051
5860079
5860092
5860128
5860135
5860144
5860199
5860212
5860268
5860326
5860378
5860387
5860409
5860417
5860438
5860446
5860452
5860475
5860480
5860500
5860513
5860525
5860532
5860554
5860569
5860576
5860686
5860716
5860729
5860731
5860747
5860830
5860841
5860864
5860877
5860888
5860896
5860903
5860974
5860990
5861004
5861031
5861047
5861050
5861073
5861098
5861134
5861142
5861155
5861160
5861187
5861220
5861237
5861243
5861251
5861292
5861325
5861348
5861354
5861369
5861381
5861422
5861436
5861445
5861467
5861474
5861490
5861509
5861517
5861524
5861538
5861546
5861552
5861575
5861580
5861606
5861612
5861649
5861657
5861668
5861670
5861685
5861702
5861715
5861723
5861730
5861777
5861796
5861827
5861886
5861895
5861907
5861910
5861928
5861935
5861944
5861999
5862001
5862019
5862034
5862060
5862078
5862087
5862093
5862116
5862129
5862147
5862150
5862198
5862225
5862232
5862254
5862269
5862276
5862281
5862297
5862337
5862366
5862379
5862384
5862453
5862462
5862471
5862506
5862521
5862549
5862557
5862568
5862570
5862594
5862624
5862638
5862646
5862663
5862675
5862680
5862691
5862707
5862744
5862761
5862772
5862783
5862799
5862803
5862822
5862836
5862845
5862858
5862867
5862889
5862890
5862915
5862930
5862959
5862988
5862996
5863008
5863027
5863039
5863053
5863086
5863109
5863124
5863138
5863152
5863202
5863223
5863230
5863259
5863288
5863296
5863311
5863336
5863345
5863401
5863419
5863434
5863442
5863478
5863528
5863572
5863604
5863616
5863650
5863682
5863698
5863712
5863721
5863768
5863820
5863837
5863843
5863851
5863913
5863932
5863954
5863981
5864010
5864044
5864056
5864118
5864137
5864143
5864151
5864184
5864192
5864242
5864278
5864293
5864306
5864312
5864321
5864357
5864370
5864385
5864402
5864441
5864464
5864477
5864488
5864508
5864514
5864527
5864539
5864540
5864562
5864595
5864625
5864648
5864654
5864669
5864711
5864736
5864745
5864789
5864817
5864824
5864846
5864852
5864863
5864875
5864904
5864929
5864947
5864950
5864965
5864998
5865003
5865011
5865022
5865045
5865067
5865089
5865106
5865112
5865121
5865149
5865168
5865185
5865228
5865235
5865244
5865256
5865261
5865283
5865299
5865314
5865327
5865339
5865340
5865362
5865395
5865404
5865416
5865429
5865473
5865482
5865564
5865588
5865596
5865601
5865619
5865634
5865642
5865678
5865709
5865738
5865752
5865775
5865780
5865791
5865800
5865825
5865897
5865905
5865920
5865937
5865951
5865966
5865979
5865984
5865992
5866009
5866024
5866046
5866063
5866075
5866080
5866108
5866114
5866127
5866140
5866171
5866203
5866211
5866222
5866236
5866274
5866289
5866323
5866359
5866364
5866388
5866420
5866451
5866479
5866504
5866529
5866547
5866550
5866565
5866607
5866610
5866628
5866635
5866656
5866672
5866748
5866776
5866781
5866797
5866921
5866933
5866957
5866994
5867002
5867030
5867041
5867077
5867088
5867096
5867100
5867132
5867154
5867169
5867216
5867229
5867247
5867250
5867282
5867298
5867317
5867324
5867346
5867375
5867391
5867407
5867410
5867461
5867499
5867511
5867522
5867536
5867545
5867558
5867567
5867589
5867590
5867618
5867651
5867679
5867708
5867739
5867753
5867795
5867812
5867821
5867857
5867868
5867870
5867885
5867894
5867901
5867919
5867926
5867934
5867955
5867987
5868025
5868032
5868048
5868076
5868081
5868115
5868123
5868130
5868141
5868217
5868238
5868246
5868291
5868304
5868316
5868329
5868347
5868350
5868365
5868373
5868382
5868449
5868468
5868494
5868505
5868543
5868566
5868579
5868584
5868592
5868622
5868645
5868658
5868667
5868674
5868701
5868719
5868726
5868760
5868778
5868807
5868861
5868872
5868908
5868927
5868939
5868940
5868953
5868962
5868986
5868995
5869006
5869033
5869049
5869057
5869068
5869070
5869094
5869103
5869122
5869145
5869158
5869174
5869190
5869208
5869214
5869227
5869239
5869240
5869262
5869271
5869286
5869295
5869328
5869344
5869356
5869361
5869383
5869399
5869400
5869413
5869432
5869448
5869454
5869497
5869560
5869587
5869602
5869615
5869623
5869630
5869659
5869664
5869677
5869696
5869720
5869743
5869766
5869784
5869816
5869829
5869847
5869865
5869873
5869898
5869946
5870000
5870013
5870025
5870032
5870048
5870054
5870076
5870081
5870097
5870115
5870159
5870164
5870196
5870209
5870224
5870238
5870246
5870263
5870275
5870280
5870291
5870350
5870365
5870406
5870421
5870433
5870457
5870468
5870494
5870543
5870566
5870622
5870636
5870689
5870701
5870726
5870734
5870755
5870778
5870828
5870835
5870844
5870861
5870872
5870883
5870908
5870914
5870927
5870939
5870940
5870962
5870986
5870995
5871019
5871026
5871042
5871055
5871087
5871104
5871116
5871165
5871173
5871182
5871200
5871225
5871248
5871254
5871297
5871305
5871318
5871320
5871392
5871408
5871439
5871440
5871486
5871557
5871570
5871585
5871594
5871609
5871617
5871624
5871680
5871691
5871710
5871728
5871756
5871761
5871772
5871783
5871822
5871845
5871858
5871867
5871890
5871923
5871930
5871959
5871964
5871977
5871988
5871996
5872004
5872016
5872029
5872047
5872050
5872065
5872119
5872126
5872178
5872193
5872205
5872218
5872220
5872237
5872243
5872251
5872284
5872300
5872381
5872403
5872422
5872445
5872489
5872517
5872524
5872546
5872552
5872575
5872580
5872621
5872649
5872668
5872715
5872777
5872788
5872814
5872839
5872840
5872853
5872886
5872895
5872907
5872910
5872928
5872961
5872972
5872999
5873003
5873011
5873036
5873058
5873067
5873089
5873106
5873133
5873157
5873168
5873185
5873194
5873207
5873228
5873244
5873261
5873272
5873283
5873308
5873327
5873353
5873371
5873395
5873416
5873429
5873447
5873465
5873530
5873577
5873588
5873626
5873634
5873642
5873687
5873738
5873775
5873780
5873791
5873800
5873813
5873825
5873832
5873848
5873854
5873869
5873905
5873918
5873937
5873966
5873979
5874002
5874015
5874023
5874030
5874041
5874088
5874100
5874148
5874169
5874176
5874181
5874204
5874216
5874229
5874231
5874250
5874282
5874309
5874317
5874324
5874346
5874352
5874380
5874391
5874407
5874410
5874428
5874444
5874456
5874472
5874483
5874503
5874536
5874574
5874605
5874618
5874637
5874643
5874666
5874679
5874684
5874708
5874714
5874739
5874740
5874762
5874771
5874812
5874821
5874868
5874885
5874901
5874934
5874942
5874955
5874960
5874978
5874987
5875027
5875039
5875040
5875053
5875062
5875086
5875109
5875146
5875152
5875163
5875175
5875191
5875202
5875215
5875259
5875311
5875345
5875367
5875374
5875390
5875434
5875455
5875460
5875487
5875493
5875599
5875604
5875629
5875647
5875698
5875706
5875721
5875749
5875768
5875770
5875818
5875820
5875879
5875884
5875900
5875913
5875925
5875948
5875997
5876006
5876012
5876033
5876070
5876111
5876167
5876189
5876190
5876208
5876214
5876227
5876253
5876271
5876286
5876307
5876310
5876328
5876335
5876356
5876361
5876372
5876383
5876399
5876400
5876425
5876432
5876454
5876481
5876497
5876526
5876534
5876542
5876560
5876578
5876593
5876630
5876641
5876659
5876664
5876677
5876718
5876766
5876792
5876804
5876829
5876850
5876865
5876873
5876898
5876909
5876917
5876952
5876963
5876975
5876991
5877007
5877010
5877028
5877044
5877056
5877072
5877099
5877105
5877118
5877120
5877137
5877151
5877192
5877234
5877242
5877255
5877260
5877278
5877333
5877349
5877368
5877402
5877423
5877464
5877488
5877496
5877514
5877539
5877540
5877553
5877613
5877625
5877669
5877676
5877697
5877711
5877722
5877758
5877774
5877789
5877817
5877838
5877852
5877880
5877904
5877916
5877929
5877931
5877947
5877950
5878079
5878084
5878092
5878110
5878135
5878161
5878199
5878212
5878221
5878233
5878294
5878301
5878334
5878342
5878360
5878387
5878393
5878417
5878446
5878475
5878500
5878513
5878548
5878569
5878576
5878597
5878639
5878653
5878662
5878671
5878686
5878704
5878716
5878765
5878798
5878802
5878815
5878859
5878877
5878888
5878922
5878945
5878989
5878990
5879009
5879024
5879046
5879052
5879186
5879195
5879203
5879211
5879236
5879245
5879258
5879267
5879289
5879315
5879359
5879396
5879418
5879451
5879479
5879484
5879504
5879529
5879531
5879547
5879550
5879582
5879628
5879635
5879656
5879699
5879700
5879713
5879748
5879754
5879781
5879797
5879801
5879819
5879826
5879893
5879957
5879970
5880003
5880011
5880036
5880045
5880058
5880067
5880074
5880106
5880112
5880133
5880149
5880157
5880168
5880185
5880194
5880228
5880235
5880261
5880283
5880308
5880314
5880339
5880353
5880362
5880386
5880395
5880429
5880431
5880447
5880502
5880523
5880530
5880577
5880588
5880619
5880626
5880642
5880655
5880660
5880678
5880709
5880717
5880752
5880763
5880775
5880780
5880800
5880832
5880848
5880869
5880876
5880881
5880897
5880937
5880966
5880984
5881009
5881017
5881038
5881052
5881075
5881080
5881091
5881108
5881114
5881153
5881162
5881186
5881195
5881211
5881222
5881236
5881245
5881258
5881267
5881289
5881315
5881323
5881330
5881388
5881418
5881437
5881451
5881479
5881492
5881529
5881531
5881582
5881628
5881635
5881656
5881672
5881700
5881713
5881732
5881748
5881754
5881769
5881776
5881797
5881801
5881819
5881826
5881834
5881893
5881912
5881921
5881957
5881968
5881985
5881994
5882008
5882014
5882039
5882053
5882117
5882124
5882146
5882152
5882175
5882202
5882215
5882223
5882230
5882259
5882296
5882311
5882345
5882374
5882389
5882401
5882419
5882426
5882434
5882442
5882455
5882460
5882478
5882487
5882493
5882507
5882528
5882544
5882556
5882561
5882572
5882583
5882604
5882631
5882650
5882665
5882698
5882706
5882712
5882733
5882749
5882757
5882768
5882770
5882794
5882805
5882837
5882843
5882866
5882913
5882925
5882932
5882954
5882976
5882981
5883026
5883078
5883087
5883129
5883131
5883147
5883150
5883173
5883225
5883248
5883254
5883269
5883297
5883320
5883337
5883343
5883351
5883366
5883392
5883439
5883462
5883471
5883486
5883495
5883506
5883521
5883533
5883549
5883568
5883594
5883609
5883617
5883624
5883638
5883646
5883652
5883663
5883675
5883680
5883691
5883710
5883756
5883761
5883772
5883783
5883803
5883811
5883822
5883836
5883858
5883867
5883889
5883890
5883902
5883915
5883930
5883941
5883959
5883964
5883977
5883988
5884006
5884033
5884049
5884057
5884070
5884085
5884103
5884111
5884122
5884136
5884145
5884158
5884190
5884208
5884240
5884253
5884271
5884286
5884307
5884310
5884328
5884335
5884344
5884372
5884383
5884399
5884413
5884425
5884454
5884476
5884497
5884526
5884555
5884578
5884593
5884602
5884615
5884623
5884630
5884677
5884688
5884737
5884743
5884766
5884784
5884792
5884816
5884829
5884831
5884847
5884850
5884865
5884873
5884882
5884917
5884924
5884946
5884952
5884963
5884991
5885005
5885037
5885043
5885051
5885066
5885079
5885128
5885156
5885161
5885172
5885206
5885221
5885233
5885268
5885301
5885319
5885393
5885452
5885463
5885525
5885532
5885554
5885597
5885608
5885639
5885640
5885653
5885662
5885671
5885686
5885704
5885729
5885731
5885765
5885782
5885841
5885859
5885864
5885888
5885903
5885922
5885936
5885974
5885990
5886004
5886047
5886082
5886098
5886119
5886134
5886142
5886155
5886205
5886218
5886237
5886243
5886251
5886266
5886292
5886313
5886325
5886376
5886397
5886403
5886411
5886467
5886474
5886489
5886524
5886546
5886621
5886685
5886702
5886715
5886730
5886741
5886827
5886853
5886886
5886956
5886972
5886983
5886999
5887025
5887069
5887081
5887102
5887123
5887188
5887196
5887209
5887217
5887224
5887246
5887263
5887291
5887329
5887331
5887347
5887350
5887373
5887398
5887406
5887421
5887433
5887449
5887457
5887468
5887485
5887505
5887518
5887520
5887537
5887566
5887579
5887584
5887592
5887658
5887719
5887787
5887807
5887835
5887872
5887899
5887908
5887939
5887962
5888002
5888023
5888030
5888041
5888059
5888088
5888096
5888100
5888132
5888148
5888154
5888169
5888229
5888231
5888247
5888265
5888282
5888298
5888324
5888352
5888363
5888375
5888391
5888407
5888428
5888435
5888444
5888461
5888483
5888511
5888522
5888536
5888545
5888567
5888618
5888620
5888637
5888643
5888679
5888684
5888727
5888771
5888786
5888806
5888812
5888821
5888833
5888849
5888857
5888870
5888885
5888901
5888942
5888960
5888978
5888987
5888993
5889010
5889035
5889072
5889099
5889105
5889120
5889137
5889166
5889179
5889242
5889293
5889306
5889312
5889321
5889349
5889368
5889370
5889385
5889402
5889415
5889423
5889430
5889441
5889464
5889477
5889488
5889508
5889553
5889562
5889571
5889595
5889600
5889632
5889648
5889654
5889703
5889711
5889722
5889745
5889758
5889774
5889790
5889824
5889846
5889852
5889863
5889875
5889880
5889891
5889904
5889931
5889950
5889973
5889982
5890026
5890055
5890087
5890093
5890129
5890147
5890150
5890182
5890198
5890200
5890254
5890269
5890281
5890318
5890343
5890351
5890384
5890392
5890408
5890414
5890427
5890439
5890440
5890462
5890486
5890512
5890521
5890533
5890570
5890585
5890594
5890609
5890617
5890646
5890663
5890675
5890707
5890728
5890744
5890756
5890803
5890811
5890822
5890845
5890867
5890874
5890890
5890915
5890923
5890941
5890964
5890977
5891044
5891061
5891072
5891143
5891151
5891184
5891192
5891219
5891260
5891306
5891349
5891368
5891370
5891459
5891477
5891488
5891496
5891539
5891540
5891553
5891586
5891595
5891600
5891613
5891632
5891669
5891676
5891681
5891697
5891703
5891722
5891774
5891790
5891817
5891846
5891904
5891929
5891950
5892043
5892051
5892079
5892084
5892092
5892128
5892144
5892183
5892199
5892206
5892212
5892233
5892249
5892270
5892301
5892342
5892355
5892360
5892378
5892387
5892393
5892409
5892424
5892438
5892463
5892475
5892480
5892513
5892548
5892581
5892627
5892662
5892686
5892695
5892716
5892731
5892747
5892750
5892765
5892773
5892782
5892802
5892815
5892823
5892830
5892877
5892903
5892911
5892922
5892936
5892945
5892958
5892967
5892974
5892989
5892990
5893009
5893017
5893024
5893038
5893063
5893075
5893080
5893114
5893140
5893171
5893186
5893267
5893274
5893323
5893330
5893359
5893364
5893377
5893388
5893405
5893466
5893484
5893516
5893547
5893550
5893573
5893582
5893598
5893628
5893635
5893656
5893661
5893672
5893699
5893700
5893713
5893732
5893776
5893797
5893801
5893842
5893860
5893878
5893887
5893893
5893912
5893949
5893970
5893985
5894004
5894016
5894047
5894050
5894065
5894082
5894142
5894160
5894193
5894205
5894220
5894266
5894279
5894284
5894292
5894300
5894332
5894348
5894354
5894376
5894411
5894422
5894458
5894467
5894474
5894490
5894517
5894538
5894552
5894606
5894621
5894657
5894668
5894685
5894694
5894723
5894730
5894788
5894808
5894827
5894839
5894840
5894862
5894871
5894895
5894907
5894935
5894956
5894983
5894999
5895077
5895096
5895113
5895132
5895148
5895181
5895197
5895216
5895229
5895231
5895282
5895298
5895324
5895338
5895346
5895352
5895363
5895407
5895444
5895456
5895461
5895483
5895503
5895522
5895536
5895545
5895558
5895589
5895605
5895620
5895643
5895666
5895679
5895692
5895727
5895753
5895762
5895786
5895795
5895833
5895849
5895885
5895894
5895926
5895934
5895942
5895955
5895978
5896014
5896039
5896053
5896095
5896117
5896124
5896138
5896152
5896180
5896191
5896202
5896215
5896230
5896241
5896259
5896264
5896296
5896322
5896336
5896345
5896358
5896389
5896487
5896493
5896510
5896544
5896572
5896583
5896599
5896604
5896616
5896647
5896650
5896673
5896712
5896757
5896770
5896794
5896818
5896820
5896837
5896851
5896884
5896892
5896900
5896913
5896925
5896932
5896981
5897003
5897011
5897058
5897106
5897149
5897194
5897207
5897228
5897256
5897272
5897283
5897299
5897339
5897340
5897353
5897362
5897371
5897404
5897431
5897473
5897498
5897502
5897523
5897530
5897559
5897577
5897588
5897596
5897626
5897634
5897642
5897655
5897660
5897678
5897709
5897717
5897724
5897738
5897746
5897752
5897763
5897775
5897800
5897813
5897825
5897832
5897848
5897854
5897869
5897881
5897905
5897918
5897920
5897937
5898033
5898049
5898057
5898068
5898070
5898085
5898094
5898111
5898122
5898145
5898174
5898190
5898239
5898307
5898356
5898361
5898372
5898383
5898425
5898469
5898476
5898481
5898497
5898578
5898587
5898593
5898623
5898630
5898641
5898688
5898705
5898718
5898743
5898751
5898831
5898898
5898909
5898924
5898938
5898946
5899000
5899025
5899032
5899048
5899097
5899115
5899123
5899130
5899141
5899159
5899164
5899196
5899209
5899224
5899252
5899263
5899304
5899316
5899382
5899406
5899449
5899505
5899518
5899520
5899566
5899584
5899622
5899658
5899674
5899689
5899690
5899726
5899734
5899742
5899828
5899835
5899861
5899908
5899914
5899939
5899953
5899986
