5801282
5801901
5801993
5803924
5813694
5814834
5815584
5816034
5816568
5819059
5820479
5820598
5821252
5821304
5822059
5822380
5823464
5823852
5825400
5825784
5826294
5828999
5831678
5833102
5833365
5833622
5833844
5835187
5835871
5838027
5838721
5839902
5839964
5840122
5842488
5842676
5844780
5845009
5845302
5847220
5847243
5847723
5850380
5851820
5852985
5854726
5854908
5855078
5856260
5856508
5856571
5857593
5861445
5864137
5865299
5865473
5866957
5867298
5868622
5870734
5875062
5875879
5876526
5876659
5877349
5877711
5878639
5878671
5878922
5880848
5882837
5882932
5883131
5885066
5885079
5885731
5888806
5889321
5889950
5890281
5891072
5893776
5894668
5894956
5895181
5895545
5897353
5897920
5899658
