5800004
5800016
5800029
5800031
5800047
5800050
5800065
5800073
5800082
5800098
5800101
5800119
5800126
5800134
5800142
5800155
5800160
5800178
5800187
5800193
5800205
5800218
5800220
5800237
5800243
5800266
5800279
5800284
5800292
5800300
5800325
5800332
5800369
5800376
5800397
5800403
5800411
5800422
5800436
5800445
5800458
5800467
5800474
5800489
5800490
5800509
5800517
5800524
5800538
5800546
5800552
5800563
5800580
5800591
5800606
5800612
5800621
5800633
5800649
5800668
5800670
5800694
5800702
5800715
5800723
5800730
5800741
5800759
5800764
5800777
5800788
5800796
5800808
5800814
5800827
5800839
5800840
5800853
5800862
5800886
5800895
5800907
5800910
5800928
5800935
5800944
5800956
5800961
5800972
5800983
5800999
5801002
5801015
5801023
5801030
5801041
5801064
5801088
5801096
5801113
5801125
5801132
5801148
5801154
5801169
5801181
5801197
5801204
5801216
5801231
5801247
5801250
5801265
5801273
5801282
5801298
5801309
5801317
5801324
5801338
5801346
5801352
5801363
5801375
5801380
5801391
5801407
5801410
5801428
5801435
5801444
5801456
5801461
5801472
5801483
5801499
5801503
5801511
5801522
5801536
5801545
5801558
5801589
5801590
5801605
5801618
5801620
5801637
5801643
5801651
5801666
5801679
5801684
5801692
5801708
5801714
5801739
5801740
5801753
5801762
5801771
5801786
5801795
5801812
5801821
5801833
5801849
5801857
5801870
5801885
5801901
5801919
5801926
5801934
5801942
5801955
5801960
5801978
5801993
5802000
5802013
5802025
5802032
5802048
5802054
5802069
5802076
5802081
5802097
5802102
5802115
5802123
5802130
5802141
5802159
5802164
5802177
5802188
5802196
5802209
5802224
5802238
5802246
5802252
5802263
5802275
5802280
5802304
5802316
5802329
5802331
5802347
5802350
5802365
5802373
5802382
5802398
5802406
5802412
5802421
5802433
5802449
5802457
5802470
5802485
5802505
5802518
5802520
5802537
5802543
5802551
5802579
5802584
5802592
5802603
5802611
5802622
5802636
5802645
5802658
5802667
5802674
5802689
5802690
5802701
5802719
5802726
5802734
5802742
5802755
5802760
5802778
5802787
5802793
5802807
5802810
5802835
5802844
5802856
5802861
5802883
5802899
5802908
5802914
5802927
5802939
5802940
5802953
5802962
5802971
5802986
5802995
5803006
5803012
5803021
5803049
5803057
5803068
5803070
5803085
5803094
5803103
5803111
5803122
5803136
5803145
5803158
5803167
5803174
5803189
5803190
5803214
5803239
5803240
5803253
5803262
5803271
5803286
5803295
5803307
5803310
5803328
5803335
5803356
5803361
5803372
5803383
5803399
5803400
5803413
5803425
5803432
5803448
5803454
5803469
5803476
5803481
5803497
5803519
5803526
5803542
5803560
5803578
5803587
5803593
5803602
5803615
5803630
5803659
5803664
5803677
5803688
5803696
5803705
5803718
5803720
5803737
5803743
5803766
5803779
5803784
5803792
5803804
5803816
5803829
5803831
5803847
5803850
5803865
5803873
5803882
5803898
5803917
5803924
5803938
5803946
5803952
5803963
5803975
5803980
5803991
5804001
5804026
5804034
5804055
5804060
5804078
5804087
5804093
5804104
5804129
5804131
5804150
5804165
5804173
5804182
5804198
5804200
5804213
5804225
5804232
5804254
5804269
5804281
5804297
5804305
5804318
5804320
5804337
5804351
5804366
5804379
5804384
5804392
5804408
5804414
5804427
5804439
5804440
5804453
5804462
5804471
5804486
5804495
5804506
5804512
5804521
5804533
5804549
5804557
5804568
5804570
5804585
5804594
5804609
5804617
5804624
5804638
5804646
5804652
5804663
5804675
5804680
5804691
5804710
5804735
5804744
5804756
5804761
5804772
5804783
5804799
5804803
5804811
5804822
5804836
5804845
5804858
5804867
5804874
5804889
5804890
5804902
5804915
5804923
5804930
5804941
5804959
5804964
5804977
5804988
5804996
5805007
5805010
5805028
5805035
5805056
5805061
5805083
5805099
5805105
5805120
5805137
5805143
5805151
5805166
5805179
5805184
5805192
5805201
5805219
5805226
5805255
5805260
5805278
5805287
5805312
5805321
5805333
5805349
5805357
5805368
5805370
5805385
5805394
5805402
5805415
5805423
5805430
5805441
5805459
5805464
5805477
5805488
5805496
5805508
5805514
5805527
5805539
5805540
5805562
5805571
5805586
5805600
5805613
5805625
5805632
5805654
5805676
5805681
5805697
5805703
5805722
5805736
5805745
5805767
5805774
5805789
5805790
5805809
5805817
5805824
5805838
5805846
5805852
5805863
5805875
5805891
5805904
5805916
5805929
5805931
5805947
5805950
5805965
5805973
5805982
5806003
5806011
5806022
5806036
5806045
5806058
5806067
5806074
5806089
5806090
5806106
5806112
5806121
5806133
5806149
5806157
5806168
5806170
5806185
5806194
5806207
5806210
5806228
5806235
5806244
5806261
5806272
5806283
5806299
5806308
5806314
5806327
5806339
5806340
5806353
5806362
5806371
5806386
5806395
5806404
5806416
5806431
5806447
5806450
5806465
5806473
5806482
5806498
5806515
5806523
5806530
5806541
5806559
5806564
5806577
5806588
5806596
5806601
5806619
5806626
5806634
5806655
5806660
5806678
5806687
5806693
5806709
5806717
5806724
5806738
5806746
5806752
5806763
5806775
5806780
5806791
5806800
5806813
5806832
5806848
5806854
5806869
5806876
5806881
5806897
5806905
5806918
5806937
5806943
5806951
5806966
5806979
5806984
5806992
5807014
5807027
5807039
5807040
5807053
5807062
5807071
5807086
5807095
5807109
5807117
5807124
5807138
5807146
5807152
5807163
5807175
5807180
5807191
5807202
5807215
5807223
5807230
5807241
5807259
5807277
5807288
5807296
5807303
5807311
5807322
5807336
5807345
5807358
5807367
5807374
5807389
5807390
5807401
5807419
5807426
5807434
5807442
5807455
5807460
5807487
5807493
5807507
5807510
5807528
5807544
5807556
5807561
5807572
5807583
5807599
5807604
5807616
5807629
5807631
5807650
5807665
5807682
5807698
5807706
5807712
5807721
5807733
5807749
5807757
5807768
5807770
5807794
5807805
5807818
5807820
5807837
5807843
5807851
5807866
5807879
5807884
5807892
5807900
5807913
5807925
5807932
5807948
5807969
5807976
5807981
5807997
5808009
5808017
5808024
5808038
5808046
5808052
5808063
5808075
5808080
5808091
5808108
5808114
5808127
5808139
5808140
5808153
5808162
5808171
5808186
5808195
5808203
5808211
5808222
5808236
5808245
5808258
5808267
5808289
5808290
5808315
5808330
5808341
5808359
5808364
5808377
5808388
5808396
5808405
5808437
5808443
5808451
5808466
5808479
5808484
5808492
5808504
5808516
5808529
5808531
5808547
5808550
5808565
5808573
5808582
5808598
5808607
5808610
5808628
5808635
5808644
5808656
5808661
5808672
5808683
5808699
5808713
5808725
5808732
5808748
5808754
5808776
5808797
5808801
5808819
5808826
5808834
5808842
5808878
5808887
5808893
5808906
5808912
5808921
5808933
5808949
5808957
5808970
5808985
5808994
5809005
5809018
5809020
5809037
5809043
5809051
5809066
5809079
5809084
5809107
5809110
5809128
5809135
5809144
5809156
5809161
5809172
5809199
5809206
5809212
5809221
5809233
5809249
5809257
5809268
5809270
5809285
5809294
5809301
5809319
5809326
5809334
5809342
5809355
5809360
5809378
5809387
5809393
5809409
5809417
5809424
5809438
5809446
5809452
5809463
5809475
5809480
5809491
5809500
5809525
5809548
5809554
5809569
5809576
5809581
5809597
5809608
5809614
5809627
5809639
5809640
5809653
5809662
5809671
5809686
5809695
5809704
5809716
5809729
5809731
5809747
5809750
5809765
5809773
5809782
5809798
5809802
5809815
5809823
5809830
5809841
5809859
5809864
5809877
5809888
5809896
5809903
5809911
5809922
5809936
5809958
5809967
5809974
5809989
5809990
5810008
5810014
5810027
5810039
5810040
5810053
5810062
5810071
5810086
5810095
5810109
5810117
5810124
5810138
5810146
5810163
5810175
5810180
5810191
5810202
5810215
5810223
5810230
5810241
5810259
5810264
5810277
5810288
5810296
5810303
5810322
5810336
5810345
5810358
5810367
5810374
5810389
5810390
5810401
5810419
5810426
5810434
5810455
5810460
5810478
5810507
5810510
5810528
5810535
5810544
5810561
5810572
5810583
5810599
5810604
5810616
5810629
5810631
5810647
5810665
5810673
5810706
5810712
5810721
5810733
5810749
5810757
5810768
5810770
5810785
5810794
5810805
5810818
5810820
5810837
5810843
5810851
5810866
5810879
5810884
5810892
5810900
5810925
5810932
5810948
5810954
5810969
5810976
5810981
5810997
5811006
5811012
5811021
5811033
5811049
5811057
5811068
5811085
5811094
5811103
5811111
5811136
5811158
5811167
5811174
5811189
5811190
5811208
5811214
5811227
5811239
5811240
5811253
5811262
5811271
5811286
5811307
5811328
5811335
5811344
5811356
5811361
5811383
5811399
5811400
5811413
5811448
5811454
5811469
5811481
5811497
5811501
5811519
5811526
5811534
5811542
5811555
5811560
5811587
5811593
5811602
5811615
5811623
5811630
5811641
5811659
5811664
5811677
5811688
5811696
5811705
5811718
5811720
5811737
5811751
5811766
5811779
5811784
5811792
5811804
5811816
5811829
5811831
5811847
5811850
5811865
5811873
5811882
5811898
5811909
5811917
5811924
5811938
5811946
5811952
5811975
5811980
5811991
5812003
5812011
5812022
5812036
5812045
5812058
5812067
5812074
5812089
5812090
5812106
5812112
5812121
5812133
5812149
5812170
5812185
5812194
5812228
5812235
5812244
5812256
5812261
5812272
5812283
5812299
5812308
5812314
5812327
5812339
5812340
5812353
5812362
5812371
5812386
5812395
5812404
5812416
5812429
5812431
5812473
5812482
5812498
5812502
5812523
5812530
5812541
5812559
5812564
5812577
5812596
5812601
5812619
5812626
5812634
5812642
5812655
5812660
5812678
5812687
5812709
5812717
5812724
5812738
5812746
5812752
5812763
5812775
5812780
5812791
5812800
5812813
5812825
5812832
5812848
5812854
5812869
5812881
5812897
5812905
5812920
5812937
5812943
5812966
5812979
5812984
5812992
5813004
5813016
5813029
5813031
5813047
5813065
5813073
5813082
5813098
5813101
5813119
5813126
5813142
5813155
5813160
5813178
5813193
5813205
5813218
5813220
5813237
5813243
5813251
5813279
5813284
5813292
5813300
5813313
5813332
5813348
5813354
5813369
5813381
5813397
5813403
5813411
5813422
5813436
5813445
5813458
5813474
5813489
5813490
5813509
5813517
5813524
5813538
5813546
5813552
5813575
5813580
5813591
5813606
5813612
5813621
5813633
5813649
5813657
5813668
5813670
5813694
5813702
5813715
5813723
5813730
5813741
5813759
5813764
5813777
5813788
5813796
5813808
5813814
5813827
5813839
5813840
5813853
5813862
5813871
5813886
5813895
5813907
5813910
5813935
5813944
5813956
5813961
5813972
5813999
5814009
5814017
5814024
5814046
5814052
5814063
5814075
5814080
5814108
5814114
5814139
5814140
5814153
5814162
5814171
5814186
5814195
5814203
5814211
5814222
5814236
5814245
5814258
5814267
5814274
5814289
5814290
5814323
5814330
5814341
5814359
5814364
5814377
5814388
5814396
5814405
5814418
5814420
5814437
5814443
5814451
5814466
5814479
5814484
5814492
5814504
5814516
5814529
5814531
5814547
5814550
5814565
5814582
5814598
5814607
5814610
5814628
5814635
5814644
5814656
5814661
5814672
5814683
5814699
5814700
5814713
5814725
5814732
5814754
5814769
5814776
5814781
5814797
5814801
5814819
5814826
5814834
5814842
5814855
5814860
5814878
5814887
5814893
5814906
5814912
5814921
5814933
5814949
5814957
5814968
5814970
5814985
5814994
5815000
5815013
5815025
5815032
5815054
5815069
5815076
5815081
5815097
5815102
5815115
5815123
5815130
5815141
5815164
5815177
5815188
5815196
5815209
5815224
5815238
5815252
5815263
5815275
5815280
5815291
5815304
5815316
5815329
5815331
5815347
5815350
5815365
5815373
5815382
5815412
5815433
5815449
5815457
5815468
5815470
5815485
5815494
5815505
5815518
5815520
5815537
5815543
5815551
5815566
5815579
5815584
5815592
5815603
5815611
5815622
5815636
5815645
5815658
5815667
5815674
5815689
5815690
5815701
5815734
5815755
5815760
5815778
5815787
5815793
5815807
5815828
5815835
5815844
5815856
5815872
5815899
5815908
5815927
5815939
5815940
5815953
5815962
5815971
5815986
5815995
5816001
5816019
5816026
5816034
5816055
5816060
5816078
5816087
5816093
5816104
5816116
5816129
5816131
5816147
5816150
5816165
5816173
5816182
5816198
5816200
5816213
5816225
5816232
5816248
5816254
5816269
5816276
5816281
5816297
5816305
5816318
5816320
5816337
5816343
5816351
5816366
5816379
5816384
5816392
5816408
5816414
5816427
5816439
5816440
5816453
5816486
5816495
5816506
5816512
5816521
5816533
5816557
5816568
5816570
5816585
5816594
5816609
5816638
5816646
5816652
5816663
5816675
5816680
5816691
5816707
5816710
5816728
5816735
5816744
5816756
5816772
5816783
5816799
5816803
5816811
5816822
5816845
5816858
5816867
5816874
5816889
5816890
5816902
5816915
5816923
5816930
5816941
5816959
5816964
5816977
5816988
5816996
5817018
5817020
5817037
5817043
5817051
5817066
5817079
5817084
5817092
5817107
5817110
5817128
5817135
5817144
5817156
5817161
5817172
5817183
5817199
5817206
5817212
5817233
5817249
5817257
5817270
5817285
5817294
5817301
5817319
5817326
5817334
5817342
5817355
5817360
5817378
5817387
5817393
5817409
5817417
5817424
5817438
5817446
5817463
5817475
5817480
5817491
5817513
5817525
5817532
5817548
5817554
5817569
5817576
5817581
5817597
5817608
5817614
5817627
5817640
5817653
5817671
5817695
5817704
5817716
5817729
5817731
5817747
5817750
5817765
5817773
5817782
5817798
5817802
5817815
5817823
5817830
5817841
5817859
5817877
5817888
5817896
5817903
5817911
5817922
5817936
5817945
5817967
5817989
5817990
5818007
5818028
5818035
5818044
5818056
5818061
5818072
5818083
5818099
5818105
5818118
5818120
5818137
5818143
5818166
5818179
5818184
5818192
5818201
5818219
5818226
5818242
5818255
5818260
5818278
5818287
5818293
5818306
5818312
5818333
5818349
5818368
5818385
5818394
5818402
5818415
5818423
5818430
5818441
5818464
5818477
5818488
5818496
5818508
5818514
5818527
5818539
5818540
5818553
5818562
5818571
5818586
5818595
5818600
5818613
5818625
5818632
5818648
5818654
5818669
5818676
5818681
5818703
5818736
5818758
5818767
5818789
5818790
5818809
5818817
5818824
5818838
5818846
5818852
5818863
5818875
5818880
5818891
5818904
5818916
5818929
5818931
5818965
5818973
5818982
5818998
5819002
5819015
5819023
5819030
5819059
5819077
5819088
5819096
5819100
5819113
5819125
5819132
5819148
5819154
5819169
5819176
5819181
5819197
5819204
5819216
5819231
5819250
5819265
5819273
5819282
5819298
5819309
5819338
5819346
5819352
5819363
5819375
5819380
5819391
5819410
5819428
5819435
5819444
5819461
5819472
5819483
5819499
5819503
5819511
5819536
5819545
5819574
5819589
5819590
5819605
5819618
5819620
5819637
5819643
5819651
5819666
5819679
5819684
5819692
5819708
5819714
5819727
5819739
5819740
5819753
5819762
5819771
5819786
5819806
5819812
5819821
5819833
5819849
5819857
5819868
5819870
5819885
5819894
5819919
5819926
5819934
5819942
5819955
5819960
5819978
5819993
5820017
5820024
5820038
5820046
5820052
5820063
5820075
5820080
5820108
5820114
5820127
5820140
5820153
5820162
5820195
5820203
5820211
5820222
5820236
5820245
5820258
5820267
5820274
5820290
5820302
5820315
5820330
5820341
5820359
5820364
5820377
5820388
5820396
5820405
5820418
5820420
5820437
5820443
5820466
5820479
5820484
5820492
5820504
5820516
5820529
5820531
5820547
5820550
5820565
5820573
5820582
5820598
5820607
5820610
5820628
5820635
5820644
5820656
5820661
5820672
5820683
5820699
5820700
5820725
5820732
5820748
5820754
5820769
5820776
5820781
5820797
5820801
5820819
5820826
5820834
5820842
5820855
5820860
5820878
5820887
5820893
5820906
5820912
5820921
5820933
5820949
5820957
5820968
5820970
5820985
5820994
5821000
5821013
5821025
5821032
5821054
5821069
5821076
5821081
5821097
5821102
5821115
5821123
5821130
5821141
5821159
5821164
5821177
5821188
5821196
5821224
5821238
5821246
5821252
5821263
5821275
5821280
5821291
5821304
5821316
5821329
5821331
5821347
5821350
5821365
5821373
5821382
5821406
5821412
5821421
5821433
5821457
5821468
5821470
5821485
5821494
5821505
5821518
5821520
5821537
5821543
5821551
5821566
5821579
5821592
5821603
5821611
5821622
5821636
5821645
5821658
5821674
5821689
5821690
5821719
5821726
5821734
5821742
5821755
5821760
5821778
5821787
5821807
5821810
5821828
5821835
5821844
5821856
5821861
5821872
5821883
5821899
5821908
5821914
5821927
5821939
5821940
5821962
5821971
5821995
5822002
5822015
5822030
5822059
5822064
5822077
5822096
5822100
5822125
5822132
5822154
5822169
5822181
5822197
5822204
5822216
5822231
5822247
5822250
5822273
5822282
5822298
5822317
5822324
5822338
5822346
5822352
5822363
5822375
5822380
5822391
5822407
5822410
5822428
5822435
5822444
5822456
5822461
5822472
5822483
5822499
5822503
5822511
5822522
5822536
5822545
5822567
5822574
5822590
5822605
5822618
5822620
5822643
5822651
5822666
5822679
5822684
5822692
5822708
5822714
5822740
5822753
5822762
5822771
5822795
5822806
5822812
5822821
5822833
5822849
5822857
5822868
5822870
5822885
5822894
5822919
5822926
5822942
5822955
5822960
5822987
5822993
5823007
5823010
5823028
5823044
5823056
5823061
5823072
5823099
5823120
5823137
5823143
5823151
5823166
5823179
5823184
5823192
5823201
5823219
5823226
5823234
5823242
5823255
5823260
5823278
5823287
5823293
5823306
5823312
5823333
5823349
5823357
5823368
5823370
5823394
5823402
5823415
5823423
5823430
5823441
5823459
5823464
5823477
5823488
5823496
5823508
5823514
5823527
5823539
5823540
5823553
5823562
5823571
5823586
5823595
5823600
5823613
5823632
5823648
5823654
5823669
5823676
5823681
5823697
5823703
5823711
5823722
5823736
5823745
5823758
5823767
5823774
5823789
5823790
5823809
5823817
5823824
5823838
5823846
5823852
5823863
5823875
5823880
5823891
5823904
5823916
5823929
5823931
5823947
5823950
5823965
5823973
5823982
5824008
5824027
5824039
5824040
5824053
5824071
5824095
5824109
5824117
5824124
5824138
5824146
5824152
5824163
5824175
5824180
5824191
5824202
5824215
5824223
5824230
5824241
5824259
5824264
5824277
5824288
5824296
5824303
5824311
5824322
5824345
5824358
5824367
5824374
5824389
5824390
5824401
5824419
5824426
5824434
5824442
5824455
5824460
5824478
5824487
5824493
5824507
5824510
5824535
5824544
5824556
5824561
5824572
5824583
5824599
5824604
5824616
5824629
5824631
5824647
5824650
5824665
5824673
5824682
5824698
5824706
5824721
5824733
5824749
5824757
5824768
5824770
5824785
5824794
5824805
5824818
5824820
5824837
5824843
5824851
5824866
5824879
5824884
5824892
5824900
5824913
5824925
5824932
5824948
5824954
5824969
5824976
5824981
5824997
5825006
5825012
5825033
5825049
5825057
5825068
5825085
5825094
5825103
5825111
5825122
5825136
5825158
5825167
5825174
5825189
5825190
5825208
5825214
5825227
5825239
5825253
5825262
5825271
5825286
5825295
5825307
5825310
5825328
5825335
5825344
5825356
5825361
5825372
5825383
5825400
5825413
5825425
5825432
5825448
5825454
5825469
5825476
5825481
5825497
5825501
5825519
5825526
5825534
5825555
5825560
5825578
5825593
5825602
5825615
5825623
5825630
5825641
5825659
5825664
5825677
5825688
5825696
5825705
5825720
5825737
5825743
5825751
5825779
5825784
5825792
5825804
5825816
5825829
5825831
5825847
5825850
5825865
5825873
5825882
5825898
5825909
5825917
5825924
5825938
5825946
5825952
5825963
5825975
5825980
5826005
5826018
5826020
5826037
5826043
5826051
5826066
5826079
5826084
5826092
5826107
5826110
5826128
5826135
5826144
5826156
5826161
5826172
5826183
5826206
5826221
5826233
5826249
5826257
5826268
5826270
5826285
5826294
5826319
5826326
5826334
5826342
5826355
5826360
5826378
5826387
5826393
5826409
5826417
5826438
5826452
5826463
5826475
5826480
5826491
5826500
5826513
5826525
5826532
5826548
5826569
5826576
5826581
5826614
5826627
5826639
5826640
5826653
5826662
5826671
5826686
5826695
5826704
5826716
5826729
5826731
5826747
5826765
5826773
5826782
5826798
5826802
5826815
5826823
5826830
5826841
5826859
5826864
5826877
5826888
5826896
5826903
5826911
5826936
5826945
5826958
5826967
5826974
5826989
5827001
5827026
5827034
5827042
5827055
5827060
5827078
5827087
5827093
5827104
5827116
5827131
5827147
5827150
5827173
5827198
5827200
5827213
5827225
5827232
5827248
5827254
5827269
5827276
5827281
5827297
5827305
5827318
5827320
5827337
5827343
5827351
5827366
5827379
5827384
5827392
5827414
5827427
5827439
5827440
5827471
5827486
5827495
5827506
5827512
5827521
5827533
5827549
5827557
5827568
5827570
5827585
5827594
5827609
5827617
5827638
5827652
5827663
5827675
5827680
5827691
5827707
5827710
5827728
5827735
5827744
5827761
5827772
5827783
5827799
5827803
5827811
5827836
5827845
5827867
5827874
5827889
5827890
5827902
5827915
5827923
5827941
5827959
5827996
5828004
5828016
5828029
5828050
5828065
5828073
5828082
5828119
5828126
5828134
5828142
5828155
5828160
5828178
5828187
5828193
5828205
5828220
5828237
5828243
5828251
5828266
5828284
5828292
5828300
5828313
5828325
5828332
5828348
5828354
5828369
5828376
5828381
5828397
5828403
5828411
5828422
5828436
5828445
5828458
5828467
5828474
5828489
5828490
5828509
5828517
5828524
5828538
5828546
5828552
5828563
5828575
5828580
5828591
5828606
5828612
5828621
5828633
5828649
5828668
5828670
5828685
5828694
5828702
5828715
5828723
5828730
5828741
5828759
5828764
5828777
5828788
5828796
5828808
5828814
5828827
5828839
5828840
5828853
5828862
5828871
5828886
5828895
5828907
5828910
5828928
5828935
5828944
5828956
5828961
5828972
5828983
5828999
5829003
5829011
5829022
5829036
5829045
5829058
5829067
5829089
5829090
5829106
5829112
5829121
5829133
5829149
5829157
5829168
5829170
5829185
5829194
5829207
5829210
5829228
5829244
5829272
5829283
5829299
5829308
5829314
5829327
5829340
5829353
5829362
5829371
5829386
5829395
5829416
5829429
5829431
5829447
5829465
5829473
5829482
5829498
5829502
5829523
5829541
5829559
5829577
5829588
5829596
5829601
5829619
5829626
5829634
5829642
5829655
5829660
5829687
5829693
5829709
5829717
5829724
5829738
5829746
5829752
5829763
5829775
5829780
5829791
5829800
5829813
5829825
5829832
5829848
5829869
5829876
5829881
5829897
5829905
5829918
5829920
5829937
5829943
5829951
5829966
5829979
5829984
5829992
5830007
5830010
5830028
5830035
5830044
5830056
5830061
5830072
5830083
5830118
5830120
5830137
5830143
5830151
5830166
5830179
5830184
5830192
5830219
5830226
5830234
5830242
5830255
5830260
5830278
5830287
5830293
5830306
5830312
5830321
5830349
5830368
5830370
5830385
5830394
5830402
5830415
5830423
5830430
5830441
5830464
5830477
5830488
5830496
5830508
5830514
5830527
5830539
5830540
5830553
5830562
5830571
5830586
5830595
5830600
5830613
5830625
5830632
5830648
5830669
5830676
5830681
5830697
5830703
5830711
5830722
5830736
5830745
5830758
5830767
5830789
5830790
5830809
5830817
5830824
5830838
5830846
5830852
5830863
5830875
5830880
5830891
5830916
5830929
5830931
5830947
5830950
5830965
5830973
5831003
5831011
5831022
5831036
5831058
5831067
5831074
5831089
5831106
5831112
5831133
5831149
5831157
5831168
5831194
5831207
5831210
5831228
5831235
5831256
5831261
5831272
5831283
5831299
5831308
5831314
5831327
5831339
5831340
5831353
5831362
5831371
5831386
5831395
5831404
5831429
5831431
5831447
5831450
5831465
5831473
5831482
5831498
5831502
5831515
5831523
5831530
5831541
5831559
5831564
5831588
5831596
5831601
5831619
5831634
5831642
5831655
5831660
5831678
5831687
5831693
5831709
5831717
5831724
5831738
5831746
5831752
5831763
5831775
5831780
5831791
5831800
5831813
5831825
5831832
5831848
5831854
5831881
5831905
5831918
5831920
5831937
5831943
5831951
5831966
5831979
5831984
5831992
5832006
5832012
5832021
5832033
5832049
5832057
5832068
5832070
5832085
5832094
5832103
5832111
5832136
5832145
5832158
5832167
5832174
5832189
5832190
5832208
5832214
5832227
5832239
5832240
5832253
5832262
5832271
5832286
5832295
5832307
5832310
5832328
5832335
5832344
5832356
5832361
5832372
5832383
5832399
5832400
5832413
5832425
5832432
5832448
5832454
5832469
5832476
5832481
5832497
5832501
5832519
5832526
5832534
5832542
5832555
5832560
5832578
5832587
5832593
5832602
5832615
5832630
5832641
5832659
5832664
5832677
5832688
5832696
5832705
5832718
5832720
5832737
5832743
5832751
5832766
5832779
5832792
5832804
5832816
5832829
5832847
5832850
5832865
5832873
5832882
5832898
5832909
5832917
5832938
5832946
5832952
5832963
5832975
5832980
5832991
5833000
5833013
5833025
5833032
5833048
5833054
5833069
5833076
5833081
5833097
5833102
5833115
5833130
5833141
5833159
5833164
5833177
5833188
5833196
5833209
5833217
5833224
5833238
5833246
5833252
5833263
5833275
5833280
5833291
5833304
5833329
5833331
5833347
5833350
5833365
5833373
5833382
5833398
5833406
5833412
5833421
5833433
5833457
5833468
5833470
5833485
5833494
5833505
5833518
5833537
5833543
5833551
5833566
5833579
5833584
5833592
5833603
5833611
5833622
5833645
5833658
5833667
5833674
5833689
5833690
5833701
5833719
5833726
5833734
5833742
5833755
5833760
5833778
5833787
5833793
5833807
5833810
5833828
5833835
5833844
5833856
5833861
5833872
5833883
5833899
5833908
5833914
5833927
5833939
5833940
5833953
5833962
5833971
5833986
5833995
5834005
5834018
5834020
5834043
5834051
5834066
5834079
5834084
5834092
5834110
5834128
5834135
5834144
5834156
5834161
5834172
5834199
5834206
5834212
5834233
5834249
5834257
5834268
5834285
5834294
5834301
5834326
5834334
5834342
5834355
5834360
5834378
5834387
5834393
5834409
5834417
5834438
5834446
5834452
5834463
5834475
5834480
5834491
5834500
5834513
5834525
5834532
5834548
5834554
5834569
5834576
5834581
5834597
5834608
5834614
5834627
5834639
5834640
5834653
5834662
5834671
5834686
5834695
5834704
5834716
5834729
5834731
5834747
5834750
5834765
5834773
5834782
5834798
5834802
5834815
5834823
5834830
5834841
5834859
5834864
5834877
5834888
5834896
5834903
5834911
5834922
5834936
5834945
5834958
5834967
5834974
5834989
5834990
5835016
5835029
5835047
5835050
5835065
5835073
5835082
5835098
5835101
5835119
5835126
5835134
5835142
5835155
5835160
5835187
5835193
5835205
5835218
5835220
5835237
5835243
5835251
5835266
5835279
5835313
5835325
5835332
5835348
5835354
5835369
5835376
5835381
5835397
5835403
5835411
5835422
5835436
5835445
5835458
5835467
5835474
5835489
5835490
5835517
5835524
5835538
5835546
5835552
5835563
5835575
5835580
5835591
5835606
5835621
5835633
5835649
5835657
5835668
5835670
5835685
5835694
5835715
5835723
5835730
5835759
5835764
5835777
5835788
5835796
5835814
5835839
5835840
5835853
5835862
5835871
5835886
5835895
5835907
5835910
5835928
5835935
5835944
5835956
5835961
5835972
5835983
5836002
5836015
5836023
5836030
5836041
5836059
5836064
5836077
5836088
5836096
5836100
5836113
5836125
5836132
5836148
5836154
5836169
5836176
5836181
5836197
5836204
5836216
5836229
5836247
5836250
5836265
5836273
5836282
5836298
5836309
5836317
5836324
5836338
5836346
5836352
5836363
5836375
5836391
5836407
5836410
5836428
5836435
5836444
5836456
5836461
5836472
5836483
5836499
5836503
5836511
5836522
5836536
5836558
5836567
5836574
5836589
5836590
5836605
5836618
5836620
5836637
5836643
5836651
5836666
5836679
5836684
5836692
5836708
5836714
5836727
5836739
5836740
5836753
5836762
5836771
5836786
5836795
5836806
5836812
5836821
5836833
5836849
5836857
5836868
5836870
5836894
5836901
5836919
5836934
5836942
5836955
5836960
5836987
5836993
5837017
5837038
5837046
5837052
5837063
5837075
5837080
5837091
5837108
5837114
5837127
5837139
5837140
5837153
5837162
5837171
5837186
5837195
5837203
5837211
5837222
5837245
5837258
5837267
5837274
5837289
5837290
5837315
5837323
5837330
5837341
5837359
5837364
5837377
5837388
5837396
5837405
5837418
5837420
5837437
5837443
5837451
5837466
5837479
5837484
5837504
5837516
5837529
5837531
5837547
5837550
5837565
5837582
5837598
5837607
5837610
5837628
5837635
5837644
5837656
5837661
5837672
5837683
5837699
5837700
5837713
5837725
5837732
5837754
5837776
5837781
5837797
5837801
5837819
5837826
5837834
5837842
5837855
5837860
5837878
5837893
5837906
5837912
5837921
5837933
5837949
5837968
5837970
5837985
5837994
5838008
5838014
5838027
5838039
5838040
5838053
5838062
5838071
5838095
5838109
5838117
5838124
5838138
5838146
5838152
5838163
5838180
5838191
5838202
5838215
5838223
5838230
5838241
5838259
5838277
5838288
5838296
5838303
5838311
5838322
5838345
5838358
5838367
5838374
5838389
5838390
5838401
5838419
5838426
5838434
5838442
5838455
5838460
5838478
5838487
5838493
5838510
5838528
5838535
5838556
5838561
5838572
5838599
5838604
5838616
5838629
5838631
5838647
5838650
5838665
5838673
5838682
5838698
5838706
5838712
5838721
5838733
5838749
5838757
5838768
5838770
5838785
5838794
5838805
5838818
5838837
5838843
5838851
5838866
5838879
5838884
5838892
5838900
5838913
5838925
5838932
5838954
5838969
5838976
5838997
5839001
5839019
5839026
5839034
5839055
5839060
5839078
5839087
5839093
5839104
5839116
5839129
5839131
5839147
5839150
5839165
5839173
5839182
5839198
5839213
5839225
5839232
5839248
5839254
5839269
5839276
5839281
5839305
5839318
5839320
5839337
5839343
5839351
5839366
5839379
5839384
5839392
5839408
5839414
5839427
5839440
5839453
5839462
5839471
5839495
5839506
5839533
5839549
5839557
5839568
5839585
5839594
5839609
5839617
5839624
5839638
5839652
5839680
5839691
5839707
5839710
5839728
5839735
5839744
5839756
5839761
5839772
5839783
5839803
5839811
5839822
5839836
5839845
5839858
5839867
5839874
5839889
5839890
5839902
5839915
5839923
5839930
5839941
5839959
5839964
5839977
5839988
5839996
5840006
5840012
5840021
5840033
5840049
5840057
5840068
5840070
5840085
5840103
5840111
5840122
5840136
5840145
5840158
5840167
5840174
5840189
5840190
5840208
5840214
5840227
5840240
5840253
5840262
5840271
5840286
5840295
5840307
5840310
5840328
5840335
5840344
5840361
5840372
5840383
5840399
5840400
5840413
5840425
5840432
5840454
5840469
5840476
5840481
5840497
5840501
5840519
5840526
5840534
5840542
5840555
5840560
5840587
5840593
5840602
5840615
5840623
5840630
5840641
5840659
5840664
5840677
5840688
5840696
5840705
5840718
5840720
5840737
5840743
5840751
5840766
5840779
5840784
5840792
5840804
5840816
5840829
5840831
5840847
5840850
5840865
5840873
5840882
5840898
5840909
5840917
5840924
5840938
5840946
5840963
5840975
5840980
5840991
5841005
5841018
5841020
5841037
5841051
5841066
5841079
5841084
5841092
5841107
5841110
5841128
5841135
5841144
5841156
5841161
5841172
5841183
5841199
5841206
5841212
5841221
5841233
5841249
5841257
5841270
5841285
5841294
5841301
5841319
5841326
5841334
5841342
5841355
5841360
5841378
5841387
5841393
5841409
5841417
5841424
5841438
5841446
5841452
5841463
5841475
5841480
5841491
5841500
5841513
5841525
5841532
5841548
5841569
5841576
5841581
5841597
5841608
5841614
5841627
5841639
5841640
5841653
5841662
5841671
5841686
5841695
5841704
5841716
5841729
5841731
5841747
5841750
5841765
5841773
5841798
5841802
5841815
5841823
5841830
5841864
5841877
5841888
5841896
5841911
5841922
5841936
5841945
5841958
5841967
5841974
5841989
5841990
5842007
5842010
5842028
5842035
5842044
5842056
5842061
5842072
5842083
5842099
5842118
5842120
5842137
5842151
5842166
5842179
5842184
5842192
5842201
5842219
5842226
5842242
5842255
5842260
5842278
5842287
5842293
5842306
5842312
5842321
5842333
5842349
5842357
5842368
5842370
5842394
5842402
5842415
5842430
5842441
5842459
5842464
5842477
5842488
5842496
5842508
5842527
5842539
5842553
5842562
5842571
5842586
5842595
5842600
5842613
5842625
5842632
5842648
5842654
5842669
5842676
5842681
5842697
5842703
5842711
5842722
5842736
5842745
5842758
5842767
5842774
5842789
5842790
5842809
5842817
5842824
5842838
5842846
5842852
5842863
5842891
5842904
5842916
5842929
5842931
5842947
5842950
5842965
5842973
5842982
5843002
5843015
5843023
5843030
5843041
5843059
5843064
5843077
5843088
5843096
5843100
5843113
5843125
5843132
5843148
5843154
5843169
5843176
5843181
5843197
5843204
5843216
5843229
5843231
5843247
5843250
5843265
5843273
5843282
5843298
5843309
5843317
5843324
5843338
5843346
5843352
5843363
5843375
5843380
5843391
5843407
5843410
5843428
5843435
5843444
5843456
5843461
5843472
5843499
5843503
5843511
5843522
5843545
5843558
5843567
5843574
5843590
5843605
5843618
5843620
5843637
5843643
5843666
5843679
5843684
5843692
5843708
5843714
5843727
5843739
5843740
5843753
5843771
5843795
5843806
5843812
5843821
5843833
5843849
5843857
5843868
5843870
5843885
5843894
5843901
5843919
5843926
5843934
5843942
5843955
5843960
5843978
5843987
5843993
5844003
5844011
5844022
5844045
5844058
5844067
5844074
5844089
5844106
5844112
5844121
5844133
5844157
5844168
5844170
5844185
5844194
5844207
5844235
5844244
5844256
5844261
5844272
5844283
5844299
5844308
5844314
5844327
5844339
5844340
5844353
5844362
5844371
5844386
5844395
5844404
5844429
5844431
5844447
5844450
5844465
5844473
5844482
5844498
5844502
5844515
5844523
5844541
5844559
5844564
5844577
5844588
5844596
5844601
5844626
5844634
5844642
5844655
5844660
5844678
5844687
5844693
5844709
5844717
5844724
5844738
5844746
5844752
5844763
5844775
5844780
5844791
5844800
5844813
5844825
5844832
5844848
5844854
5844869
5844876
5844881
5844897
5844905
5844918
5844920
5844937
5844943
5844951
5844966
5844979
5844984
5844992
5845009
5845017
5845024
5845038
5845046
5845063
5845075
5845080
5845091
5845108
5845114
5845127
5845139
5845153
5845162
5845171
5845186
5845195
5845203
5845211
5845222
5845236
5845245
5845258
5845267
5845274
5845289
5845290
5845302
5845315
5845323
5845330
5845341
5845364
5845377
5845388
5845396
5845405
5845418
5845420
5845437
5845443
5845451
5845466
5845479
5845484
5845492
5845504
5845516
5845531
5845565
5845573
5845582
5845598
5845610
5845628
5845635
5845644
5845656
5845661
5845672
5845683
5845699
5845700
5845713
5845725
5845732
5845748
5845754
5845769
5845776
5845781
5845797
5845801
5845819
5845826
5845834
5845842
5845855
5845860
5845878
5845887
5845893
5845906
5845912
5845921
5845933
5845949
5845957
5845968
5845970
5845985
5846000
5846013
5846025
5846032
5846048
5846054
5846069
5846076
5846081
5846097
5846102
5846115
5846123
5846130
5846141
5846159
5846164
5846188
5846196
5846224
5846238
5846246
5846252
5846275
5846280
5846291
5846304
5846316
5846331
5846347
5846350
5846365
5846382
5846398
5846406
5846412
5846421
5846433
5846449
5846457
5846468
5846470
5846485
5846505
5846518
5846520
5846537
5846551
5846566
5846579
5846584
5846592
5846611
5846622
5846636
5846645
5846658
5846667
5846674
5846689
5846690
5846701
5846719
5846726
5846742
5846755
5846760
5846778
5846787
5846793
5846807
5846810
5846828
5846835
5846856
5846861
5846872
5846883
5846899
5846908
5846914
5846927
5846939
5846940
5846953
5846962
5846971
5846986
5846995
5847004
5847029
5847031
5847047
5847050
5847065
5847073
5847082
5847098
5847101
5847119
5847126
5847134
5847155
5847160
5847178
5847187
5847193
5847205
5847218
5847220
5847237
5847243
5847251
5847266
5847279
5847284
5847292
5847300
5847313
5847325
5847332
5847348
5847354
5847369
5847376
5847381
5847397
5847403
5847411
5847422
5847436
5847445
5847458
5847467
5847474
5847489
5847509
5847517
5847524
5847538
5847552
5847563
5847575
5847580
5847591
5847606
5847612
5847621
5847633
5847649
5847657
5847668
5847670
5847685
5847702
5847715
5847723
5847730
5847741
5847759
5847764
5847788
5847808
5847814
5847827
5847839
5847840
5847862
5847871
5847886
5847910
5847928
5847935
5847944
5847956
5847972
5847983
5847999
5848001
5848019
5848026
5848034
5848042
5848055
5848060
5848078
5848087
5848093
5848104
5848116
5848129
5848131
5848147
5848165
5848173
5848182
5848198
5848200
5848213
5848225
5848232
5848254
5848276
5848281
5848297
5848305
5848318
5848320
5848337
5848343
5848351
5848366
5848379
5848384
5848392
5848408
5848414
5848427
5848439
5848440
5848453
5848462
5848486
5848495
5848506
5848521
5848533
5848549
5848557
5848568
5848570
5848594
5848609
5848617
5848624
5848638
5848646
5848652
5848680
5848707
5848710
5848728
5848735
5848744
5848756
5848761
5848772
5848783
5848799
5848803
5848811
5848822
5848836
5848845
5848858
5848867
5848889
5848890
5848915
5848923
5848930
5848941
5848959
5848964
5848977
5848988
5848996
5849008
5849014
5849039
5849040
5849053
5849062
5849071
5849086
5849095
5849109
5849117
5849124
5849138
5849146
5849152
5849163
5849175
5849180
5849191
5849202
5849215
5849223
5849230
5849241
5849259
5849264
5849277
5849288
5849303
5849311
5849322
5849336
5849345
5849358
5849367
5849374
5849389
5849390
5849401
5849419
5849426
5849434
5849442
5849455
5849460
5849478
5849493
5849507
5849510
5849528
5849535
5849544
5849556
5849561
5849572
5849599
5849604
5849616
5849629
5849631
5849647
5849650
5849665
5849673
5849682
5849698
5849712
5849721
5849733
5849749
5849768
5849770
5849785
5849794
5849805
5849818
5849820
5849837
5849843
5849866
5849884
5849892
5849900
5849913
5849925
5849932
5849948
5849969
5849976
5849981
5850002
5850015
5850023
5850030
5850059
5850064
5850077
5850088
5850096
5850113
5850125
5850132
5850148
5850154
5850169
5850181
5850197
5850204
5850216
5850229
5850231
5850247
5850265
5850273
5850282
5850298
5850309
5850317
5850324
5850338
5850346
5850352
5850363
5850375
5850380
5850391
5850407
5850410
5850428
5850435
5850444
5850456
5850461
5850472
5850483
5850499
5850503
5850511
5850522
5850536
5850545
5850558
5850567
5850574
5850589
5850590
5850605
5850618
5850620
5850643
5850651
5850666
5850679
5850684
5850708
5850714
5850727
5850739
5850740
5850753
5850762
5850771
5850786
5850795
5850806
5850812
5850821
5850833
5850849
5850857
5850868
5850870
5850885
5850894
5850901
5850919
5850926
5850934
5850942
5850955
5850960
5850978
5850987
5850993
5851008
5851014
5851027
5851039
5851040
5851053
5851062
5851071
5851086
5851095
5851109
5851117
5851124
5851138
5851146
5851163
5851175
5851180
5851202
5851215
5851223
5851230
5851241
5851259
5851277
5851288
5851296
5851311
5851322
5851336
5851345
5851358
5851367
5851374
5851389
5851401
5851419
5851426
5851434
5851442
5851455
5851478
5851487
5851507
5851510
5851528
5851535
5851556
5851561
5851572
5851583
5851599
5851604
5851616
5851629
5851631
5851647
5851650
5851665
5851673
5851682
5851698
5851706
5851712
5851721
5851733
5851749
5851757
5851770
5851785
5851794
5851805
5851818
5851820
5851843
5851851
5851866
5851879
5851884
5851900
5851913
5851925
5851932
5851948
5851954
5851969
5851976
5851981
5851997
5852009
5852017
5852024
5852038
5852052
5852063
5852075
5852080
5852091
5852108
5852114
5852127
5852139
5852140
5852153
5852162
5852171
5852186
5852203
5852211
5852222
5852236
5852245
5852258
5852267
5852274
5852289
5852290
5852302
5852315
5852330
5852341
5852359
5852364
5852377
5852388
5852396
5852405
5852418
5852420
5852437
5852443
5852451
5852466
5852479
5852484
5852492
5852504
5852516
5852531
5852547
5852565
5852573
5852582
5852598
5852607
5852610
5852628
5852635
5852644
5852656
5852661
5852672
5852683
5852699
5852700
5852713
5852725
5852748
5852754
5852769
5852776
5852781
5852797
5852801
5852819
5852826
5852834
5852842
5852855
5852860
5852878
5852887
5852906
5852912
5852921
5852933
5852949
5852957
5852968
5852970
5852985
5852994
5853005
5853018
5853020
5853037
5853043
5853051
5853066
5853079
5853092
5853107
5853110
5853128
5853135
5853144
5853156
5853161
5853172
5853183
5853199
5853206
5853212
5853221
5853233
5853249
5853257
5853268
5853270
5853285
5853294
5853301
5853319
5853326
5853334
5853342
5853360
5853378
5853387
5853393
5853409
5853417
5853424
5853438
5853446
5853452
5853463
5853475
5853480
5853491
5853500
5853513
5853525
5853532
5853548
5853554
5853569
5853576
5853581
5853597
5853608
5853614
5853627
5853639
5853640
5853653
5853662
5853671
5853686
5853695
5853704
5853729
5853731
5853747
5853750
5853765
5853782
5853798
5853815
5853823
5853830
5853841
5853859
5853864
5853877
5853896
5853903
5853911
5853936
5853974
5853989
5853990
5854000
5854013
5854032
5854048
5854054
5854069
5854076
5854081
5854097
5854115
5854123
5854130
5854141
5854159
5854188
5854196
5854209
5854217
5854224
5854238
5854246
5854252
5854263
5854275
5854280
5854304
5854329
5854331
5854347
5854350
5854365
5854373
5854382
5854398
5854406
5854412
5854421
5854433
5854449
5854457
5854470
5854485
5854494
5854505
5854518
5854520
5854537
5854543
5854551
5854566
5854579
5854584
5854592
5854603
5854622
5854636
5854645
5854667
5854674
5854689
5854690
5854701
5854719
5854726
5854734
5854742
5854755
5854760
5854778
5854787
5854793
5854807
5854810
5854828
5854835
5854844
5854856
5854861
5854883
5854899
5854908
5854914
5854939
5854940
5854953
5854962
5854971
5854986
5854995
5855001
5855019
5855034
5855042
5855055
5855060
5855078
5855093
5855104
5855116
5855129
5855147
5855150
5855165
5855173
5855198
5855200
5855213
5855225
5855232
5855248
5855254
5855269
5855276
5855281
5855297
5855318
5855320
5855337
5855351
5855366
5855379
5855384
5855392
5855408
5855427
5855439
5855440
5855453
5855471
5855486
5855495
5855506
5855512
5855521
5855533
5855549
5855557
5855568
5855585
5855594
5855609
5855624
5855638
5855646
5855652
5855663
5855675
5855680
5855691
5855707
5855710
5855728
5855735
5855756
5855761
5855772
5855783
5855799
5855811
5855822
5855836
5855845
5855858
5855867
5855874
5855889
5855890
5855915
5855941
5855959
5855964
5855988
5855996
5856010
5856028
5856035
5856044
5856056
5856061
5856072
5856083
5856099
5856105
5856118
5856120
5856143
5856166
5856179
5856184
5856192
5856201
5856219
5856234
5856242
5856255
5856260
5856278
5856287
5856293
5856306
5856312
5856321
5856349
5856370
5856385
5856394
5856402
5856415
5856423
5856430
5856441
5856464
5856477
5856488
5856496
5856508
5856514
5856527
5856539
5856540
5856553
5856562
5856571
5856595
5856600
5856632
5856648
5856654
5856669
5856676
5856681
5856703
5856711
5856722
5856736
5856745
5856758
5856767
5856774
5856809
5856817
5856824
5856838
5856846
5856852
5856863
5856875
5856880
5856891
5856904
5856916
5856929
5856931
5856947
5856950
5856965
5856973
5856982
5856998
5857006
5857012
5857033
5857057
5857068
5857070
5857085
5857103
5857111
5857122
5857136
5857145
5857167
5857174
5857189
5857190
5857208
5857214
5857227
5857239
5857240
5857253
5857262
5857271
5857286
5857295
5857307
5857310
5857328
5857335
5857344
5857356
5857361
5857372
5857383
5857399
5857400
5857413
5857425
5857432
5857448
5857454
5857469
5857476
5857481
5857497
5857519
5857526
5857534
5857542
5857555
5857560
5857578
5857587
5857593
5857602
5857615
5857623
5857630
5857641
5857659
5857664
5857677
5857688
5857696
5857705
5857718
5857720
5857737
5857743
5857751
5857766
5857784
5857792
5857804
5857816
5857829
5857831
5857847
5857850
5857865
5857873
5857898
5857909
5857917
5857924
5857938
5857946
5857963
5857975
5857980
5857991
5858003
5858022
5858036
5858045
5858058
5858067
5858074
5858089
5858090
5858106
5858112
5858133
5858149
5858157
5858168
5858170
5858185
5858194
5858207
5858210
5858228
5858244
5858256
5858261
5858272
5858283
5858299
5858308
5858314
5858327
5858339
5858340
5858353
5858362
5858371
5858386
5858395
5858404
5858416
5858429
5858447
5858450
5858465
5858473
5858482
5858498
5858502
5858515
5858523
5858530
5858559
5858564
5858577
5858588
5858596
5858601
5858619
5858626
5858642
5858655
5858660
5858678
5858687
5858693
5858709
5858717
5858724
5858738
5858752
5858775
5858780
5858791
5858800
5858813
5858825
5858832
5858848
5858854
5858869
5858876
5858881
5858897
5858905
5858918
5858920
5858937
5858943
5858951
5858966
5858979
5858984
5858992
5859016
5859029
5859031
5859047
5859050
5859065
5859073
5859098
5859101
5859119
5859126
5859134
5859142
5859155
5859160
5859178
5859187
5859193
5859205
5859218
5859220
5859237
5859243
5859251
5859266
5859279
5859284
5859292
5859313
5859325
5859332
5859348
5859354
5859369
5859376
5859381
5859397
5859403
5859411
5859436
5859445
5859458
5859467
5859474
5859490
5859509
5859517
5859524
5859538
5859546
5859552
5859563
5859575
5859580
5859591
5859606
5859612
5859621
5859633
5859657
5859668
5859670
5859685
5859694
5859702
5859715
5859723
5859730
5859741
5859759
5859764
5859777
5859788
5859796
5859808
5859814
5859839
5859840
5859853
5859862
5859871
5859886
5859895
5859907
5859910
5859928
5859935
5859944
5859956
5859961
5859972
5859983
5859999
5860005
5860018
5860037
5860043
5860051
5860066
5860079
5860084
5860092
5860107
5860128
5860135
5860144
5860156
5860161
5860183
5860199
5860206
5860212
5860221
5860233
5860249
5860257
5860268
5860270
5860285
5860294
5860301
5860319
5860326
5860334
5860342
5860360
5860378
5860387
5860393
5860409
5860417
5860424
5860438
5860446
5860452
5860475
5860480
5860491
5860500
5860513
5860525
5860532
5860548
5860554
5860569
5860576
5860581
5860597
5860614
5860639
5860640
5860662
5860686
5860695
5860704
5860716
5860729
5860731
5860747
5860750
5860765
5860773
5860782
5860798
5860802
5860830
5860841
5860859
5860864
5860877
5860888
5860896
5860903
5860911
5860922
5860936
5860945
5860958
5860974
5860989
5860990
5861004
5861016
5861031
5861047
5861050
5861065
5861073
5861098
5861101
5861119
5861126
5861134
5861142
5861155
5861160
5861187
5861193
5861218
5861220
5861237
5861243
5861251
5861266
5861279
5861292
5861300
5861313
5861325
5861348
5861354
5861369
5861376
5861381
5861397
5861411
5861422
5861436
5861445
5861467
5861474
5861489
5861490
5861509
5861517
5861524
5861538
5861546
5861552
5861563
5861575
5861580
5861591
5861606
5861612
5861633
5861649
5861657
5861668
5861670
5861685
5861694
5861702
5861715
5861723
5861730
5861741
5861759
5861764
5861777
5861788
5861796
5861808
5861827
5861839
5861840
5861853
5861862
5861871
5861886
5861895
5861907
5861910
5861928
5861935
5861944
5861956
5861961
5861972
5861999
5862001
5862019
5862026
5862034
5862042
5862055
5862060
5862078
5862087
5862093
5862104
5862116
5862129
5862131
5862147
5862150
5862165
5862173
5862182
5862198
5862200
5862213
5862225
5862232
5862248
5862254
5862269
5862276
5862281
5862297
5862305
5862318
5862320
5862337
5862343
5862351
5862366
5862379
5862384
5862392
5862414
5862439
5862453
5862462
5862471
5862486
5862495
5862506
5862512
5862521
5862533
5862549
5862557
5862568
5862570
5862585
5862594
5862609
5862617
5862624
5862638
5862646
5862652
5862663
5862675
5862680
5862691
5862707
5862710
5862728
5862735
5862744
5862756
5862761
5862772
5862783
5862799
5862803
5862811
5862822
5862836
5862845
5862858
5862867
5862874
5862889
5862890
5862902
5862915
5862923
5862930
5862941
5862959
5862964
5862977
5862988
5862996
5863008
5863014
5863027
5863039
5863053
5863062
5863071
5863086
5863095
5863109
5863124
5863138
5863146
5863152
5863163
5863175
5863180
5863191
5863202
5863223
5863230
5863241
5863259
5863264
5863277
5863288
5863296
5863303
5863311
5863322
5863336
5863345
5863358
5863367
5863374
5863389
5863390
5863401
5863419
5863434
5863442
5863455
5863460
5863478
5863487
5863493
5863507
5863510
5863528
5863535
5863544
5863556
5863572
5863583
5863599
5863604
5863616
5863629
5863631
5863650
5863665
5863673
5863682
5863698
5863706
5863712
5863721
5863733
5863749
5863757
5863768
5863770
5863785
5863794
5863805
5863818
5863820
5863837
5863843
5863851
5863866
5863879
5863892
5863900
5863913
5863925
5863932
5863948
5863954
5863969
5863976
5863981
5863997
5864007
5864010
5864028
5864035
5864044
5864056
5864061
5864072
5864083
5864099
5864105
5864118
5864137
5864143
5864151
5864166
5864179
5864184
5864192
5864201
5864226
5864234
5864242
5864260
5864278
5864287
5864293
5864306
5864312
5864321
5864333
5864349
5864357
5864368
5864370
5864385
5864394
5864402
5864415
5864423
5864430
5864441
5864459
5864464
5864477
5864488
5864496
5864508
5864514
5864527
5864539
5864540
5864562
5864586
5864595
5864625
5864632
5864648
5864654
5864669
5864681
5864697
5864703
5864711
5864736
5864745
5864758
5864767
5864774
5864789
5864790
5864809
5864817
5864824
5864838
5864846
5864852
5864863
5864875
5864880
5864891
5864904
5864916
5864929
5864931
5864947
5864950
5864965
5864973
5864982
5864998
5865003
5865011
5865022
5865036
5865045
5865058
5865067
5865074
5865089
5865106
5865112
5865121
5865133
5865149
5865157
5865168
5865185
5865207
5865210
5865228
5865235
5865244
5865256
5865261
5865272
5865283
5865299
5865308
5865314
5865327
5865339
5865340
5865353
5865362
5865371
5865386
5865395
5865404
5865416
5865429
5865431
5865450
5865473
5865482
5865498
5865523
5865530
5865541
5865559
5865564
5865577
5865588
5865596
5865601
5865619
5865634
5865642
5865660
5865678
5865687
5865709
5865717
5865724
5865738
5865746
5865752
5865763
5865775
5865780
5865791
5865800
5865825
5865832
5865854
5865869
5865881
5865897
5865905
5865920
5865937
5865943
5865951
5865966
5865979
5865984
5865992
5866009
5866017
5866024
5866038
5866046
5866052
5866063
5866075
5866080
5866108
5866114
5866127
5866139
5866140
5866153
5866162
5866171
5866195
5866203
5866211
5866222
5866236
5866258
5866267
5866274
5866289
5866290
5866302
5866323
5866330
5866359
5866364
5866377
5866388
5866396
5866405
5866420
5866451
5866466
5866479
5866492
5866504
5866516
5866529
5866531
5866547
5866550
5866565
5866582
5866598
5866607
5866610
5866628
5866635
5866644
5866656
5866661
5866672
5866683
5866699
5866700
5866725
5866732
5866748
5866769
5866776
5866781
5866797
5866801
5866819
5866826
5866834
5866842
5866855
5866860
5866878
5866887
5866893
5866906
5866912
5866921
5866933
5866949
5866957
5866968
5866994
5867002
5867015
5867023
5867030
5867041
5867064
5867077
5867088
5867096
5867100
5867125
5867132
5867148
5867154
5867169
5867176
5867181
5867197
5867204
5867216
5867229
5867231
5867247
5867250
5867265
5867273
5867282
5867298
5867309
5867317
5867324
5867338
5867346
5867352
5867363
5867375
5867380
5867391
5867407
5867410
5867428
5867435
5867456
5867461
5867472
5867483
5867499
5867503
5867511
5867522
5867536
5867545
5867558
5867567
5867574
5867589
5867590
5867605
5867618
5867620
5867643
5867651
5867679
5867684
5867708
5867714
5867727
5867739
5867740
5867753
5867762
5867786
5867795
5867806
5867812
5867821
5867833
5867849
5867857
5867868
5867870
5867885
5867894
5867901
5867919
5867926
5867934
5867942
5867955
5867960
5867987
5867993
5868000
5868025
5868032
5868048
5868069
5868076
5868081
5868097
5868102
5868115
5868123
5868130
5868141
5868159
5868164
5868177
5868188
5868196
5868209
5868217
5868224
5868238
5868246
5868252
5868263
5868280
5868291
5868304
5868316
5868329
5868331
5868347
5868350
5868365
5868373
5868382
5868398
5868406
5868412
5868449
5868457
5868468
5868470
5868485
5868494
5868505
5868518
5868520
5868543
5868566
5868579
5868584
5868592
5868622
5868636
5868645
5868658
5868667
5868674
5868689
5868690
5868701
5868719
5868726
5868734
5868760
5868778
5868787
5868793
5868807
5868828
5868835
5868844
5868861
5868872
5868908
5868914
5868927
5868939
5868940
5868953
5868962
5868971
5868986
5868995
5869006
5869012
5869033
5869049
5869057
5869068
5869070
5869085
5869094
5869103
5869111
5869122
5869136
5869145
5869158
5869167
5869174
5869189
5869190
5869208
5869214
5869227
5869239
5869240
5869253
5869262
5869271
5869286
5869295
5869307
5869310
5869328
5869344
5869356
5869361
5869372
5869383
5869399
5869400
5869413
5869432
5869448
5869454
5869469
5869476
5869497
5869501
5869526
5869542
5869555
5869560
5869587
5869593
5869602
5869615
5869623
5869630
5869659
5869664
5869677
5869688
5869696
5869705
5869718
5869720
5869737
5869743
5869766
5869779
5869784
5869804
5869816
5869829
5869847
5869850
5869865
5869873
5869882
5869898
5869909
5869924
5869938
5869946
5869963
5869975
5869991
5870000
5870013
5870025
5870032
5870048
5870054
5870069
5870076
5870081
5870097
5870102
5870115
5870123
5870130
5870141
5870159
5870164
5870177
5870196
5870209
5870224
5870238
5870246
5870263
5870275
5870280
5870291
5870316
5870329
5870331
5870347
5870350
5870365
5870373
5870382
5870398
5870406
5870412
5870421
5870433
5870449
5870457
5870468
5870485
5870494
5870505
5870518
5870520
5870537
5870543
5870566
5870579
5870584
5870592
5870603
5870611
5870622
5870636
5870645
5870658
5870667
5870674
5870689
5870690
5870701
5870719
5870726
5870734
5870742
5870755
5870760
5870778
5870787
5870793
5870807
5870810
5870828
5870835
5870844
5870861
5870872
5870883
5870899
5870908
5870914
5870927
5870939
5870940
5870962
5870971
5870986
5870995
5871019
5871026
5871034
5871042
5871055
5871060
5871087
5871093
5871104
5871116
5871131
5871147
5871165
5871173
5871182
5871198
5871200
5871213
5871225
5871232
5871248
5871254
5871269
5871281
5871297
5871305
5871318
5871320
5871337
5871343
5871351
5871366
5871379
5871384
5871392
5871408
5871414
5871427
5871439
5871440
5871453
5871462
5871471
5871486
5871495
5871521
5871549
5871557
5871568
5871570
5871585
5871594
5871609
5871617
5871624
5871638
5871652
5871663
5871680
5871691
5871707
5871710
5871728
5871735
5871744
5871756
5871761
5871772
5871783
5871799
5871803
5871811
5871822
5871836
5871845
5871858
5871867
5871889
5871890
5871902
5871915
5871923
5871930
5871941
5871959
5871964
5871977
5871988
5871996
5872004
5872016
5872029
5872031
5872047
5872050
5872065
5872073
5872082
5872098
5872101
5872119
5872126
5872155
5872160
5872178
5872187
5872193
5872205
5872218
5872220
5872237
5872243
5872251
5872266
5872279
5872284
5872292
5872300
5872313
5872325
5872332
5872348
5872354
5872369
5872376
5872381
5872397
5872403
5872411
5872422
5872445
5872458
5872467
5872489
5872490
5872509
5872517
5872524
5872538
5872546
5872552
5872563
5872575
5872580
5872606
5872612
5872621
5872633
5872649
5872657
5872668
5872670
5872685
5872694
5872715
5872723
5872730
5872741
5872759
5872764
5872777
5872788
5872796
5872808
5872814
5872827
5872839
5872840
5872853
5872862
5872871
5872886
5872895
5872907
5872910
5872928
5872944
5872956
5872961
5872972
5872983
5872999
5873003
5873011
5873022
5873036
5873045
5873058
5873067
5873074
5873089
5873106
5873112
5873121
5873133
5873149
5873157
5873168
5873170
5873185
5873194
5873207
5873228
5873244
5873256
5873261
5873272
5873283
5873299
5873308
5873314
5873327
5873340
5873353
5873371
5873386
5873395
5873404
5873416
5873429
5873431
5873447
5873450
5873465
5873482
5873515
5873523
5873530
5873541
5873559
5873564
5873577
5873588
5873596
5873601
5873626
5873634
5873642
5873655
5873678
5873687
5873693
5873709
5873717
5873724
5873738
5873746
5873752
5873763
5873775
5873780
5873791
5873800
5873813
5873825
5873832
5873848
5873854
5873869
5873881
5873897
5873905
5873918
5873937
5873966
5873979
5873984
5874002
5874015
5874023
5874030
5874041
5874059
5874064
5874077
5874088
5874096
5874100
5874113
5874125
5874132
5874148
5874154
5874169
5874176
5874181
5874197
5874204
5874216
5874229
5874231
5874247
5874250
5874265
5874273
5874282
5874309
5874317
5874324
5874338
5874346
5874352
5874363
5874375
5874380
5874391
5874407
5874410
5874428
5874444
5874456
5874461
5874472
5874483
5874499
5874503
5874511
5874522
5874536
5874545
5874567
5874574
5874589
5874590
5874605
5874618
5874620
5874637
5874643
5874651
5874666
5874679
5874684
5874692
5874708
5874714
5874727
5874739
5874740
5874753
5874762
5874771
5874786
5874806
5874812
5874821
5874849
5874857
5874868
5874870
5874885
5874901
5874926
5874934
5874942
5874955
5874960
5874978
5874987
5874993
5875008
5875027
5875039
5875040
5875053
5875062
5875071
5875086
5875095
5875109
5875124
5875138
5875146
5875152
5875163
5875175
5875191
5875202
5875215
5875223
5875241
5875259
5875264
5875288
5875303
5875311
5875322
5875336
5875345
5875358
5875367
5875374
5875389
5875390
5875401
5875419
5875426
5875434
5875442
5875455
5875460
5875478
5875487
5875493
5875507
5875510
5875528
5875535
5875544
5875556
5875561
5875583
5875599
5875604
5875629
5875631
5875647
5875650
5875665
5875673
5875682
5875698
5875706
5875712
5875721
5875733
5875749
5875757
5875768
5875770
5875794
5875805
5875818
5875820
5875843
5875851
5875879
5875884
5875892
5875900
5875913
5875925
5875932
5875948
5875969
5875976
5875997
5876006
5876012
5876033
5876049
5876068
5876070
5876085
5876103
5876111
5876122
5876136
5876158
5876167
5876174
5876189
5876190
5876208
5876214
5876227
5876239
5876240
5876253
5876262
5876271
5876286
5876295
5876307
5876310
5876328
5876335
5876344
5876356
5876361
5876372
5876383
5876399
5876400
5876413
5876425
5876432
5876448
5876454
5876469
5876476
5876481
5876497
5876526
5876534
5876542
5876560
5876578
5876593
5876602
5876615
5876630
5876641
5876659
5876664
5876677
5876688
5876696
5876705
5876718
5876720
5876737
5876743
5876751
5876766
5876779
5876784
5876792
5876804
5876816
5876829
5876831
5876847
5876850
5876865
5876873
5876882
5876898
5876909
5876917
5876924
5876938
5876946
5876952
5876963
5876975
5876991
5877007
5877010
5877028
5877035
5877044
5877056
5877061
5877072
5877083
5877099
5877105
5877118
5877120
5877137
5877143
5877151
5877166
5877179
5877184
5877192
5877219
5877226
5877234
5877242
5877255
5877260
5877278
5877287
5877293
5877306
5877312
5877321
5877333
5877349
5877357
5877368
5877370
5877385
5877394
5877402
5877415
5877423
5877430
5877441
5877459
5877464
5877477
5877488
5877496
5877514
5877527
5877539
5877540
5877553
5877562
5877571
5877595
5877613
5877625
5877648
5877654
5877669
5877676
5877681
5877697
5877703
5877711
5877722
5877736
5877758
5877774
5877789
5877790
5877809
5877817
5877824
5877838
5877846
5877852
5877863
5877875
5877880
5877891
5877904
5877916
5877929
5877931
5877947
5877950
5877973
5877982
5877998
5878005
5878018
5878020
5878037
5878043
5878051
5878066
5878079
5878084
5878092
5878107
5878110
5878128
5878135
5878144
5878156
5878161
5878172
5878183
5878199
5878206
5878212
5878221
5878233
5878249
5878268
5878270
5878285
5878294
5878301
5878319
5878326
5878334
5878342
5878355
5878360
5878378
5878387
5878393
5878409
5878417
5878424
5878438
5878446
5878452
5878463
5878475
5878480
5878500
5878513
5878525
5878532
5878548
5878554
5878569
5878576
5878581
5878597
5878608
5878614
5878627
5878639
5878640
5878653
5878662
5878671
5878686
5878704
5878716
5878729
5878731
5878747
5878750
5878765
5878773
5878782
5878798
5878802
5878815
5878823
5878830
5878841
5878859
5878864
5878877
5878888
5878903
5878911
5878922
5878936
5878945
5878967
5878989
5878990
5879009
5879017
5879024
5879038
5879046
5879052
5879080
5879091
5879127
5879139
5879140
5879153
5879162
5879171
5879186
5879195
5879203
5879211
5879236
5879245
5879258
5879267
5879274
5879289
5879290
5879302
5879315
5879323
5879341
5879359
5879377
5879396
5879418
5879420
5879437
5879443
5879451
5879479
5879484
5879492
5879504
5879516
5879529
5879531
5879547
5879550
5879573
5879582
5879598
5879607
5879628
5879635
5879644
5879656
5879661
5879672
5879683
5879699
5879700
5879713
5879732
5879748
5879754
5879769
5879776
5879781
5879797
5879801
5879819
5879826
5879834
5879842
5879860
5879878
5879887
5879893
5879906
5879912
5879921
5879933
5879949
5879957
5879970
5879985
5879994
5880003
5880011
5880022
5880036
5880045
5880058
5880067
5880074
5880090
5880106
5880112
5880121
5880133
5880149
5880157
5880168
5880170
5880185
5880194
5880207
5880210
5880228
5880235
5880244
5880256
5880261
5880272
5880283
5880299
5880308
5880314
5880327
5880339
5880340
5880353
5880362
5880371
5880386
5880395
5880404
5880429
5880431
5880447
5880450
5880473
5880482
5880502
5880515
5880523
5880530
5880559
5880564
5880577
5880588
5880596
5880601
5880619
5880626
5880634
5880642
5880655
5880660
5880678
5880687
5880693
5880709
5880717
5880724
5880738
5880746
5880752
5880763
5880775
5880780
5880791
5880800
5880813
5880825
5880832
5880848
5880854
5880869
5880876
5880881
5880897
5880905
5880920
5880937
5880943
5880966
5880984
5880992
5881009
5881017
5881024
5881038
5881046
5881052
5881063
5881075
5881080
5881091
5881108
5881114
5881127
5881140
5881153
5881162
5881171
5881186
5881195
5881203
5881211
5881222
5881236
5881245
5881258
5881267
5881289
5881290
5881315
5881323
5881330
5881341
5881364
5881377
5881388
5881396
5881405
5881418
5881420
5881437
5881443
5881451
5881466
5881479
5881484
5881492
5881504
5881516
5881529
5881531
5881547
5881550
5881565
5881573
5881582
5881598
5881610
5881628
5881635
5881656
5881661
5881672
5881700
5881713
5881725
5881732
5881748
5881754
5881769
5881776
5881797
5881801
5881819
5881826
5881834
5881842
5881855
5881860
5881878
5881887
5881893
5881906
5881912
5881921
5881957
5881968
5881985
5881994
5882008
5882014
5882027
5882039
5882053
5882062
5882086
5882095
5882109
5882117
5882124
5882138
5882146
5882152
5882175
5882191
5882202
5882215
5882223
5882230
5882241
5882259
5882264
5882277
5882288
5882296
5882303
5882311
5882322
5882336
5882345
5882358
5882367
5882374
5882389
5882390
5882401
5882419
5882426
5882434
5882442
5882455
5882460
5882478
5882487
5882493
5882507
5882510
5882528
5882544
5882556
5882561
5882572
5882583
5882599
5882604
5882616
5882631
5882647
5882650
5882665
5882698
5882706
5882712
5882721
5882733
5882749
5882757
5882768
5882770
5882785
5882794
5882805
5882818
5882837
5882843
5882851
5882866
5882879
5882884
5882892
5882900
5882913
5882925
5882932
5882954
5882969
5882976
5882981
5882997
5883001
5883026
5883055
5883060
5883078
5883087
5883093
5883104
5883116
5883129
5883131
5883147
5883150
5883165
5883173
5883182
5883198
5883213
5883225
5883232
5883248
5883254
5883269
5883276
5883281
5883297
5883318
5883320
5883337
5883343
5883351
5883366
5883379
5883384
5883392
5883408
5883414
5883427
5883439
5883440
5883462
5883471
5883486
5883495
5883506
5883512
5883521
5883533
5883549
5883557
5883568
5883570
5883594
5883609
5883617
5883624
5883638
5883646
5883652
5883663
5883675
5883680
5883691
5883710
5883728
5883735
5883744
5883756
5883761
5883772
5883783
5883799
5883803
5883811
5883822
5883836
5883845
5883858
5883867
5883874
5883889
5883890
5883902
5883915
5883923
5883930
5883941
5883959
5883964
5883977
5883988
5884006
5884012
5884021
5884033
5884049
5884057
5884068
5884070
5884085
5884094
5884103
5884111
5884122
5884136
5884145
5884158
5884167
5884174
5884189
5884190
5884208
5884214
5884227
5884239
5884240
5884253
5884262
5884271
5884286
5884295
5884307
5884310
5884328
5884335
5884344
5884361
5884372
5884383
5884399
5884400
5884413
5884425
5884432
5884448
5884454
5884469
5884476
5884481
5884497
5884501
5884519
5884526
5884534
5884555
5884578
5884587
5884593
5884602
5884615
5884623
5884630
5884641
5884664
5884677
5884688
5884705
5884718
5884720
5884737
5884743
5884751
5884766
5884779
5884784
5884792
5884804
5884816
5884829
5884831
5884847
5884850
5884865
5884873
5884882
5884898
5884917
5884924
5884938
5884946
5884952
5884963
5884975
5884980
5884991
5885005
5885018
5885020
5885037
5885043
5885051
5885066
5885079
5885084
5885092
5885110
5885128
5885135
5885144
5885156
5885161
5885172
5885183
5885199
5885206
5885212
5885221
5885233
5885249
5885257
5885268
5885270
5885285
5885294
5885301
5885319
5885326
5885334
5885342
5885355
5885387
5885393
5885417
5885438
5885446
5885452
5885463
5885475
5885480
5885491
5885513
5885525
5885532
5885548
5885554
5885569
5885581
5885597
5885608
5885614
5885627
5885639
5885640
5885653
5885662
5885671
5885686
5885695
5885704
5885716
5885729
5885731
5885747
5885765
5885773
5885782
5885798
5885815
5885823
5885830
5885841
5885859
5885864
5885877
5885888
5885896
5885903
5885911
5885922
5885936
5885945
5885958
5885967
5885974
5885989
5885990
5886004
5886016
5886029
5886031
5886047
5886050
5886065
5886073
5886082
5886098
5886101
5886119
5886134
5886142
5886155
5886160
5886187
5886193
5886205
5886218
5886220
5886237
5886243
5886251
5886266
5886279
5886284
5886292
5886300
5886313
5886325
5886332
5886348
5886354
5886376
5886381
5886397
5886403
5886411
5886422
5886445
5886458
5886467
5886474
5886489
5886524
5886538
5886546
5886552
5886563
5886575
5886580
5886606
5886612
5886621
5886633
5886649
5886657
5886668
5886685
5886694
5886702
5886715
5886723
5886730
5886741
5886759
5886764
5886777
5886796
5886808
5886814
5886827
5886839
5886840
5886853
5886862
5886886
5886895
5886910
5886928
5886935
5886944
5886956
5886961
5886972
5886983
5886999
5887025
5887048
5887069
5887081
5887097
5887102
5887115
5887123
5887130
5887141
5887164
5887177
5887188
5887196
5887209
5887217
5887224
5887238
5887246
5887252
5887263
5887275
5887280
5887291
5887304
5887316
5887329
5887331
5887347
5887350
5887365
5887373
5887382
5887398
5887406
5887412
5887421
5887433
5887449
5887457
5887468
5887470
5887485
5887494
5887505
5887518
5887520
5887537
5887566
5887579
5887584
5887592
5887611
5887622
5887636
5887645
5887658
5887667
5887674
5887689
5887690
5887701
5887719
5887726
5887742
5887755
5887778
5887787
5887793
5887807
5887810
5887828
5887835
5887844
5887856
5887861
5887872
5887883
5887899
5887908
5887914
5887939
5887940
5887953
5887962
5887986
5887995
5888002
5888015
5888023
5888030
5888041
5888059
5888064
5888077
5888088
5888096
5888100
5888125
5888132
5888148
5888154
5888169
5888176
5888181
5888197
5888204
5888216
5888229
5888231
5888247
5888250
5888265
5888282
5888298
5888309
5888317
5888324
5888338
5888346
5888352
5888363
5888375
5888380
5888391
5888407
5888428
5888435
5888444
5888456
5888461
5888472
5888483
5888499
5888503
5888511
5888522
5888536
5888545
5888567
5888574
5888589
5888590
5888605
5888618
5888620
5888637
5888643
5888651
5888666
5888679
5888684
5888692
5888708
5888714
5888727
5888740
5888753
5888771
5888786
5888795
5888806
5888812
5888821
5888833
5888849
5888857
5888868
5888870
5888885
5888894
5888901
5888919
5888926
5888934
5888942
5888955
5888960
5888978
5888987
5888993
5889007
5889010
5889028
5889035
5889044
5889056
5889061
5889072
5889083
5889099
5889105
5889118
5889120
5889137
5889143
5889151
5889166
5889179
5889184
5889192
5889201
5889219
5889226
5889242
5889255
5889260
5889278
5889287
5889293
5889306
5889312
5889321
5889333
5889349
5889368
5889370
5889385
5889394
5889402
5889415
5889423
5889430
5889441
5889459
5889464
5889477
5889488
5889496
5889508
5889514
5889527
5889539
5889553
5889562
5889571
5889586
5889595
5889600
5889613
5889632
5889648
5889654
5889669
5889676
5889681
5889697
5889703
5889711
5889722
5889736
5889745
5889758
5889767
5889774
5889789
5889790
5889809
5889824
5889846
5889852
5889863
5889875
5889880
5889891
5889904
5889916
5889929
5889931
5889947
5889950
5889965
5889973
5889982
5890019
5890026
5890042
5890055
5890060
5890078
5890087
5890093
5890104
5890129
5890131
5890147
5890150
5890165
5890173
5890182
5890198
5890200
5890213
5890225
5890232
5890248
5890254
5890269
5890276
5890281
5890297
5890305
5890318
5890320
5890337
5890343
5890351
5890366
5890379
5890384
5890392
5890408
5890414
5890427
5890439
5890440
5890453
5890462
5890471
5890486
5890495
5890506
5890512
5890521
5890533
5890568
5890570
5890585
5890594
5890609
5890617
5890624
5890638
5890646
5890652
5890663
5890675
5890680
5890691
5890707
5890728
5890735
5890744
5890756
5890761
5890772
5890783
5890799
5890803
5890811
5890822
5890836
5890845
5890858
5890867
5890874
5890890
5890915
5890923
5890930
5890941
5890959
5890964
5890977
5890996
5891007
5891010
5891035
5891044
5891056
5891061
5891072
5891083
5891099
5891120
5891137
5891143
5891151
5891166
5891179
5891184
5891192
5891201
5891219
5891226
5891234
5891242
5891255
5891260
5891278
5891287
5891293
5891306
5891312
5891321
5891333
5891349
5891368
5891370
5891385
5891394
5891402
5891415
5891441
5891459
5891464
5891477
5891488
5891496
5891508
5891514
5891527
5891539
5891540
5891553
5891562
5891571
5891586
5891595
5891600
5891613
5891632
5891648
5891654
5891669
5891676
5891681
5891697
5891703
5891722
5891736
5891745
5891758
5891767
5891774
5891789
5891790
5891809
5891817
5891824
5891838
5891846
5891852
5891863
5891875
5891880
5891891
5891904
5891916
5891929
5891931
5891947
5891950
5891965
5891973
5891982
5892005
5892018
5892020
5892037
5892043
5892051
5892066
5892079
5892084
5892092
5892110
5892128
5892135
5892144
5892156
5892183
5892199
5892206
5892212
5892221
5892233
5892249
5892257
5892268
5892270
5892285
5892294
5892301
5892319
5892326
5892342
5892355
5892360
5892378
5892387
5892393
5892409
5892417
5892424
5892438
5892463
5892475
5892480
5892491
5892500
5892513
5892525
5892532
5892548
5892554
5892569
5892576
5892581
5892597
5892608
5892614
5892627
5892639
5892640
5892653
5892662
5892686
5892695
5892704
5892716
5892729
5892731
5892747
5892750
5892765
5892773
5892782
5892798
5892802
5892815
5892823
5892830
5892841
5892859
5892864
5892877
5892888
5892896
5892903
5892911
5892922
5892936
5892945
5892958
5892967
5892974
5892989
5892990
5893009
5893017
5893024
5893038
5893046
5893052
5893063
5893075
5893080
5893091
5893108
5893114
5893127
5893139
5893140
5893153
5893162
5893171
5893186
5893195
5893222
5893236
5893245
5893258
5893267
5893274
5893290
5893302
5893323
5893330
5893359
5893364
5893377
5893388
5893396
5893405
5893418
5893420
5893437
5893451
5893466
5893479
5893484
5893492
5893504
5893516
5893529
5893547
5893550
5893565
5893573
5893582
5893598
5893607
5893610
5893628
5893635
5893644
5893656
5893661
5893672
5893683
5893699
5893700
5893713
5893732
5893748
5893754
5893769
5893776
5893781
5893797
5893801
5893819
5893826
5893834
5893842
5893855
5893860
5893878
5893887
5893893
5893906
5893912
5893921
5893933
5893949
5893968
5893970
5893985
5893994
5894004
5894016
5894029
5894031
5894047
5894050
5894065
5894073
5894082
5894098
5894119
5894126
5894134
5894142
5894155
5894160
5894178
5894187
5894193
5894205
5894218
5894220
5894237
5894243
5894251
5894266
5894279
5894284
5894292
5894300
5894313
5894332
5894348
5894354
5894376
5894397
5894403
5894411
5894422
5894436
5894458
5894467
5894474
5894489
5894490
5894509
5894517
5894524
5894538
5894546
5894552
5894563
5894575
5894580
5894591
5894606
5894612
5894621
5894633
5894649
5894657
5894668
5894670
5894685
5894694
5894723
5894730
5894741
5894759
5894777
5894788
5894796
5894808
5894827
5894839
5894840
5894853
5894862
5894871
5894886
5894895
5894907
5894910
5894928
5894935
5894944
5894956
5894961
5894972
5894983
5894999
5895002
5895015
5895023
5895030
5895041
5895059
5895064
5895077
5895096
5895113
5895125
5895132
5895148
5895154
5895176
5895181
5895197
5895204
5895216
5895229
5895231
5895247
5895250
5895265
5895273
5895282
5895298
5895309
5895317
5895324
5895338
5895346
5895352
5895363
5895375
5895380
5895391
5895407
5895410
5895435
5895444
5895456
5895461
5895472
5895483
5895499
5895503
5895522
5895536
5895545
5895558
5895567
5895574
5895589
5895590
5895605
5895618
5895620
5895637
5895643
5895651
5895666
5895679
5895684
5895692
5895708
5895714
5895727
5895740
5895753
5895762
5895771
5895786
5895795
5895806
5895812
5895821
5895833
5895849
5895857
5895870
5895885
5895894
5895901
5895926
5895934
5895942
5895955
5895960
5895978
5895993
5896014
5896027
5896039
5896040
5896053
5896062
5896071
5896086
5896095
5896109
5896117
5896124
5896138
5896146
5896152
5896163
5896175
5896180
5896191
5896202
5896215
5896223
5896230
5896241
5896259
5896264
5896277
5896288
5896296
5896303
5896311
5896322
5896336
5896345
5896358
5896367
5896374
5896389
5896390
5896419
5896426
5896434
5896442
5896455
5896460
5896478
5896487
5896493
5896507
5896510
5896528
5896535
5896544
5896556
5896561
5896572
5896583
5896599
5896604
5896616
5896629
5896631
5896647
5896650
5896665
5896673
5896682
5896706
5896712
5896721
5896733
5896749
5896757
5896768
5896770
5896785
5896794
5896805
5896818
5896820
5896837
5896843
5896851
5896866
5896884
5896892
5896900
5896913
5896925
5896932
5896948
5896954
5896969
5896976
5896981
5896997
5897003
5897011
5897022
5897036
5897045
5897058
5897067
5897089
5897106
5897121
5897133
5897149
5897157
5897168
5897170
5897185
5897194
5897207
5897210
5897228
5897235
5897256
5897261
5897272
5897283
5897299
5897308
5897314
5897327
5897339
5897340
5897353
5897362
5897371
5897386
5897395
5897404
5897416
5897429
5897431
5897450
5897473
5897482
5897498
5897502
5897515
5897523
5897530
5897541
5897559
5897577
5897588
5897596
5897601
5897626
5897634
5897642
5897655
5897660
5897678
5897687
5897693
5897709
5897717
5897724
5897738
5897746
5897752
5897763
5897775
5897780
5897791
5897800
5897813
5897825
5897832
5897848
5897854
5897869
5897876
5897881
5897897
5897905
5897918
5897920
5897937
5897943
5897951
5897966
5897992
5898006
5898012
5898033
5898049
5898057
5898068
5898070
5898085
5898094
5898103
5898111
5898122
5898136
5898145
5898158
5898174
5898190
5898208
5898227
5898239
5898240
5898271
5898286
5898295
5898307
5898310
5898328
5898335
5898344
5898356
5898361
5898372
5898383
5898399
5898400
5898425
5898448
5898469
5898476
5898481
5898497
5898501
5898542
5898555
5898560
5898578
5898587
5898593
5898602
5898615
5898623
5898630
5898641
5898664
5898677
5898688
5898696
5898705
5898718
5898720
5898737
5898743
5898751
5898766
5898779
5898784
5898816
5898831
5898847
5898873
5898898
5898909
5898924
5898938
5898946
5898963
5898975
5898980
5898991
5899000
5899013
5899025
5899032
5899048
5899054
5899069
5899081
5899097
5899102
5899115
5899123
5899130
5899141
5899159
5899164
5899177
5899196
5899209
5899224
5899238
5899246
5899252
5899263
5899275
5899280
5899291
5899304
5899316
5899329
5899331
5899347
5899350
5899373
5899382
5899398
5899406
5899412
5899421
5899433
5899449
5899468
5899485
5899494
5899505
5899518
5899520
5899537
5899543
5899551
5899566
5899579
5899584
5899592
5899603
5899611
5899622
5899636
5899645
5899658
5899667
5899674
5899689
5899690
5899701
5899719
5899726
5899734
5899742
5899755
5899778
5899787
5899793
5899807
5899810
5899828
5899835
5899856
5899861
5899872
5899883
5899899
5899908
5899914
5899939
5899953
5899962
5899971
5899986
5899995
