4300003
4301834
4302109
4302117
4302419
4302997
4303116
4304158
4304208
4304664
4304720
4305084
4305480
4305686
4306928
4307209
4307347
4307449
4307592
4307835
4307914
4308125
4308352
4309083
4309539
4310054
4310069
4310238
4310246
4311200
4311337
4311462
4311533
4311923
4312685
4312839
4313022
4313207
4313244
4313559
4314499
4315008
4315191
4315202
4315358
4315749
4315794
4316602
4317118
4317143
4317166
4318922
4319203
4319341
4319607
4320015
4320229
4320503
4321794
4321900
4322046
4322052
4322302
4322330
4322672
4323199
4324209
4324953
4325060
4325663
4326028
4326464
4326838
4327587
4327829
4327946
4328067
4328106
4328210
4328473
4328905
4330233
4330823
4330974
4331445
4331458
4331633
4332078
4332104
4332198
4332890
4332996
4333175
4333544
4333572
4334648
4336046
4337023
4337868
4338048
4338861
4339033
4339057
4339587
4340254
4340728
4341722
4342221
4342233
4342686
4343274
4343290
4344266
4344788
4345064
4345410
4345428
4345849
4347090
4347596
4347619
4347642
4347848
4347966
4348310
4348454
4348501
4348816
4349097
4349280
4350921
4351246
4351734
4351861
4351986
4352833
4353540
4353669
4354336
4355882
4355917
4356206
4356360
4356393
4356417
4357165
4357453
4357495
4358552
4358621
4358694
4358910
4359897
4360293
4360809
4361194
4361395
4361746
4362033
4362328
4362361
4363159
4363742
4364079
4364463
4364765
4365354
4365575
4365759
4366125
4366204
4366435
4367063
4367139
4367893
4368264
4368528
4368673
4368884
4369486
4369867
4371189
4372157
4372340
4372564
4372642
4374451
4374547
4375097
4375520
4376337
4376440
4376783
4376890
4377249
4377294
4378035
4378255
4378790
4379041
4380436
4380796
4380839
4381456
4381461
4381870
4382485
4382645
4383214
4383399
4383560
4384087
4384638
4385105
4385306
4385600
4385654
4385863
4386022
4386261
4386687
4386738
4386780
4386825
4387071
4387109
4387311
4388038
4388195
4388531
4389532
4390335
4390963
4391576
4392306
4392488
4393978
4394133
4394465
4394515
4394559
4395656
4395713
4395878
4397031
4397187
4397606
4398609
