   4 4304664
   4 4305480
   4 4310069
   4 4345064
   3 4308125
   3 4308352
   3 4311200
   3 4311923
   3 4312839
   3 4315358
   3 4320229
   3 4326028
   3 4330823
   3 4333175
   3 4333544
   3 4334648
   3 4337023
   3 4339057
   3 4342221
   3 4345428
   3 4347619
   3 4347642
   3 4347966
   3 4348454
   3 4348816
   3 4349097
   3 4349280
   3 4351861
   3 4353669
   3 4355882
   3 4356206
   3 4356360
   3 4356393
   3 4356417
   3 4359897
   3 4360809
   3 4361395
   3 4361746
   3 4364765
   3 4367063
   3 4367139
   3 4368528
   3 4371189
   3 4372642
   3 4374451
   3 4376337
   3 4376783
   3 4377294
   3 4378255
   3 4380436
   3 4380796
   3 4381456
   3 4381870
   3 4386825
   3 4388531
   3 4390335
   3 4390963
   3 4392488
   3 4395656
   3 4397031
   3 4397606
   2 4312685
   2 4313207
   2 4313559
   2 4321900
   2 4327946
   2 4331633
   2 4332104
   2 4332996
   2 4336046
   2 4338861
   2 4342233
   2 4348501
   2 4351246
   2 4355917
   2 4358552
   2 4358621
   2 4358694
   2 4366125
   2 4375520
   2 4376440
   2 4377249
   2 4378035
   2 4378790
   2 4381461
   2 4382645
   2 4383214
   2 4383399
   2 4383560
   2 4384638
   2 4385105
   2 4385600
   2 4385654
   2 4386022
   2 4386687
   2 4386738
   2 4387071
   2 4387109
   2 4388195
   2 4389532
   2 4391576
   2 4393978
   2 4395878
   2 4397187
