1169863
1170739
1171419
1172052
1172906
1173037
1173639
1175427
1178011
1178564
1178937
1179657
1179871
1180066
1181538
1182638
1183818
1184846
1185429
1185498
1186108
1187176
1187762
1188856
1189737
1190419
1190665
1191630
1192067
1193292
1193956
1194222
1195032
1197161
1198120
1198255
1198654
1199380
1201120
1202387
1202798
1203607
1204983
1205795
1206478
1207515
1208174
1208372
1208497
1210984
1211842
1212535
1225359
1225957
1225968
1228453
1229510
1231117
1231277
1231583
1232203
1234566
1234939
1236540
1236681
1237882
1240565
1241081
1241177
1241347
1242771
1244561
1244650
1246608
1248853
1254270
1254841
1256643
1257377
1258095
1261617
1261890
1262524
1263937
1265629
1266021
1266174
1268581
1268608
1268903
1269323
1270480
1273223
1273682
1273818
1274287
1274929
1276274
1276970
1277250
1278861
1280014
1280191
1281917
1283871
1284418
1284437
1285123
1285350
1287576
1287989
1294254
1295600
1297215
1297843
1298017
1300793
1301078
1301440
1304511
1305071
1305616
1306743
1306847
1307415
1309516
1310863
1311327
1311353
1312924
1316064
1316282
1316857
1318544
1319305
1323117
1323241
1325074
1325897
1326776
1327363
1328505
1330191
1331501
1331784
1335246
1336131
1336182
1338312
1339181
1344240
1344696
1346292
1346563
1346827
1347449
1348567
1349226
1350248
1350744
1350959
1351711
1353776
1353826
1356230
1356650
1357431
1358033
1360080
1361398
1361470
1361719
1361971
1363600
1365615
1367680
1368907
1371250
1374414
1375255
1376752
1376876
1378970
1379716
1380469
1383077
1383100
1383849
1383987
1384283
1384746
1384775
1385377
1388392
1391152
1391535
1391932
1392754
1393326
1393671
1394013
1394835
1395486
1398244
1399016
1399073
1399098
1401051
1401877
1402385
1403041
1403169
1403727
1405063
1406347
1406382
1406667
1407928
1408269
1408710
1408996
1409071
1411317
1414756
1415179
1415306
1418699
1419051
1419802
1422233
1423302
1424422
1425002
1426124
1426345
1426805
1427036
1428174
1428310
1428623
1431412
1431645
1431793
1433790
1434109
1434117
1434629
1435208
1435917
1440247
1443945
1445343
1446540
1446809
1450475
1452198
1452988
1454287
1457692
1457987
1458280
1459873
1463004
1464091
1466213
1466772
1466915
1467183
1467782
1470722
1471752
1473280
1474206
1474270
1476154
1477547
1479756
1481427
1482237
1486335
1487625
1488135
1488911
1489046
1489302
1490299
1490465
1491038
1491547
1492528
1493165
1497883
1498391
1498545
1503246
1503844
1504747
1506708
1507038
1508507
1511141
1513278
1517836
1519362
1519502
1519724
1521068
1523796
1525551
1525807
1526977
1527627
1528790
1529821
1531739
1531894
1532246
1533399
1533454
1535916
1536133
1537969
1539144
1540252
1540883
1541055
1541902
1544942
1548653
1550832
1551127
1553495
1553624
1554898
1556065
1556474
1557365
1557584
1558204
1560803
1561965
1562888
1563388
1564524
1565309
1566109
1566311
1567502
1567559
1567634
1571319
1574340
1577178
1577436
1577612
1580428
1580605
1583409
1586260
1586527
1588564
1591575
1595194
1597762
1598449
1598883
1599361
1600008
1600374
1600721
1601012
1601743
1606305
1607608
1609169
1610294
1610639
1612019
1612902
1612923
1613040
1613913
1613997
1614676
1616834
1616842
1616860
1617041
1619239
1620562
1621022
1621314
1621775
1622239
1623986
1625668
1626926
1627893
1628345
1628969
1631351
1632325
1635180
1635288
1636400
1637817
1638864
1638989
1639140
1642398
1642701
1642927
1644902
1646869
1648492
1650425
1651958
1654283
1655080
1655274
1656579
1657082
1657284
1658248
1658996
1659794
1659925
1659948
1660298
1660849
1661086
1661535
1662550
1663773
1665116
1666166
1667696
1672631
2112705
2113579
2115381
2115685
2116503
2117222
2117598
2117826
2117933
2120268
2120355
2121538
2123866
2124312
2126801
2127096
2127499
2127978
2130426
2130487
2131630
2134330
2135331
2137183
2137257
2138539
2140660
2140848
2141245
2142493
2145773
2148590
2149852
2150890
2152945
2153195
2155483
2156230
2156851
2156932
2158145
2158946
2161899
2162125
2163600
2164647
2166051
2166326
2167060
2167213
2167858
2167941
2168187
2169825
2173898
2174131
2179249
2180328
2182105
2182496
2182676
2183605
2184619
2188761
2189230
2189879
2190885
2191478
2191665
2192466
2193424
2195248
2195735
2197476
2198854
2201121
2201283
2201339
2201395
2201416
2201429
2204270
2205670
2206637
2209034
2210211
2211689
2213562
2214215
2215094
2216491
2221049
2223050
2223886
2225962
2229041
2230292
2235219
2236979
2238420
2238842
2238893
2240304
2242694
2242764
2244064
2244132
2244176
2247035
2248387
2249550
2249754
2252027
2252322
2252487
2253783
2254991
2255802
2255911
2258727
2259916
2260744
2262199
2264142
2264489
2264715
2265739
2266843
2268033
2268361
2269013
2270952
2271020
2271513
2271729
2276927
2277546
2277814
2277886
2279367
2281721
2281997
2282826
2283020
2283156
2283525
2284543
2285427
2286514
2286929
2287743
2287816
2289862
2290729
2291073
2291580
2293215
2294083
2296290
2296437
2296504
2296529
2297273
2298263
2299262
2300318
2300728
2300867
2301553
2302750
2302922
2304313
2305125
2305338
2310022
2311607
2312434
2313042
2313337
2313427
2314070
2315005
2320361
2320555
2323643
2323934
2324482
2325628
2326566
2334316
2336255
2337898
2344604
2347414
2347710
2349074
2349717
2349825
2351450
2352792
2354393
2354513
2355777
2356298
2359131
2359506
2363283
2363299
2364739
2365976
2368452
2370156
2371580
2371961
2372707
2372858
2373969
2374151
2375642
2375854
2376860
2377113
2378196
2378304
2379286
2379952
2379963
2380604
2381850
2381898
2382482
2385000
2385861
2386165
2388083
2388904
2390004
2390612
2391002
2391545
2392742
2394165
2395982
2399084
2400866
2401542
2403445
2403649
2404887
2405252
2407128
2407765
2408625
2408817
2409714
2410144
2410639
2411101
2412173
2413095
2416933
2417324
2419012
2419361
2419630
2421724
2424161
2424639
2427171
2427842
2428665
2428706
2430701
2432552
2432606
2433541
2434692
2434870
2435535
2438084
2438639
2441030
2441574
2441901
2442520
2443328
2443688
2444305
2447322
2448323
2448573
2448610
2449319
2450497
2450882
2454473
2456209
2456778
2457155
2457178
2459556
2461604
2461932
2462323
2462504
2462661
2463802
2463967
2464141
2465512
2466423
2466965
2467980
2468089
2468678
2468984
2469050
2471418
2473198
2474085
2476050
2476325
2477280
2481562
2482765
2483075
2483573
2483725
2484119
2484369
2484403
2485812
2487642
2487687
2490396
2490957
2492503
2493838
2494277
2497182
2497305
2497735
2499992
2500450
2500577
2503147
2503379
2508113
2508461
2511281
2511521
2511691
2513386
2513763
2514041
2516006
2516469
2517192
2517415
2519451
2519504
2522529
2522635
2523270
2524566
2526083
2527593
2529082
2529445
2531220
2532462
2533277
2535112
2535678
2536479
2537148
2540026
2540116
2541625
2543492
2543878
2544563
2545753
2546040
2547207
2549787
2552247
2552605
2552762
2554616
2554932
2556084
2556161
2556500
2557867
2560321
2561763
2562688
2565910
3009181
3009536
3009574
3010037
3010128
3011862
3012305
3012811
3013191
3013997
3014184
3015022
3015869
3016203
3018760
3020287
3021717
3023331
3024066
3024438
3024513
3024830
3025243
3027396
3028288
3030914
3031923
3032292
3035296
3036688
3038326
3038532
3038903
3040956
3041015
3041483
3043253
3049747
3052965
3054450
3054951
3055258
3057004
3057187
3059163
3059175
3060795
3062289
3063475
3063554
3064543
3067239
3068314
3068339
3069279
3069538
3070133
3070918
3072358
3075765
3076205
3077689
3079143
3079965
3080680
3080822
3083139
3085456
3086805
3093929
3094673
3095432
3097026
3099235
3100305
3100761
3100889
3101201
3101349
3101464
3101863
3102020
3102974
3104621
3105620
3106039
3108534
3110752
3115107
3115576
3118786
3120602
3121513
3122105
3124416
3125893
3127178
3127237
3128248
3129146
3130273
3133110
3137070
3137587
3143120
3146020
3146172
3146393
3146463
3148445
3148649
3151168
3151596
3151687
3152335
3152469
3152831
3153726
3154936
3156590
3156618
3157420
3158478
3159026
3160622
3161570
3163530
3166214
3166630
3166792
3168221
3168990
3169009
3171065
3176396
3176699
3179743
3181240
3182678
3182920
3183670
3185505
3186129
3186811
3187614
3187686
3188654
3190300
3193664
3197794
3198289
3198957
3199967
3199974
3201582
3202401
3202616
3202969
3204335
3205043
3206436
3206552
3206591
3207468
3208002
3208833
3209527
3210350
3211495
3212016
3213825
3214499
3216344
3218084
3218110
3218815
3219418
3220154
3220714
3221599
3221976
3222153
3223888
3228429
3228619
3229332
3229606
3229715
3231325
3231376
3232585
3232915
3233706
3235832
3236672
3236826
3237567
3237857
3238398
3241099
3242393
3243024
3243893
3244381
3244657
3245511
3246230
3246507
3247920
3248136
3249373
3249406
3252993
3254180
3255271
3255448
3257803
3259724
3261881
3262779
3264084
3265237
3269379
3270510
3270535
3272943
3273467
3274341
3275701
3275807
3277212
3278118
3279708
3281727
3282347
3283555
3285931
3290448
3291747
3292430
3292600
3293435
3293786
3294314
3295842
3296566
3297178
3297218
3298320
3299556
3299572
3301502
3303579
3304128
3304548
3304686
3304958
3307046
3307420
3308913
3309384
3310139
3310289
3312739
3313083
3313838
3315779
3315847
3316729
3317772
3321167
3321295
3321847
3322687
3323591
3324933
3325844
3329100
3329499
3329503
3330606
3331545
3333253
3335321
3335488
3335625
3337510
3338388
3340433
3343339
3346519
3346593
3347035
3347789
3347824
3350339
3350362
3350687
3350984
3351038
3351725
3354847
3356445
3356944
3358795
3361226
3361586
3362841
3363063
3366673
3366892
3368145
3368784
3369102
3369159
3369787
3370688
3374256
3374482
3374601
3374897
3376164
3376406
3376611
3377814
3382289
3385680
3387307
3387847
3388058
3390172
3390815
3391381
3391509
3392001
3395112
3396582
3397250
3403424
3403765
3404130
3404263
3404835
3407158
3408207
3408601
3409403
3410227
3412137
3413637
3414523
3414709
3415842
3418337
3418772
3419288
3420601
3420655
3421108
3422109
3423735
3424356
3424602
3427505
3427566
3428960
3430512
3432144
3432936
3433860
3434266
3434759
3437897
3438534
3439778
3440037
3441369
3441670
3443191
3445775
3446162
3447041
3447574
3448164
3451751
3452003
3452283
3452979
3453369
3453670
3455141
3456366
3456392
3457257
3457525
3459265
3460694
3460862
3460983
3461435
3937331
3938247
3938821
3939370
3939711
3943668
3944063
3945316
3945636
3946254
3946366
3948790
3949444
3950381
3950702
3951684
3954055
3955010
3957493
3959233
3960425
3960938
3961334
3966238
3966622
3969389
3973274
3973985
3977465
3978057
3981141
3982380
3982511
3982708
3982806
3983312
3983571
3983669
3988403
3990402
3991724
3992310
3993373
3994183
3998851
3999019
3999735
4001322
4003554
4004468
4007804
4008693
4012255
4012931
4016690
4018710
4019086
4019296
4019510
4022027
4023104
4023408
4023959
4024286
4025135
4027543
4028684
4029083
4033139
4033748
4034563
4035169
4035795
4036322
4036487
4036510
4036997
4037832
4037966
4041999
4042182
4042198
4043698
4044226
4044711
4045235
4045256
4045339
4045395
4047456
4048645
4048927
4049111
4049399
4049847
4050336
4052395
4060928
4061428
4063068
4065676
4066011
4067146
4067757
4071224
4072015
4072771
4073430
4074460
4077026
4077799
4080151
4081045
4081058
4081256
4081634
4082068
4083246
4083350
4083778
4084911
4087017
4088124
4089439
4090115
4092332
4092403
4095768
4101272
4102555
4104107
4105205
4110330
4111778
4111940
4111962
4113464
4113947
4114086
4115094
4115111
4116686
4117150
4118606
4120507
4123489
4128514
4128965
4132013
4133413
4134486
4135028
4135137
4135459
4136067
4136596
4137053
4137117
4138127
4140069
4140726
4140962
4141165
4142082
4142657
4147929
4150642
4151323
4151855
4151878
4153453
4154356
4154372
4156284
4156313
4157115
4158077
4159817
4163713
4164871
4167763
4169291
4169667
4169734
4170873
4172118
4174362
4174596
4177065
4181599
4182437
4183199
4185001
4190525
4192269
4192811
4193487
4193528
4194947
4195036
4196769
4196968
4197338
4197833
4198365
4198494
4198505
4200153
4203306
4204843
4205718
4207305
4207533
4208119
4208279
4208397
4210414
4212005
4213479
4213628
4213921
4214082
4215125
4216510
4218804
4220445
4220524
4221148
4221684
4222835
4223873
4224440
4224594
4227583
4227932
4228289
4229378
4230253
4231750
4231945
4233503
4233739
4233849
4234791
4235860
4236000
4237546
4238254
4238276
4238351
4238624
4238890
4241498
4242751
4243690
4246088
4247114
4247267
4247547
4247949
4249366
4250263
4250365
4250971
4257260
4257973
4259842
4261443
4264094
4264469
4264593
4265859
4266403
4266467
4266591
4268740
4270849
4271583
4272437
4273387
4273911
4273974
4276137
4277659
4277743
4279552
4279935
4280037
4281563
4281895
4283215
4283976
4284838
4285634
4286315
4290631
4291519
4292515
4293101
4293657
4296019
4296427
4298219
4299868
4302997
4303116
4306928
4307209
4307347
4307592
4309083
4309539
4310054
4310238
4310246
4311337
4311462
4313022
4314499
4315202
4315749
4315794
4316602
4317166
4319203
4319341
4319607
4320015
4321794
4322046
4324953
4325663
4327587
4327829
4328067
4328473
4330233
4330974
4331445
4331458
4332198
4332890
4337868
4338048
4339033
4340254
4341722
4343274
4343290
4344266
4344788
4345849
4347090
4347848
4350921
4351986
4353540
4357495
4361194
4362033
4362328
4362361
4363742
4364079
4364463
4365759
4367893
4368264
4368673
4368884
4372564
4376890
4379041
4380839
4382485
4385306
4387311
4388038
4392306
4394133
4394515
4395713
4398609
4400220
4401708
4403189
4403952
4404104
4404930
4407117
4407544
4408661
4411262
4411372
4412588
4413657
4413694
4414985
4415159
4415667
4907160
4907237
4907788
4907862
4910670
4911679
4911870
4912097
4912209
4913705
4913924
4914366
4917455
4925125
4925132
4925317
4926277
4926442
4927577
4927848
4928784
4929048
4929611
4930656
4930781
4931457
4931658
4933061
4933632
4933916
4934981
4936731
4936877
4939045
4940282
4940324
4941794
4942699
4946184
4946201
4946219
4946464
4946998
4947361
4950548
4951670
4952439
4952735
4954669
4954863
4955992
4957273
4957298
4957545
4957795
4958742
4961335
4963741
4964878
4966182
4966320
4966343
4966915
4967221
4968184
4968632
4970151
4970931
4971133
4972677
4973899
4975563
4975796
4977878
4978544
4979213
4979521
4981019
4981439
4983210
4983577
4987357
4988387
4989550
4990362
4991860
4993756
4996397
4997953
4998059
4999137
4999402
4999553
4999697
5000571
5002865
5004084
5005862
5007024
5008223
5008241
5008367
5008544
5008794
5010479
5010607
5010801
5012868
5013415
5014152
5014837
5014997
5016627
5018538
5019966
5020851
5021335
5022340
5023788
5023862
5024302
5024443
5024466
5026248
5028838
5030292
5030777
5032280
5034351
5036395
5040130
5040224
5040872
5041756
5042205
5042445
5043876
5044204
5045117
5046615
5047891
5048092
5048576
5048597
5048859
5049127
5049855
5051418
5052698
5053019
5053248
5054425
5060131
5061527
5064871
5065380
5066389
5071830
5072488
5075531
5075985
5076412
5076566
5076962
5079027
5079163
5082529
5082797
5084584
5086496
5088022
5088362
5088601
5089814
5090500
5091552
5091983
5092225
5094007
5094514
5095106
5098908
5100059
5100231
5100375
5103301
5103640
5103830
5104494
5104645
5104995
5105379
5105858
5105977
5106072
5107240
5109098
5112293
5113041
5114541
5116347
5116449
5120036
5120340
5121038
5122146
5122288
5123624
5124917
5126119
5126814
5126871
5126907
5128885
5129118
5132864
5134243
5135363
5137067
5137090
5137121
5139081
5139252
5140990
5142165
5143866
5144349
5144571
5145431
5145800
5147391
5147901
5150040
5150389
5152738
5153284
5154754
5155177
5155592
5158459
5159273
5160098
5161919
5161942
5163021
5163602
5166626
5168203
5168878
5171940
5172096
5172574
5173201
5174843
5175049
5177964
5178730
5178777
5179450
5179502
5180166
5182006
5182344
5183280
5183406
5183810
5184569
5185119
5185685
5187819
5190329
5190543
5190883
5193541
5194380
5194499
5194503
5197242
5197817
5197916
5198802
5199725
5200262
5202099
5206209
5208384
5210490
5210808
5211620
5212787
5212899
5214996
5215385
5216386
5217152
5218437
5218479
5218878
5219911
5219967
5223052
5225461
5227709
5228847
5229406
5231115
5232536
5233875
5234322
5234757
5235068
5235882
5236581
5237087
5238134
5238621
5241544
5242341
5245462
5246201
5246477
5247021
5247792
5247938
5248431
5251411
5254982
5255210
5257229
5262465
5262943
5263004
5266799
5267765
5268681
5271717
5272070
5272383
5272454
5272909
5273810
5274841
5276181
5278389
5279557
5280468
5280883
5281060
5281570
5281646
5282517
5282612
5282715
5282983
5283447
5284589
5286158
5286519
5286623
5286952
5287201
5287929
5288079
5289420
5290074
5292152
5293318
5294501
5294804
5297350
5297494
5298096
5299654
5300358
5300556
5302272
5303050
5303796
5305141
5307172
5307802
5308527
5308852
5308950
5309727
5309934
5310221
5314809
5315299
5316582
5317708
5317821
5321473
5322307
5322975
5322980
5323076
5323373
5324326
5324782
5732366
5733223
5734007
5734028
5734539
5735149
5736994
5738331
5738810
5739720
5740165
5740453
5740728
5741929
5741982
5744871
5745849
5745955
5746401
5746419
5746510
5748952
5749793
5751701
5752265
5752714
5753998
5754014
5754223
5754296
5755070
5755432
5755980
5756830
5757055
5757408
5758004
5760035
5760333
5760496
5761090
5766391
5766679
5767341
5767776
5768138
5769318
5769638
5769652
5769959
5770583
5771103
5772881
5773563
5773668
5774024
5774906
5775778
5776902
5776988
5777319
5778312
5778654
5778863
5779739
5782953
5783111
5783980
5785514
5788420
5789326
5789475
5790751
5790792
5793739
5793762
5793978
5794738
5795860
5796807
5797580
5797668
5799039
5799241
5800050
5800983
5801885
5803454
5803898
5806299
5807493
5807820
5809627
5811766
5811991
5813796
5814108
5816915
5817128
5818415
5819077
5820108
5820258
5821130
5822216
5823527
5824277
5824288
5825372
5826066
5828016
5828524
5828808
5829897
5830143
5830722
5831473
5832425
5832917
5834463
5835668
5839557
5840743
5841285
5841974
5842916
5844362
5845114
5846421
5846667
5848276
5848845
5849604
5849794
5850023
5850324
5850444
5851706
5854048
5854622
5855276
5855318
5856965
5857664
5857909
5858058
5858601
5860107
5861065
5861853
5862165
5862439
5863673
5863785
5865074
5866302
5866887
5867197
5868280
5871131
5873045
5873881
5875535
5875556
5875805
5876737
5877595
5878729
5880121
5881906
5882900
5883384
5884938
5885446
5886065
5886580
5887048
5888666
5889767
5890131
5890173
5890320
5891007
5892268
5892614
5893162
5893994
5894187
5895176
5897089
5899350
5901603
5903852
5905310
5905497
5906183
5906747
5907318
5908403
5908422
5909327
5910996
5912334
5912475
5912922
5913114
5913451
5914251
5914814
5914907
5915919
5916288
5916785
5917515
5917746
5919331
5921868
5924710
5926340
5927296
5927757
5928274
5929285
5930641
5931597
5932875
5934149
5934763
5937685
5938366
5938941
5939374
5941588
5942792
5943263
5944249
5946993
5947396
5950188
5950592
5950908
5953825
5954589
5955478
5955954
5956924
5956991
5957056
5957120
5957648
5958747
5959573
5962053
5964909
5965144
5967953
5970023
5971163
5971434
5973446
5973581
5974962
5975116
5976007
5976010
5976745
5976809
5977240
5977399
5979580
5980326
5981403
5983014
5983230
5984508
5984767
5985133
5986573
5987154
5987499
5988674
5991122
5991873
5992235
5992577
5993871
5994267
5997695
5998072
5998255
5999324
5999901
6000067
6000256
6000362
6000564
6000869
6001341
6001492
6003060
6003772
6004779
6004784
6005750
6006178
6010365
6011343
6011988
6012251
6013036
6014363
6015336
6017242
6018084
6018270
6019834
6019912
6020978
6022801
6022994
