1000051
1000326
1001354
1002941
1003507
1004415
1004595
1004632
1006080
1008000
1008844
1008962
1009239
1010204
1012420
1012933
1015414
1015799
1016722
1017012
1017262
1017909
1017938
1018523
1019047
1019436
1019886
1020177
1020347
1022073
1022546
1022999
1024216
1025682
1026271
1026310
1026448
1027349
1027904
1028409
1028480
1028731
1028864
1029906
1030074
1030185
1031315
1033959
1034136
1034526
1034534
1034924
1035199
1035342
1036187
1037048
1037433
1038273
1038993
1039226
1039312
1039676
1040401
1040768
1041006
1041804
1042655
1042752
1043134
1043218
1043403
1045658
1046078
1047581
1048998
1049407
1050155
1050205
1050251
1050796
1050814
1053307
1053696
1053938
1054232
1054570
1055166
1055184
1055349
1055368
1055441
1055508
1057230
1058359
1058769
1059285
1059463
1060068
1061475
1061911
1062527
1062669
1062745
1063643
1063795
1063993
1064074
1064261
1064327
1064832
1065302
1065769
1065797
1066048
1067580
1067759
1068533
1068557
1068822
1068996
1070248
1070585
1070959
1071824
1072387
1073516
1074458
1074796
1078792
1079275
1079592
1080063
1081518
1081734
1082857
1083143
1084215
1084544
1084954
1085784
1086051
1086268
1086270
1086614
1086864
1088741
1092481
1092784
1093291
1093719
1094936
1095218
1096247
1096771
1096955
1097195
1098583
1098706
1099923
1099964
1100531
1101835
1103010
1103260
1103586
1105057
1106475
1107232
1107744
1108205
1108694
1108808
1108839
1109655
1111137
1111306
1111632
1113547
1114910
1115338
1115391
1115435
1116008
1116768
1116820
1117149
1117339
1117465
1118578
1118696
1118924
1119252
1119742
1120193
1120292
1120348
1120422
1120538
1121273
1121428
1122622
1123253
1123271
1123335
1123560
1123829
1124019
1124200
1124281
1124710
1125464
1126386
1126825
1127027
1127733
1128968
1129360
1129662
1130158
1131417
1135550
1136263
1136986
1137517
1137788
1137944
1138276
1138549
1139925
1140105
1140333
1140880
1141559
1142963
1142980
1143995
1144446
1144581
1144974
1144989
1146096
1147080
1147842
1148487
1149521
1149646
1150674
1151248
1151867
1152871
1153395
1153800
1153881
1153905
1154692
1154885
1154993
1158393
1159484
1160447
1160724
1161878
1162277
1163019
1163078
1163297
1164413
1164792
1166524
1168113
1168762
1168849
1168934
1169368
1169394
1170618
1171053
1173532
1173841
1174382
1174835
1174883
1175638
1176312
1177174
1177239
1177641
1177909
1178881
1179403
1179972
1180110
1180903
1182392
1183665
1183866
1186302
1186466
1187204
1187684
1187955
1188331
1189847
1190303
1191070
1191399
1191497
1192074
1193266
1193490
1193853
1194171
1194290
1194396
1194516
1195076
1195382
1195658
1195807
1196858
1197268
1198965
1238327
1238404
1239325
1240186
1240420
1242651
1242727
1243120
1243654
1245372
1245526
1247026
1247440
1247533
1249058
1249523
1250010
1250586
1250891
1251207
1251515
1251752
1251780
1253701
1254249
1254581
1254716
1255715
1256154
1259060
1260102
1260835
1261182
1261652
1262220
1263634
1264030
1264298
1264407
1264771
1265008
1266214
1267508
1267540
1268092
1268513
1268640
1269186
1270301
1270409
1270877
1271065
1271142
1271552
1273650
1273884
1275314
1276466
1277077
1278054
1278828
1278856
1278899
1279641
1280336
1280389
1280460
1496436
1496563
1496670
1496694
1496972
1497701
1499118
1499648
1499950
1500184
1501752
1501943
1502630
1503494
1503807
1504301
1504409
1504475
1504686
1505155
1505279
1505490
1505649
1505871
1505935
1505956
1506250
1506679
1507127
1507222
1507834
1508095
1509803
1510024
1510516
1511412
1512088
1512324
1512637
1512960
1513571
1514749
1514770
1515413
1516695
1521271
1522168
1522314
1523972
1525115
1525645
1525986
1526923
1528056
1528151
1530668
1531503
1531926
1533865
1536121
1536210
1536299
1536709
1537230
1538479
1539409
1539500
1540130
1540224
1540350
1540719
1541568
1542552
1543149
1544148
1544231
1544444
1544739
1545478
1547973
1549855
1550693
1551186
1551289
1551797
1553533
1553822
1553889
1553915
1554240
1554307
1556218
1556808
1558352
1558590
1559105
1559464
1560254
1560707
1561973
1562554
1562750
1562990
1563364
1563769
1563949
1563985
1565380
1565643
1566215
1566556
1566616
1566650
1567523
1569856
1569914
1571548
1571671
1571974
1573692
1573714
1574022
1574502
1574763
1575024
1575531
1576263
1577649
1578281
1578486
1579215
1579374
1580064
1580113
1581138
1581455
1581698
1583005
1583569
1584123
1585521
1585836
1586758
1587454
1587526
1589983
1590342
1591279
1591621
1591796
1591944
1592337
1593401
1594488
1594838
1595854
1595984
1596127
1597503
1598778
1599214
1599641
1600215
1600367
1600682
1600733
1601534
1602353
1602530
1602655
1602825
1603155
1603397
1604046
1604661
1604781
1604826
1605412
1605603
1605986
1606772
1607990
1608099
1608553
1608875
1609684
1610051
1611313
1612026
1612225
1614242
1615339
1615918
1616052
1616598
1616635
1616644
1616781
1617428
1618025
1619335
1619602
1621937
1622136
1622497
1622615
1623406
1623520
1623636
1624156
1625839
1627017
1627236
1627628
1627842
1627985
1628086
1628419
1628528
1628712
1630048
1631001
1631225
1632284
1632853
1633920
1634231
1634273
1634317
1634651
1634894
1635401
1635556
1637201
1637255
1638092
1638268
1638452
1638554
1639114
1639466
1640397
1640702
1640999
1641567
1642141
1642807
1643664
1644811
1645226
1646058
1646447
1646642
1648075
1648842
1648921
1649417
1649716
1650963
1651360
1651480
1651841
1652010
1652166
1652669
1653132
1653618
1653740
1654416
1654473
1654876
1655672
1656048
1657580
1657999
1658269
1658281
1658822
1658889
1659223
1659673
1660273
1660309
1662162
1662748
1663066
1663144
1663183
1664350
1664674
1664986
1665366
1665930
1665959
1666255
1666950
1667413
1667501
1668588
1669381
1669827
1669928
1670523
1671127
1671140
1671330
1671661
1671893
1672442
1673414
1673836
1674328
1674356
1674372
1675716
1675802
1676509
1676928
1677742
1678574
1678753
1679056
1679118
1679562
1680026
1680232
1681368
1681846
1681965
1682005
1682452
1682990
1683451
1683855
1684065
1685849
1686616
1686665
1686794
1686884
1686900
1687283
1687404
1687473
1687752
1688085
1688555
1689238
1689734
1690819
1692250
1693333
1693488
1693722
1693904
1694152
1696020
1696249
1696922
1697471
1698467
1698796
1699577
1700715
1701483
1701714
1702025
1702209
1702505
1702667
1702760
1704254
1704379
1707721
1707981
1708017
1708114
1708289
1708644
1708683
1709020
1709257
1710770
1711737
1711980
1713134
1714258
1947942
1947978
1948238
1949335
1949952
1949975
1951070
1951136
1952450
1953029
1953220
1953279
1953422
1954195
1954405
1955645
1956087
1956594
1956959
1957513
1957841
1958904
1959410
1959753
1960403
1960657
1960935
1961247
1961679
1961795
1961901
1961919
1962520
1962584
1962701
1962971
1963057
1964213
1964680
1964867
1966353
1966979
1967163
1967487
1967698
1968017
1968222
1968504
1971141
1971421
1971551
1971810
1972708
1974599
1975158
1975399
1977042
1977638
1979431
1979752
1980368
1980697
1981619
1981984
1982158
1982214
1982534
1983505
1984877
1985047
1985218
1985715
1985895
1985910
1986806
1986885
1987302
1987834
1987994
1988900
1988981
1989408
1990252
1990275
1990433
1990658
1991026
1991248
1992354
1992788
1993168
1993431
1994346
1994363
1994503
1996070
1997973
1998233
1998393
1998958
2001206
2001747
2001990
2002099
2002255
2002539
2002809
2003100
2003197
2003352
2003643
2003901
2004022
2004314
2004746
2005388
2005713
2006069
2006382
2006636
2007490
2008060
2008675
2012592
2013615
2013847
2014384
2015681
2015824
2017202
2018672
2019092
2019199
2020182
2020414
2021035
2022936
2023443
2023610
2023893
2024467
2024910
2025059
2025204
2025536
2025739
2026345
2027577
2027979
2030797
2030994
2032637
2032692
2033118
2033488
2034682
2035214
2035400
2035882
2035938
2036285
2036294
2036463
2037594
2038218
2038376
2038538
2039709
2040059
2040545
2042443
2043257
2043608
2043653
2044102
2044449
2045225
2046973
2047103
2047784
2048090
2049694
2050268
2050409
2052232
2052594
2053223
2053969
2054179
2055473
2056933
2057317
2057708
2057993
2058433
2058861
2059850
2060455
2060712
2060851
2061924
2061963
2062133
2062235
2062371
2062943
2064024
2064437
2064466
2064887
2065130
2066512
2066646
2066889
2067360
2067823
2067974
2068496
2070083
2070947
2071228
2071272
2071299
2072924
2073406
2073690
2073908
2074581
2075862
2076545
2076589
2077009
2078572
2078616
2078647
2079959
2080130
2080188
2080457
2080505
2080658
2081471
2081772
2082546
2083523
2084298
2084567
2084714
2085493
2085805
2086262
2087846
2088576
2088581
2088729
2089949
2090340
2090530
2091466
2092561
2093276
2093384
2094239
2094497
2094593
2095110
2097159
2097316
2097382
2097537
2098410
2098589
2098679
2098942
2099648
2101026
2101034
2101858
2102300
2103775
2103832
2104002
2104574
2104868
2104901
2105616
2106085
2106295
2106542
2109153
2109573
2110226
2110632
2111185
2112593
2113141
2113350
2113734
2114043
2115668
2117114
2117127
2117801
2118442
2118794
2119060
2119822
2120597
2120782
2121612
2122131
2122521
2123367
2124010
2124061
2124368
2125003
2125780
2126531
2127346
2127833
2128940
2129413
2129720
2130027
2130277
2130712
2131208
2131946
2134492
2134635
2135196
2135457
2135579
2136439
2136440
2136811
2137051
2137249
2138083
2139503
2139567
2139679
2139714
2140577
2141644
2141683
2142109
2142805
2142997
2143453
2143923
2146220
2147081
2147252
2147291
2147667
2147914
2147971
2148753
2149056
2149697
2150225
2150568
2150594
2150902
2151711
2154956
2155567
2155955
2156086
2156223
2156892
2157022
2158262
2158784
2159719
2159734
2162002
2162282
2163654
2163931
2164749
2164818
2166128
2167165
2167392
2167427
2167783
2168490
2168657
2169416
2169693
2169791
2172115
2172793
2417059
2417148
2418382
2420459
2421207
2421482
2423032
2423316
2424896
2425243
2425467
2426088
2426407
2426870
2426934
2427009
2427186
2427713
2428230
2429486
2431093
2431232
2431675
2432004
2432251
2433210
2433601
2433709
2433791
2434096
2434298
2434407
2434499
2435925
2435981
2436122
2436898
2437010
2437184
2437477
2437904
2438037
2438249
2438859
2438990
2439186
2440509
2440886
2442331
2442674
2443602
2443909
2444078
2444232
2444414
2444440
2444652
2445669
2446121
2446157
2446228
2446386
2446738
2447014
2447954
2449513
2449765
2449945
2450094
2450372
2451172
2452488
2453536
2453987
2454386
2454395
2454482
2454775
2455171
2455302
2455801
2456263
2456537
2457422
2457575
2458594
2459866
2460651
2463326
2463729
2463958
2465366
2465379
2465617
2465646
2466539
2466838
2467286
2468541
2468869
2468966
2469142
2469332
2470112
2470588
2473680
2473799
2474189
2474432
2474659
2475326
2475958
2476119
2476956
2477856
2478618
2479056
2479846
2480392
2482079
2482896
2483140
2485096
2485324
2485346
2485428
2486152
2488094
2488630
2489291
2489971
2490732
2491350
2492651
2492821
2493099
2493179
2493863
2495519
2495623
2495677
2498381
2499272
2500642
2500724
2502014
2502390
2503001
2503568
2504469
2504534
2505270
2505480
2505990
2506840
2506853
2507025
2507263
2508806
2508942
2509028
2509950
2510275
2510291
2510468
2510778
2510807
2510810
2511269
2511506
2511783
2511867
2511959
2511964
2512134
2512369
2513619
2513992
2514096
2514868
2515264
2515706
2515913
2516938
2517179
2517293
2517385
2518144
2518750
2519127
2519323
2519443
2519607
2521124
2522748
2523773
2523823
2524000
2524494
2524551
2524689
2524778
2526349
2526496
2527641
2528416
2529073
2529657
2531633
2532297
2532439
2534817
2535395
2535482
2536195
2536683
2536968
2537077
2537197
2537666
2538238
2538457
2538844
2539399
2539751
2539850
2541118
2541965
2542378
2544187
2544591
2544668
2545113
2545197
2545812
2545894
2546419
2547022
2547074
2547149
2547168
2547832
2549263
2550063
2551102
2551883
2551971
2552558
2552978
2553226
2553539
2553789
2554095
2554152
2554180
2554572
2555432
2555593
2556554
2556729
2556967
2557129
2558004
2558397
2559283
2559775
2559951
2560072
2560312
2561308
2561404
2561634
2561881
2562873
2562898
2563861
2564110
2564135
2564576
2566298
2566324
2566708
2567906
2567970
2568071
2568264
2568583
2570175
2570981
2571136
2572498
2573490
2573633
2573871
2573907
2573910
2574211
2576675
2577360
2577686
2578255
2580715
2580886
2581250
2582188
2582701
2582962
2583587
2583677
2584568
2584707
2586036
2587008
2587345
2588017
2588531
2589301
2591043
2591446
2591731
2591911
2592137
2592151
2592540
2593714
2595725
2597029
2597777
2598941
2599345
2599650
2600002
2600059
2600100
2600352
2600955
2601014
2602162
2602258
2602377
2603005
2603051
2603079
2603729
2603903
2604778
2604883
2605165
2606947
2607103
2607847
2608299
2609243
2610593
2610873
2614058
2614106
2614596
2614687
2615236
2616196
2616734
2616971
2617279
2617376
2618213
2618281
2618343
2618889
2618890
2619175
2619561
2619785
2620992
2621769
2622230
2622604
2623366
2624615
2624751
2625729
2626300
2626862
2628410
2628605
2629681
2630506
2630890
2863557
2864335
2864432
2864630
2864688
2864850
2865409
2866403
2866853
2867755
2867807
2868444
2868849
2871528
2872046
2872080
2872139
2873110
2874382
2874603
2874899
2875570
2876044
2876508
2878235
2879827
2880393
2880686
2880731
2880798
2880896
2882104
2882254
2882366
2882557
2882761
2882858
2882902
2883442
2883892
2883925
2884415
2884654
2884891
2885465
2885905
2886699
2888076
2888689
2888962
2889068
2889361
2889696
2889705
2890665
2891623
2892112
2892157
2892185
2892979
2893187
2894222
2894236
2894302
2894582
2895883
2896440
2896549
2897424
2898035
2898613
2898998
2899204
2900325
2902787
2903718
2904568
2905880
2906133
2906207
2906498
2907997
2908451
2908985
2909731
2909841
2909859
2909888
2911190
2912089
2914855
2915726
2916320
2917990
2918464
2918586
2918632
2921883
2923242
2924493
2925400
2926156
2926888
2927129
2927173
2927318
2927977
2927996
2928827
2929210
2929314
2930790
2931693
2932630
2932882
2934747
2935935
2936309
2936522
2936885
2937364
2938311
2938510
2940873
2941051
2941513
2941823
2941911
2943181
2944314
2945052
2945274
2945834
2946246
2946793
2946828
2947490
2948087
2948495
2948506
2948867
2949040
2949146
2949682
2949976
2951419
2952781
2953005
2953326
2955440
2956562
2956613
2956875
2956965
2957262
2957413
2958951
2959029
2959332
2959871
2960548
2960716
2960750
2960922
2960974
2960990
2963230
2963599
2964539
2965800
2965825
2966127
2966479
2967030
2967363
2968252
2969454
2970209
2971001
2971930
2972187
2973371
2973465
2973813
2974204
2974346
2975163
2976094
2977669
2978716
2978945
2979046
2979330
2979364
2980693
2981080
2982389
2982954
2983320
2983890
2984497
2984696
2985782
2986134
2988618
2992020
2992319
2992798
2994016
2994237
2996820
2997327
2997482
2997775
2997984
2998344
2999494
3001593
3002724
3002881
3002979
3003004
3003764
3005872
3005883
3006232
3006512
3007452
3008863
3009282
3009309
3009567
3010051
3010716
3012521
3013277
3013390
3014745
3015596
3015984
3016906
3017708
3018217
3018927
3019873
3019909
3019980
3020007
3020010
3020201
3020838
3022049
3023130
3023551
3024199
3024334
3024475
3024877
3025029
3025284
3025910
3026002
3026407
3026522
3027607
3027628
3028913
3028925
3029941
3030579
3030636
3030667
3030908
3031269
3031305
3031453
3032016
3032839
3034100
3034229
3034247
3035487
3036413
3036555
3036593
3036743
3037192
3037681
3038765
3039323
3039582
3040348
3040796
3041428
3041618
3041727
3042787
3042807
3043021
3044131
3044889
3046089
3046920
3047040
3047712
3047879
3049765
3050344
3050792
3051342
3052242
3053679
3055289
3055418
3055565
3055610
3056350
3056726
3056793
3057524
3057741
3058150
3058772
3059434
3059843
3059997
3060901
3060955
3061138
3061507
3061866
3062195
3062912
3063066
3063513
3063581
3064470
3064719
3065557
3068157
3068984
3070502
3071388
3071855
3071893
3075841
3076193
3076279
3076284
3076411
3077188
3077449
3077603
3078456
3078684
3078987
3079562
3081488
3082653
3082765
3084871
3085273
3085536
3085955
3087881
3089537
3089690
3090052
3090451
3090700
3090842
3091177
3092483
3092590
3092740
3093028
3093402
3093527
3093586
3093950
3094712
3097093
3097707
3098467
3099089
3100439
3100440
3102475
3103052
3103114
3103315
3103968
3334116
3336738
3337062
3338127
3339639
3339922
3340566
3342134
3342694
3343775
3343897
3344077
3344380
3345202
3345616
3345900
3345913
3345969
3346534
3346696
3347312
3348686
3348731
3348974
3349437
3350235
3350596
3351451
3351504
3351573
3351826
3352981
3353867
3354190
3354344
3354356
3355079
3355144
3355249
3355378
3356886
3357382
3357787
3358461
3358987
3359385
3360116
3360147
3360858
3361061
3361293
3361736
3362452
3363516
3364218
3364552
3367170
3367876
3369246
3369734
3369760
3370033
3370677
3371268
3371475
3371627
3372459
3372571
3373651
3374371
3374992
3375420
3375826
3376246
3377119
3377376
3377730
3377796
3377840
3378254
3378549
3378761
3380132
3380197
3380456
3380483
3381785
3381866
3382781
3383823
3383903
3384238
3384551
3384611
3384844
3386010
3386056
3386669
3386838
3386846
3387174
3387253
3387542
3387963
3390018
3390378
3390716
3391065
3391134
3391999
3392710
3393215
3393631
3396933
3397088
3398000
3399103
3400444
3400618
3402063
3402957
3404953
3405165
3406571
3406669
3406904
3407070
3408067
3408299
3408564
3410295
3410399
3410688
3410804
3410952
3411135
3411424
3412226
3412676
3413926
3413993
3414601
3414655
3414693
3415091
3415140
3415195
3415732
3416159
3416421
3416674
3416734
3416927
3418078
3418232
3419426
3421516
3421661
3421970
3422191
3423568
3423652
3423902
3424630
3424938
3425144
3425554
3425627
3425729
3425747
3425945
3426098
3426279
3426702
3427316
3427347
3429120
3429600
3430055
3431321
3431722
3431758
3431965
3432249
3432257
3433887
3436556
3436925
3438829
3439899
3440268
3440319
3440446
3440888
3441073
3441895
3443027
3443478
3444072
3444118
3444312
3444681
3444846
3445943
3447567
3448793
3448899
3449103
3449111
3449623
3451425
3451542
3451737
3451779
3451865
3452541
3452660
3452825
3453397
3454052
3454139
3454661
3454725
3455280
3455690
3455861
3456845
3457639
3459363
3459503
3459637
3459987
3460354
3460612
3460853
3461247
3461380
3461536
3464131
3464297
3465234
3465430
3465459
3465998
3467487
3468699
3470451
3470878
3471188
3471543
3472499
3472993
3473293
3473711
3475012
3475850
3476798
3477486
3477609
3478840
3479791
3481244
3481473
3481564
3481800
3482497
3482688
3482737
3482766
3484110
3484576
3484782
3484830
3485292
3485685
3486338
3486545
3486590
3487222
3487826
3487878
3488981
3489568
3489570
3490081
3490810
3491680
3492509
3492563
3493626
3493869
3494536
3495288
3495879
3496094
3496497
3496882
3496924
3497028
3497402
3498614
3498782
3498815
3499267
3499315
3499906
3499933
3500024
3500140
3500267
3500364
3500781
3500842
3502849
3503072
3503201
3503527
3503929
3504712
3505103
3505383
3507351
3508155
3508723
3508944
3509746
3511333
3511703
3511745
3512554
3513451
3513860
3514065
3514205
3514552
3514670
3514839
3514961
3515499
3515620
3515666
3515692
3515926
3516008
3516401
3516997
3518214
3519485
3519742
3519908
3520730
3521096
3521113
3522914
3523158
3524104
3524867
3525595
3525600
3525654
3528211
3528245
3528258
3528484
3529653
3529750
3530688
3531020
3534210
3534371
3534813
3536238
3537999
3538129
3539215
3539493
3539932
3540120
3540600
3540613
3541395
3541717
3543159
3543433
3545098
3545313
3545509
3545871
3546651
3766001
3766093
3767877
3769216
3770099
3771693
3771791
3772253
3772743
3773658
3773719
3774513
3774548
3775160
3775300
3776247
3776346
3777437
3780217
3781042
3781165
3781414
3782895
3784002
3784176
3784684
3785241
3786501
3787083
3787697
3787838
3787950
3788183
3788268
3788877
3789162
3790752
3791258
3792241
3793680
3794253
3794865
3795548
3796279
3796808
3798380
3798589
3798960
3800551
3801845
3802325
3805109
3806167
3806425
3806526
3806850
3807166
3807306
3807540
3807722
3808424
3809661
3811168
3811395
3812560
3812924
3813470
3815944
3816077
3816125
3816282
3816753
3816942
3817267
3817644
3817819
3818230
3819427
3820491
3820554
3820597
3820704
3820864
3820877
3820936
3822337
3822408
3822440
3822471
3822959
3823434
3823599
3823805
3824137
3824201
3824293
3825272
3825655
3825738
3826529
3827088
3828224
3829122
3830390
3830572
3830925
3831952
3833509
3834211
3834479
3834713
3834781
3835291
3836276
3836343
3836506
3836707
3837270
3837695
3838099
3838982
3839250
3839762
3840746
3840780
3840920
3841063
3841211
3841878
3842442
3842544
3842749
3842770
3843320
3843379
3844335
3844615
3844784
3845066
3845409
3845922
3846243
3846668
3849648
3850026
3850890
3851904
3852500
3852911
3853801
3854325
3854489
3856223
3856932
3857058
3857314
3858804
3859939
3861645
3861899
3862176
3863072
3863852
3864698
3864851
3865085
3865190
3865372
3867570
3867761
3867988
3869228
3869502
3869813
3870155
3870292
3870325
3870422
3870685
3871231
3872667
3873560
3873882
3874756
3875044
3876022
3876170
3877460
3878315
3878405
3879043
3879257
3879936
3880829
3881525
3881896
3881911
3883428
3883589
3885009
3885052
3886690
3886995
3887715
3888512
3888707
3888744
3889900
3889997
3890096
3890176
3890536
3890806
3891434
3892330
3892550
3894622
3894872
3895680
3896201
3897094
3897136
3897501
3898429
3898482
3898541
3900199
3900532
3900608
3900662
3901004
3901073
3901354
3903358
3903493
3906492
3906550
3906582
3906842
3908331
3908927
3909174
3909240
3909847
3910100
3910346
3910590
3910740
3911095
3912912
3914032
3915568
3915691
3916255
3916929
3917049
3917307
3918984
3919381
3920645
3921453
3922101
3922376
3922621
3922759
3922956
3923763
3923780
3924618
3926239
3926383
3926991
3927010
3927965
3928731
3929127
3929437
3929492
3930210
3930283
3930327
3930626
3931289
3933104
3933638
3933744
3934602
3935268
3935614
3935888
3935974
3936101
3937054
3938978
3939072
3939402
3940117
3941286
3941641
3941743
3941831
3941898
3941938
3942112
3942168
3942170
3942642
3943098
3944341
3945518
3946305
3946384
3946930
3947802
3948105
3949100
3951870
3952457
3953555
3954001
3954453
3954609
3954858
3955242
3955430
3956780
3957039
3958108
3960021
3960103
3960122
3961161
3961221
3961424
3961911
3962007
3962891
3962929
3963197
3963375
3963740
3964235
3964353
3964897
3966159
3966449
3966485
3966543
3967538
3967723
3968384
3968858
3969040
3969544
3969749
3969892
3970414
3970549
3970803
3971287
3971595
3971632
3974050
3974827
3975806
3976572
3979382
3980024
3980091
3980405
3980672
3981953
3982059
3983201
3983711
3983736
3984014
3984925
3985344
3985659
3985963
3986417
3988886
3989170
3989207
3989655
3993097
3993263
3993543
3993742
3993861
3994614
3994695
4238131
4238150
4238756
4239478
4239706
4240553
4241299
4241450
4241832
4241869
4242938
4244128
4244199
4244653
4245004
4245155
4245474
4246692
4247323
4247451
4247769
4248095
4248866
4248925
4250164
4250592
4251617
4252251
4253228
4254849
4255528
4255665
4256094
4258513
4258569
4258695
4259046
4260724
4261484
4264519
4265569
4265662
4265830
4268250
4271008
4271336
4271556
4272396
4273084
4273199
4273729
4273747
4274000
4274164
4274611
4274861
4274953
4275001
4275646
4275735
4275941
4275964
4276459
4276508
4276973
4277262
4278011
4278327
4279119
4280110
4280480
4281134
4281649
4283389
4284496
4285011
4285149
4286748
4286985
4289705
4290152
4290712
4291448
4291873
4292832
4294153
4294203
4294274
4295246
4295971
4296281
4296351
4296691
4297424
4297731
4299739
4300003
4301834
4302109
4302117
4302419
4304158
4304208
4304664
4304720
4305084
4305480
4305686
4307449
4307835
4307914
4308125
4308352
4310069
4311200
4311533
4311923
4312685
4312839
4313207
4313244
4313559
4315008
4315191
4315358
4317118
4317143
4318922
4320229
4320503
4321900
4322052
4322302
4322330
4322672
4323199
4324209
4325060
4326028
4326464
4326838
4327946
4328106
4328210
4328905
4330823
4331633
4332078
4332104
4332996
4333175
4333544
4333572
4334648
4336046
4337023
4338861
4339057
4339587
4340728
4342221
4342233
4342686
4345064
4345410
4345428
4347596
4347619
4347642
4347966
4348310
4348454
4348501
4348816
4349097
4349280
4351246
4351734
4351861
4352833
4353669
4354336
4355882
4355917
4356206
4356360
4356393
4356417
4357165
4357453
4358552
4358621
4358694
4358910
4359897
4360293
4360809
4361395
4361746
4363159
4364765
4365354
4365575
4366125
4366204
4366435
4367063
4367139
4368528
4369486
4369867
4371189
4372157
4372340
4372642
4374451
4374547
4375097
4375520
4376337
4376440
4376783
4377249
4377294
4378035
4378255
4378790
4380436
4380796
4381456
4381461
4381870
4382645
4383214
4383399
4383560
4384087
4384638
4385105
4385600
4385654
4385863
4386022
4386261
4386687
4386738
4386780
4386825
4387071
4387109
4388195
4388531
4389532
4390335
4390963
4391576
4392488
4393978
4394465
4394559
4395656
4395878
4397031
4397187
4397606
4400243
4400266
4400284
4401265
4402449
4402551
4403882
4404165
4404297
4404646
4404691
4404836
4405982
4406168
4406523
4406832
4407556
4408211
4408912
4409326
4409532
4409750
4410109
4410202
4410629
4411057
4411240
4411882
4412431
4412447
4412642
4412854
4413119
4413759
4413808
4414038
4414819
4414906
4415238
4415291
4415520
4416173
4416343
4416351
4416761
4417491
4418028
4420484
4421275
4421485
4422002
4422692
4423143
4423477
4423947
4424604
4424851
4425240
4425413
4425448
4425924
4426729
4427343
4428243
4428670
4429541
4430056
4430736
4432831
4432850
4432963
4433603
4434172
4434815
4434990
4435853
4435886
4436346
4436714
4436955
4437080
4437396
4437842
4438124
4438264
4438426
4439182
4441128
4441409
4441500
4441614
4441896
4443511
4443574
4443795
4444133
4444559
4446263
4447047
4447853
4447983
4449389
4449673
4451843
4451954
4452479
4453233
4453671
4453750
4453877
4454810
4455104
4455198
4456357
4456586
4457587
4458588
4458943
4459788
4460270
4461369
4461552
4461840
4462646
4464916
4666551
4668165
4668297
4668941
4669109
4669146
4670889
4672438
4675176
4675380
4675461
4675714
4676997
4677724
4677813
4678425
4678555
4679141
4679398
4679485
4679807
4680171
4681115
4681382
4683056
4683817
4684241
4684682
4685174
4685743
4685963
4686018
4686393
4686877
4687744
4688467
4688935
4689404
4689634
4690441
4690790
4691431
4692602
4692688
4693209
4693883
4694233
4694695
4696620
4697550
4698892
4698932
4699198
4699609
4700969
4703050
4703668
4704573
4704656
4705069
4705398
4705622
4706756
4706761
4707569
4709096
4709714
4710270
4711218
4711961
4712462
4712803
4712836
4712867
4713583
4714654
4715045
4715596
4715791
4716834
4717309
4718433
4718690
4719189
4720368
4720423
4720824
4720916
4722158
4722344
4722587
4722847
4724249
4724446
4724513
4724989
4725411
4725517
4725764
4726643
4726708
4726978
4727364
4727826
4728631
4728733
4728913
4729182
4729923
4730097
4730373
4731392
4731889
4732839
4733168
4733577
4736975
4737477
4739258
4739699
4741363
4743909
4744521
4745613
4746943
4747202
4747556
4748359
4748582
4748610
4749438
4749480
4749614
4750469
4750555
4750737
4751378
4751393
4751554
4752010
4753380
4754045
4754185
4754800
4754848
4755046
4756000
4756329
4756518
4756622
4757126
4757218
4759288
4760181
4760919
4761932
4762302
4762607
4762699
4763092
4763798
4763888
4764347
4764645
4764856
4764914
4765225
4765320
4765959
4766312
4768523
4768642
4769031
4770693
4770709
4770943
4771420
4772367
4772805
4773594
4774307
4774481
4774946
4775815
4776580
4776796
4776983
4777159
4777449
4777787
4777899
4778771
4778849
4779790
4779982
4780305
4780379
4780408
4780609
4781349
4782270
4783162
4785154
4785461
4785795
4785857
4786455
4787011
4787327
4787371
4787876
4788307
4788792
4789081
4789159
4789246
4789537
4790565
4790672
4792088
4792273
4792679
4792806
4793488
4793809
4794180
4795829
4796500
4796859
4798266
4798723
4798910
4800042
4800351
4800408
4801931
4802841
4804332
4804474
4805096
4805407
4807465
4807693
4808085
4808189
4808372
4809252
4809872
4810596
4811153
4812288
4812673
4812712
4814103
4814688
4815491
4815945
4816788
4817962
4818015
4818273
4818391
4818978
4820094
4820766
4821554
4821967
4822105
4822370
4823204
4823444
4823987
4825091
4825171
4825405
4825418
4826196
4827524
4827961
4829259
4830148
4830282
4831673
4831770
4831794
4832009
4832195
4832236
4832516
4832656
4833911
4834177
4835471
4837372
4837501
4837975
4838121
4838920
4839160
4839354
4839458
4839606
4839972
4840573
4840819
4841164
4843120
4843681
4843824
4844843
4845111
4845519
4846285
4846841
4847269
4847351
4847392
4847889
4848205
4848741
4849299
4849502
4850625
4850676
4850758
4851272
4851854
4852952
4853485
4854018
4854342
4854830
4855759
4856363
4856919
4857418
4857949
4858650
4858770
4858892
4861772
4862082
4862649
4862827
4863045
4864247
4864483
4864857
4865071
4865202
4865374
4868671
4868945
4869052
4869162
4870378
4870864
4871292
4873805
4874703
4874965
4875876
4876396
4876405
4879021
4879399
4879946
4880039
4880419
4880631
4880665
4882210
4883524
4886867
4886874
4887532
4888010
4890300
4890621
4891216
4891346
4891684
4891786
5118408
5118521
5118646
5118783
5119014
5119191
5119493
5119650
5119820
5119900
5121315
5121860
5122572
5122913
5122976
5123568
5123617
5123902
5124335
5124630
5124829
5124850
5125614
5125639
5125695
5126580
5126956
5127365
5129242
5129260
5131817
5132614
5132823
5133186
5133933
5133985
5134029
5135132
5135739
5136086
5136712
5136805
5137429
5138208
5138555
5138602
5140294
5140750
5140936
5141300
5141403
5141546
5142001
5142198
5142867
5144260
5144321
5144527
5145746
5146661
5147250
5147739
5148115
5148457
5148584
5149068
5149286
5149804
5149829
5150757
5151094
5151271
5151400
5151743
5151804
5152170
5153376
5154203
5154644
5155787
5155872
5156087
5156200
5157079
5157360
5159100
5159229
5159849
5159857
5160126
5160524
5161955
5162097
5162141
5163068
5163271
5163399
5163519
5163751
5164042
5164585
5165118
5165306
5165875
5166634
5166655
5166897
5168479
5169212
5169424
5169452
5169491
5169729
5169773
5169877
5170046
5170139
5170388
5171115
5171188
5171316
5172428
5172901
5173287
5173703
5175094
5175519
5175688
5176747
5176864
5177609
5177941
5177959
5178119
5178606
5178827
5179074
5179530
5179763
5179800
5179854
5180496
5180722
5184967
5185065
5186545
5187700
5188259
5188401
5189254
5189506
5190081
5190457
5191549
5191680
5192284
5192910
5193642
5193800
5194250
5194282
5194407
5194727
5197929
5199114
5199610
5201342
5201974
5202219
5202703
5202711
5202767
5203589
5204112
5205046
5205418
5205479
5205672
5206953
5208055
5208078
5208093
5208652
5208710
5209241
5209345
5209419
5209665
5212263
5213262
5213356
5213792
5214198
5214427
5215192
5215562
5216036
5216106
5216353
5216660
5217259
5217866
5217892
5218700
5218970
5219144
5219452
5219463
5219990
5220836
5221028
5223108
5223725
5224381
5224563
5225132
5225298
5225806
5226460
5226768
5227194
5227353
5227416
5228344
5229032
5229188
5229196
5229856
5230529
5231076
5232558
5233648
5233697
5233817
5234665
5235021
5235497
5235534
5235677
5236110
5237646
5237890
5238101
5238538
5238649
5238657
5239011
5239244
5240113
5240714
5241969
5242290
5243110
5244485
5244645
5245663
5245772
5245874
5247476
5248371
5248530
5248634
5248791
5249098
5249134
5249369
5249381
5250802
5251552
5252165
5252182
5252198
5252557
5253647
5253805
5255752
5256046
5256114
5256140
5256607
5257247
5257558
5257762
5258159
5258861
5261158
5261847
5261924
5261938
5263029
5263237
5264330
5266941
5267206
5267859
5267936
5268260
5268527
5268703
5268817
5269231
5269324
5271168
5271530
5271775
5272167
5272400
5272659
5272779
5274257
5274480
5274525
5275237
5276885
5277153
5277359
5277781
5277893
5278698
5278712
5278757
5278932
5279624
5279756
5280350
5280566
5280603
5281055
5281366
5281756
5282098
5282814
5283003
5285925
5287973
5288326
5289933
5292460
5292629
5292954
5293408
5293427
5293512
5294850
5298181
5298247
5299306
5299464
5300086
5300264
5300785
5300892
5301829
5302121
5302660
5302775
5303178
5304635
5304801
5305102
5306337
5307206
5307480
5307990
5308151
5308312
5308415
5308736
5309483
5309885
5310107
5310268
5310424
5310463
5310729
5311376
5313109
5317125
5317522
5317666
5317714
5545914
5546506
5546710
5547092
5547249
5547773
5547903
5548385
5549317
5550218
5550348
5551148
5551410
5551762
5552734
5553094
5553425
5553641
5553991
5554756
5555333
5555586
5555669
5556429
5556523
5556881
5557706
5557768
5558024
5558108
5559342
5559782
5560335
5561729
5561731
5562488
5563795
5565957
5566667
5569322
5569358
5569604
5572285
5572627
5573388
5573855
5574580
5574685
5575483
5577168
5577465
5578271
5578602
5578847
5578952
5579658
5580420
5580970
5581159
5581164
5581468
5582113
5584478
5588796
5590118
5592751
5593141
5593159
5593520
5593939
5594424
5594554
5595220
5595606
5595715
5595764
5595956
5596216
5596795
5596894
5597080
5597776
5598434
5598616
5598785
5599060
5599297
5599512
5605146
5605631
5606526
5607357
5607402
5608156
5609075
5610056
5610415
5610789
5611339
5611353
5611465
5613054
5613275
5613494
5614393
5615082
5615411
5615961
5617672
5617912
5618124
5618296
5619147
5619568
5619691
5619923
5620005
5620135
5620360
5620731
5620823
5621657
5622034
5622735
5622930
5622996
5623062
5624184
5626222
5626236
5626418
5626672
5626933
5626968
5627088
5627176
5627545
5627955
5628188
5628658
5629286
5629641
5630296
5630665
5631454
5632465
5633279
5633292
5633657
5633814
5637233
5637319
5637548
5637888
5638044
5638496
5639059
5642434
5642487
5642616
5642981
5643200
5643988
5644328
5644344
5644865
5645144
5645452
5645686
5645695
5646292
5647592
5648100
5648273
5649312
5649562
5652037
5653732
5653842
5654445
5654474
5655309
5655739
5655753
5656367
5656389
5656616
5658227
5658425
5659280
5659412
5660024
5660330
5661622
5662605
5662618
5663184
5663982
5665085
5665174
5665361
5665924
5666107
5666172
5666446
5666513
5666532
5667034
5667042
5667305
5667351
5667408
5667506
5667675
5672914
5674042
5675287
5675539
5676067
5677426
5677434
5677712
5678153
5679135
5680413
5680705
5682120
5683407
5684106
5685203
5685550
5686690
5686760
5686810
5686856
5687563
5687796
5688427
5689117
5689223
5689866
5690589
5690771
5690942
5691712
5691721
5693525
5693639
5693747
5693859
5694755
5696459
5696464
5697356
5697519
5697909
5699004
5699839
5700577
5701139
5701195
5701504
5702175
5703104
5704049
5704174
5704239
5705463
5705576
5705864
5705922
5706467
5706670
5706895
5706961
5708522
5708901
5709464
5709676
5710115
5710188
5710689
5711343
5711707
5712237
5712972
5713121
5713272
5713876
5713984
5714444
5714740
5715086
5715647
5715757
5715954
5716167
5717767
5717904
5718750
5719405
5719628
5719635
5720926
5722080
5722222
5723018
5725165
5725225
5725521
5727792
5727816
5727938
5728482
5728791
5728966
5729082
5729142
5729348
5729354
5729546
5730614
5730765
5731243
5732182
5732638
5732867
5733599
5734423
5734817
5735395
5736052
5736330
5736484
5736887
5737088
5737795
5739542
5740060
5740392
5740414
5740941
5741105
5741184
5741745
5743289
5743359
5744220
5744490
5745064
5745511
5745821
5746358
5746367
5746757
5746818
5747724
5749505
5749844
5750451
5751592
5752324
5752352
5752618
5753234
5753357
5754152
5754442
5755413
5755909
5758178
5758205
5758633
5758668
5759825
5759854
5760736
5760998
5761577
5761992
5762094
5762145
5762174
5762227
5762307
5762448
5762602
5763667
5765552
