1000294
1000945
1001243
1001788
1002254
1002297
1002318
1002889
1002959
1003264
1003583
1003892
1004234
1004357
1004508
1004562
1004613
1004722
1004809
1005003
1005089
1005112
1005244
1005429
1005564
1005588
1006140
1006140
1006267
1006466
1006504
1006725
1006994
1007169
1007229
1007247
1007338
1007444
1007483
1007589
1007620
1007679
1007739
1007753
1007934
1007960
1008032
1008048
1008331
1008584
1008611
1008908
1008971
1009006
1009737
1010015
1010059
1010229
1010231
1010317
1010574
1010684
1010708
1010714
1010960
1010993
1011027
1011124
1011768
1012038
1012258
1012289
1012437
1012547
1012957
1012985
1013051
1013475
1013608
1014275
1014457
1014760
1014828
1014856
1015150
1015392
1015568
1016151
1016234
1016625
1016681
1016697
1017033
1017784
1017882
1018121
1018416
1018693
1018738
1018937
1018966
1019187
1019685
1019796
1020263
1020331
1020457
1020701
1020962
1021570
1021594
1021691
1021735
1022029
1022538
1023854
1024231
1025138
1025223
1025389
1026033
1026122
1026664
1026737
1026751
1027219
1027669
1027863
1028107
1028135
1028576
1029290
1030881
1030984
1031290
1031341
1031388
1031598
1031906
1031968
1032071
1032191
1032535
1032913
1033200
1033557
1033988
1034239
1034372
1034659
1034751
1035581
1036065
1036101
1036575
1037350
1037412
1038833
1039010
1040053
1040345
1040460
1040818
1041356
1041413
1041454
1041615
1043325
1043935
1044195
1044607
1044713
1044921
1045505
1045995
1046462
1046570
1046646
1046680
1046735
1046874
1046988
1047671
1048035
1048044
1048219
1050411
1050983
1051456
1051567
1051618
1052350
1053602
1053677
1054351
1054710
1055488
1056089
1057138
1057866
1057954
1058377
1059841
1060049
1060335
1060792
1060831
1061268
1061319
1061393
1061765
1061864
1062035
1062056
1063100
1063503
1063771
1063901
1065017
1065405
1065748
1066778
1066883
1066962
1067649
1067670
1068343
1068495
1069040
1069230
1069604
1069733
1069749
1070379
1070996
1072206
1074029
1074436
1074886
1075618
1075786
1076507
1076785
1076866
1077353
1077966
1078021
1078049
1078085
1078189
1078677
1079238
1081102
1082002
1082282
1082955
1082993
1083010
1083540
1084008
1084426
1085033
1085560
1087710
1087874
1088284
1088759
1088910
1089660
1089791
1090028
1090278
1090998
1091314
1091523
1091596
1091869
1092070
1092718
1092831
1093054
1093224
1093347
1094301
1095741
1097009
1097063
1097080
1097186
1097504
1098981
1099200
1099343
1100644
1101141
1101275
1102176
1102204
1103595
1104124
1104259
1105085
1105720
1106294
1106581
1107001
1107408
1107977
1108031
1108332
1108397
1108524
1108670
1108935
1109036
1109854
1111184
1111260
1112525
1112597
1112627
1112815
1112823
1114187
1114397
1114871
1114999
1115499
1116322
1116673
1117157
1117601
1118356
1118743
1118882
1120621
1121987
1123006
1123145
1123432
1123664
1124384
1124646
1126832
1127175
1127616
1127698
1127770
1127805
1128091
1128405
1129765
1129815
1129945
1130057
1130253
1130865
1131107
1131326
1133216
1134157
1134515
1135052
1135290
1137082
1138034
1138408
1138486
1138570
1139146
1139757
1140061
1141473
1142534
1142924
1143196
1143551
1144144
1144199
1146231
1146679
1146926
1147479
1147933
1148556
1148647
1149549
1151915
1152292
1153626
1154894
1155215
1155259
1155455
1155818
1156328
1156344
1157201
1157846
1159418
1159713
1160848
1160979
1161063
1161970
1162757
1163318
1163889
1164335
1165066
1165172
1165424
1165841
1168987
1169863
1170739
1171419
1172052
1172906
1173037
1173639
1175147
1175427
1178011
1178564
1178709
1178937
1179657
1179871
1180066
1181538
1182638
1183818
1184010
1184846
1185429
1185498
1186108
1187176
1187762
1188856
1189587
1189737
1190419
1190665
1191630
1192067
1193292
1193956
1194222
1195032
1196392
1197161
1198120
1198255
1198654
1199380
1200019
1200078
1200087
1200131
1200147
1200173
1200200
1200213
1200276
1200281
1200297
1200305
1200318
1200366
1200379
1200408
1200427
1200439
1200440
1200471
1200486
1200495
1200521
1200570
1200585
1200594
1200617
1200646
1200652
1200691
1200707
1200735
1200756
1200803
1200811
1200836
1200915
1200988
1201035
1201061
1201072
1201083
1201105
1201120
1201120
1201137
1201143
1201179
1201226
1201234
1201242
1201293
1201306
1201357
1201394
1201415
1201496
1201514
1201539
1201571
1201586
1201595
1201632
1201676
1201697
1201703
1201722
1201774
1201790
1201809
1201929
1201947
1202005
1202018
1202043
1202051
1202079
1202092
1202135
1202221
1202233
1202268
1202294
1202301
1202334
1202342
1202355
1202387
1202387
1202438
1202446
1202554
1202576
1202639
1202695
1202729
1202731
1202773
1202782
1202798
1202798
1202823
1202830
1202864
1202888
1202922
1202989
1202990
1203024
1203080
1203127
1203153
1203186
1203195
1203203
1203290
1203302
1203315
1203323
1203341
1203396
1203437
1203443
1203451
1203466
1203529
1203531
1203547
1203550
1203582
1203607
1203607
1203610
1203628
1203656
1203672
1203748
1203842
1203860
1203887
1203912
1203957
1203970
1203994
1204004
1204031
1204065
1204101
1204134
1204142
1204160
1204178
1204205
1204220
1204243
1204266
1204292
1204313
1204411
1204422
1204436
1204509
1204524
1204538
1204591
1204606
1204612
1204633
1204649
1204668
1204670
1204702
1204730
1204764
1204777
1204788
1204827
1204886
1204907
1204944
1204956
1204983
1204983
1204999
1205088
1205096
1205132
1205169
1205181
1205197
1205204
1205229
1205247
1205273
1205282
1205298
1205317
1205324
1205375
1205380
1205407
1205410
1205428
1205435
1205461
1205499
1205511
1205522
1205536
1205574
1205589
1205590
1205679
1205692
1205714
1205739
1205740
1205786
1205795
1205795
1205849
1205857
1205901
1205926
1205942
1205987
1206008
1206027
1206039
1206053
1206062
1206071
1206095
1206109
1206117
1206146
1206180
1206202
1206215
1206223
1206230
1206311
1206345
1206358
1206390
1206419
1206434
1206455
1206460
1206478
1206478
1206487
1206528
1206535
1206544
1206556
1206561
1206572
1206631
1206673
1206682
1206712
1206733
1206749
1206770
1206785
1206794
1206820
1206866
1206884
1206913
1206932
1206997
1207003
1207011
1207058
1207194
1207228
1207235
1207272
1207283
1207299
1207314
1207327
1207353
1207362
1207371
1207386
1207395
1207404
1207447
1207465
1207473
1207515
1207515
1207523
1207530
1207541
1207588
1207642
1207655
1207693
1207724
1207738
1207746
1207752
1207791
1207800
1207813
1207825
1207854
1207876
1207881
1207905
1207918
1207937
1207943
1208006
1208012
1208033
1208049
1208070
1208085
1208111
1208122
1208136
1208145
1208158
1208174
1208174
1208189
1208214
1208227
1208239
1208240
1208253
1208310
1208372
1208372
1208400
1208425
1208432
1208448
1208481
1208497
1208497
1208501
1208555
1208560
1208602
1208641
1208659
1208677
1208688
1208696
1208737
1208779
1208829
1208873
1208882
1208975
1209032
1209069
1209081
1209115
1209130
1209164
1209177
1209196
1209238
1209275
1209304
1209331
1209347
1209406
1209412
1209421
1209457
1209468
1209505
1209543
1209551
1209566
1209579
1209592
1209611
1209622
1209636
1209658
1209690
1209734
1209755
1209760
1209793
1209807
1209835
1209844
1209883
1209908
1209927
1209940
1210011
1210045
1210058
1210074
1210089
1210121
1210133
1210157
1210170
1210194
1210207
1210244
1210283
1210299
1210308
1210314
1210339
1210362
1210416
1210465
1210530
1210541
1210564
1210577
1210588
1210626
1210642
1210655
1210660
1210709
1210717
1210752
1210775
1210780
1210800
1210825
1210832
1210848
1210869
1210937
1210943
1210979
1210984
1210984
1211009
1211046
1211139
1211153
1211162
1211186
1211195
1211203
1211258
1211267
1211289
1211290
1211302
1211323
1211330
1211341
1211396
1211405
1211418
1211451
1211466
1211479
1211504
1211529
1211550
1211565
1211656
1211661
1211683
1211700
1211713
1211732
1211797
1211801
1211819
1211842
1211842
1211860
1211912
1211957
1211968
1211994
1212008
1212027
1212039
1212053
1212117
1212163
1212230
1212288
1212296
1212322
1212336
1212345
1212367
1212374
1212390
1212419
1212426
1212460
1212478
1212487
1212493
1212507
1212528
1212535
1212535
1212544
1212561
1212599
1212629
1212712
1212733
1212749
1212770
1212805
1212820
1212866
1212879
1212900
1212925
1212981
1212981
1213001
1213034
1213087
1213131
1213165
1213182
1213248
1213254
1213281
1213318
1213337
1213343
1213351
1213379
1213384
1213439
1213506
1213521
1213585
1213617
1213638
1213675
1213691
1213735
1213756
1213761
1213783
1213799
1213811
1213836
1213845
1213858
1213867
1213902
1213930
1214021
1214033
1214049
1214070
1214085
1214094
1214122
1214145
1214158
1214167
1214190
1214227
1214253
1214262
1214286
1214310
1214328
1214335
1214372
1214399
1214413
1214448
1214519
1214542
1214555
1214555
1214578
1214593
1214593
1214602
1214623
1214630
1214641
1214664
1214705
1214718
1214743
1214847
1214873
1214924
1214946
1214952
1214963
1214980
1215018
1215037
1215043
1215066
1215107
1215110
1215135
1215144
1215161
1215206
1215249
1215285
1215301
1215326
1215342
1215355
1215387
1215393
1215438
1215513
1215525
1215532
1215548
1215627
1215640
1215653
1215671
1215686
1215695
1215716
1215731
1215747
1215750
1215815
1215859
1215864
1215911
1215936
1215945
1216004
1216016
1216073
1216082
1216119
1216126
1216134
1216142
1216193
1216205
1216218
1216220
1216251
1216266
1216279
1216313
1216332
1216348
1216354
1216376
1216397
1216411
1216422
1216436
1216445
1216474
1216517
1216563
1216580
1216633
1216657
1216670
1216685
1216694
1216715
1216723
1216741
1216764
1216777
1216814
1216839
1216871
1216907
1216972
1217000
1217013
1217025
1217069
1217097
1217115
1217130
1217177
1217196
1217209
1217246
1217263
1217291
1217304
1217347
1217398
1217406
1217421
1217433
1217449
1217457
1217468
1217494
1217518
1217537
1217566
1217579
1217603
1217622
1217636
1217658
1217667
1217674
1217690
1217726
1217726
1217742
1217760
1217807
1217835
1217861
1217872
1217914
1217927
1217953
1217986
1218002
1218023
1218030
1218059
1218064
1218077
1218113
1218113
1218125
1218169
1218176
1218181
1218216
1218247
1218265
1218265
1218282
1218298
1218309
1218317
1218324
1218338
1218352
1218375
1218435
1218435
1218444
1218472
1218483
1218522
1218567
1218590
1218605
1218651
1218666
1218692
1218708
1218714
1218727
1218740
1218786
1218806
1218821
1218868
1218870
1218894
1218919
1218926
1218942
1219007
1219028
1219044
1219061
1219105
1219118
1219151
1219166
1219184
1219192
1219219
1219306
1219312
1219333
1219370
1219385
1219415
1219423
1219459
1219477
1219488
1219514
1219540
1219562
1219595
1219648
1219654
1219669
1219676
1219681
1219697
1219703
1219711
1219736
1219758
1219789
1219790
1219863
1219875
1219880
1219947
1219950
1219965
1219973
1219982
1220021
1220033
1220094
1220111
1220122
1220136
1220174
1220190
1220271
1220286
1220335
1220344
1220356
1220361
1220469
1220497
1220519
1220534
1220542
1220555
1220560
1220587
1220593
1220602
1220677
1220688
1220720
1220779
1220792
1220816
1220829
1220873
1220882
1220917
1220917
1220952
1220975
1220980
1221005
1221037
1221079
1221092
1221110
1221128
1221206
1221233
1221270
1221285
1221285
1221326
1221334
1221355
1221360
1221378
1221387
1221409
1221446
1221452
1221480
1221491
1221597
1221614
1221640
1221671
1221686
1221782
1221798
1221802
1221815
1221823
1221864
1221888
1221896
1221911
1221922
1221989
1221990
1222007
1222044
1222061
1222137
1222143
1222151
1222201
1222242
1222255
1222260
1222278
1222293
1222293
1222321
1222349
1222368
1222385
1222402
1222415
1222423
1222464
1222496
1222508
1222540
1222553
1222571
1222586
1222625
1222648
1222676
1222697
1222703
1222722
1222767
1222817
1222838
1222852
1222863
1222880
1222880
1222891
1222904
1222916
1222929
1222965
1223002
1223015
1223023
1223030
1223077
1223096
1223100
1223113
1223148
1223176
1223204
1223229
1223231
1223282
1223298
1223317
1223346
1223380
1223391
1223407
1223410
1223435
1223483
1223499
1223511
1223558
1223574
1223651
1223679
1223684
1223708
1223727
1223762
1223812
1223833
1223849
1223868
1223885
1223894
1223901
1223942
1223987
1224003
1224022
1224045
1224058
1224089
1224106
1224133
1224149
1224210
1224272
1224308
1224314
1224339
1224340
1224362
1224404
1224473
1224482
1224498
1224502
1224523
1224523
1224541
1224577
1224601
1224642
1224660
1224693
1224709
1224738
1224752
1224780
1224791
1224832
1224854
1224897
1224937
1224951
1224984
1224992
1225009
1225017
1225046
1225063
1225080
1225091
1225114
1225139
1225171
1225195
1225236
1225289
1225290
1225302
1225323
1225330
1225359
1225359
1225364
1225377
1225388
1225396
1225443
1225484
1225547
1225565
1225607
1225628
1225656
1225661
1225672
1225713
1225725
1225732
1225748
1225769
1225781
1225797
1225801
1225819
1225826
1225855
1225878
1225906
1225921
1225957
1225957
1225968
1225968
1225994
1226000
1226013
1226025
1226048
1226097
1226115
1226123
1226141
1226164
1226188
1226217
1226263
1226291
1226304
1226329
1226350
1226365
1226373
1226398
1226406
1226412
1226421
1226449
1226470
1226494
1226520
1226537
1226566
1226579
1226584
1226611
1226622
1226636
1226645
1226726
1226742
1226755
1226787
1226828
1226861
1226927
1226940
1227004
1227073
1227101
1227178
1227187
1227193
1227237
1227243
1227284
1227313
1227376
1227445
1227467
1227509
1227546
1227552
1227670
1227702
1227715
1227808
1227814
1227862
1227871
1227895
1227907
1227928
1227935
1227944
1227956
1227961
1227983
1228034
1228042
1228055
1228060
1228116
1228129
1228131
1228165
1228200
1228254
1228276
1228297
1228351
1228379
1228392
1228427
1228439
1228453
1228453
1228486
1228495
1228512
1228521
1228533
1228609
1228663
1228735
1228756
1228761
1228772
1228799
1228803
1228811
1228836
1228845
1228902
1228923
1228930
1228941
1228959
1228964
1228988
1229014
1229124
1229146
1229152
1229202
1229389
1229390
1229493
1229510
1229510
1229528
1229535
1229535
1229561
1229572
1229629
1229631
1229665
1229706
1229721
1229733
1229749
1229757
1229770
1229785
1229805
1229892
1229932
1230030
1230064
1230132
1230154
1230169
1230197
1230216
1230229
1230250
1230265
1230282
1230298
1230309
1230317
1230346
1230380
1230410
1230435
1230444
1230456
1230483
1230503
1230574
1230590
1230637
1230651
1230666
1230708
1230739
1230753
1230762
1230795
1230806
1230812
1230857
1230868
1230870
1230894
1230919
1230942
1230955
1230960
1230993
1231027
1231039
1231086
1231095
1231109
1231117
1231117
1231124
1231138
1231146
1231163
1231175
1231191
1231215
1231277
1231277
1231336
1231358
1231426
1231434
1231478
1231493
1231507
1231510
1231528
1231535
1231544
1231583
1231583
1231604
1231616
1231647
1231650
1231673
1231721
1231733
1231770
1231794
1231818
1231866
1231879
1231884
1231892
1231900
1231925
1231932
1231954
1231976
1232009
1232024
1232046
1232063
1232080
1232091
1232108
1232153
1232186
1232203
1232203
1232211
1232222
1232236
1232290
1232302
1232330
1232341
1232359
1232437
1232443
1232484
1232504
1232550
1232565
1232598
1232635
1232661
1232700
1232725
1232842
1232860
1232893
1232933
1232957
1232994
1233018
1233037
1233051
1233066
1233079
1233084
1233110
1233128
1233135
1233172
1233199
1233233
1233294
1233319
1233355
1233360
1233378
1233463
1233475
1233480
1233513
1233525
1233548
1233597
1233653
1233704
1233716
1233731
1233765
1233864
1233877
1233888
1233896
1233903
1233922
1233936
1233945
1233974
1233990
1234025
1234048
1234069
1234130
1234188
1234209
1234224
1234246
1234275
1234291
1234304
1234347
1234373
1234382
1234406
1234421
1234433
1234449
1234468
1234470
1234505
1234537
1234566
1234566
1234645
1234701
1234726
1234760
1234778
1234787
1234793
1234810
1234828
1234844
1234856
1234883
1234927
1234939
1234939
1234940
1234953
1235019
1235034
1235055
1235116
1235129
1235147
1235150
1235173
1235198
1235200
1235225
1235232
1235254
1235269
1235281
1235305
1235366
1235384
1235414
1235439
1235440
1235453
1235462
1235471
1235521
1235533
1235549
1235557
1235585
1235594
1235617
1235638
1235680
1235728
1235735
1235744
1235761
1235811
1235845
1235858
1235867
1235874
1235889
1235890
1235902
1235964
1235988
1236007
1236056
1236072
1236099
1236137
1236143
1236151
1236184
1236192
1236234
1236287
1236312
1236333
1236349
1236357
1236368
1236402
1236423
1236430
1236459
1236464
1236477
1236540
1236540
1236613
1236669
1236681
1236681
1236697
1236703
1236722
1236736
1236774
1236809
1236817
1236852
1236875
1236880
1236916
1236929
1236931
1236965
1236982
1237006
1237033
1237068
1237070
1237094
1237103
1237122
1237158
1237214
1237227
1237240
1237271
1237307
1237344
1237383
1237400
1237497
1237587
1237593
1237623
1237641
1237664
1237688
1237743
1237779
1237784
1237816
1237829
1237882
1237898
1237924
1237980
1238003
1238036
1238168
1238272
1238339
1238340
1238447
1238498
1238523
1238564
1238660
1238709
1238738
1238763
1238775
1238854
1238854
1238869
1238881
1238943
1238979
1238984
1239082
1239098
1239160
1239160
1239220
1239251
1239403
1239458
1239552
1239563
1239591
1239839
1239840
1239862
1239907
1239928
1239944
1240009
1240009
1240038
1240114
1240171
1240236
1240289
1240302
1240377
1240437
1240451
1240504
1240516
1240565
1240573
1240582
1240607
1240610
1240635
1240683
1240713
1240834
1240933
1241048
1241076
1241081
1241141
1241164
1241177
1241217
1241280
1241304
1241347
1241398
1241412
1241457
1241470
1241494
1241636
1241760
1241787
1241793
1241872
1241883
1241899
1241914
1242148
1242176
1242265
1242273
1242282
1242298
1242338
1242363
1242375
1242428
1242435
1242444
1242456
1242499
1242536
1242605
1242684
1242762
1242771
1242849
1242868
1242885
1242955
1242978
1243035
1243137
1243192
1243293
1243385
1243394
1243527
1243586
1243625
1243758
1243767
1243817
1243916
1243931
1244062
1244086
1244109
1244117
1244202
1244215
1244336
1244556
1244561
1244616
1244629
1244647
1244650
1244673
1244673
1244698
1244749
1244785
1244925
1244997
1245033
1245189
1245239
1245328
1245335
1245425
1245501
1245519
1245542
1245560
1245623
1245641
1245696
1245751
1245847
1245898
1245991
1246005
1246270
1246387
1246409
1246463
1246548
1246576
1246608
1246627
1246704
1246823
1246888
1246958
1246974
1246989
1247042
1247104
1247225
1247305
1247384
1247414
1247427
1247557
1247680
1247923
1247923
1248369
1248381
1248467
1248723
1248840
1248853
1248907
1248907
1248935
1248956
1248983
1249074
1249170
1249244
1249482
1249564
1249724
1249763
1249876
1249897
1249992
1250007
1250293
1250321
1250402
1250676
1250767
1250809
1250947
1250947
1251157
1251157
1251272
1251327
1251339
1251404
1251431
1251482
1251541
1251724
1251763
1252006
1252085
1252158
1252189
1252208
1252328
1252399
1252481
1252630
1252705
1252751
1252766
1252873
1252938
1253000
1253000
1253291
1253406
1253468
1253566
1253645
1253742
1254020
1254107
1254233
1254257
1254270
1254378
1254438
1254554
1254576
1254671
1254695
1254798
1254841
1254945
1255155
1255205
1255220
1255348
1255411
1255422
1255524
1255741
1255808
1255871
1256030
1256113
1256169
1256181
1256197
1256265
1256273
1256282
1256410
1256410
1256643
1256679
1256692
1256919
1257046
1257063
1257290
1257315
1257330
1257377
1257582
1257607
1257748
1257754
1257970
1258095
1258770
1259129
1259182
1259225
1259675
1259744
1259756
1259756
1259799
1259930
1260238
1260537
1260551
1260689
1260734
1260787
1260939
1261019
1261276
1261351
1261512
1261617
1261675
1261890
1262524
1262606
1263937
1264317
1265629
1265682
1265721
1266021
1266174
1266361
1266898
1266898
1267357
1268581
1268608
1268815
1268903
1269323
1269713
1270480
1272392
1272440
1272495
1273223
1273535
1273682
1273818
1274287
1274929
1276274
1276970
1277250
1278861
1280014
1280191
1281917
1283871
1284418
1284437
1285123
1285350
1287576
1287989
1294254
1295600
1297215
1297843
1298017
1300025
1300032
1300054
1300081
1300097
1300102
1300115
1300130
1300164
1300177
1300238
1300246
1300252
1300275
1300280
1300291
1300304
1300329
1300331
1300347
1300398
1300433
1300449
1300470
1300494
1300505
1300518
1300543
1300579
1300592
1300603
1300622
1300667
1300689
1300701
1300742
1300755
1300778
1300787
1300793
1300793
1300807
1300844
1300856
1300861
1300899
1300908
1300971
1301019
1301055
1301078
1301078
1301087
1301104
1301116
1301173
1301198
1301200
1301213
1301232
1301248
1301254
1301276
1301320
1301343
1301379
1301392
1301408
1301414
1301440
1301440
1301486
1301495
1301521
1301557
1301568
1301570
1301594
1301624
1301638
1301663
1301691
1301707
1301728
1301735
1301744
1301756
1301783
1301803
1301811
1301845
1301867
1301874
1301890
1301902
1301930
1301988
1302016
1302029
1302031
1302047
1302098
1302101
1302119
1302134
1302178
1302193
1302218
1302279
1302284
1302292
1302325
1302354
1302369
1302381
1302403
1302422
1302436
1302445
1302524
1302563
1302575
1302606
1302621
1302657
1302670
1302685
1302715
1302730
1302759
1302777
1302788
1302808
1302862
1302944
1302999
1303011
1303022
1303045
1303058
1303074
1303089
1303106
1303157
1303170
1303194
1303207
1303272
1303283
1303314
1303395
1303416
1303447
1303465
1303473
1303502
1303530
1303559
1303596
1303601
1303619
1303626
1303642
1303678
1303687
1303709
1303717
1303724
1303738
1303746
1303775
1303897
1303943
1303979
1303984
1304002
1304023
1304064
1304077
1304096
1304148
1304176
1304216
1304231
1304247
1304250
1304273
1304298
1304317
1304346
1304352
1304380
1304391
1304435
1304483
1304511
1304511
1304574
1304605
1304618
1304643
1304651
1304679
1304714
1304727
1304739
1304740
1304786
1304857
1304894
1304919
1304934
1304942
1304955
1304987
1304993
1305040
1305071
1305086
1305109
1305117
1305124
1305146
1305152
1305175
1305191
1305215
1305264
1305277
1305288
1305296
1305311
1305374
1305389
1305426
1305434
1305544
1305616
1305616
1305665
1305698
1305721
1305749
1305770
1305794
1305837
1305843
1305866
1305925
1305969
1305981
1306006
1306012
1306049
1306085
1306094
1306103
1306136
1306189
1306190
1306239
1306253
1306310
1306399
1306413
1306425
1306448
1306469
1306497
1306555
1306560
1306602
1306641
1306659
1306677
1306696
1306737
1306743
1306743
1306766
1306831
1306847
1306847
1306882
1306917
1306952
1306963
1306980
1306991
1307007
1307010
1307028
1307072
1307083
1307151
1307179
1307192
1307226
1307234
1307242
1307260
1307287
1307349
1307357
1307368
1307370
1307415
1307423
1307430
1307488
1307514
1307600
1307613
1307625
1307632
1307654
1307676
1307681
1307697
1307711
1307789
1307824
1307846
1307863
1307875
1307891
1307916
1307929
1307973
1307982
1308005
1308018
1308020
1308051
1308066
1308079
1308092
1308107
1308128
1308135
1308161
1308199
1308233
1308270
1308285
1308294
1308326
1308355
1308446
1308475
1308500
1308513
1308548
1308576
1308627
1308640
1308686
1308729
1308731
1308773
1308798
1308823
1308841
1308859
1308936
1308958
1308967
1308990
1309009
1309017
1309038
1309052
1309080
1309114
1309127
1309195
1309203
1309211
1309236
1309258
1309267
1309274
1309323
1309330
1309377
1309396
1309516
1309516
1309529
1309550
1309573
1309582
1309598
1309628
1309635
1309656
1309683
1309713
1309748
1309797
1309842
1309860
1309887
1309893
1309949
1309957
1309968
1309994
1310010
1310035
1310061
1310072
1310166
1310184
1310192
1310201
1310226
1310278
1310287
1310312
1310321
1310368
1310370
1310385
1310402
1310415
1310430
1310464
1310477
1310514
1310527
1310539
1310540
1310586
1310600
1310613
1310654
1310669
1310681
1310703
1310711
1310745
1310774
1310789
1310790
1310817
1310852
1310863
1310863
1310875
1310931
1310947
1310973
1310982
1311011
1311036
1311045
1311058
1311074
1311089
1311106
1311121
1311185
1311194
1311299
1311327
1311327
1311340
1311353
1311353
1311386
1311395
1311416
1311431
1311465
1311482
1311502
1311523
1311559
1311577
1311588
1311619
1311626
1311655
1311660
1311678
1311687
1311693
1311709
1311752
1311763
1311791
1312924
1313872
1316064
1316282
1316857
1318544
1319305
1323117
1323241
1325074
1325897
1326776
1327363
1328505
1330191
1331501
1331784
1335246
1336131
1336182
1338312
1339181
1344240
1344696
1346292
1346563
1346827
1347449
1348567
1349226
1350248
1350744
1350959
1351711
1353776
1353826
1356230
1356650
1357431
1358033
1360080
1361398
1361470
1361719
1361971
1363600
1364665
1365070
1365615
1367680
1368907
1371250
1371444
1374414
1375255
1376752
1376876
1378970
1379716
1380469
1383077
1383100
1383849
1383987
1384283
1384746
1384775
1385377
1388392
1389434
1391152
1391535
1391932
1392754
1393326
1393671
1394013
1394835
1395486
1398244
1399016
1399073
1399098
1401051
1401877
1402385
1403041
1403169
1403727
1405063
1406347
1406382
1406667
1407928
1408269
1408710
1408996
1409071
1411317
1412611
1414756
1415179
1415306
1418699
1419051
1419802
1422233
1423302
1424422
1425002
1426124
1426345
1426805
1427036
1428174
1428310
1428335
1428623
1431412
1431645
1431793
1433790
1434109
1434117
1434629
1435208
1435917
1440247
1443945
1445343
1446540
1446809
1450475
1450729
1452198
1452988
1454287
1457692
1457987
1458280
1459873
1463004
1463220
1464091
1466213
1466772
1466915
1467183
1467782
1470722
1471752
1473280
1474206
1474270
1475961
1476154
1477547
1479756
1481427
1482237
1485698
1486335
1486924
1487625
1488135
1488911
1489046
1489302
1490207
1490299
1490465
1491038
1491547
1492528
1493165
1496422
1497883
1498391
1498545
1498574
1503246
1503844
1504747
1506708
1507038
1508507
1511141
1513278
1517836
1519362
1519502
1519541
1519724
1521068
1521070
1523796
1525551
1525807
1526977
1527627
1528790
1529821
1531739
1531795
1531894
1532246
1533208
1533399
1533454
1535916
1536133
1537969
1539144
1540252
1540883
1541055
1541902
1544942
1548653
1550832
1551127
1553495
1553624
1554898
1556029
1556065
1556474
1557365
1557584
1558204
1560803
1561965
1562888
1563388
1564524
1565309
1566109
1566311
1567502
1567559
1567634
1571319
1574340
1577178
1577436
1577612
1580428
1580605
1583409
1586260
1586527
1588564
1591575
1592988
1595194
1597762
1598449
1598883
1599361
1600008
1600374
1600721
1601012
1601743
1606305
1607608
1609169
1610066
1610294
1610639
1612019
1612902
1612923
1613040
1613913
1613997
1614676
1616834
1616842
1616860
1617041
1619239
1620562
1621022
1621314
1621775
1622239
1623986
1625668
1626926
1627893
1628345
1628969
1631351
1632325
1635180
1635288
1636400
1637817
1638864
1638989
1639140
1642398
1642701
1642927
1644902
1646869
1648492
1650425
1651958
1654283
1655080
1655274
1656579
1657082
1657284
1658248
1658996
1659794
1659925
1659948
1660125
1660298
1660849
1661086
1661535
1662550
1663773
1665116
1666166
1667696
1672631
1672805
1673680
1674448
1674555
1675936
1676862
1677551
1678942
1679654
1679931
1680305
1681767
1682183
1683443
1684047
1684723
1684999
1685002
1686053
1686434
1686604
1686768
1686866
1687090
1687660
1693648
1693736
1693838
1694202
1696765
1696967
1697889
1699157
1699943
1700552
1701250
1701684
1701901
1704570
1705402
1708290
1709084
1714834
1714912
1715807
1716055
1720364
1720550
1721123
1721421
1721645
1721690
1722849
1723368
1723586
1723863
1725865
1726417
1726798
1726990
1729185
1730184
1730357
1732253
1732602
1734662
1735862
1736740
1737801
1738976
1739858
1740779
1741525
1743100
1743148
1743298
1744362
1746164
1746209
1746810
1748744
1751146
1754263
1754537
1754899
1755996
1756973
1757174
1760424
1761668
1762150
1764312
1766080
1766754
1767739
1768013
1769307
1770914
1772004
1773228
1773395
1774125
1776021
1776122
1776399
1776743
1777852
1778135
1779195
1779364
1781139
1781635
1784476
1784542
1785581
1785639
1785936
1785989
1787246
1789321
1790462
1791166
1793492
1794657
1795620
1795679
1797194
1797780
1798980
1799032
1799252
1800752
1801732
1802820
1803078
1803379
1807584
1808231
1808955
1809676
1810674
1812546
1813800
1814125
1814169
1814714
1814926
1818066
1818128
1818513
1819127
1822222
1822949
1823285
1823750
1823974
1826287
1826790
1828564
1830221
1830864
1831381
1833288
1833631
1833997
1834394
1837113
1837181
1837407
1838291
1839593
1840254
1841357
1842144
1842257
1843203
1844862
1846954
1847339
1849592
1850396
1851069
1852919
1855214
1855383
1855497
1856206
1856922
1856922
1860293
1860745
1863793
1865445
1868434
1869652
1869964
1870843
1871286
1874985
1875350
1876675
1877326
1879247
1881651
1881666
1888420
1888607
1891409
1891671
1892105
1892118
1893708
1894693
1895108
1897580
1898305
1898836
1899544
1901389
1901510
1901599
1902377
1903548
1904543
1904939
1905087
1905129
1905680
1907271
1907526
1909220
1910310
1911554
1912415
1913821
1914951
1915516
1916398
1918728
1920133
1920314
1920386
1920395
1921968
1923351
1925319
1926961
1927097
1928030
1929201
1931998
1932945
1933046
1933153
1933531
1933748
1935643
1936561
1937261
1938602
1940128
1940532
1942638
1943124
1944137
1946017
1946195
1946388
1946610
1948543
1948734
1950954
1952121
1952502
1952869
1955518
1955939
1957172
1959125
1959204
1959309
1959363
1960348
1960999
1963189
1964889
1965514
1965711
1966228
1969747
1974014
1974367
1975481
1975784
1976005
1976491
1977034
1977594
1978862
1980234
1982476
1982664
1982882
1983689
1983755
1984750
1984765
1986391
1992411
1993660
1993992
1994380
1994643
1994786
1995390
1996975
1997669
1998554
1998627
1999610
1999860
2001018
2001417
2002007
2003795
2004577
2004738
2005009
2005529
2007759
2008129
2010910
2011558
2014836
2014845
2014996
2015105
2016465
2018330
2019417
2020254
2023516
2024668
2029566
2030826
2031263
2035372
2036005
2036903
2037131
2038016
2041288
2042359
2042776
2042994
2043569
2048693
2048825
2048832
2051126
2053008
2053039
2054201
2054654
2054973
2056222
2058470
2058742
2058971
2059033
2059057
2059804
2060374
2060770
2061111
2063142
2063381
2063777
2065032
2065196
2067172
2067773
2070648
2071074
2071876
2074270
2074782
2074896
2075670
2075895
2076410
2076727
2079116
2079533
2079845
2083431
2085117
2085259
2085561
2085682
2087891
2088268
2088653
2089683
2090261
2091396
2091550
2095597
2095704
2097373
2100350
2100810
2103194
2103717
2107370
2107477
2107931
2109826
2109855
2109893
2109957
2109994
2112328
2112400
2112696
2112705
2113123
2113579
2115381
2115685
2116503
2117222
2117598
2117826
2117933
2120268
2120355
2121538
2123561
2123866
2124312
2126801
2127096
2127499
2127978
2130426
2130487
2131630
2134330
2135331
2137183
2137257
2138539
2139096
2140660
2140848
2141245
2142493
2145773
2145782
2148590
2149852
2150890
2152945
2153195
2155483
2156230
2156851
2156932
2158145
2158946
2161899
2162125
2163600
2164647
2166051
2166326
2167060
2167213
2167858
2167941
2168187
2169825
2173286
2173898
2174131
2179249
2180328
2182105
2182496
2182676
2183605
2184619
2187251
2188761
2189230
2189879
2190885
2191478
2191665
2192466
2193424
2195248
2195735
2197476
2197664
2198854
2201121
2201283
2201339
2201395
2201416
2201429
2204270
2205670
2206637
2209034
2210211
2211689
2213061
2213562
2214215
2215094
2216491
2221049
2223050
2223886
2225962
2229041
2230292
2235219
2236979
2237175
2238420
2238842
2238893
2240304
2242694
2242764
2244064
2244132
2244176
2247035
2248387
2249550
2249754
2252027
2252322
2252487
2253783
2254991
2255802
2255911
2258727
2259916
2260744
2262199
2264142
2264489
2264715
2265739
2266843
2268033
2268361
2269013
2270952
2271020
2271513
2271729
2274058
2276927
2277546
2277694
2277814
2277886
2279367
2281721
2281997
2282826
2283020
2283156
2283525
2284543
2285427
2286514
2286929
2287743
2287816
2289862
2290729
2291073
2291580
2293215
2294083
2296290
2296437
2296504
2296529
2297273
2298263
2298760
2299262
2300318
2300728
2300867
2301553
2302750
2302922
2304313
2305125
2305338
2310022
2311607
2312434
2313042
2313337
2313427
2314070
2315005
2320361
2320555
2323643
2323934
2324482
2325628
2326566
2334316
2335392
2336255
2337898
2344604
2347414
2347710
2349074
2349717
2349825
2351450
2352792
2354393
2354513
2355777
2356298
2359131
2359506
2360927
2363283
2363299
2364739
2365976
2368452
2370156
2371580
2371961
2372707
2372858
2373969
2374151
2375642
2375854
2376860
2377113
2378196
2378304
2379286
2379952
2379963
2380604
2381850
2381898
2382482
2385000
2385861
2386165
2388083
2388904
2390004
2390612
2391002
2391545
2392742
2394165
2395982
2399084
2400866
2401542
2403445
2403649
2404887
2405217
2405252
2407128
2407765
2408625
2408817
2409714
2409833
2410144
2410639
2411101
2412173
2413095
2416933
2417324
2419012
2419361
2419630
2421724
2424161
2424639
2427171
2427842
2428665
2428706
2430701
2432552
2432606
2433541
2434692
2434870
2435535
2438084
2438639
2441030
2441574
2441901
2442518
2442520
2443328
2443688
2444305
2447322
2448245
2448323
2448573
2448610
2449319
2450497
2450882
2454473
2456209
2456778
2457155
2457178
2459556
2461604
2461932
2462323
2462504
2462661
2463802
2463967
2464141
2465512
2466423
2466965
2467980
2468089
2468678
2468984
2469050
2470157
2471418
2473198
2474085
2476050
2476325
2477280
2481562
2482765
2483075
2483573
2483725
2484119
2484369
2484403
2485812
2487642
2487687
2490396
2490957
2492503
2493838
2494277
2495145
2497182
2497305
2497735
2499992
2500450
2500577
2503147
2503379
2508113
2508461
2511281
2511521
2511691
2511858
2513386
2513763
2514041
2516006
2516469
2517192
2517415
2519451
2519504
2522529
2522635
2523270
2524566
2526083
2527593
2529082
2529445
2531220
2532078
2532462
2533277
2535112
2535678
2536479
2537148
2540026
2540116
2541625
2543492
2543878
2544563
2545753
2546040
2547207
2549787
2552247
2552298
2552605
2552762
2554616
2554932
2556084
2556161
2556424
2556500
2557867
2560321
2561763
2562688
2564491
2565910
2566618
2567661
2567769
2568374
2569977
2572371
2572447
2575940
2576890
2578349
2578423
2578790
2580723
2580730
2581317
2581536
2581812
2583383
2586626
2587892
2589990
2590705
2591569
2591686
2592459
2592863
2593786
2598902
2600857
2601202
2601706
2603144
2603491
2604622
2606137
2606929
2608045
2608564
2610952
2611326
2611802
2612553
2614918
2616347
2616421
2616689
2617073
2617580
2619604
2621598
2622062
2622507
2623680
2623822
2626134
2626489
2626907
2628169
2628714
2628894
2628978
2629430
2630707
2630874
2631415
2631931
2632270
2632896
2633970
2634126
2634839
2635503
2637601
2637626
2639025
2639398
2639807
2639872
2640378
2641073
2641126
2643820
2644137
2644758
2644973
2645121
2645133
2645465
2646024
2647987
2652655
2653325
2655760
2655787
2656512
2656836
2657128
2658083
2658333
2661030
2661273
2661934
2662196
2662382
2662760
2663975
2665321
2665477
2666121
2666498
2666642
2667180
2667631
2668635
2669936
2670162
2670994
2672197
2676018
2676922
2677783
2681746
2682240
2683081
2686030
2686100
2686317
2686679
2687171
2688478
2689019
2689803
2689890
2691200
2691735
2692160
2693800
2696253
2697539
2697613
2698525
2700548
2700958
2702060
2702173
2705339
2705596
2706186
2707282
2707786
2707821
2707942
2708971
2709555
2710125
2710428
2711311
2711390
2711721
2714196
2715471
2716402
2716809
2719279
2719458
2721200
2723003
2725175
2726068
2728802
2729364
2730979
2731038
2731573
2734286
2734615
2734898
2734991
2735686
2735859
2736862
2737081
2738503
2739745
2740913
2742848
2743606
2745115
2746055
2746680
2747051
2747773
2747967
2748056
2749771
2751113
2752940
2754034
2754276
2754320
2754638
2758140
2758504
2761597
2761627
2763536
2763885
2764854
2765732
2765933
2767458
2767741
2767935
2768150
2768414
2768570
2768707
2769706
2770439
2772859
2772990
2773222
2774300
2775380
2775870
2776117
2777067
2779097
2779760
2782472
2783226
2785208
2786576
2788422
2790625
2791058
2791523
2791943
2792980
2794686
2795243
2795633
2796960
2799129
2800341
2802870
2805766
2807001
2807165
2807384
2807663
2807799
2807858
2808300
2808796
2809371
2810822
2810941
2812128
2812378
2814956
2815589
2816866
2821041
2821522
2822217
2822347
2823286
2824379
2826966
2827358
2829334
2830262
2830831
2830847
2830850
2831005
2831212
2831360
2833684
2833692
2836468
2836543
2838959
2840035
2840703
2841058
2843177
2844974
2846317
2847302
2848785
2850209
2851019
2851533
2853465
2854231
2855163
2855303
2855698
2858212
2859359
2860074
2860951
2862345
2865896
2867520
2868894
2868955
2869137
2870181
2872797
2872842
2873877
2874520
2874883
2875521
2875557
2876527
2877399
2878832
2879266
2879422
2879467
2881621
2882384
2883389
2885194
2885984
2886776
2887250
2887265
2888734
2890086
2890851
2890948
2891560
2894186
2896710
2897051
2901771
2902331
2903400
2904799
2905950
2906074
2907884
2908038
2908912
2910487
2911766
2914405
2915603
2916019
2917513
2923514
2925882
2927384
2927440
2928591
2929362
2929386
2929709
2929738
2929905
2930234
2931447
2933209
2933592
2935741
2935839
2936806
2937933
2938175
2939439
2940425
2941446
2941989
2944530
2944588
2945598
2947563
2949311
2950739
2952017
2953221
2953387
2953747
2953936
2956931
2959524
2962213
2962858
2962890
2962902
2963322
2963706
2964278
2965678
2967483
2970032
2972119
2973920
2974059
2975712
2976085
2978731
2979153
2980746
2982322
2983462
2985051
2986580
2986702
2987457
2992671
2992841
2993080
2994098
2994142
2996146
2998873
3000163
3002746
3003490
3004139
3005584
3009064
3009181
3009536
3009574
3010037
3010128
3011862
3012305
3012811
3013191
3013997
3014184
3015022
3015869
3016203
3018760
3020287
3021717
3023331
3024066
3024438
3024513
3024830
3025243
3027396
3028288
3030914
3031923
3032292
3035296
3036688
3038326
3038532
3038903
3040956
3041015
3041483
3043253
3049747
3052965
3054450
3054951
3055258
3057004
3057187
3059163
3059175
3060795
3062289
3063475
3063554
3064543
3067239
3068314
3068339
3069279
3069538
3070133
3070918
3071405
3072358
3075765
3076205
3077689
3079143
3079965
3080680
3080822
3083139
3085456
3086805
3093929
3094673
3095432
3096750
3097026
3099235
3100305
3100761
3100889
3101201
3101349
3101464
3101863
3102020
3102974
3104621
3105620
3105960
3106039
3107717
3108534
3110752
3115107
3115576
3118786
3120602
3121513
3122105
3124416
3125893
3127178
3127237
3128248
3129146
3130273
3133110
3137070
3137587
3143120
3146020
3146172
3146393
3146463
3148445
3148649
3151168
3151596
3151687
3152335
3152469
3152831
3153726
3154936
3156590
3156618
3157420
3158478
3159026
3160622
3161570
3163530
3166214
3166630
3166792
3168221
3168990
3169009
3171065
3176396
3176699
3179743
3181240
3182678
3182920
3183670
3184139
3185505
3186129
3186811
3187249
3187614
3187686
3188654
3190300
3193664
3194486
3194959
3197794
3198289
3198860
3198957
3199704
3199967
3199974
3201582
3202401
3202616
3202969
3204335
3205043
3205475
3206436
3206552
3206591
3207468
3208002
3208833
3209527
3210350
3211495
3212016
3213825
3214499
3216344
3218084
3218110
3218815
3219418
3220154
3220714
3221599
3221976
3222153
3223888
3225276
3226904
3228429
3228619
3229332
3229606
3229715
3231325
3231376
3232585
3232915
3233706
3235832
3236672
3236826
3237567
3237795
3237857
3238398
3241099
3242393
3243024
3243893
3244381
3244657
3245265
3245511
3246230
3246507
3247920
3248136
3249373
3249406
3252993
3254180
3255189
3255271
3255448
3257803
3259724
3261881
3262240
3262779
3264084
3265237
3265490
3269379
3270510
3270535
3272943
3273467
3274341
3275701
3275807
3277212
3278118
3279708
3281727
3282347
3283555
3285931
3290448
3291747
3292430
3292600
3292736
3293435
3293786
3294314
3295842
3296566
3297178
3297218
3298320
3299556
3299572
3301502
3301775
3303579
3304128
3304548
3304686
3304958
3307046
3307420
3308913
3309384
3310139
3310289
3312739
3313083
3313838
3315779
3315847
3316729
3317772
3321167
3321295
3321847
3322687
3323591
3324933
3325844
3329100
3329499
3329503
3330606
3331545
3333253
3335321
3335488
3335625
3337510
3338388
3340433
3343339
3343353
3343530
3346519
3346593
3347035
3347789
3347824
3350339
3350362
3350687
3350984
3351038
3351725
3354454
3354847
3356031
3356445
3356944
3358795
3361226
3361586
3362841
3363063
3366673
3366892
3368145
3368784
3369102
3369159
3369787
3370688
3374256
3374482
3374601
3374897
3376164
3376406
3376611
3377814
3382289
3385680
3387307
3387847
3388058
3390172
3390815
3391381
3391509
3391563
3392001
3395112
3396582
3397250
3403424
3403765
3404130
3404263
3404835
3407158
3408207
3408601
3409403
3410227
3412137
3413637
3414523
3414709
3415842
3418337
3418772
3419288
3420601
3420655
3421108
3422109
3423735
3424356
3424602
3427505
3427566
3428960
3430512
3432144
3432936
3433860
3434266
3434759
3437897
3438534
3439778
3440037
3441369
3441670
3443191
3445090
3445775
3446162
3447041
3447574
3448164
3451751
3452003
3452283
3452979
3453369
3453670
3455141
3456366
3456392
3457257
3457525
3459265
3460694
3460862
3460983
3461435
3461456
3461684
3463399
3463454
3465571
3465863
3466966
3467223
3469438
3470140
3472942
3473736
3473965
3474288
3474818
3477783
3477811
3478016
3478160
3479157
3479920
3480044
3480061
3482356
3484974
3485972
3486620
3487330
3487957
3489379
3490263
3490645
3491624
3493943
3493984
3494132
3494231
3496501
3499359
3501835
3502868
3502894
3504014
3504976
3506608
3507495
3507735
3507874
3509791
3511423
3511852
3512548
3513834
3514445
3515148
3515231
3515435
3517157
3517717
3519406
3519689
3521753
3524087
3524281
3525056
3526473
3527976
3531257
3532441
3534395
3536291
3538087
3539879
3540586
3540789
3542295
3543246
3543412
3544206
3544491
3545376
3545606
3545827
3546015
3547826
3552047
3554154
3555277
3555650
3556641
3557083
3558387
3559108
3560045
3560149
3563874
3564641
3565156
3565270
3566348
3566715
3568204
3568812
3575439
3577190
3578207
3578431
3579098
3579685
3581702
3583706
3584553
3587605
3588674
3588861
3590544
3591214
3592825
3593591
3594985
3596675
3598260
3598464
3599375
3600403
3602592
3602807
3604890
3605035
3606168
3607180
3608504
3609360
3609452
3610507
3611344
3611718
3612937
3615196
3615275
3616392
3619023
3620516
3621025
3622651
3624583
3624706
3624794
3626716
3628047
3629090
3631170
3632400
3632882
3633793
3633807
3633828
3635082
3635649
3635788
3637162
3640070
3641257
3641500
3641662
3641841
3641936
3645565
3645598
3646013
3648034
3648087
3648305
3648874
3650023
3650352
3650692
3651631
3652186
3652396
3653285
3655471
3657262
3659251
3663768
3664973
3666516
3667545
3669136
3669481
3669952
3670406
3670986
3671799
3671890
3672509
3672538
3676158
3676873
3677287
3680272
3682086
3682805
3683165
3683486
3684615
3686300
3688833
3692206
3693957
3695483
3695643
3696976
3697207
3698361
3699102
3699350
3699674
3699760
3703806
3703812
3704022
3705985
3709358
3710160
3710764
3712097
3712787
3716244
3717981
3718547
3719841
3720557
3721061
3721349
3722066
3722199
3722446
3722500
3722765
3723330
3723656
3725282
3725407
3726053
3726163
3726202
3726434
3728006
3730492
3730819
3733863
3734008
3735816
3737710
3738552
3738580
3739074
3739133
3739498
3740762
3742114
3742267
3742801
3746192
3746255
3748371
3748992
3749928
3752297
3753109
3754056
3755498
3755979
3756330
3757030
3757154
3757461
3759399
3760152
3760296
3760556
3763205
3764186
3764732
3765742
3766652
3767782
3768758
3772057
3772975
3776015
3777203
3778152
3778768
3780177
3780953
3781200
3782517
3782759
3783067
3783447
3784088
3786214
3786641
3786829
3788387
3789628
3790881
3792095
3792528
3792884
3793034
3793506
3794501
3797962
3798407
3799083
3800350
3801087
3801131
3801414
3801440
3801495
3802065
3804148
3804708
3805296
3807632
3808037
3808409
3809405
3810010
3810370
3810745
3812526
3815313
3815621
3816023
3816590
3817769
3818673
3819638
3819874
3820911
3821050
3822521
3824278
3824357
3825717
3828025
3831122
3835485
3835719
3836890
3840832
3842721
3844831
3847962
3848605
3848849
3850557
3851880
3853887
3854300
3854702
3857473
3858917
3859238
3860994
3866285
3867001
3867930
3868839
3869687
3870332
3873167
3873847
3876106
3876687
3877180
3877241
3878610
3878887
3879135
3881417
3883030
3885855
3886013
3886734
3887142
3888959
3891296
3893270
3893480
3899621
3900172
3900438
3900716
3900798
3901218
3901621
3902609
3904061
3905447
3905619
3905678
3907023
3908449
3908760
3908953
3910684
3911223
3911770
3912529
3916385
3916736
3917696
3917938
3919621
3920032
3920275
3923601
3923897
3924428
3925152
3925706
3926542
3926688
3926882
3927368
3929052
3930825
3932358
3932616
3937331
3938247
3938821
3939370
3939711
3942498
3943668
3944063
3945316
3945636
3946254
3946366
3948790
3949444
3950381
3950702
3951684
3951762
3954055
3955010
3957493
3958672
3959233
3960425
3960938
3961334
3964502
3966238
3966622
3969389
3973274
3973985
3977465
3978057
3981141
3982380
3982511
3982708
3982806
3983312
3983571
3983669
3988403
3990402
3991724
3992310
3993373
3994183
3998851
3999019
3999735
4000250
4001322
4003554
4004468
4006226
4007804
4008693
4012255
4012669
4012931
4016690
4018710
4019086
4019296
4019510
4022027
4023104
4023408
4023959
4024286
4025135
4026332
4027543
4028684
4029083
4033139
4033748
4034563
4035169
4035795
4036322
4036487
4036510
4036997
4037832
4037966
4041999
4042182
4042198
4043698
4044226
4044711
4045235
4045256
4045339
4045395
4047456
4048645
4048927
4049111
4049399
4049847
4050336
4051980
4052395
4060928
4061229
4061428
4063068
4065676
4066011
4067146
4067757
4071224
4072015
4072771
4073430
4074460
4077026
4077799
4080151
4081045
4081058
4081256
4081634
4082068
4083246
4083350
4083778
4084911
4087017
4088124
4089439
4090115
4092332
4092403
4095768
4101272
4102555
4104107
4104671
4105205
4110330
4111778
4111940
4111962
4113464
4113947
4114086
4115094
4115111
4116686
4117150
4118606
4120507
4123489
4126269
4128514
4128965
4132013
4133413
4134486
4135028
4135137
4135459
4136067
4136596
4137053
4137117
4137322
4138127
4140069
4140449
4140726
4140962
4141165
4142082
4142657
4147929
4150642
4151323
4151855
4151878
4153453
4154356
4154372
4156284
4156313
4157115
4158077
4159817
4163607
4163713
4164871
4167763
4169291
4169667
4169734
4170873
4172118
4174362
4174596
4177065
4181599
4182437
4183199
4185001
4190525
4192269
4192811
4193487
4193528
4194947
4195036
4196769
4196968
4197338
4197833
4198365
4198494
4198505
4200153
4203306
4204843
4205718
4207305
4207533
4208119
4208279
4208397
4208538
4210414
4212005
4213479
4213628
4213921
4214082
4215125
4216510
4218804
4220445
4220524
4221148
4221684
4222835
4223873
4224440
4224594
4227583
4227932
4228289
4229037
4229378
4230253
4231750
4231945
4233503
4233739
4233849
4234791
4235860
4236000
4236196
4236622
4237546
4238254
4238276
4238351
4238624
4238890
4240226
4241498
4242751
4243690
4246088
4247114
4247267
4247547
4247949
4249366
4250263
4250365
4250971
4257260
4257973
4259842
4261443
4264094
4264469
4264593
4265859
4266403
4266467
4266591
4268740
4270849
4271583
4272437
4273387
4273911
4273974
4276137
4277659
4277743
4279552
4279935
4280037
4281563
4281895
4283215
4283976
4284838
4285634
4286315
4290631
4291519
4292515
4293101
4293657
4296019
4296427
4298219
4299868
4302138
4302997
4303116
4304070
4306928
4307209
4307347
4307592
4309083
4309539
4310054
4310238
4310246
4311337
4311462
4313022
4313327
4314499
4315202
4315749
4315794
4316602
4317166
4319203
4319341
4319607
4320015
4321794
4322046
4324953
4325663
4327587
4327829
4328067
4328473
4330233
4330974
4331445
4331458
4332198
4332890
4335058
4337868
4338048
4339033
4340254
4341722
4343274
4343290
4344266
4344788
4345849
4346757
4347058
4347090
4347848
4349636
4350921
4350985
4351986
4353540
4355938
4357495
4361194
4361869
4362033
4362328
4362361
4363742
4364079
4364221
4364463
4365759
4367893
4368264
4368673
4368884
4371751
4371804
4372564
4376890
4379041
4380839
4382485
4385306
4387311
4388038
4392306
4394133
4394515
4395713
4398609
4400220
4401708
4403189
4403952
4404104
4404930
4407117
4407544
4408661
4411262
4411372
4412588
4413657
4413694
4414985
4415159
4415667
4416439
4417877
4418508
4419926
4426716
4428961
4429210
4429256
4430402
4430625
4431709
4434525
4434750
4435474
4435759
4437573
4438673
4439799
4440829
4441212
4442306
4442789
4443919
4449117
4449733
4449913
4450088
4451913
4452437
4452516
4453438
4455486
4455803
4456838
4458709
4462379
4465791
4465876
4467282
4467987
4469448
4471078
4471646
4472251
4473121
4474771
4475095
4476829
4477118
4477423
4477722
4478387
4478671
4480089
4480386
4480775
4481968
4484167
4486814
4487856
4488407
4490557
4492092
4492859
4494808
4496040
4496460
4497502
4497530
4498307
4498555
4501822
4501889
4503634
4504589
4505997
4506310
4509330
4511813
4512425
4512476
4514841
4515853
4515983
4516002
4518434
4518631
4519959
4521369
4521467
4522087
4522213
4522799
4522836
4522959
4524758
4526195
4527666
4529136
4529310
4530027
4530215
4530900
4532036
4532738
4534075
4534504
4535054
4537268
4537452
4537576
4538255
4539338
4540832
4541855
4543078
4543147
4545161
4545639
4546796
4547485
4548643
4549600
4556303
4557979
4558227
4558720
4559835
4564086
4564434
4564673
4567811
4568004
4568354
4569601
4569881
4570031
4571637
4574521
4575370
4577507
4578776
4579156
4581221
4584185
4585330
4587134
4589259
4590231
4590679
4590762
4593206
4593671
4594603
4595305
4596496
4598149
4598601
4600079
4602652
4602923
4603510
4603665
4609307
4610096
4610148
4610574
4610919
4610942
4612171
4613922
4615728
4615761
4618210
4618314
4618431
4625604
4629063
4630717
4634909
4636251
4636509
4637263
4638960
4639722
4640109
4641873
4644776
4645470
4646087
4646198
4647704
4648488
4652755
4652810
4653469
4656775
4658359
4660372
4660578
4661183
4661671
4663643
4666350
4667047
4667910
4668408
4670150
4670320
4670988
4671184
4671278
4673195
4674808
4675740
4675919
4679986
4680024
4680769
4681787
4682410
4684969
4685295
4687889
4688082
4689687
4690099
4690402
4690488
4691404
4692122
4693032
4694326
4694463
4694525
4698419
4698650
4698837
4698954
4699439
4699533
4699783
4700014
4700900
4701111
4701615
4707990
4708306
4708852
4709148
4709309
4709435
4709868
4711325
4711524
4714402
4714852
4717346
4717499
4718032
4719615
4719898
4720061
4721185
4722737
4723263
4723844
4724355
4726753
4728071
4729996
4730217
4731462
4731557
4733036
4734868
4734942
4736085
4736425
4736432
4737586
4738639
4739171
4739713
4739878
4740004
4741511
4742263
4743122
4743784
4743792
4745201
4745973
4749525
4751716
4751990
4752201
4754473
4755341
4755725
4755801
4756013
4756494
4756667
4758318
4759040
4764995
4765042
4766278
4767012
4768775
4768854
4768905
4772698
4774542
4774615
4775135
4776237
4776694
4777421
4780652
4782815
4783635
4788049
4790531
4791054
4793998
4796051
4796438
4797675
4799022
4799210
4799353
4799738
4800811
4800822
4801306
4801789
4802627
4803171
4803573
4804983
4805456
4807876
4807881
4808526
4808578
4811038
4815686
4816205
4817081
4817164
4817584
4818993
4819035
4819514
4820240
4820804
4821144
4821731
4822697
4823059
4823558
4826373
4829969
4830410
4830740
4831053
4833092
4833782
4833802
4833823
4833830
4834828
4838308
4840289
4841263
4849693
4850415
4850441
4851416
4851678
4851848
4852688
4855016
4855458
4856088
4858442
4860579
4862300
4865389
4866344
4866677
4868958
4869075
4870233
4871458
4872225
4872453
4873733
4874349
4874789
4875022
4875308
4875502
4875869
4876504
4876607
4877273
4877461
4878054
4878412
4879882
4880215
4880892
4882168
4882738
4883243
4883944
4884451
4884484
4884635
4885579
4885690
4885899
4888099
4888539
4888767
4892164
4893476
4896074
4899480
4899773
4899922
4900240
4901233
4901532
4907160
4907237
4907788
4907862
4910670
4911679
4911870
4912097
4912209
4913049
4913705
4913924
4914366
4917455
4925125
4925132
4925317
4926277
4926442
4927577
4927848
4928784
4928792
4929048
4929611
4930656
4930781
4931457
4931658
4933061
4933632
4933916
4934981
4936452
4936731
4936877
4939045
4940282
4940324
4941794
4941820
4942699
4946184
4946201
4946219
4946464
4946998
4947361
4950548
4951670
4952439
4952735
4954669
4954863
4955992
4957273
4957298
4957545
4957795
4958742
4961335
4963741
4964878
4966182
4966320
4966343
4966915
4967221
4968184
4968632
4970151
4970571
4970931
4971133
4972677
4973755
4973899
4975563
4975796
4977878
4978544
4979213
4979521
4981019
4981439
4983210
4983577
4984574
4987357
4988387
4989550
4990362
4990416
4991860
4993756
4996397
4997953
4998059
4999007
4999137
4999402
4999553
4999697
5000571
5002865
5004084
5005862
5007024
5008223
5008241
5008367
5008544
5008794
5010479
5010607
5010801
5012868
5013415
5014152
5014837
5014997
5016627
5018538
5019353
5019966
5020851
5021335
5022340
5023788
5023796
5023862
5024302
5024443
5024466
5026248
5028838
5030292
5030777
5032280
5034351
5036395
5036634
5040130
5040224
5040872
5041756
5042205
5042445
5043876
5044204
5045117
5046615
5047790
5047891
5048092
5048576
5048597
5048859
5049127
5049855
5051418
5052698
5053019
5053248
5054425
5058885
5060131
5061527
5064871
5065380
5066389
5067800
5071830
5072488
5075531
5075985
5076412
5076566
5076962
5079027
5079163
5082529
5082797
5084584
5085811
5086496
5088022
5088362
5088601
5089814
5090500
5091552
5091983
5092225
5094007
5094514
5095106
5098908
5100059
5100231
5100273
5100375
5103301
5103640
5103830
5104494
5104645
5104995
5105379
5105858
5105977
5106072
5107240
5109098
5112293
5113041
5114541
5116347
5116449
5120036
5120340
5121038
5122146
5122288
5123624
5124917
5126119
5126814
5126871
5126907
5128885
5129118
5132864
5134243
5135363
5137067
5137090
5137121
5139081
5139252
5140990
5142165
5143866
5144349
5144571
5145431
5145800
5147391
5147901
5150040
5150389
5152106
5152738
5153284
5154754
5155177
5155592
5156756
5158459
5159273
5160098
5161919
5161942
5163021
5163602
5165293
5166626
5168203
5168878
5171209
5171468
5171940
5172096
5172574
5172919
5173201
5174843
5175049
5177964
5178730
5178777
5179450
5179502
5180166
5182006
5182344
5183280
5183406
5183810
5184569
5185119
5185685
5187819
5190329
5190543
5190883
5193541
5194380
5194499
5194503
5197242
5197817
5197916
5198802
5199725
5200262
5202099
5206209
5208384
5210490
5210808
5211620
5212787
5212899
5214996
5215385
5216386
5217152
5218437
5218479
5218878
5219911
5219967
5223052
5224467
5225461
5227709
5228847
5229406
5229810
5231115
5232536
5233875
5234191
5234322
5234757
5235068
5235882
5236581
5237087
5238134
5238621
5241544
5242341
5242607
5245462
5246201
5246477
5247021
5247792
5247938
5248207
5248431
5251411
5252744
5253117
5254982
5255210
5257229
5262465
5262943
5263004
5266799
5267765
5268681
5268891
5270929
5271717
5272070
5272383
5272454
5272909
5273810
5274841
5276181
5278389
5279557
5280468
5280883
5281060
5281570
5281646
5282517
5282612
5282715
5282983
5283447
5284589
5286158
5286519
5286623
5286952
5287201
5287929
5288079
5289420
5290074
5292152
5293318
5294372
5294501
5294804
5297350
5297494
5298096
5298169
5299654
5300358
5300556
5301831
5302272
5303050
5303796
5305141
5307172
5307802
5308527
5308852
5308950
5309727
5309934
5310221
5314809
5315299
5316582
5317708
5317821
5321473
5322307
5322975
5322980
5323076
5323373
5324326
5324782
5325723
5326620
5326727
5327315
5327582
5329392
5332928
5334282
5334298
5335757
5337514
5338092
5338270
5342986
5344318
5344495
5345072
5345711
5346791
5347426
5347770
5348274
5350253
5350766
5353786
5354813
5355038
5355052
5355153
5357193
5357606
5357668
5358078
5359230
5359264
5359647
5360273
5361682
5362529
5362529
5363092
5363750
5364726
5367938
5369546
5370185
5370473
5371080
5372336
5373232
5374068
5374784
5375326
5377742
5379514
5379586
5381722
5382037
5384759
5386426
5386442
5387588
5387854
5388012
5388469
5388898
5390364
5391238
5391592
5392015
5392955
5393852
5394124
5394673
5396342
5396409
5397533
5398575
5399523
5400318
5402525
5403211
5403699
5406401
5407800
5408816
5410074
5410386
5410869
5411484
5412202
5413585
5414850
5415092
5417828
5418380
5419061
5419745
5421233
5421393
5422312
5422553
5423059
5423708
5425769
5425797
5425878
5425893
5426470
5426537
5426995
5428200
5428320
5429039
5430231
5431419
5434102
5435087
5435343
5436402
5436950
5438660
5439220
5439381
5440842
5441097
5444572
5444665
5446903
5450965
5451045
5451395
5453468
5454859
5455332
5455348
5455657
5456113
5456522
5456605
5457504
5457610
5458434
5459680
5460097
5460835
5461078
5461131
5463058
5465191
5465629
5465698
5468221
5469437
5469437
5469628
5469748
5470257
5470500
5470782
5471552
5472680
5473997
5475170
5475854
5478726
5478908
5479262
5479425
5480039
5482194
5482431
5484661
5485252
5487463
5488349
5491298
5495767
5495809
5495846
5498267
5501047
5501862
5502440
5503117
5503202
5504333
5504875
5505058
5505089
5505920
5507282
5509335
5510806
5513877
5514054
5514433
5514494
5514566
5518149
5519633
5519764
5520263
5520603
5522668
5522907
5525086
5526469
5526924
5527809
5528974
5530228
5530588
5530848
5534012
5534021
5534980
5535974
5536193
5536266
5536354
5537347
5537518
5537611
5538352
5540311
5541372
5542523
5542920
5543759
5545130
5545734
5546104
5546761
5546836
5549273
5550575
5551247
5551317
5552246
5552350
5553295
5553688
5554232
5555293
5555385
5556854
5557981
5558267
5559548
5559830
5560239
5563216
5563511
5564210
5564272
5565080
5565108
5566159
5567474
5568761
5569913
5570646
5571711
5574160
5575618
5576191
5576682
5576749
5577244
5581412
5581645
5582771
5583056
5583143
5583394
5583539
5584086
5584390
5586294
5587104
5587248
5588411
5589918
5590293
5590370
5590540
5592476
5594037
5595193
5595839
5597949
5598014
5598757
5598768
5599624
5599675
5600566
5601890
5602944
5603813
5604077
5604148
5604536
5605223
5606122
5606432
5606831
5606898
5607007
5607514
5611022
5612068
5612094
5612751
5613238
5613622
5616154
5617437
5618561
5621467
5621935
5622959
5623733
5624496
5624595
5625530
5625564
5628331
5629542
5630837
5634186
5634776
5635883
5639692
5639708
5641323
5642665
5642900
5644189
5644239
5644542
5645161
5646670
5648002
5648023
5650710
5651306
5651965
5652020
5652491
5652729
5654178
5655894
5655919
5658136
5658310
5659141
5659689
5659835
5660038
5660114
5661076
5661291
5663817
5665779
5665804
5667646
5667710
5671113
5671666
5672810
5673239
5674617
5675745
5676966
5677027
5677086
5677296
5678912
5680555
5682514
5684447
5685437
5686081
5688617
5692203
5692451
5692842
5692855
5694742
5695337
5696703
5698943
5698951
5701186
5702230
5702805
5703116
5703439
5703988
5704344
5704784
5704975
5705294
5706279
5706552
5706777
5707505
5710551
5711001
5711297
5712251
5712895
5714870
5715180
5715277
5717321
5718199
5719140
5723183
5726736
5728854
5729325
5729445
5729796
5731187
5731972
5732366
5733223
5734007
5734028
5734539
5735149
5736994
5738331
5738810
5739720
5740165
5740453
5740728
5741929
5741982
5744871
5745849
5745955
5746401
5746419
5746510
5748952
5749793
5751701
5752265
5752714
5753998
5754014
5754223
5754296
5755070
5755432
5755980
5756830
5757055
5757408
5758004
5760035
5760333
5760496
5761090
5766391
5766679
5767341
5767776
5768138
5769318
5769638
5769652
5769959
5770583
5771103
5772881
5773563
5773668
5774024
5774906
5775778
5776902
5776988
5777319
5778137
5778312
5778654
5778863
5779739
5782953
5783111
5783980
5785514
5788420
5789326
5789475
5790751
5790792
5793739
5793762
5793978
5794738
5795860
5796102
5796807
5797580
5797668
5799039
5799241
5800050
5800134
5800983
5801885
5803454
5803898
5806299
5807493
5807820
5809627
5811766
5811991
5813796
5814108
5816915
5817128
5818415
5819077
5820108
5820258
5821130
5822216
5823527
5824277
5824288
5825253
5825372
5826066
5828016
5828524
5828808
5829897
5830143
5830722
5831473
5832425
5832917
5834463
5835668
5839557
5840743
5841285
5841974
5842916
5844362
5845114
5846252
5846421
5846667
5848276
5848845
5849604
5849794
5850023
5850324
5850444
5851706
5854048
5854622
5855276
5855318
5856965
5857664
5857909
5858058
5858601
5859490
5860107
5861065
5861853
5862165
5862439
5863673
5863785
5865074
5866302
5866887
5867197
5868280
5871131
5872467
5873045
5873881
5875535
5875556
5875805
5876737
5877595
5878729
5880121
5881906
5882900
5883384
5884938
5885446
5885716
5886065
5886580
5887048
5888666
5889767
5890131
5890173
5890320
5891007
5892257
5892268
5892614
5893162
5893994
5894187
5895176
5895204
5897089
5899350
5900290
5901603
5903852
5905310
5905497
5906183
5906729
5906747
5907318
5908403
5908422
5909074
5909327
5910996
5912334
5912475
5912922
5913114
5913451
5914251
5914814
5914907
5915919
5916288
5916785
5917515
5917746
5919331
5921868
5924710
5926340
5927296
5927757
5928274
5929285
5930641
5931597
5932875
5934149
5934763
5937685
5938366
5938941
5939374
5941588
5942792
5943263
5944249
5946993
5947396
5950188
5950592
5950908
5951822
5953825
5954589
5955027
5955478
5955954
5956924
5956991
5957056
5957120
5957648
5958747
5959573
5962053
5964909
5964952
5965144
5965765
5967520
5967953
5970023
5971163
5971434
5973446
5973581
5974962
5975116
5976007
5976010
5976745
5976809
5977240
5977335
5977399
5979580
5980326
5981403
5983014
5983230
5984508
5984767
5985133
5986573
5987154
5987499
5988674
5991122
5991873
5992235
5992577
5993871
5994267
5997695
5998072
5998255
5999324
5999901
6000067
6000256
6000362
6000564
6000869
6001341
6001492
6003060
6003772
6004779
6004784
6005750
6006178
6010365
6011343
6011988
6012251
6013036
6014363
6015336
6017242
6018084
6018270
6019834
6019912
6020978
6022801
6022994
