1002297
1005003
1005244
1007753
1013051
1014856
1015392
1020962
1022029
1028576
1034751
1040053
1055488
1061268
1082002
1099200
1111260
1114871
1146231
1160979
1192067
1200213
1200276
1201035
1201061
1202233
1202233
1202355
1202576
1202576
1203443
1205692
1206311
1207943
1208696
1209927
1210588
1211396
1211912
1212629
1213351
1213691
1214021
1214718
1215206
1216411
1216445
1217013
1217013
1217603
1218176
1218176
1220174
1220792
1221334
1221686
1223030
1223511
1223684
1225236
1225323
1225547
1225547
1225819
1226000
1226291
1226470
1227237
1227871
1228453
1229202
1229733
1230265
1230456
1230456
1230955
1231124
1231215
1231604
1232024
1232108
1233037
1233653
1233888
1234188
1234505
1235680
1235735
1235761
1235761
1235890
1235988
1236151
1236613
1237664
1239160
1240236
1240236
1240683
1242148
1242428
1243817
1243931
1244673
1245641
1245898
1245991
1247042
1249763
1253742
1254378
1256692
1256692
1260551
1277250
1300347
1300470
1300667
1300755
1301078
1301440
1301756
1302119
1302193
1302759
1303717
1305175
1305264
1306085
1306469
1306555
1307007
1307368
1307654
1307789
1308475
1308627
1308798
1309656
1309842
1310745
1323241
1379716
1412611
1443945
1464091
1477547
1486924
1491038
1491547
1503844
1513278
1513278
1537969
1580428
1598449
1612019
1623986
1659948
1705402
1721645
1746164
1762150
1772004
1833288
1847339
1897580
1898836
1905129
1933046
1955939
1965514
1974014
2020254
2060770
2063142
2074896
2112696
2112705
2130426
2140848
2140848
2163600
2183605
2225962
2268033
2285427
2287816
2291580
2360927
2365976
2371580
2372707
2390612
2424639
2441901
2461932
2513386
2531220
2536479
2540116
2545753
2622507
2623680
2626134
2707282
2707942
2735859
2765933
2768707
2807165
2830847
2846317
2850209
2933592
2933592
2938175
2938175
2953221
2962213
2976085
3032292
3069279
3101863
3127237
3171065
3182678
3220714
3222153
3308913
3361586
3390172
3403765
3414523
3452003
3452283
3485972
3496501
3507495
3544491
3620516
3622651
3624794
3683165
3686300
3722765
3722765
3763205
3816590
3816590
3923897
3927368
3937331
3950381
3957493
3981141
3982511
4022027
4023104
4023959
4041999
4137322
4212005
4247114
4264593
4266467
4270849
4343274
4361869
4388038
4395713
4403189
4412588
4414985
4443919
4486814
4501822
4511813
4515853
4546796
4546796
4593206
4610096
4638960
4688082
4688082
4691404
4694463
4709148
4800822
4816205
4833782
4851678
4856088
4868958
4931457
4941820
4946184
4952439
4970931
4977878
4991860
4993756
5072488
5150389
5153284
5161942
5165293
5171209
5180166
5187819
5231115
5248431
5266799
5287201
5298096
5348274
5384759
5426470
5434102
5465191
5518149
5520263
5536193
5545734
5546761
5551317
5564272
5581645
5642665
5651306
5684447
5684447
5749793
5757055
5761090
5769638
5797668
5826066
5858601
5907318
5907318
5956924
5976809
5992235
6000869
