1281328
1281641
1284211
1284443
1284672
1285000
1285032
1285081
1285674
1286225
1286549
1286988
1287270
1287704
1288044
1288105
1288508
1288916
1290243
1291247
1292603
1292689
1292734
1293189
1293253
1293328
1294042
1294200
1294281
1294803
1295430
1296207
1296588
1298236
1298842
1299671
1299841
1308614
1311943
1312335
1312372
1312432
1313076
1314532
1315422
1316536
1316692
1316762
1318008
1318202
1318884
1319889
1319923
1320480
1322318
1323616
1323673
1324929
1325272
1325780
1326290
1326330
1326699
1328793
1328807
1328810
1329399
1330749
1331432
1331587
1331751
1332036
1332106
1335123
1335331
1336116
1336902
1338044
1338648
1338669
1338703
1339169
1340228
1340465
1341091
1341258
1341683
1342892
1343093
1343320
1344526
1345773
1346422
1346808
1347069
1347252
1347883
1348030
1349242
1349625
1349789
1349880
1350042
1350116
1350150
1350318
1351061
1351824
1352500
1352597
1353222
1353267
1353274
1354369
1354524
1354886
1355522
1356367
1356733
1357256
1357314
1357447
1358432
1358587
1358865
1360516
1360672
1361485
1361518
1361986
1362204
1362282
1362919
1363540
1364843
1365469
1365938
1366525
1366640
1366773
1368134
1368187
1368300
1369717
1369800
1369869
1370134
1370657
1370670
1370944
1371298
1371786
1371833
1372986
1373784
1373829
1374001
1374728
1374744
1374803
1374889
1375120
1375137
1375151
1375496
1375758
1377230
1377277
1377932
1379206
1379888
1379911
1380898
1381135
1381815
1382242
1383346
1383410
1383428
1384194
1384979
1385139
1385258
1385437
1385776
1385860
1386013
1386953
1387376
1388874
1389460
1389535
1390317
1390375
1390461
1390483
1391851
1393199
1393877
1394130
1396219
1396394
1396459
1396973
1397208
1398450
1398660
1399649
1400239
1400481
1400938
1401294
1401990
1402880
1404228
1404235
1404299
1404450
1404724
1405075
1407284
1407445
1408915
1410458
1410796
1412940
1413344
1414845
1415838
1416207
1416523
1416693
1417311
1418933
1419037
1419270
1419301
1419387
1420735
1422393
1422750
1423108
1423531
1423860
1424266
1424999
1425978
1426311
1426976
1427738
1428006
1428136
1428792
1429742
1430080
1430171
1430547
1430699
1432375
1432511
1433488
1434682
1434948
1434969
1435873
1436199
1436270
1437305
1437351
1437384
1437646
1438119
1438546
1438764
1439813
1439951
1441818
1443206
1443342
1445093
1445305
1446998
1447033
1447122
1447271
1448404
1448523
1448992
1450107
1450249
1450716
1451517
1451723
1451759
1451788
1451895
1452200
1452408
1453925
1454234
1454430
1454496
1455848
1456700
1456776
1457176
1458209
1458238
1458316
1458468
1458494
1458701
1459641
1459938
1459975
1461534
1461792
1462943
1463517
1463606
1464725
1464985
1465177
1465347
1465373
1466512
1466799
1467378
1467716
1467729
1468151
1468219
1468722
1469015
1469197
1469651
1469679
1469955
1470255
1470488
1471283
1471429
1472372
1473123
1473141
1473350
1473899
1474747
1475292
1475580
1475657
1476558
1477046
1477211
1478014
1478071
1478665
1478698
1479392
1480398
1480485
1480645
1480971
1481462
1482134
1482474
1484456
1484567
1484590
1484857
1484919
1485071
1485336
1485866
1486497
1486705
1487349
1487745
1487982
1488532
1488888
1489211
1490121
1491171
1491377
1492040
1492062
1492358
1492712
1492721
1494383
1495128
1495268
1495532
1715013
1716129
1717864
1718083
1718809
1719181
1719849
1719960
1720052
1720547
1721076
1721734
1721828
1721986
1722041
1722346
1723192
1723234
1724053
1724288
1725189
1725286
1726640
1726936
1727439
1728050
1728142
1728670
1729687
1730998
1731133
1732898
1733032
1733209
1733449
1733726
1733962
1735723
1736169
1736298
1736620
1736868
1738507
1738583
1738665
1739427
1741066
1741387
1743651
1744168
1745985
1746468
1746505
1746828
1747808
1747862
1748379
1749389
1749749
1749851
1750620
1750666
1750692
1751086
1751296
1753662
1755318
1756028
1756072
1756201
1756600
1757641
1757705
1760334
1760475
1760989
1761155
1761178
1761397
1761612
1761928
1762116
1762772
1762836
1762923
1764234
1764349
1764875
1767181
1767901
1769111
1770457
1771198
1773157
1774666
1775095
1775146
1775794
1776980
1777676
1778334
1778424
1778475
1779550
1780979
1780984
1781289
1781302
1783440
1783977
1784454
1785750
1786178
1786332
1786348
1787054
1791007
1791255
1791430
1791600
1791852
1792334
1793330
1793994
1794694
1795247
1796040
1796712
1799054
1799793
1799939
1800564
1802277
1803533
1803988
1804909
1805005
1805199
1806220
1806279
1806313
1807331
1807622
1808096
1810280
1810350
1810995
1811060
1811462
1811822
1812325
1812467
1812657
1813541
1813897
1814247
1814727
1815510
1815604
1815673
1815892
1816587
1817007
1817947
1818841
1819017
1819330
1820265
1820714
1821604
1822957
1823452
1823475
1823569
1824238
1824263
1824939
1825915
1825923
1825959
1826817
1827705
1828121
1828515
1828813
1829284
1830018
1830172
1830491
1830597
1831759
1833345
1833561
1833616
1833805
1833932
1834965
1835036
1835447
1835502
1835763
1836396
1837229
1837483
1837545
1837643
1837806
1838551
1839641
1839952
1840783
1840996
1841192
1841423
1842974
1843672
1844397
1846152
1846202
1846442
1847011
1848399
1848664
1849159
1849329
1849807
1850388
1850466
1851592
1852113
1853287
1853349
1855122
1855253
1855469
1855501
1855720
1856731
1857129
1858649
1858670
1859395
1859559
1860402
1860595
1860697
1861003
1861717
1862630
1863054
1864257
1864446
1864480
1865029
1865670
1865961
1866926
1867700
1867921
1868507
1868721
1868805
1871501
1871847
1871924
1873205
1874289
1874860
1875622
1876165
1876964
1877128
1877409
1877750
1877922
1878143
1878648
1878809
1879273
1879605
1880972
1881002
1882645
1882667
1882927
1882986
1883271
1883400
1884783
1884874
1885035
1886465
1886498
1886724
1886992
1887303
1887866
1888024
1888140
1888635
1888748
1889092
1889945
1890356
1890873
1892929
1894185
1894869
1897871
1898408
1898710
1900298
1901818
1902699
1902860
1905026
1905060
1906028
1906184
1906745
1907615
1907751
1907963
1908502
1908619
1909205
1909895
1910136
1910335
1910501
1910555
1913651
1914170
1914194
1914314
1914450
1914937
1916159
1917178
1917827
1917886
1918225
1918663
1919442
1919599
1920724
1920854
1921186
1921887
1921970
1923093
1923783
1924208
1924214
1924400
1925043
1925360
1925989
1927081
1927188
1928679
1929553
1929586
1929676
1930055
1930408
1930440
1931402
1931527
1931880
1933258
1934082
1934490
1935176
1935204
1935472
1936152
1936757
1937112
1937854
1938975
1940525
1940911
1940958
1942225
1942822
1943223
1943303
1943976
1944143
1946396
1946466
2173174
2173917
2174173
2174638
2174941
2176121
2176416
2176848
2177095
2179110
2179627
2181221
2181597
2181815
2181823
2182028
2182508
2182539
2182697
2182817
2183620
2183786
2183795
2183857
2184121
2184371
2184763
2184876
2185052
2185267
2185531
2185801
2186667
2186734
2187187
2187575
2187808
2188617
2190148
2190955
2192341
2192607
2192878
2193608
2194689
2194914
2196891
2197307
2199458
2202240
2202737
2203048
2203726
2203760
2204387
2204958
2205126
2207075
2207405
2208535
2209351
2210607
2212558
2212620
2212926
2213931
2214583
2215070
2216967
2217297
2217414
2217594
2218332
2218606
2219074
2219596
2219642
2220478
2220629
2220698
2220749
2221012
2221946
2222089
2222832
2222869
2222876
2223279
2223538
2224289
2224516
2225433
2225778
2226858
2227823
2228192
2228368
2228527
2228613
2228669
2228722
2228758
2229651
2230160
2230243
2230580
2231064
2231483
2232032
2233413
2233718
2233991
2234822
2235151
2236541
2236848
2237733
2237757
2239144
2239360
2239424
2240719
2242376
2244338
2245014
2245389
2245925
2246049
2246094
2246615
2247007
2247931
2249364
2252460
2252561
2252794
2254136
2255161
2255393
2255716
2255830
2256422
2257940
2258317
2258456
2259982
2261099
2261402
2261508
2262005
2262989
2264243
2264575
2267089
2267848
2267905
2269177
2270174
2270310
2270560
2271378
2272625
2273282
2273435
2274244
2274404
2275038
2275075
2275565
2275949
2277606
2277983
2278001
2278254
2278803
2279175
2279288
2279487
2279631
2279706
2279981
2280637
2281757
2281925
2282108
2283378
2283640
2285366
2286846
2287240
2287560
2287615
2288121
2288149
2288431
2288800
2290183
2290974
2291983
2292165
2292366
2292663
2293062
2293277
2293650
2293794
2294648
2295157
2295465
2296700
2297015
2297317
2301595
2303968
2304657
2306721
2307832
2308094
2308448
2308542
2309188
2309971
2311171
2311420
2312163
2312460
2313366
2313646
2315576
2315823
2317520
2318795
2319333
2319496
2320578
2322143
2322477
2323637
2323692
2324416
2324800
2325009
2326123
2327218
2328093
2328427
2329163
2330317
2330926
2330978
2331434
2331954
2333532
2334123
2335568
2335609
2336586
2336929
2338693
2338709
2339082
2340195
2340330
2340492
2340547
2340565
2340968
2341658
2342352
2342870
2343260
2343654
2344510
2345917
2346815
2347624
2349244
2350998
2351473
2351596
2352432
2352448
2352718
2352963
2353159
2353252
2353457
2353611
2354206
2354903
2355029
2358374
2358997
2359453
2359646
2360908
2361337
2363210
2363832
2365223
2365374
2366070
2366454
2366898
2367255
2368092
2368360
2368830
2369725
2369949
2371886
2372506
2373008
2373109
2373631
2374242
2374385
2374441
2374965
2375404
2376610
2376683
2376725
2377282
2377651
2378115
2378611
2379214
2380124
2380152
2380572
2380913
2381555
2381831
2382738
2383509
2384017
2384855
2385304
2386182
2388402
2388703
2389317
2389727
2389739
2389919
2390082
2390759
2391618
2392674
2392810
2393630
2393688
2394104
2395179
2396045
2396920
2397039
2397191
2397223
2397749
2399233
2400071
2402626
2403126
2403467
2403546
2403944
2404063
2405398
2407446
2407911
2408255
2408306
2408916
2409590
2410378
2410750
2410864
2411474
2411764
2412198
2412318
2412440
2412756
2413117
2413163
2413733
2413981
2415157
2415693
2416377
2416994
2631774
2632043
2632249
2632974
2633038
2633573
2633732
2634050
2634935
2635154
2635522
2636322
2636374
2636712
2637596
2637876
2638094
2638898
2639304
2639505
2640018
2640581
2641403
2643805
2644402
2644711
2645626
2646565
2646878
2647849
2647901
2648329
2648584
2649659
2650039
2650336
2650749
2651372
2652244
2652979
2653220
2653251
2653354
2654565
2654933
2655217
2655939
2656506
2656744
2657199
2657859
2658965
2659298
2659391
2659472
2660840
2660871
2660956
2661407
2661894
2664858
2665255
2665880
2666918
2668933
2669270
2669765
2670635
2671000
2672015
2673179
2674303
2675136
2675208
2675356
2676172
2676424
2676475
2676532
2676729
2679112
2679951
2680179
2680226
2680703
2680846
2680891
2681058
2681498
2682068
2682335
2682476
2682816
2683412
2684360
2684859
2685082
2685300
2685956
2685961
2687024
2687091
2689761
2690246
2690622
2691521
2691675
2692218
2692972
2693791
2693813
2693869
2695146
2695805
2696792
2696850
2697312
2697459
2697790
2697929
2697973
2698206
2698268
2698360
2702198
2702594
2704540
2705106
2705244
2705876
2706364
2706644
2707100
2707169
2707483
2708719
2709383
2709469
2709630
2710352
2710456
2710684
2710795
2710894
2711202
2711913
2712466
2712769
2713922
2713958
2714209
2714579
2715609
2715691
2715996
2716099
2716105
2717938
2719649
2721225
2721379
2721384
2722621
2725296
2725712
2726122
2727632
2728782
2729171
2729418
2729656
2730848
2732146
2732442
2732631
2733147
2736445
2736633
2737537
2737719
2737810
2739774
2739998
2740109
2741448
2741784
2742003
2742541
2742775
2743101
2746453
2747233
2747731
2749064
2749684
2749727
2750458
2750886
2751605
2752883
2753068
2753307
2754131
2755496
2755539
2755790
2756022
2756395
2757040
2757277
2757535
2758203
2758405
2758516
2759005
2759438
2759695
2760432
2761704
2761911
2761990
2762056
2762287
2762496
2762508
2763410
2764067
2766701
2769175
2770533
2770617
2770728
2771255
2772525
2772614
2773529
2774065
2774538
2775375
2775499
2777752
2778696
2778975
2779329
2779592
2780970
2781252
2782762
2782821
2783044
2783459
2783477
2786446
2786695
2787988
2788458
2789564
2789832
2790184
2790789
2791905
2794378
2794480
2794671
2794936
2795279
2796059
2796231
2796942
2797479
2797754
2798487
2799858
2800017
2800635
2801263
2801373
2801883
2802472
2803863
2804544
2805208
2805615
2806161
2806233
2806257
2806452
2806773
2806864
2808886
2809746
2810034
2810078
2810772
2811151
2811201
2812765
2813547
2813968
2814606
2814814
2815901
2816389
2816599
2816981
2817036
2818432
2818963
2819102
2820031
2820575
2820777
2820961
2822000
2822457
2823033
2823174
2823659
2824305
2824772
2825143
2827053
2827884
2828017
2830068
2831409
2832044
2832234
2833708
2834473
2836159
2836470
2836485
2836566
2837552
2837983
2838414
2838512
2839027
2839175
2839288
2839556
2840166
2840184
2840904
2840973
2841687
2841832
2842227
2842991
2843927
2844554
2845490
2845796
2845983
2846511
2847323
2848805
2849129
2849836
2849915
2850331
2850373
2850927
2852292
2852403
2852591
2852649
2852788
2853693
2854100
2854352
2855358
2855721
2856784
2858823
2859203
2859396
2859672
2860194
2860256
2860687
2860869
2861211
2861359
2861878
2862794
2862954
2866403
2868444
2873110
2875570
2878235
2880896
2882104
2882858
2884415
2888689
2894222
2899204
2906133
2909731
2909841
2914855
2917990
2921883
2926156
2926888
2927129
2927996
2928827
2929314
2932630
2936309
2936885
2938311
2941051
2946246
2946793
2946828
2947490
2948506
2948867
2955440
2956562
2956613
2956875
2957262
2957413
2959029
2959332
2960716
2960922
3103985
3103994
3104606
3104730
3105041
3105461
3105806
3105955
3107168
3108816
3110036
3110515
3110588
3110800
3111024
3111607
3111656
3112163
3112303
3112478
3113297
3113744
3114158
3114578
3115480
3115782
3116563
3116633
3116685
3116944
3117224
3117793
3117807
3118536
3119676
3120542
3121005
3121576
3122278
3122357
3124943
3125359
3127218
3128254
3128506
3128710
3128761
3129163
3129770
3131401
3131884
3132153
3132171
3132635
3133018
3133172
3134810
3135533
3137012
3137578
3138022
3138371
3139715
3141081
3141224
3141537
3141622
3141793
3142298
3142590
3142934
3144062
3144401
3144528
3145253
3145356
3145454
3146301
3146355
3146513
3146640
3147269
3148243
3148292
3150648
3151194
3152448
3152641
3153164
3154525
3154859
3155489
3156204
3156435
3156511
3156901
3157359
3159471
3160130
3161343
3162445
3163619
3165095
3166497
3167255
3167514
3169644
3169776
3169819
3169994
3170802
3170841
3171657
3171827
3171862
3172867
3174613
3174632
3175207
3175431
3175943
3176921
3177590
3178382
3178861
3179448
3179560
3180040
3180345
3180954
3181534
3181630
3182482
3182775
3183538
3184267
3186131
3187640
3188044
3190606
3190840
3190871
3191204
3194902
3196194
3196642
3197682
3198418
3198598
3198699
3198797
3199221
3199268
3199319
3199640
3200724
3200848
3201377
3201405
3201906
3205079
3205107
3205695
3206004
3206517
3206956
3207102
3207115
3207810
3208324
3208651
3208849
3209571
3210048
3211710
3213235
3213693
3213951
3213984
3214444
3216831
3217099
3217394
3217613
3218802
3218922
3220590
3221086
3221925
3222140
3224209
3225147
3225198
3226028
3226118
3226809
3226950
3227356
3228235
3228937
3229759
3230393
3233215
3233303
3233733
3233879
3234143
3235780
3235984
3236080
3236405
3236565
3236819
3237942
3238054
3238275
3238421
3238449
3238658
3238674
3239804
3240087
3240173
3240638
3241293
3244668
3244839
3244910
3245317
3245643
3245870
3246086
3248587
3249291
3249667
3249690
3251611
3252298
3253293
3254175
3254191
3254296
3254322
3254604
3254925
3255006
3255094
3257351
3257915
3258376
3258422
3258715
3259058
3259207
3259498
3260697
3260703
3260846
3261918
3262743
3262804
3262917
3263347
3264945
3265827
3267258
3267302
3268117
3268138
3268389
3268535
3269129
3269570
3269609
3270202
3270712
3271664
3271816
3271975
3272045
3273972
3274274
3275856
3276269
3276680
3276707
3276803
3277183
3277475
3277903
3278595
3279216
3281041
3281096
3281265
3281461
3282054
3282470
3282622
3282690
3282793
3282810
3283688
3284198
3284254
3284486
3285072
3285669
3286185
3286314
3287311
3288139
3288245
3288672
3288842
3289107
3289446
3290012
3290111
3290158
3290356
3291491
3291662
3292007
3292947
3292965
3293352
3293605
3294011
3294717
3295396
3295437
3295484
3296025
3296291
3297065
3297777
3298165
3298772
3299843
3300056
3300496
3300613
3301515
3301619
3301951
3302328
3304110
3304798
3304802
3305300
3306229
3306812
3307451
3307610
3308180
3309337
3310236
3310855
3311275
3311645
3312821
3313496
3314296
3315425
3317337
3317408
3319371
3319559
3319854
3320682
3320913
3320948
3321174
3321718
3321784
3321938
3322717
3323243
3324484
3324834
3325518
3327896
3328255
3328950
3329727
3330098
3332048
3333136
3333593
3334093
3546857
3546942
3547127
3547203
3547573
3548712
3550097
3550861
3551001
3552218
3552445
3552961
3553564
3553854
3554926
3555478
3555913
3556307
3556792
3557044
3558475
3559236
3559921
3560170
3560541
3560854
3561451
3561921
3562345
3562851
3563297
3563462
3565084
3566524
3566668
3567457
3567883
3568870
3569357
3571086
3572529
3572906
3573864
3574939
3576349
3576613
3576676
3577816
3578693
3579509
3582165
3582343
3582549
3582959
3583086
3583561
3584496
3584711
3584838
3585876
3586108
3586139
3586418
3586699
3587435
3587692
3587753
3588899
3589085
3590336
3591497
3592045
3592314
3592693
3594075
3594236
3595755
3595844
3596182
3596617
3597092
3597128
3598370
3598496
3598539
3599545
3599620
3599637
3599993
3600284
3600348
3602054
3602382
3602449
3602856
3603804
3604116
3604269
3604512
3604691
3606045
3606133
3606362
3606660
3606775
3607215
3611012
3611295
3611555
3612559
3614776
3615013
3615032
3615518
3615939
3616343
3616744
3616836
3617393
3617750
3617911
3618846
3619868
3620075
3620114
3620748
3621365
3621971
3622317
3623234
3623703
3624040
3624682
3626974
3627453
3627617
3628029
3628119
3629133
3629775
3629800
3630488
3630774
3631067
3631185
3631800
3631832
3632021
3632310
3632623
3632641
3634446
3635155
3635187
3635348
3635436
3635907
3636197
3636273
3637075
3637484
3638572
3638712
3638954
3639638
3640057
3640122
3641653
3642118
3643605
3644011
3645504
3646844
3647218
3647928
3648129
3648173
3648392
3651884
3653491
3653877
3654032
3654494
3654971
3656496
3656916
3657664
3657882
3658881
3660257
3660491
3660773
3661411
3661983
3662200
3662495
3662617
3663419
3663510
3664151
3664312
3666114
3666162
3666171
3666289
3666531
3667363
3667727
3668025
3668141
3668883
3669615
3669784
3671131
3671756
3671902
3673157
3673404
3673791
3674503
3674590
3675455
3676534
3676938
3677357
3678107
3678257
3679700
3679893
3679994
3680244
3680655
3680920
3681009
3681063
3681364
3681418
3682288
3682851
3683570
3684103
3684909
3684952
3685020
3686047
3686205
3686243
3686546
3687398
3688282
3688894
3690680
3690710
3691357
3691586
3691736
3691947
3692823
3693063
3694098
3694777
3695064
3695574
3696296
3697090
3697185
3697371
3697800
3697881
3699316
3700720
3700898
3703132
3703589
3703821
3704905
3705492
3705797
3705855
3706347
3707332
3707381
3708512
3709665
3709785
3709818
3710467
3711511
3711942
3712025
3713012
3713578
3713615
3713630
3714129
3715790
3716256
3716920
3717040
3717138
3717241
3718127
3719161
3719491
3720116
3720318
3720379
3720756
3721184
3722581
3722967
3723108
3723236
3724411
3724668
3725567
3726785
3727340
3727951
3728720
3729252
3729520
3730405
3730547
3730672
3730842
3731520
3732231
3732708
3735189
3735310
3735560
3736212
3736750
3737147
3737756
3738047
3738354
3739235
3739283
3739951
3740511
3740740
3741434
3742672
3742748
3743128
3744742
3744971
3745366
3745585
3745822
3746540
3746916
3747253
3747664
3748207
3749376
3750079
3750212
3752060
3752318
3752594
3752691
3753604
3753820
3754061
3755404
3755416
3755619
3755897
3757204
3757352
3758188
3759253
3759705
3759882
3760138
3761975
3762541
3762780
3762918
3762920
3763237
3763369
3763808
3765159
3765188
3995886
3996282
3996589
3997245
3997315
3997754
3998616
3999533
3999710
4001086
4001426
4002186
4002565
4002933
4003183
4003393
4003936
4006151
4006293
4007831
4008089
4008655
4009538
4009788
4009839
4010033
4010158
4010356
4011249
4012767
4014022
4014473
4015024
4015582
4017134
4017759
4017956
4018343
4018351
4018964
4019117
4020170
4020634
4021038
4021479
4024189
4024602
4024882
4024938
4025750
4025765
4025967
4027658
4028926
4029846
4032084
4032480
4032532
4032686
4033323
4033479
4034862
4036820
4037058
4037482
4038779
4039246
4039760
4040500
4040525
4040945
4041702
4042521
4043455
4044192
4044676
4044774
4044973
4045045
4045588
4046797
4047265
4047812
4047894
4047987
4048883
4049049
4049122
4049615
4050892
4050976
4051400
4054887
4055485
4055872
4056585
4057378
4057548
4057627
4058514
4060999
4061216
4061231
4063103
4065745
4066943
4066979
4067175
4067241
4067259
4067976
4068046
4068479
4068492
4070108
4070683
4071123
4071719
4072901
4073929
4074163
4074389
4074712
4075208
4075214
4076084
4077811
4078300
4078741
4079709
4080083
4080595
4080758
4080809
4081194
4081596
4082307
4082850
4082975
4083421
4083518
4083551
4083755
4084773
4086113
4086435
4087573
4088599
4088820
4089646
4090316
4090382
4090658
4090927
4091761
4092126
4092633
4093404
4093465
4095583
4095599
4097184
4097226
4097459
4097809
4098417
4101577
4102253
4102659
4103421
4104233
4104387
4104958
4105840
4105956
4107315
4107860
4108572
4108851
4110222
4110970
4111048
4112380
4112522
4112955
4113061
4114138
4114389
4115262
4115413
4115946
4116233
4117104
4118142
4118381
4118403
4118445
4118935
4119775
4120014
4120202
4120556
4120616
4120925
4121555
4122642
4124289
4124781
4125347
4127922
4128385
4129410
4129567
4130155
4130612
4130788
4131708
4132382
4132622
4132940
4133751
4134617
4134761
4134889
4135875
4136256
4136979
4137095
4138377
4138921
4139608
4139614
4140209
4140760
4141129
4142073
4143498
4143709
4144605
4145095
4146829
4148409
4148640
4148731
4148989
4149323
4149341
4150530
4150800
4150813
4150920
4151127
4151912
4152374
4152493
4152969
4153495
4153988
4153996
4154021
4154743
4155161
4155257
4156119
4157579
4158806
4161711
4162206
4162830
4162974
4163091
4163162
4163341
4164029
4164205
4166215
4166223
4166900
4166976
4168425
4168718
4169097
4169719
4170136
4170145
4170898
4171043
4173618
4173833
4173955
4174791
4175063
4175598
4177029
4177126
4178087
4178557
4178867
4178902
4180380
4180901
4181223
4182009
4182162
4182330
4182781
4182855
4186600
4188854
4188937
4189436
4189606
4189621
4189764
4191702
4191764
4192663
4193455
4194321
4194809
4195905
4196359
4197229
4197407
4197812
4197868
4198485
4198914
4199356
4199413
4200038
4200186
4200529
4203201
4203846
4205816
4206257
4206576
4207150
4207200
4208474
4208796
4210320
4210366
4211863
4212475
4214546
4215077
4215942
4215955
4216117
4216146
4216721
4216820
4217157
4217897
4218737
4218784
4220474
4221618
4222457
4222645
4222807
4222883
4223094
4223372
4223519
4223641
4224281
4224320
4224638
4225998
4226314
4227556
4228341
4228396
4228443
4229911
4231729
4232028
4232415
4232767
4233806
4234308
4234450
4236159
4236470
4236667
4237050
4237886
4237999
4465327
4465362
4465498
4465869
4466038
4466211
4466582
4467064
4467901
4467919
4468584
4468674
4468844
4469501
4470433
4470579
4471001
4471663
4471941
4472119
4472895
4474148
4474363
4474868
4475124
4475426
4475948
4476413
4476882
4477415
4477982
4478731
4478877
4479492
4481748
4482561
4482682
4482770
4485249
4485639
4485695
4486840
4486895
4486907
4487793
4488352
4488821
4488960
4489260
4490254
4490320
4490453
4490811
4490874
4491028
4491242
4491349
4491430
4491681
4491736
4491880
4492334
4492387
4492896
4493912
4494489
4494928
4495154
4496616
4497626
4498664
4499164
4499209
4499291
4499551
4499658
4499927
4500000
4500177
4500291
4500872
4501248
4501799
4502411
4502591
4502827
4503482
4503577
4503596
4504100
4505749
4506111
4506696
4506792
4506804
4506952
4507278
4507681
4508608
4509091
4509985
4512103
4512454
4514066
4514627
4515944
4516282
4516346
4516894
4517598
4518507
4518843
4519799
4520704
4521160
4521445
4522019
4522392
4523277
4523493
4523507
4524255
4524697
4524875
4524916
4526443
4526529
4528579
4528584
4528778
4528861
4530191
4530336
4530434
4531021
4531847
4532353
4532541
4532601
4532717
4533098
4533814
4534656
4535280
4535291
4535971
4536254
4536710
4537294
4537704
4538234
4538654
4538904
4540502
4540564
4540687
4540717
4541364
4541893
4542631
4542837
4543297
4543318
4543822
4544006
4544425
4545135
4545640
4546050
4547350
4547760
4549312
4549973
4550060
4550129
4551242
4551349
4551600
4552301
4552773
4553516
4553529
4554524
4555015
4555522
4555567
4556175
4556322
4558560
4558751
4559551
4559778
4560364
4561701
4561760
4561953
4562666
4562762
4563758
4563824
4564062
4564733
4565946
4566079
4566802
4568119
4569431
4570193
4570397
4570759
4571181
4571282
4571567
4572760
4572986
4573174
4573975
4574902
4574996
4576089
4576791
4577053
4577124
4577215
4577733
4577884
4577913
4578906
4579662
4581989
4582201
4584074
4584429
4584465
4584876
4584897
4585024
4585038
4586398
4586690
4586807
4588104
4589191
4589264
4589367
4589629
4589733
4589749
4589805
4590522
4590684
4590708
4590727
4590812
4590919
4591230
4591434
4591478
4591673
4591794
4592114
4594329
4594645
4594674
4595001
4595408
4595414
4595638
4596385
4596950
4597286
4598523
4598848
4599354
4600974
4601101
4602710
4603401
4604260
4605067
4605121
4605577
4606017
4606140
4607589
4608433
4608856
4609497
4610100
4610410
4610849
4611241
4611367
4611706
4611721
4612834
4613438
4614543
4615427
4616539
4616711
4617240
4617602
4618634
4619759
4620329
4620690
4621269
4621964
4622126
4622552
4623339
4624204
4624428
4625478
4625837
4626189
4628020
4628079
4628569
4629267
4629466
4629912
4630465
4630876
4632837
4633923
4634356
4634519
4634952
4636284
4636524
4637102
4637778
4637962
4638030
4638461
4639219
4639625
4639947
4640749
4640820
4640954
4640969
4642207
4642642
4642832
4643218
4643575
4644970
4645263
4645584
4645828
4646343
4646414
4646799
4646874
4647257
4647319
4648385
4648613
4649955
4651410
4651574
4651771
4651942
4652252
4652962
4653677
4653688
4654093
4655234
4655595
4655600
4655613
4655891
4656327
4658222
4658529
4658598
4659020
4659576
4659581
4660587
4661144
4661554
4661614
4663077
4663100
4663410
4664133
4664951
4665700
4898607
4899716
4899859
4899958
4902703
4903978
4905162
4905289
4905405
4905672
4905842
4906000
4906275
4907266
4907292
4907369
4907796
4908042
4908811
4909053
4909223
4909805
4910591
4911282
4911298
4912778
4914248
4914305
4914675
4914772
4915293
4916170
4916832
4917805
4917866
4918203
4919301
4920379
4920594
4920691
4920803
4920811
4920822
4920959
4921306
4921540
4921767
4922161
4922823
4923405
4923683
4924546
4924808
4925885
4925894
4925987
4926954
4927523
4927738
4928111
4928476
4928766
4930091
4930364
4931421
4932894
4932934
4933260
4933600
4933809
4933973
4934264
4934794
4935804
4936911
4937269
4937281
4937646
4939003
4939121
4940176
4941866
4942573
4942635
4943548
4943581
4943653
4943823
4943841
4945104
4945150
4945512
4945811
4948235
4949538
4949657
4950043
4950221
4951348
4951983
4952557
4952568
4952570
4952845
4953401
4954736
4954875
4955003
4956748
4960426
4961167
4961469
4961641
4962308
4962395
4962404
4962709
4964492
4964598
4965953
4966858
4967233
4967409
4968625
4969282
4969666
4969849
4970600
4970863
4971058
4972136
4972167
4972946
4973076
4973470
4973537
4973674
4973939
4974257
4975777
4977610
4977819
4978528
4978805
4978837
4979198
4979495
4980658
4980690
4980719
4981060
4981822
4982956
4983157
4983431
4983465
4983473
4983825
4984375
4984435
4984993
4985374
4986677
4987745
4987774
4988144
4988156
4988393
4990022
4990404
4990596
4990992
4992561
4992879
4993822
4993930
4994737
4994779
4995750
4995815
4996031
4996300
4996796
4997097
4997102
4997778
4998148
4998352
4998618
4999028
4999625
4999891
5000514
5000648
5000904
5001036
5001058
5001447
5001763
5002295
5002454
5002980
5003398
5003844
5004020
5004183
5006132
5006273
5006391
5007114
5008510
5008843
5008866
5010531
5011398
5011734
5011953
5012197
5012993
5013789
5013904
5014358
5014599
5014749
5014851
5015578
5016144
5016206
5017019
5017521
5018004
5018741
5020390
5020434
5020599
5020976
5022404
5022473
5022724
5026585
5027360
5027765
5029030
5029041
5030788
5031250
5031410
5031739
5032470
5033286
5033952
5034182
5035184
5035736
5036194
5036515
5037008
5037455
5038258
5038985
5039798
5042935
5042961
5043869
5044247
5044901
5045616
5045631
5045749
5048285
5048639
5048974
5048989
5049529
5049957
5050800
5052146
5052712
5053652
5054542
5054924
5056313
5056575
5057543
5058651
5059654
5060248
5062270
5062747
5062815
5063323
5063504
5064702
5064910
5065536
5065545
5066277
5067272
5067353
5068432
5069760
5070630
5072219
5073955
5074314
5075957
5077509
5077759
5078165
5078915
5079288
5079721
5079749
5079892
5080265
5080391
5080651
5081303
5081650
5082203
5083233
5083409
5085297
5085585
5085638
5085890
5086044
5087372
5087882
5088327
5089376
5089862
5090967
5092173
5092254
5092512
5092874
5094508
5095089
5095920
5096725
5096834
5096970
5097250
5097346
5097714
5097926
5098603
5098734
5099049
5099057
5099873
5101040
5101163
5101487
5102139
5102267
5104755
5104940
5105675
5106184
5106357
5107227
5107677
5108601
5108869
5109142
5109524
5109612
5109702
5109759
5109956
5110145
5111020
5111037
5111294
5111765
5113023
5113679
5114752
5116252
5116899
5117723
5117796
5318032
5318252
5318304
5319012
5319720
5319975
5320010
5320056
5320758
5321634
5321951
5322737
5325218
5325621
5326154
5326472
5327607
5328071
5328117
5328152
5328493
5329165
5330013
5330123
5330636
5332065
5332777
5332808
5333937
5334407
5334714
5334868
5335117
5335561
5336560
5336587
5337010
5337179
5337184
5338206
5338627
5338798
5338922
5338974
5339080
5339628
5340313
5341708
5343085
5343696
5345056
5345600
5345863
5345929
5346869
5347981
5348644
5349500
5350519
5351548
5351695
5351989
5353346
5353708
5353885
5354003
5354149
5354848
5354854
5355341
5356013
5357715
5358996
5359673
5361650
5361706
5362906
5363342
5363859
5364329
5364927
5365624
5365996
5366255
5366441
5367519
5367542
5368036
5368353
5368854
5370564
5370825
5372604
5372969
5374924
5375480
5375671
5376458
5376509
5376788
5376886
5378885
5379767
5380570
5380772
5381260
5381394
5381904
5381965
5383063
5383644
5383781
5384332
5384436
5385574
5385771
5385857
5385919
5386367
5389081
5389433
5389566
5389971
5391760
5392740
5392833
5393370
5393947
5394095
5395057
5397213
5397744
5400078
5400384
5401035
5402092
5403017
5404668
5406215
5407738
5408555
5408623
5409097
5409494
5409579
5411139
5412311
5413533
5413707
5414167
5414975
5415018
5415614
5415686
5415864
5415922
5416445
5416839
5417246
5417592
5417995
5418077
5418309
5418589
5420103
5420361
5421608
5421888
5422056
5423324
5423786
5424660
5424763
5425834
5425970
5426828
5427160
5427300
5427612
5428512
5428568
5428930
5428996
5430077
5430125
5430375
5430461
5430536
5431241
5431673
5432302
5432377
5433249
5433782
5436669
5436697
5437816
5438036
5438185
5438272
5438775
5438825
5439142
5439474
5439563
5439741
5440479
5440504
5440573
5441304
5442324
5442461
5443904
5444152
5444230
5445070
5445659
5447343
5448016
5448073
5448509
5449185
5450441
5451327
5452068
5452383
5452587
5452641
5452991
5453238
5453263
5453611
5454798
5455397
5455422
5456483
5456567
5456868
5457017
5459440
5459691
5461042
5461129
5461652
5462764
5462999
5463299
5464651
5464919
5466501
5466560
5467368
5467477
5468319
5468417
5468500
5468576
5470513
5471563
5474061
5474648
5476267
5477154
5478159
5478939
5479448
5479476
5479659
5480794
5481602
5481865
5481980
5482185
5482327
5482738
5482780
5484388
5484635
5484906
5485365
5486129
5486803
5487360
5488333
5488669
5489428
5489456
5490685
5491870
5492485
5492579
5493208
5494060
5494585
5494923
5495357
5495562
5495875
5496577
5498610
5499438
5499500
5501029
5501237
5502269
5502691
5502707
5503345
5503358
5505395
5505515
5505775
5506139
5507077
5507762
5507795
5508177
5508406
5509033
5509784
5510059
5510346
5510894
5511202
5511892
5512017
5512091
5512529
5512573
5512700
5512826
5513765
5513830
5515772
5515803
5516143
5516385
5517012
5517356
5518074
5518308
5518717
5518951
5518984
5519220
5520689
5521060
5521318
5521570
5521710
5521988
5523327
5524113
5524229
5524250
5527010
5527477
5527600
5527654
5527736
5527916
5528896
5529565
5529635
5531550
5532175
5532180
5532733
5533453
5533707
5534873
5535342
5535704
5535945
5536928
5537485
5538088
5538309
5538407
5538620
5538868
5540322
5540805
5540981
5541111
5541448
5541534
5541718
5543155
5545787
5553094
5553425
5559342
5561731
5562488
5569322
5583703
5596894
5597080
5597776
5598434
5598616
5598785
5599060
5599297
5599512
5605146
5605631
5606526
5607357
5607402
5608156
5609075
5610056
5610415
5610789
5611339
5611353
5611465
5613054
5613275
5613494
5614393
5615082
5615411
5615961
5617672
5617912
5618124
5619147
5619568
5619923
5620005
5620135
5620360
5620731
5620823
5621657
5622034
5622735
5622930
5623062
5624184
5626222
5626236
5626418
5626672
5626933
5626968
5627088
5627176
5627955
5628188
5629286
5629641
5630296
5630665
5631454
5632465
5633279
5633292
5633657
5633814
5637233
5637319
5637548
5637888
5638044
5638496
5639059
5642434
5642487
5766545
5767315
5767420
5767985
5768510
5768650
5769276
5769462
5769557
5770288
5770851
5770981
5771542
5772067
5772090
5772261
5773073
5773580
5773910
5774985
5776131
5776867
5777990
5778998
5779132
5780411
5780458
5781821
5781934
5781978
5782130
5782382
5783497
5783519
5783873
5784756
5784772
5785184
5785613
5785625
5785711
5787095
5787401
5787535
5788245
5788479
5788776
5788781
5788797
5789569
5790335
5791326
5791903
5791990
5792648
5793229
5793885
5793926
5794185
5794362
5794502
5794655
5794848
5794881
5795075
5795203
5795550
5795834
5796365
5796962
5797397
5797759
5798104
5798379
5799259
5799493
5799976
5800538
5801273
5801456
5801536
5802755
5803587
5804026
5804297
5805385
5807152
5807616
5809172
5809326
5809500
5809798
5810401
5812752
5812920
5813668
5813862
5814725
5815032
5815291
5816019
5816198
5816276
5816570
5817438
5818368
5820046
5821520
5822461
5823817
5824296
5824345
5824544
5824604
5827585
5827836
5828119
5828467
5828871
5829194
5829482
5830028
5831937
5833048
5833196
5833778
5834172
5835205
5835218
5835381
5835961
5836536
5836567
5837330
5838698
5838892
5839652
5839915
5840057
5840085
5841005
5843806
5844353
5844626
5844687
5845405
5845437
5845466
5845906
5846636
5847218
5847702
5848570
5848941
5848977
5849180
5849345
5850511
5850714
5850849
5850857
5851296
5851401
5854690
5854755
5855019
5855379
5856056
5857432
5859546
5859788
5860270
5860285
5861300
5861764
5862414
5862617
5862923
5863071
5863241
5863460
5863510
5864061
5864880
5865530
5866052
5866195
5866683
5866699
5866834
5866855
5866860
5868102
5868224
5868470
5870518
5870971
5871521
5872031
5872266
5872397
5872458
5872606
5872670
5873724
5875303
5877571
5878037
5878319
5878480
5879127
5880854
5881443
5882884
5883799
5884239
5884469
5885438
5885823
5886073
5886445
5886538
5886944
5887365
5888250
5888714
5891179
5891838
5892018
5892066
5892221
5892554
5892704
5893529
5894670
5894972
5896442
5896706
5896997
5897515
5900801
5901032
5901468
5903028
5903143
5903306
5903349
5903973
5904095
5904367
5904976
5904981
5906199
5906922
5907116
5907874
5908332
5908546
5909655
5910617
5910707
5912989
5914098
5914524
5915428
5916163
5916665
5917228
5918111
5919054
5919468
5920546
5920871
5921926
5922543
5923924
5923975
5924297
5924439
5924638
5925477
5926058
5926272
5926473
5926687
5926775
5929110
5929731
5929773
5930012
5931268
5932010
5933391
5933483
5934256
5934272
5935893
5936013
5937119
5938756
5938783
5939008
5939040
5939345
5939721
5939879
5942012
5942519
5942630
5943054
5943081
5943667
5944475
5946282
5948843
5949902
5951609
5952489
5954132
5954154
5954352
5956425
5956696
5957099
5957234
5958161
5958653
5958671
5958922
5959315
5959754
5960523
5961855
5962336
5962401
5962599
5963042
5963638
5965409
5966741
5966814
5967316
5968265
5968589
5970231
5970536
5970740
5971401
5971419
5971794
5973765
5975232
5975414
5975453
5975761
5975941
5975996
5977208
5977975
5978431
5978687
5978854
5978876
5979004
5980576
5980773
5981670
5982042
5982093
5982297
5982836
5983389
5983866
5984423
5985848
5986186
5986222
5986302
5986607
5986754
5987942
5988518
5988622
5989519
5990358
5990631
5991372
5991615
5991630
5992515
