1006140
1031906
1061319
1075618
1084008
1097186
1100644
1101141
1101275
1104259
1123664
1148647
1152292
1175147
1178709
1184010
1189587
1196392
1218113
1229535
1256273
1313872
1364665
1365070
1371444
1389434
1412611
1428335
1450729
1463220
1475961
1485698
1486924
1490207
1496422
1498574
1519541
1521070
1531795
1533208
1556029
1592988
1610066
1660125
1686866
1694202
1739858
1751146
1768013
1773228
1779195
1799032
1810674
1833288
1856922
1915516
1918728
1952121
1976005
1977594
1982882
1984765
1994643
2019417
2056222
2059033
2060770
2103194
2113123
2123561
2139096
2145782
2173286
2187251
2197664
2213061
2237175
2274058
2277694
2298760
2335392
2360927
2405217
2409833
2442518
2448245
2470157
2495145
2511858
2532078
2552298
2556424
2564491
2576890
2608564
2611326
2611802
2622507
2676018
2682240
2686030
2686100
2686679
2707282
2726068
2734991
2740913
2749771
2785208
2795633
2807663
2821522
2836543
2868894
2877399
2882384
2929362
2962213
2976085
2983462
2986580
3071405
3096750
3105960
3107717
3184139
3187249
3194486
3194959
3198860
3199704
3205475
3225276
3226904
3237795
3245265
3255189
3262240
3265490
3292736
3301775
3343353
3343530
3354454
3356031
3391563
3445090
3477783
3478160
3491624
3509791
3511852
3512548
3575439
3579685
3581702
3587605
3610507
3624794
3637162
3645598
3682805
3692206
3704022
3717981
3722765
3726202
3749928
3780177
3804708
3807632
3810370
3815313
3816023
3822521
3828025
3840832
3881417
3908953
3926542
3929052
3932358
3942498
3951762
3958672
3964502
4000250
4006226
4012669
4026332
4051980
4061229
4104671
4126269
4137322
4140449
4163607
4208538
4229037
4236196
4236622
4240226
4302138
4304070
4313327
4335058
4346757
4347058
4349636
4350985
4355938
4361869
4364221
4371751
4371804
4417877
4434525
4452437
4484167
4505997
4512425
4518434
4539338
4545161
4556303
4570031
4574521
4579156
4584185
4598149
4610148
4644776
4652755
4661671
4688082
4691404
4699439
4707990
4721185
4755725
4775135
4799353
4803573
4820804
4822697
4833823
4850415
4875869
4883243
4885899
4888539
4896074
4913049
4928792
4936452
4941820
4970571
4973755
4984574
4990416
4999007
5019353
5023796
5036634
5047790
5058885
5067800
5085811
5100273
5152106
5156756
5165293
5171209
5171468
5172919
5224467
5229810
5234191
5242607
5248207
5252744
5253117
5268891
5270929
5294372
5298169
5301831
5332928
5355052
5358078
5362529
5408816
5412202
5422312
5454859
5469437
5473997
5509335
5519764
5534021
5545734
5551247
5563511
5564210
5594037
5612094
5641323
5644239
5648002
5677027
5692203
5703439
5714870
5778137
5796102
5800134
5825253
5846252
5859490
5872467
5885716
5892257
5895204
5900290
5906729
5909074
5951822
5955027
5964952
5965765
5967520
5977335
1200297
1200646
1201809
1204538
1205589
1209421
1215686
1221614
1230216
1230919
1200486
1200707
1201120
1201394
1201571
1205298
1205536
1206434
1209658
1212900
1213087
1214190
1216004
1217537
1217986
1200281
1201415
1202051
1206027
1208122
1208158
1209468
1210541
1211162
1214335
1216016
1216411
1216670
1218708
1222137
1226611
1229665
1230942
1232957
1233233
1233597
1234856
1235305
1236669
1238340
1240516
1241412
1241760
1243394
1243916
1204031
1204907
1205522
1207386
1207473
1209331
1209690
1211203
1211258
1212390
1213521
1214253
1214963
1215750
1218023
1218181
1218714
1219192
1219514
1222321
1225377
1226188
1226579
1226584
1227907
1228941
1231770
1231925
1232108
1232290
1233135
1233922
1235735
1237383
1241872
1242375
1242499
1243527
1243758
1244086
1200594
1201234
1202233
1202888
1203443
1203860
1203970
1205590
1206039
1208145
1208239
1208310
1209611
1209793
1211153
1211289
1215018
1215110
1215161
1217953
1218176
1218247
1218375
1218740
1218868
1200440
1200756
1202294
1204827
1205282
1205375
1205739
1207447
1207655
1209505
1209551
1210011
1211819
1212749
1215532
1216685
1218651
1219703
1220122
1220136
1228116
1229146
1231095
1231544
1232236
1200019
1200735
1202773
1203582
1203994
1204313
1204730
1204886
1205197
1205499
1206673
1207825
1209755
1209844
1211504
1211529
1211713
1211912
1212561
1214328
1214593
1214952
1217406
1217807
1219875
1220792
1220816
1221491
1221896
1225139
1226373
1230154
1233704
1233945
1234406
1200691
1201306
1202922
1203466
1203550
1204668
1204702
1206455
1208189
1208555
1209579
1210362
1212117
1212288
1215206
1217130
1218483
1219423
1219965
1220593
1221005
1222496
1223483
1224362
1226263
1227237
1228512
1228959
1229390
1231124
1231336
1234224
1234470
1236430
1238660
1238763
1239098
1242456
1244202
1245033
1245623
1245751
1249170
1249897
1250293
1250402
1251339
1251541
1252399
1252873
1254020
1255155
1255205
1256679
1257290
1201143
1203341
1205181
1207283
1207943
1209177
1214664
1214980
1215393
1217494
1217760
1218030
1218077
1218169
1218338
1219385
1221360
1222061
1222201
1223987
1224308
1224541
1224577
1224780
1225323
1226398
1227871
1228521
1230298
1231604
1232153
1232504
1234373
1235414
1236072
1236774
1237497
1237664
1238168
1239251
1239458
1239563
1240610
1242282
1245696
1246005
1246409
1246823
1248840
1248935
1250767
1252208
1252481
1254233
1255220
1255422
1256113
1256692
1256919
1257582
1259930
1261351
1261675
1264317
1265682
1200147
1200495
1201697
1202334
1203153
1204142
1205096
1205247
1205273
1205410
1205849
1206535
1206733
1207515
1208688
1209238
1209275
1210709
1210752
1211330
1212296
1212770
1213351
1213617
1214145
1214158
1215640
1218919
1219863
1221378
1221922
1222648
1223002
1224339
1224832
1224854
1225017
1225195
1225769
1225906
1226755
1227187
1227715
1231583
1232635
1235034
1238498
1239840
1239944
1240573
1241217
1242536
1242684
1243767
1244062
1244109
1246627
1246704
1248907
1251431
1251482
1251763
1253291
1253468
1253742
1200078
1200213
1202268
1203672
1204649
1207371
1208240
1209115
1210780
1210825
1211323
1212805
1213761
1213867
1213902
1215135
1216142
1219219
1219648
1220688
1222863
1222904
1224106
1224133
1224791
1226537
1226742
1226861
1230444
1230637
1230651
1230960
1232860
1233513
1234347
1234778
1235744
1236875
1237587
1237829
1238447
1238738
1238775
1240038
1241304
1241636
1242868
1244698
1245501
1245560
1200379
1200988
1202639
1203024
1203529
1203656
1205428
1205461
1206556
1206884
1207876
1208975
1210089
1210588
1210869
1210979
1212027
1212879
1213165
1213379
1213756
1214262
1215144
1215525
1215653
1215747
1216839
1217304
1217398
1217468
1218472
1220335
1222402
1223229
1224897
1225484
1228533
1229892
1230993
1231175
1231647
1231673
1233903
1234505
1234726
1235254
1235366
1237743
1239403
1241457
1242444
1242605
1243586
1243625
1244616
1201722
1203547
1204205
1204612
1205229
1206932
1207404
1208049
1208111
1208501
1210308
1210577
1210848
1211046
1211290
1211396
1213858
1214167
1215513
1215815
1215859
1216193
1216871
1217097
1217742
1217872
1218265
1218444
1219415
1219488
1220542
1220873
1222151
1223096
1223894
1225063
1226048
1226406
1226726
1227670
1228165
1228439
1230870
1231507
1232222
1232437
1233475
1233731
1235585
1236234
1200200
1200276
1200427
1202438
1204220
1204999
1205204
1207327
1209457
1209592
1209622
1209908
1210058
1211302
1213384
1214122
1214623
1214847
1215043
1216205
1216332
1217347
1217566
1218894
1219044
1225236
1225290
1225388
1225801
1226494
1227004
1227073
1227814
1227928
1228034
1228055
1228131
1228609
1229629
1230762
1200471
1200652
1201514
1202729
1202782
1202990
1203290
1203396
1204956
1206062
1206358
1206528
1206749
1207588
1210133
1210642
1211418
1212322
1212507
1213638
1213783
1214448
1214542
1215438
1216134
1216445
1217449
1218324
1219306
1219370
1219540
1219790
1220829
1221233
1221326
1221355
1222044
1223833
1223849
1223868
1224022
1225080
1225302
1225656
1228902
1228964
1229770
1230503
1230812
1233110
1233548
1234468
1235173
1236099
1237623
1237688
1237924
1237980
1238979
1240302
1240713
1241494
1241787
1242148
1242363
1242849
1244785
1245335
1245542
1246387
1246576
1246974
1247305
1248723
1248956
1248983
1254107
1254695
1255741
1256410
1257330
1258770
1259129
1259182
1260939
1200366
1200521
1200585
1201179
1201790
1202135
1202387
1202989
1203080
1203127
1203195
1204134
1204670
1205679
1206682
1208432
1208481
1209032
1209734
1210157
1210626
1213034
1214413
1215387
1216218
1216376
1216741
1218522
1219459
1219758
1219982
1220587
1221128
1221480
1221802
1223298
1224473
1225330
1227546
1227808
1228761
1229721
1229757
1231039
1231794
1200617
1201083
1202798
1204764
1205786
1206712
1206913
1207011
1207854
1208227
1209566
1210416
1210530
1210775
1211405
1211994
1212230
1212336
1212426
1212866
1216082
1217013
1219477
1220361
1221387
1221409
1222415
1222838
1223148
1223435
1226115
1226164
1226304
1226329
1230030
1230282
1231086
1231277
1231650
1232009
1232550
1232933
1233037
1233199
1234645
1234701
1235533
1236722
1236809
1236982
1200087
1201105
1202342
1202864
1203323
1203451
1203748
1205511
1206008
1206109
1206215
1207003
1209406
1209760
1209807
1210194
1210244
1210465
1211683
1211700
1212053
1212629
1213845
1215342
1216313
1217291
1217457
1218216
1220560
1221686
1222143
1222255
1222464
1222703
1222817
1224601
1224738
1225732
1226365
1226470
1226520
1228799
1228923
1232302
1232443
1235680
1238036
1238881
1239552
1240236
1240504
1240582
1242298
1242762
1244336
1244925
1245898
1246548
1246958
1247557
1247680
1248381
1248467
1249564
1249724
1250676
1250947
1251272
1251404
1251724
1252085
1254438
1255348
1256030
1256169
1256265
1256282
1257748
1257754
1259225
1259756
1260537
1260551
1260689
1260734
1200318
1201774
1202301
1204160
1204436
1204524
1204606
1205435
1205692
1206785
1207937
1208070
1210314
1211732
1212419
1212981
1213248
1213439
1213735
1214033
1214085
1215066
1215936
1217115
1218605
1218692
1218821
1219681
1220917
1221206
1221864
1222767
1224752
1224992
1226000
1228276
1228392
1228811
1229389
1230309
1230410
1231733
1232091
1233066
1233480
1233936
1234449
1235116
1235761
1235874
1236817
1236929
1237103
1237898
1238709
1240009
1240289
1240377
1240451
1242955
1243035
1243385
1243931
1244997
1245239
1245328
1245847
1246270
1246463
1247042
1200803
1200811
1201035
1203186
1203531
1205132
1205324
1206146
1206223
1206631
1206820
1207194
1207523
1207800
1207881
1208602
1208659
1208779
1210074
1210207
1210299
1210800
1211550
1211797
1211860
1212478
1213281
1213930
1214578
1215249
1215355
1215627
1215731
1216266
1216517
1216563
1216777
1217263
1217518
1217914
1200570
1201242
1201293
1202695
1202823
1204243
1204266
1205317
1205926
1206071
1206117
1206419
1207395
1208136
1209130
1209412
1209835
1211801
1212544
1212599
1212733
1212820
1213318
1214049
1214399
1215716
1216397
1217000
1217246
1217658
1217667
1217861
1220094
1221671
1221815
1223077
1223282
1223684
1223942
1224340
1224709
1225091
1225826
1226566
1226622
1226636
1227944
1230483
1230857
1231616
1231721
1232700
1232994
1233079
1233355
1233360
1234828
1235462
1235594
1236357
1238272
1239591
1239862
1240683
1241899
1242176
1242435
1242885
1242978
1243293
1244117
1244556
1244629
1244749
1246888
1246989
1247384
1247427
1247923
1249074
1249763
1249876
1250809
1251327
1252158
1252189
1252630
1252705
1252751
1252938
1253566
1253645
1254378
1254554
1254576
1254671
1255411
1255808
1255871
1256181
1256197
1257046
1257063
1257315
1257607
1257970
1259675
1259744
1259799
1260238
1260787
1261019
1261276
1261512
1262606
1265721
1266361
1266898
1267357
1268815
1269713
1272392
1272440
1272495
1273535
1200439
1201357
1201595
1202043
1202221
1203315
1205795
1206053
1206770
1207058
1207299
1207530
1208174
1208560
1209081
1211186
1211479
1211656
1212008
1212367
1213131
1214555
1214602
1215301
1216119
1216348
1216723
1217177
1217433
1219028
1219333
1219595
1219669
1219789
1220111
1220952
1221285
1221798
1221990
1222007
1222278
1222423
1222625
1222697
1223015
1200305
1200915
1201061
1202731
1204788
1207541
1207693
1207724
1208873
1209069
1209164
1209636
1210339
1211968
1212487
1213799
1214227
1214310
1214519
1214718
1214873
1215864
1216126
1216251
1216279
1216354
1216694
1216764
1216907
1217069
1218435
1218590
1219562
1219697
1220519
1220555
1220975
1221079
1221597
1221640
1221782
1222385
1222553
1222965
1223023
1223030
1223317
1223346
1223410
1223651
1223708
1223812
1224089
1224498
1225171
1225443
1225661
1225713
1225878
1225921
1225968
1226645
1227101
1227509
1227935
1227961
1228060
1228486
1228495
1228663
1228930
1230317
1230590
1230868
1231163
1231528
1231900
1233765
1234787
1234810
1200408
1201496
1203203
1203628
1203842
1204101
1204509
1205088
1205901
1205942
1205987
1206095
1206180
1207465
1207752
1207905
1208033
1208085
1208497
1208829
1209304
1209347
1209543
1210283
1213585
1214286
1214743
1214924
1215037
1216814
1217603
1219947
1220286
1220469
1220779
1223113
1223762
1225289
1225628
1225797
1226449
1226927
1227178
1227445
1228254
1228379
1228735
1229749
1230250
1230456
1230708
1231191
1231215
1231954
1232203
1232359
1232725
1234209
1234246
1234760
1234844
1235147
1235811
1235845
1236423
1237227
1238854
1240437
1240834
1241793
1201703
1202005
1203610
1203887
1203957
1204591
1204944
1205380
1205407
1205714
1206561
1206866
1207362
1207642
1208012
1208253
1208677
1208696
1209927
1210564
1210984
1211267
1211341
1212163
1212493
1214372
1214630
1214946
1215107
1215671
1216073
1216422
1216633
1217927
1218567
1218727
1218786
1219184
1219312
1220356
1220882
1222540
1223511
1223727
1224523
1224951
1225396
1225607
1225748
1226025
1226787
1227956
1228772
1228803
1228845
1228988
1229014
1229528
1230380
1230795
1231117
1232080
1232330
1232565
1233864
1233974
1234421
1234939
1235150
1235988
1236192
1236613
1237641
1237779
1237784
1238564
1238984
1240607
1240933
1241141
1241914
1242265
1242273
1242428
1244215
1201072
1201539
1201929
1201947
1202079
1202355
1202576
1204178
1204777
1204983
1205574
1206230
1206460
1207235
1207272
1207746
1208882
1210121
1210937
1211009
1211661
1211842
1212374
1212460
1215911
1216436
1216657
1216972
1217622
1217835
1218282
1218309
1218666
1218870
1218926
1219105
1220021
1220720
1220980
1221092
1222929
1223901
1224404
1225359
1225565
1225781
1225957
1227193
1227284
1227376
1227895
1227983
1228756
1230064
1230753
1231138
1231866
1232211
1233888
1234025
1235055
1235440
1235617
1236464
1237158
1238003
1238869
1239082
1239160
1239220
1240114
1241076
1241398
1242338
1243137
1243817
1245425
1247104
1247225
1247414
1201586
1202830
1203302
1204004
1204065
1204411
1205169
1205857
1206311
1206572
1207314
1207813
1207918
1208400
1208737
1209940
1211195
1211466
1211565
1212039
1212345
1212535
1212925
1213001
1213182
1213254
1213337
1213811
1214641
1214705
1215326
1215945
1217196
1217209
1217636
1217674
1218317
1219676
1219711
1219736
1220497
1220677
1221446
1221911
1222242
1222722
1222916
1223204
1223885
1224149
1225046
1226141
1226940
1228042
1228129
1229631
1231109
1232341
1233319
1234433
1234883
1235225
1235557
1235638
1235858
1235890
1236151
1236477
1236540
1237593
1201226
1201676
1202018
1202446
1203437
1204292
1207228
1208641
1211957
1212712
1214021
1215548
1216580
1217025
1217579
1218352
1219007
1219654
1220190
1220271
1220534
1221037
1222676
1223558
1223574
1224058
1225114
1225547
1227467
1229572
1229805
1230435
1231478
1236697
1237816
1238339
1238523
1238943
1239839
1239907
1239928
1240171
1240635
1241048
1241164
1241280
1241470
1243192
1244647
1244673
1245189
1245519
1245641
1245991
1248369
1249244
1249482
1249992
1250007
1250321
1251157
1252006
1252328
1252766
1251157
1253406
1254257
1254798
1254945
1255524
1200173
1200836
1201137
1202092
1203607
1203912
1205740
1206345
1206478
1206487
1206544
1206794
1207738
1207791
1208006
1208214
1209196
1210655
1210660
1210717
1210832
1210943
1211451
1213343
1213691
1214070
1215695
1216220
1217421
1219151
1219950
1221110
1222293
1222880
1223380
1224003
1224660
1227552
1228351
1228836
1229202
1230132
1230574
1230955
1231146
1231426
1231510
1231932
1232063
1234188
1235521
1236184
1236333
1236703
1241883
1200131
1202554
1204633
1206202
1206390
1206997
1207353
1208372
1208425
1209883
1210045
1210170
1211139
1212528
1213506
1213675
1213836
1214094
1215285
1216474
1216715
1217690
1217726
1218002
1218064
1218298
1218806
1220174
1221823
1221989
1222508
1222571
1222891
1224314
1226412
1229510
1229733
1229785
1229932
1230169
1230346
1233018
1233463
1235232
1235384
