1401051
1401877
1402385
1403041
1403169
1403727
1405063
1406347
1406382
1406667
1407928
1408269
1408710
1408996
1409071
1411317
1414756
1415179
1415306
1418699
1419051
1419802
1422233
1423302
1424422
1425002
1426124
1426345
1426805
1427036
1428174
1428310
1428623
1431412
1431645
1431793
1433790
1434109
1434117
1434629
1435208
1435917
1440247
1443945
1445343
1446540
1446809
1450475
1452198
1452988
1454287
1457692
1457987
1458280
1459873
1463004
1464091
1466213
1466772
1466915
1467183
1467782
1470722
1471752
1473280
1474206
1474270
1476154
1477547
1479756
1481427
1482237
1486335
1487625
1488135
1488911
1489046
1489302
1490299
1490465
1491038
1491547
1492528
1493165
1496436
1496563
1496670
1496694
1496972
1497701
1497883
1498391
1498545
1499118
1499648
1499950
