1400033
1400049
1400085
1400145
1400158
1400190
1400208
1400214
1400295
1400328
1400344
1400361
1400425
1400432
1400454
1400476
1400501
1400519
1400534
1400542
1400578
1400587
1400593
1400615
1400630
1400664
1400720
1400743
1400751
1400792
1400882
1400898
1400909
1400952
1400991
1401037
1401043
1401079
1401092
1401107
1401110
1401156
1401183
1401206
1401212
1401221
1401249
1401257
1401326
1401334
1401342
1401360
1401378
1401393
1401409
1401417
1401424
1401438
1401446
1401475
1401525
1401532
1401569
1401576
1401627
1401662
1401671
1401729
1401747
1401782
1401815
1401823
1401841
1401864
1401911
1401922
1401945
1401958
1401974
1401989
1402028
1402035
1402083
1402143
1402151
1402192
1402260
1402306
1402333
1402349
1402357
1402402
1402441
1402459
1402488
1402527
1402571
1402595
1402632
1402648
1402654
1402669
1402703
1402745
1402774
1402789
1402817
1402875
1402950
1402982
1402998
1403002
1403064
1403096
1403176
1403216
1403231
1403247
1403265
1403273
1403317
1403324
1403375
1403410
1403428
1403435
1403444
1403461
1403511
1403522
1403567
1403574
1403589
1403590
1403620
1403666
1403679
1403708
1403714
1403739
1403753
1403786
1403795
1403868
1403919
1403926
1403934
1403942
1403955
1403960
1403993
1404011
1404067
1404112
1404133
1404170
1404185
1404194
1404210
1404283
1404308
1404314
1404362
1404371
1404429
1404530
1404541
1404559
1404626
1404642
1404655
1404660
1404693
1404746
1404752
1404775
1404780
1404832
1404876
1404881
1404897
1404918
1404920
1404937
1404966
1404979
1404984
1405080
1405140
1405203
1405245
1405274
1405315
1405323
1405341
1405359
1405396
1405418
1405420
1405437
1405451
1405466
1405479
1405484
1405492
1405516
1405531
1405547
1405550
1405565
1405607
1405644
1405661
1405700
1405748
1405754
1405769
1405797
1405819
1405855
1405887
1405906
1405912
1405949
1405968
1405970
1405994
1406032
1406069
1406076
1406081
1406097
1406102
1406115
1406141
1406159
1406209
1406217
1406246
1406275
1406280
1406316
1406350
1406406
1406412
1406485
1406494
1406520
1406592
1406611
1406674
1406689
1406734
1406807
1406810
1406835
1406856
1406861
1406883
1406927
1406939
1406995
1407004
1407031
1407047
1407065
1407073
1407082
1407098
1407205
1407218
1407243
1407251
1407292
1407300
1407313
1407332
1407354
1407369
1407381
1407422
1407458
1407467
1407489
1407490
1407546
1407552
1407591
1407633
1407657
1407668
1407764
1407814
1407839
1407840
1407862
1407910
1407944
1407961
1407983
1407999
1408019
1408034
1408042
1408060
1408150
1408198
1408254
1408276
1408305
1408337
1408384
1408392
1408408
1408414
1408439
1408440
1408471
1408486
1408521
1408568
1408594
1408617
1408646
1408652
1408663
1408675
1408691
1408744
1408756
1408761
1408783
1408799
1408822
1408874
1408890
1408930
1408988
1409014
1409027
1409040
1409053
1409117
1409138
1409146
1409152
1409163
1409191
1409223
1409230
1409241
1409259
1409311
1409322
1409336
1409345
1409390
1409401
1409455
1409528
1409583
1409629
1409682
1409712
1409721
1409733
1409749
1409794
1409837
1409866
1409884
1409925
1410029
1410047
1410073
1410082
1410119
1410134
1410160
1410193
1410205
1410218
1410279
1410369
1410381
1410474
1410517
1410524
1410538
1410552
1410575
1410657
1410668
1410694
1410715
1410730
1410777
1410788
1410808
1410814
1410827
1410839
1410853
1410862
1410910
1410928
1410935
1410983
1410999
1411041
1411064
1411096
1411132
1411148
1411169
1411204
1411229
1411231
1411247
1411265
1411338
1411346
1411363
1411407
1411410
1411435
1411456
1411499
1411503
1411511
1411522
1411536
1411545
1411558
1411567
1411590
1411618
1411637
1411643
1411651
1411666
1411679
1411684
1411708
1411714
1411806
1411812
1411857
1411870
1411926
1411934
1411942
1411978
1411987
1411993
1412000
1412025
1412069
1412097
1412141
1412159
1412164
1412177
1412209
1412217
1412224
1412252
1412280
1412304
1412316
1412350
1412365
1412398
1412412
1412457
1412468
1412470
1412505
1412518
1412543
1412551
1412584
1412603
1412622
1412689
1412760
1412828
1412835
1412883
1412914
1412971
1412986
1412995
1413006
1413033
1413049
1413070
1413085
1413103
1413122
1413145
1413174
1413190
1413208
1413214
1413240
1413286
1413335
1413356
1413383
1413400
1413432
1413476
1413481
1413497
1413534
1413542
1413560
1413578
1413587
1413593
1413615
1413623
1413659
1413664
1413677
1413696
1413705
1413737
1413766
1413784
1413792
1413816
1413865
1413873
1413946
1413952
1413975
1414019
1414060
1414078
1414129
1414131
1414173
1414198
1414213
1414320
1414337
1414351
1414414
1414486
1414521
1414549
1414570
1414646
1414652
1414663
1414675
1414691
1414707
1414710
1414744
1414756
1414811
1414858
1414889
1414964
1414977
1414988
1415072
1415083
1415099
1415118
1415137
1415179
1415184
1415192
1415201
1415226
1415255
1415293
1415306
1415333
1415357
1415394
1415415
1415464
1415477
1415488
1415496
1415508
1415527
1415539
1415540
1415586
1415595
1415613
1415625
1415632
1415697
1415722
1415745
1415758
1415767
1415789
1415790
1415809
1415817
1415824
1415852
1415875
1415891
1415929
1415947
1415973
1416045
1416058
1416067
1416089
1416090
1416121
1416157
1416185
1416235
1416244
1416261
1416340
1416395
1416429
1416447
1416498
1416559
1416577
1416619
1416626
1416634
1416678
1416709
1416800
1416832
1416854
1416881
1416918
1416920
1416943
1416966
1416984
1417040
1417095
1417109
1417138
1417146
1417152
1417163
1417175
1417191
1417264
1417277
1417303
1417358
1417419
1417426
1417455
1417493
1417544
1417583
1417604
1417616
1417631
1417665
1417706
1417749
1417757
1417785
1417818
1417837
1417851
1417879
1417969
1418052
1418075
1418080
1418091
1418162
1418171
1418186
1418211
1418236
1418267
1418289
1418290
1418302
1418531
1418547
1418565
1418582
1418598
1418607
1418610
1418628
1418635
1418644
1418656
1418699
1418700
1418725
1418769
1418797
1418819
1418842
1418957
1418970
1418985
1418994
1419005
1419020
1419051
1419079
1419084
1419092
1419110
1419128
1419144
1419156
1419212
1419285
1419319
1419393
1419424
1419438
1419446
1419463
1419491
1419513
1419525
1419532
1419554
1419569
1419597
1419627
1419639
1419653
1419662
1419671
1419704
1419765
1419802
1419823
1419896
1419911
1419945
1420042
1420055
1420060
1420087
1420116
1420147
1420150
1420200
1420225
1420232
1420281
1420320
1420337
1420343
1420384
1420427
1420462
1420486
1420495
1420521
1420533
1420557
1420624
1420638
1420646
1420652
1420663
1420680
1420691
1420710
1420728
1420744
1420756
1420761
1420772
1420783
1420799
1420803
1420822
1420836
1420845
1420858
1420889
1420890
1420902
1420941
1420977
1420988
1420996
1421028
1421056
1421118
1421137
1421151
1421192
1421201
1421242
1421293
1421306
1421312
1421333
1421349
1421385
1421402
1421423
1421430
1421464
1421508
1421539
1421540
1421571
1421586
1421595
1421613
1421632
1421654
1421676
1421697
1421711
1421745
1421758
1421774
1421817
1421852
1421863
1421950
1421973
1422051
1422107
1422128
1422156
1422206
1422233
1422249
1422342
1422355
1422409
1422446
1422452
1422463
1422525
1422554
1422627
1422640
1422671
1422747
1422782
1422815
1422830
1422841
1422859
1422903
1422936
1423009
1423017
1423024
1423046
1423052
1423153
1423162
1423203
1423211
1423222
1423245
1423267
1423274
1423290
1423302
1423341
1423359
1423388
1423437
1423484
1423547
1423565
1423582
1423607
1423628
1423635
1423644
1423672
1423683
1423700
1423725
1423748
1423769
1423781
1423878
1423912
1423968
1423985
1424016
1424029
1424073
1424082
1424101
1424119
1424134
1424155
1424220
1424243
1424292
1424325
1424348
1424397
1424422
1424436
1424467
1424474
1424509
1424524
1424546
1424552
1424575
1424606
1424723
1424759
1424788
1424796
1424814
1424840
1424853
1424871
1424886
1424895
1424928
1424972
1425002
1425023
1425059
1425100
1425113
1425125
1425197
1425204
1425229
1425265
1425282
1425298
1425338
1425352
1425375
1425410
1425456
1425503
1425536
1425545
1425558
1425589
1425590
1425618
1425637
1425651
1425714
1425762
1425771
1425786
1425806
1425812
1425857
1425870
1425885
1425894
1425901
1425934
1425942
1425960
1425993
1426008
1426014
1426040
1426117
1426124
1426138
1426152
1426163
1426191
1426215
1426264
1426288
1426296
1426303
1426322
1426336
1426345
1426374
1426389
1426390
1426434
1426442
1426510
1426528
1426556
1426599
1426604
1426629
1426650
1426673
1426706
1426712
1426733
1426785
1426805
1426820
1426892
1426900
1426913
1426948
1427003
1427036
1427067
1427089
1427106
1427207
1427272
1427299
1427308
1427314
1427339
1427340
1427416
1427431
1427465
1427515
1427530
1427541
1427588
1427596
1427619
1427642
1427655
1427678
1427693
1427746
1427763
1427775
1427800
1427825
1427848
1427854
1427869
1427876
1427881
1427897
1427966
1427979
1427992
1428068
1428111
1428122
1428145
1428174
1428239
1428262
1428271
1428310
1428344
1428413
1428432
1428469
1428497
1428501
1428519
1428526
1428542
1428578
1428602
1428615
1428623
1428664
1428688
1428696
1428705
1428737
1428751
1428779
1428804
1428873
1428882
1428909
1428938
1428991
1429000
1429013
1429054
1429069
1429130
1429141
1429159
1429164
1429177
1429196
1429238
1429252
1429280
1429329
1429398
1429406
1429412
1429421
1429449
1429457
1429505
1429551
1429592
1429611
1429645
1429674
1429719
1429726
1429778
1429810
1429828
1429844
1429883
1429899
1429940
1430063
1430127
1430139
1430153
1430186
1430203
1430245
1430289
1430315
1430323
1430330
1430364
1430396
1430418
1430479
1430504
1430529
1430550
1430598
1430628
1430635
1430656
1430661
1430683
1430700
1430732
1430819
1430834
1430855
1430887
1430921
1430933
1430949
1431000
1431097
1431130
1431141
1431164
1431188
1431209
1431246
1431252
1431304
1431329
1431331
1431350
1431382
1431398
1431412
1431433
1431449
1431457
1431470
1431537
1431543
1431579
1431584
1431611
1431645
1431658
1431667
1431689
1431690
1431726
1431734
1431742
1431793
1431807
1431810
1431828
1431835
1431856
1431899
1431939
1431995
1432002
1432015
1432023
1432088
1432096
1432113
1432154
1432176
1432181
1432197
1432204
1432265
1432317
1432324
1432338
1432346
1432352
1432363
1432380
1432391
1432407
1432444
1432483
1432499
1432503
1432522
1432536
1432589
1432605
1432620
1432637
1432666
1432679
1432714
1432739
1432753
1432771
1432786
1432806
1432812
1432849
1432857
1432885
1432901
1432919
1432926
1432942
1432955
1432978
1432993
1433007
1433010
1433028
1433056
1433120
1433137
1433201
1433219
1433242
1433278
1433287
1433293
1433306
1433321
1433333
1433385
1433402
1433415
1433496
1433514
1433540
1433600
1433632
1433669
1433676
1433703
1433745
1433767
1433789
1433790
1433809
1433838
1433846
1433852
1433904
1433947
1434014
1434039
1434040
1434062
1434095
1434109
1434117
1434124
1434138
1434146
1434152
1434202
1434223
1434230
1434241
1434303
1434311
1434336
1434426
1434434
1434455
1434460
1434493
1434510
1434528
1434535
1434572
1434604
1434629
1434650
1434712
1434733
1434770
1434785
1434794
1434818
1434851
1434884
1434892
1434932
1434976
1435033
1435049
1435070
1435103
1435111
1435145
1435208
1435227
1435239
1435253
1435262
1435307
1435310
1435383
1435425
1435432
1435448
1435476
1435501
1435519
1435526
1435542
1435630
1435659
1435696
1435737
1435751
1435779
1435784
1435804
1435850
1435898
1435909
1435917
1435938
1435952
1435980
1436018
1436043
1436051
1436066
1436084
1436128
1436144
1436156
1436161
1436221
1436257
1436268
1436294
1436301
1436334
1436360
1436387
1436409
1436424
1436475
1436525
1436532
1436548
1436554
1436608
1436614
1436640
1436662
1436671
1436750
1436765
1436773
1436782
1436815
1436823
1436936
1436945
1436967
1437001
1437034
1437060
1437093
1437131
1437147
1437198
1437200
1437254
1437269
1437276
1437366
1437427
1437453
1437486
1437495
1437521
1437549
1437585
1437609
1437624
1437663
1437680
1437707
1437728
1437735
1437761
1437772
1437783
1437845
1437867
1437874
1437902
1437941
1437959
1437964
1437977
1438029
1438047
1438065
1438098
1438101
1438134
1438142
1438155
1438187
1438205
1438237
1438313
1438376
1438445
1438467
1438474
1438489
1438524
1438552
1438575
1438591
1438606
1438612
1438649
1438668
1438694
1438777
1438808
1438814
1438827
1438839
1438853
1438862
1438907
1438928
1438961
1438983
1439011
1439045
1439157
1439170
1439194
1439228
1439235
1439299
1439314
1439371
1439395
1439404
1439416
1439465
1439498
1439523
1439559
1439588
1439596
1439601
1439634
1439660
1439717
1439724
1439746
1439775
1439848
1439869
1439905
1439920
1439937
1439979
1440030
1440077
1440096
1440113
1440176
1440247
1440352
1440375
1440410
1440444
1440483
1440511
1440522
1440545
1440589
1440590
1440684
1440753
1440786
1440795
1440812
1440821
1440857
1440885
1440919
1440926
1440942
1440955
1440960
1441014
1441040
1441053
1441124
1441138
1441175
1441191
1441259
1441277
1441345
1441367
1441401
1441419
1441426
1441460
1441487
1441544
1441556
1441572
1441604
1441616
1441629
1441733
1441768
1441820
1441837
1441879
1441884
1441900
1441932
1441948
1441997
1442009
1442038
1442046
1442052
1442063
1442080
1442114
1442127
1442153
1442162
1442186
1442203
1442211
1442245
1442258
1442274
1442290
1442302
1442315
1442323
1442330
1442341
1442396
1442405
1442420
1442437
1442443
1442466
1442504
1442516
1442565
1442573
1442582
1442635
1442644
1442656
1442683
1442725
1442819
1442860
1442878
1442887
1442893
1442933
1443043
1443084
1443092
1443110
1443128
1443135
1443144
1443156
1443199
1443270
1443285
1443319
1443326
1443387
1443438
1443446
1443452
1443463
1443475
1443480
1443491
1443500
1443554
1443569
1443608
1443639
1443653
1443671
1443716
1443731
1443750
1443765
1443773
1443823
1443888
1443896
1443945
1443967
1443974
1443989
1444000
1444025
1444032
1444048
1444069
1444081
1444102
1444196
1444209
1444217
1444238
1444280
1444304
1444329
1444331
1444365
1444406
1444412
1444421
1444433
1444449
1444457
1444470
1444494
1444520
1444537
1444543
1444551
1444579
1444622
1444645
1444674
1444734
1444778
1444787
1444793
1444810
1444828
1444844
1444872
1444883
1444899
1444908
1444927
1444940
1444953
1445001
1445019
1445034
1445055
1445078
1445104
1445129
1445131
1445147
1445150
1445165
1445182
1445200
1445213
1445225
1445232
1445269
1445276
1445281
1445337
1445343
1445366
1445384
1445427
1445440
1445453
1445462
1445471
1445521
1445570
1445624
1445675
1445680
1445691
1445707
1445710
1445756
1445772
1445783
1445803
1445858
1445890
1445902
1445915
1445941
1445996
1446035
1446061
1446072
1446083
1446105
1446118
1446151
1446166
1446179
1446219
1446226
1446242
1446260
1446278
1446293
1446321
1446402
1446423
1446459
1446464
1446527
1446539
1446540
1446571
1446586
1446613
1446625
1446632
1446669
1446676
1446697
1446711
1446722
1446809
1446817
1446824
1446863
1446875
1446916
1446929
1446950
1446982
1447021
1447136
1447167
1447189
1447190
1447208
1447214
1447253
1447286
1447295
1447361
1447372
1447400
1447413
1447448
1447481
1447519
1447526
1447534
1447555
1447587
1447602
1447641
1447659
1447664
1447677
1447696
1447705
1447784
1447804
1447829
1447831
1447847
1447865
1447873
1447882
1447909
1447938
1447952
1447963
1448011
1448022
1448045
1448058
1448074
1448112
1448121
1448149
1448228
1448235
1448256
1448272
1448299
1448308
1448327
1448353
1448386
1448429
1448447
1448482
1448541
1448564
1448588
1448626
1448634
1448678
1448693
1448746
1448780
1448791
1448800
1448813
1448832
1448897
1448943
1448966
1448979
1449029
1449031
1449050
1449073
1449098
1449119
1449205
1449237
1449325
1449354
1449422
1449458
1449490
1449509
1449517
1449580
1449668
1449702
1449723
1449730
1449741
1449759
1449764
1449808
1449840
1449853
1449871
1449886
1449910
1450005
1450043
1450092
1450110
1450172
1450183
1450199
1450221
1450233
1450268
1450360
1450393
1450409
1450463
1450475
1450480
1450491
1450500
1450513
1450554
1450576
1450608
1450639
1450653
1450662
1450695
1450731
1450782
1450798
1450802
1450823
1450830
1450877
1450888
1450911
1450922
1450945
1451004
1451016
1451101
1451155
1451178
1451266
1451279
1451376
1451397
1451403
1451445
1451474
1451490
1451546
1451552
1451612
1451621
1451633
1451649
1451657
1451685
1451730
1451741
1451777
1451840
1451910
1451928
1451935
1451944
1452001
1452019
1452087
1452104
1452129
1452131
1452165
1452173
1452182
1452198
1452213
1452225
1452232
1452254
1452305
1452320
1452366
1452379
1452439
1452486
1452495
1452549
1452624
1452646
1452663
1452675
1452680
1452707
1452710
1452735
1452783
1452803
1452845
1452874
1452890
1452902
1452941
1452977
1452988
1452996
1453040
1453062
1453109
1453117
1453146
1453152
1453163
1453202
1453215
1453264
1453296
1453336
1453345
1453367
1453401
1453442
1453487
1453493
1453507
1453561
1453599
1453604
1453665
1453757
1453785
1453805
1453900
1453932
1453954
1453969
1453976
1453981
1454007
1454010
1454028
1454035
1454044
1454061
1454105
1454118
1454151
1454226
1454242
1454287
1454306
1454349
1454370
1454394
1454441
1454459
1454464
1454488
1454571
1454648
1454697
1454703
1454809
1454838
1454916
1454929
1454931
1454965
1454973
1455003
1455067
1455074
1455090
1455112
1455121
1455157
1455168
1455170
1455207
1455210
1455244
1455283
1455308
1455353
1455371
1455386
1455447
1455450
1455482
1455498
1455515
1455530
1455541
1455559
1455577
1455601
1455619
1455642
1455655
1455693
1455717
1455738
1455763
1455832
1455854
1455876
1455905
1455943
1455966
1455979
1455984
1456075
1456127
1456186
1456195
1456203
1456222
1456274
1456330
1456364
1456388
1456418
1456451
1456504
1456547
1456550
1456565
1456683
1456699
1456713
1456754
1456781
1456842
1456860
1456887
1456921
1456949
1456957
1456970
1456994
1457015
1457064
1457154
1457181
1457197
1457204
1457231
1457247
1457282
1457309
1457317
1457352
1457363
1457380
1457410
1457428
1457456
1457499
1457503
1457511
1457590
1457605
1457618
1457620
1457684
1457692
1457708
1457714
1457727
1457806
1457849
1457857
1457894
1457901
1457926
1457987
1458025
1458032
1458048
1458054
1458076
1458102
1458123
1458159
1458188
1458217
1458246
1458263
1458275
1458280
1458291
1458304
1458331
1458365
1458433
1458449
1458470
1458485
1458505
1458518
1458520
1458537
1458584
1458592
1458603
1458611
1458636
1458658
1458674
1458689
1458734
1458755
1458787
1458793
1458828
1458856
1458899
1458914
1458986
1459006
1459012
1459033
1459070
1459136
1459167
1459174
1459189
1459190
1459208
1459239
1459240
1459253
1459262
1459328
1459356
1459399
1459432
1459448
1459469
1459501
1459534
1459542
1459593
1459602
1459623
1459630
1459688
1459718
1459743
1459766
1459792
1459816
1459831
1459865
1459873
1459909
1459917
1459924
1459946
1459952
1459980
1459991
1460014
1460053
1460062
1460071
1460086
1460109
1460146
1460163
1460175
1460191
1460202
1460259
1460264
1460288
1460322
1460336
1460367
1460434
1460442
1460478
1460493
1460535
1460583
1460599
1460604
1460631
1460650
1460712
1460757
1460794
1460805
1460837
1460866
1460879
1460900
1460913
1460981
1460997
1461012
1461021
1461049
1461068
1461111
1461158
1461167
1461227
1461239
1461253
1461262
1461286
1461310
1461361
1461400
1461413
1461425
1461448
1461454
1461469
1461519
1461526
1461555
1461602
1461615
1461623
1461630
1461664
1461696
1461705
1461718
1461737
1461751
1461784
1461804
1461829
1461865
1461873
1461882
1461909
1461917
1461980
1462011
1462022
1462036
1462045
1462074
1462089
1462106
1462133
1462149
1462168
1462170
1462207
1462210
1462228
1462244
1462256
1462283
1462308
1462314
1462327
1462371
1462395
1462416
1462429
1462447
1462482
1462502
1462530
1462559
1462634
1462642
1462678
1462709
1462763
1462775
1462791
1462800
1462854
1462897
1462918
1462951
1462966
1462992
1463004
1463029
1463031
1463073
1463098
1463134
1463155
1463218
1463237
1463251
1463284
1463300
1463325
1463348
1463381
1463411
1463467
1463509
1463538
1463546
1463591
1463649
1463657
1463702
1463730
1463741
1463759
1463777
1463788
1463871
1463928
1463935
1463944
1463956
1463961
1464024
1464038
1464046
1464080
1464091
1464139
1464153
1464162
1464195
1464245
1464289
1464330
1464364
1464405
1464420
1464437
1464466
1464516
1464547
1464628
1464672
1464700
1464713
1464769
1464781
1464842
1464878
1464893
1464933
1464949
1464994
1465000
1465013
1465054
1465069
1465081
1465097
1465115
1465141
1465159
1465164
1465188
1465263
1465275
1465329
1465331
1465350
1465365
1465421
1465468
1465520
1465537
1465566
1465579
1465611
1465658
1465726
1465734
1465755
1465778
1465787
1465807
1465810
1465861
1465883
1465914
1465939
1465971
1466060
1466078
1466104
1466131
1466150
1466165
1466200
1466213
1466248
1466305
1466318
1466320
1466337
1466343
1466427
1466506
1466568
1466617
1466646
1466728
1466744
1466756
1466772
1466783
1466811
1466836
1466858
1466889
1466915
1466941
1466988
1466996
1467018
1467020
1467110
1467172
1467183
1467206
1467212
1467233
1467270
1467285
1467301
1467326
1467387
1467409
1467446
1467475
1467548
1467554
1467569
1467576
1467608
1467627
1467653
1467662
1467671
1467704
1467773
1467782
1467798
1467830
1467903
1467911
1467922
1467958
1468007
1468035
1468044
1468061
1468083
1468118
1468137
1468179
1468192
1468234
1468242
1468278
1468306
1468312
1468349
1468368
1468394
1468402
1468415
1468423
1468464
1468477
1468571
1468595
1468600
1468648
1468676
1468703
1468736
1468789
1468817
1468838
1468852
1468863
1468904
1468931
1468947
1468998
1469002
1469030
1469041
1469059
1469064
1469113
1469125
1469148
1469176
1469181
1469229
1469250
1469338
1469352
1469483
1469511
1469522
1469605
1469618
1469637
1469666
1469684
1469739
1469740
1469771
1469786
1469806
1469849
1469868
1469919
1469934
1469960
1469987
1470007
1470083
1470099
1470143
1470166
1470179
1470184
1470192
1470201
1470287
1470312
1470349
1470357
1470370
1470423
1470508
1470514
1470540
1470553
1470562
1470571
1470600
1470613
1470625
1470632
1470676
1470681
1470703
1470711
1470722
1470745
1470809
1470817
1470838
1470846
1470852
1470891
1470929
1470931
1470950
1470965
1470973
1471003
1471036
1471045
1471058
1471089
1471090
1471106
1471121
1471168
1471185
1471228
1471244
1471371
1471404
1471416
1471431
1471447
1471473
1471498
1471523
1471588
1471601
1471642
1471693
1471724
1471738
1471746
1471752
1471775
1471825
1471832
1471848
1471897
1471918
1471920
1471951
1471992
1472033
1472070
1472103
1472158
1472167
1472189
1472227
1472239
1472240
1472271
1472310
1472328
1472335
1472361
1472454
1472476
1472481
1472534
1472578
1472587
1472602
1472641
1472659
1472718
1472751
1472766
1472784
1472792
1472804
1472816
1472831
1472847
1472873
1472909
1472917
1472924
1472946
1472963
1472975
1472980
1473000
1473048
1473159
1473177
1473196
1473217
1473224
1473252
1473263
1473280
1473331
1473412
1473433
1473449
1473485
1473505
1473520
1473566
1473579
1473584
1473592
1473603
1473636
1473701
1473719
1473726
1473742
1473755
1473760
1473778
1473787
1473793
1473807
1473810
1473835
1473856
1473861
1473883
1473908
1473914
1473927
1473953
1473962
1473986
1474005
1474018
1474020
1474079
1474092
1474110
1474144
1474156
1474161
1474183
1474206
1474212
1474249
1474294
1474301
1474326
1474334
1474355
1474360
1474378
1474446
1474452
1474463
1474480
1474500
1474576
1474653
1474662
1474704
1474716
1474750
1474782
1474802
1474823
1474864
1474877
1474903
1474945
1474989
1475004
1475016
1475029
1475047
1475073
1475126
1475160
1475178
1475187
1475218
1475237
1475284
1475325
1475403
1475436
1475445
1475474
1475489
1475538
1475546
1475575
1475591
1475670
1475685
1475694
1475730
1475741
1475777
1475788
1475814
1475840
1475853
1475895
1475910
1476002
1476015
1476030
1476077
1476113
1476125
1476154
1476204
1476247
1476250
1476265
1476309
1476324
1476338
1476346
1476375
1476391
1476407
1476461
1476499
1476536
1476545
1476574
1476620
1476651
1476679
1476692
1476708
1476727
1476739
1476753
1476786
1476795
1476806
1476857
1476868
1476870
1476942
1476993
1477017
1477024
1477038
1477052
1477091
1477108
1477140
1477162
1477222
1477274
1477289
1477290
1477323
1477359
1477364
1477377
1477418
1477443
1477492
1477504
1477529
1477531
1477547
1477748
1477769
1477797
1477855
1477860
1477921
1477949
1477957
1477968
1477970
1477994
1478008
1478138
1478152
1478163
1478180
1478191
1478223
1478230
1478259
1478264
1478311
1478322
1478345
1478358
1478374
1478389
1478390
1478401
1478434
1478493
1478544
1478556
1478629
1478631
1478650
1478682
1478706
1478768
1478837
1478851
1478879
1478954
1478976
1479001
1479019
1479055
1479078
1479087
1479104
1479147
1479182
1479198
1479200
1479225
1479254
1479269
1479276
1479320
1479351
1479379
1479549
1479568
1479609
1479675
1479691
1479707
1479728
1479735
1479756
1479761
1479772
1479799
1479845
1479858
1479867
1479874
1479902
1479930
1479959
1479964
1479977
1480000
1480013
1480054
1480081
1480130
1480238
1480246
1480275
1480280
1480291
1480331
1480373
1480433
1480449
1480470
1480494
1480518
1480543
1480551
1480584
1480592
1480603
1480611
1480674
1480719
1480726
1480755
1480760
1480810
1480828
1480844
1480883
1480899
1480914
1480962
1480986
1480995
1481026
1481087
1481093
1481104
1481116
1481131
1481147
1481198
1481225
1481232
1481248
1481269
1481281
1481305
1481320
1481343
1481366
1481379
1481392
1481408
1481427
1481486
1481512
1481521
1481585
1481646
1481772
1481783
1481799
1481811
1481889
1481890
1481902
1481941
1481964
1482004
1482031
1482050
1482065
1482073
1482119
1482155
1482205
1482237
1482279
1482300
1482369
1482411
1482436
1482445
1482458
1482467
1482489
1482490
1482509
1482538
1482612
1482649
1482668
1482670
1482694
1482723
1482777
1482788
1482827
1482886
1482895
1482935
1482944
1482999
1483003
1483011
1483058
1483074
1483121
1483185
1483207
1483228
1483244
1483256
1483261
1483272
1483299
1483308
1483327
1483339
1483447
1483465
1483498
1483502
1483515
1483541
1483564
1483596
1483601
1483619
1483626
1483634
1483678
1483693
1483717
1483738
1483746
1483791
1483800
1483876
1483905
1483918
1483920
1483937
1483943
1483992
1484041
1484064
1484077
1484088
1484100
1484113
1484132
1484169
1484176
1484181
1484204
1484216
1484229
1484273
1484282
1484309
1484317
1484380
1484391
1484410
1484461
1484472
1484483
1484511
1484522
1484536
1484605
1484679
1484708
1484727
1484740
1484753
1484762
1484795
1484821
1485008
1485027
1485062
1485117
1485124
1485152
1485175
1485180
1485223
1485230
1485241
1485277
1485296
1485303
1485311
1485322
1485345
1485389
1485426
1485460
1485487
1485493
1485528
1485599
1485629
1485631
1485647
1485682
1485749
1485785
1485794
1485805
1485818
1485820
1485837
1485851
1485892
1485913
1485925
1485948
1485981
1486006
1486012
1486057
1486070
1486103
1486122
1486136
1486145
1486158
1486174
1486190
1486227
1486262
1486271
1486307
1486310
1486328
1486335
1486356
1486383
1486400
1486448
1486476
1486481
1486526
1486534
1486555
1486560
1486578
1486720
1486766
1486804
1486873
1486898
1486975
1487007
1487072
1487099
1487120
1487226
1487278
1487306
1487333
1487357
1487370
1487441
1487459
1487496
1487508
1487514
1487527
1487562
1487595
1487600
1487613
1487625
1487648
1487681
1487697
1487711
1487767
1487774
1487838
1487846
1487863
1487875
1487891
1487904
1487950
1487998
1488043
1488066
1488135
1488156
1488172
1488199
1488206
1488270
1488387
1488409
1488424
1488491
1488500
1488525
1488569
1488576
1488581
1488614
1488640
1488662
1488671
1488686
1488729
1488765
1488782
1488830
1488841
1488896
1488903
1489009
1489075
1489114
1489139
1489140
1489162
1489203
1489236
1489258
1489289
1489388
1489396
1489420
1489437
1489443
1489484
1489492
1489504
1489582
1489598
1489656
1489683
1489725
1489748
1489826
1489842
1489855
1489860
1489893
1489906
1489957
1489970
1490003
1490022
1490045
1490089
1490090
1490149
1490170
1490272
1490308
1490327
1490339
1490353
1490362
1490447
1490473
1490515
1490559
1490564
1490577
1490596
1490660
1490678
1490687
1490693
1490724
1490763
1490791
1490813
1490897
1490905
1490918
1490920
1490943
1490966
1491046
1491063
1491075
1491080
1491162
1491186
1491211
1491258
1491290
1491323
1491330
1491396
1491405
1491420
1491443
1491504
1491550
1491573
1491607
1491628
1491635
1491661
1491700
1491713
1491732
1491769
1491781
1491797
1491826
1491860
1491887
1491906
1491912
1491933
1491968
1492008
1492027
1492071
1492117
1492124
1492138
1492152
1492191
1492215
1492322
1492390
1492426
1492455
1492510
1492556
1492561
1492572
1492682
1492698
1492733
1492749
1492768
1492770
1492785
1492837
1492892
1492913
1492948
1492954
1492981
1493104
1493116
1493131
1493173
1493200
1493213
1493225
1493248
1493269
1493318
1493320
1493366
1493392
1493414
1493453
1493506
1493521
1493557
1493568
1493680
1493707
1493735
1493772
1493783
1493803
1493822
1493845
1493867
1493889
1493890
1493915
1493941
1494012
1494057
1494085
1494158
1494189
1494190
1494240
1494262
1494271
1494310
1494344
1494361
1494399
1494469
1494519
1494542
1494587
1494602
1494641
1494659
1494784
1494792
1494816
1494831
1494850
1494865
1494898
1494924
1494963
1494980
1494991
1495020
1495037
1495066
1495079
1495092
1495110
1495135
1495144
1495156
1495161
1495172
1495212
1495233
1495249
1495270
1495301
1495319
1495342
1495378
1495393
1495409
1495446
1495463
1495475
1495480
1495500
1495525
1495548
1495554
1495576
1495581
1495614
1495662
1495716
1495729
1495731
1495773
1495815
1495888
1495911
1495936
1495958
1495989
1496101
1496126
1496142
1496193
1496205
1496218
1496220
1496237
1496251
1496369
1496376
1496381
1496411
1496458
1496467
1496474
1496509
1496580
1496685
1496715
1496723
1496730
1496741
1496764
1496777
1496814
1496839
1496853
1496907
1496910
1496928
1496935
1496944
1496961
1497069
1497076
1497097
1497102
1497130
1497159
1497188
1497209
1497275
1497280
1497304
1497347
1497350
1497365
1497398
1497406
1497457
1497485
1497518
1497520
1497537
1497603
1497658
1497667
1497674
1497689
1497690
1497742
1497755
1497760
1497778
1497807
1497828
1497835
1497844
1497861
1497908
1497914
1497940
1497953
1497995
1498030
1498041
1498059
1498064
1498100
1498148
1498169
1498181
1498216
1498229
1498231
1498273
1498346
1498352
1498380
1498407
1498456
1498472
1498503
1498511
1498637
1498643
1498651
1498679
1498708
1498714
1498795
1498833
1498870
1498919
1498926
1498942
1498978
1498987
1499007
1499010
1499028
1499035
1499056
1499083
1499099
1499151
1499226
1499255
1499260
1499287
1499293
1499349
1499368
1499415
1499430
1499464
1499508
1499514
1499600
1499613
1499625
1499632
1499669
1499722
1499736
1499767
1499774
1499846
1499852
1499880
1499904
1499931
1499947
1499973
