1400239
1400481
1400938
1401294
1401990
1402880
1404228
1404235
1404299
1404450
1404724
1405075
1407284
1407445
1408915
1410458
1410796
1412611
1412940
1413344
1414845
1415838
1416207
1416523
1416693
1417311
1418933
1419037
1419270
1419301
1419387
1420735
1422393
1422750
1423108
1423531
1423860
1424266
1424999
1425978
1426311
1426976
1427738
1428006
1428136
1428335
1428792
1429742
1430080
1430171
1430547
1430699
1432375
1432511
1433488
1434682
1434948
1434969
1435873
1436199
1436270
1437305
1437351
1437384
1437646
1438119
1438546
1438764
1439813
1439951
1441818
1443206
1443342
1445093
1445305
1446998
1447033
1447122
1447271
1448404
1448523
1448992
1450107
1450249
1450716
1450729
1451517
1451723
1451759
1451788
1451895
1452200
1452408
1453925
1454234
1454430
1454496
1455848
1456700
1456776
1457176
1458209
1458238
1458316
1458468
1458494
1458701
1459641
1459938
1459975
1461534
1461792
1462943
1463220
1463517
1463606
1464725
1464985
1465177
1465347
1465373
1466512
1466799
1467378
1467716
1467729
1468151
1468219
1468722
1469015
1469197
1469651
1469679
1469955
1470255
1470488
1471283
1471429
1472372
1473123
1473141
1473350
1473899
1474747
1475292
1475580
1475657
1475961
1476558
1477046
1477211
1478014
1478071
1478665
1478698
1479392
1480398
1480485
1480645
1480971
1481462
1482134
1482474
1484456
1484567
1484590
1484857
1484919
1485071
1485336
1485698
1485866
1486497
1486705
1486924
1487349
1487745
1487982
1488532
1488888
1489211
1490121
1490207
1491171
1491377
1492040
1492062
1492358
1492712
1492721
1494383
1495128
1495268
1495532
1496422
1498574
