1458246
1459688
1459718
1459743
1459766
1459792
1459816
1459831
1459865
1459909
1459917
1459924
1459946
1459952
1459980
1459991
1460014
1460053
1460062
1460071
1460086
1460109
1460146
1460163
1460175
1460191
1460202
1460259
1460264
1460288
1460322
1460336
1460367
1460434
1460442
1460478
1460493
1460535
1460583
1460599
1460604
1460631
1460650
1460712
1460757
1460794
1460805
1460837
1460866
1460879
1460900
1460913
1460981
1460997
1461012
1461021
1461049
1461068
1461111
1461158
1461167
1461227
1461239
1461253
1461262
1461286
1461310
1461361
1461400
1461413
1461425
1461448
1461454
1461469
1461519
1461526
1461555
1461602
1461615
1461623
1461630
1461664
1461696
1461705
1461718
1461737
1461751
1461784
1461804
1461829
1461865
1461873
1461882
1461909
1461917
1461980
1462011
1462022
1462036
1462045
1462074
1462089
1462106
1462133
1462149
1462168
1462170
1462207
1462210
1462228
1462244
1462256
1462283
1462308
1462314
1462327
1462371
1462395
1462416
1462429
1462447
1462482
1462502
1462530
1462559
1462634
1462642
1462678
1462709
1462763
1472909
1479269
1480433
1485277
1485426
1485493
1485851
1486057
1486070
1486103
1486190
1486400
1487875
1488206
1488614
1488662
1488841
1489139
1489140
1489236
1489443
1489492
1490235
1490515
1490596
1490763
1491443
1491504
1491661
1491732
1491933
1492071
1492215
1492455
1492510
1492556
1492572
1492682
1492698
1492733
1492749
1492770
1492837
1492892
1492913
1492948
1492954
1492981
1493104
1493116
1493131
1493173
1493200
1493213
1493225
1493248
1493254
1493269
1493318
1493320
1493366
1493392
1493414
1493453
1493462
1493506
1493521
1493557
1493568
1493680
1493707
1493735
1493772
1493783
1493803
1493822
1493836
1493845
1493867
1493889
1493890
1493915
1493941
1494012
1494057
1494085
1494158
1494189
1494190
1494214
1494240
1494262
1494271
1494310
1494344
1494361
1494399
1494469
1494519
1494542
1494587
1494602
1494623
1494641
1494659
1494705
1494720
1494784
1494792
1494816
1494831
1494850
1494865
1494898
1494924
1494963
1494980
1494991
1495020
1495037
1495066
1495079
1495092
1495110
1495135
1495144
1495156
1495161
1495172
1495212
1495233
1495249
1495270
1495301
1495319
1495342
1495378
1495393
1495409
1495446
1495463
1495475
1495480
1495500
1495525
1495548
1495554
1495576
1495581
1495614
1495662
1495716
1495729
1495731
1495773
1495815
1495888
1495911
1495936
1495958
1495989
1496101
1496126
1496142
1496193
1496205
1496218
1496220
1496237
1496251
1496369
1496376
1496381
1496411
1496458
1496467
1496474
1496509
1496580
1496685
1496715
1496723
1496730
1496741
1496764
1496777
1496814
1496839
1496853
1496907
1496910
1496928
1496935
1496944
1496961
1497069
1497076
1497097
1497102
1497130
1497159
1497188
1497209
1497275
1497280
1497304
1497347
1497350
1497365
1497398
1497406
1497457
1497485
1497518
1497520
1497537
1497603
1497658
1497667
1497674
1497689
1497690
1497742
1497755
1497760
1497778
1497807
1497828
1497835
1497844
1497861
1497908
1497914
1497940
1497953
1497995
1498030
1498041
1498059
1498064
1498100
1498148
1498169
1498181
1498216
1498229
1498231
1498273
1498346
1498352
1498380
1498407
1498456
1498472
1498503
1498511
1498637
1498643
1498651
1498679
1498708
1498714
1498795
1498833
1498870
1498919
1498926
1498942
1498978
1498987
1499007
1499010
1499028
1499035
1499056
1499083
1499099
1499151
1499226
1499255
1499260
1499278
1499287
1499293
1499349
1499368
1499385
1499415
1499430
1499464
1499508
1499514
1499600
1499613
1499625
1499632
1499669
1499681
1499722
1499736
1499758
1499767
1499774
1499846
1499852
1499863
1499880
1499904
1499931
1499947
1499973
