2863557
2864335
2864432
2864630
2864688
2864850
2865409
2866403
2866853
2867755
2867807
2868444
2868849
2871528
2872046
2872080
2872139
2873110
2874382
2874603
2874899
2875570
2876044
2876508
2878235
2879827
2880393
2880686
2880731
2880798
2880896
2882104
2882254
2882366
2882557
2882761
2882858
2882902
2883442
2883892
2883925
2884415
2884654
2884891
2885465
2885905
2886699
2888076
2888689
2888962
2889068
2889361
2889696
2889705
2890665
2891623
2892112
2892157
2892185
2892979
2893187
2894222
2894236
2894302
2894582
2895883
2896440
2896549
2897424
2898035
2898613
2898998
2899204
