4800042
4800351
4800408
4801931
4802841
4804332
4804474
4805096
4805407
4807465
4807693
4808085
4808189
4808372
4809252
4809872
4810596
4811153
4812288
4812673
4812712
4814103
4814688
4815491
4815945
4816788
4817962
4818015
4818273
4818391
4818978
4820094
4820766
4821554
4821967
4822105
4822370
4823204
4823444
4823987
4825091
4825171
4825405
4825418
4826196
4827524
4827961
4829259
4830148
4830282
4831673
4831770
4831794
4832009
4832195
4832236
4832516
4832656
4833911
4834177
4835471
4837372
4837501
4837975
4838121
4838920
4839160
4839354
4839458
4839606
4839972
4840573
4840819
4841164
4843120
4843681
4843824
4844843
4845111
4845519
4846285
4846841
4847269
4847351
4847392
4847889
4848205
4848741
4849299
4849502
4850625
4850676
4850758
4851272
4851854
4852952
4853485
4854018
4854342
4854830
4855759
4856363
4856919
4857418
4857949
4858650
4858770
4858892
4861772
4862082
4862649
4862827
4863045
4864247
4864483
4864857
4865071
4865202
4865374
4868671
4868945
4869052
4869162
4870378
4870864
4871292
4873805
4874703
4874965
4875876
4876396
4876405
4879021
4879399
4879946
4880039
4880419
4880631
4880665
4882210
4883524
4886867
4886874
4887532
4888010
4890300
4890621
4891216
4891346
4891684
4891786
4891812
4895488
4895676
4895697
4895774
4895809
4896261
4897296
4898186
