   3 4800042
   3 4800351
   3 4800408
   3 4801931
   3 4802841
   3 4804332
   3 4804474
   3 4805096
   3 4805407
   3 4807465
   3 4807693
   3 4808189
   3 4808372
   3 4809252
   3 4809872
   3 4812673
   3 4812712
   3 4814103
   3 4814688
   3 4815491
   3 4816788
   3 4817962
   3 4818015
   3 4818391
   3 4818978
   3 4820094
   3 4822105
   3 4822370
   3 4823444
   3 4823987
   3 4825171
   3 4825405
   3 4825418
   3 4826196
   3 4827961
   3 4829259
   3 4830148
   3 4831770
   3 4831794
   3 4832009
   3 4832195
   3 4832236
   3 4832516
   3 4832656
   3 4834177
   3 4837501
   3 4838920
   3 4839160
   3 4839972
   2 4810596
   2 4811153
   2 4812288
   2 4815945
   2 4818273
   2 4820766
   2 4821554
   2 4821967
   2 4823204
   2 4825091
   2 4827524
   2 4830282
   2 4831673
   2 4833911
   2 4835471
   2 4837372
   2 4837975
   2 4838121
   2 4839354
   2 4839458
   2 4839606
   2 4840573
   2 4841164
   2 4843681
   2 4843824
   2 4844843
   2 4845111
   2 4846285
   2 4846841
   2 4847269
   2 4847351
   2 4848741
   2 4849299
   2 4849502
   2 4850625
   2 4850676
   2 4851272
   2 4852952
   2 4853485
   2 4854018
   2 4854342
   2 4854830
   2 4856363
   2 4856919
   2 4857949
   2 4858650
   2 4861772
   2 4862649
   2 4862827
   2 4863045
   2 4864483
   2 4865071
   2 4865374
   2 4868945
   2 4870378
   2 4870864
   2 4871292
   2 4873805
   2 4874703
   2 4874965
   2 4875876
   2 4876396
   2 4876405
   2 4879021
   2 4879399
   2 4879946
   2 4880039
   2 4880419
   2 4880631
   2 4880665
   2 4882210
   2 4883524
   2 4886867
   2 4886874
   2 4887532
   2 4888010
   2 4890300
   2 4890621
   2 4891216
   2 4891346
   2 4891684
   2 4891786
   2 4891812
