4800811
4800822
4801306
4801789
4802627
4803171
4803573
4804983
4805456
4807876
4807881
4808526
4808578
4811038
4815686
4816205
4817081
4817164
4817584
4818993
4819035
4819514
4820240
4820804
4821144
4821731
4822697
4823059
4823558
4826373
4829969
4830410
4830740
4831053
4833092
4833782
4833802
4833823
4833830
4834828
4838308
4840289
4841263
4849693
4850415
4850441
4851416
4851678
4851848
4852688
4855016
4855458
4856088
4858442
4860579
4862300
4865389
4866344
4866677
4868958
4869075
4870233
4871458
4872225
4872453
4873733
4874349
4874789
4875022
4875308
4875502
4875869
4876504
4876607
4877273
4877461
4878054
4878412
4879882
4880215
4880892
4882168
4882738
4883243
4883944
4884451
4884484
4884635
4885579
4885690
4885899
4888099
4888539
4888767
4892164
4893476
4896074
4898607
4899480
4899716
4899773
4899859
4899922
4899958
