4800001
4800034
4800060
4800078
4800087
4800116
4800147
4800182
4800232
4800297
4800318
4800384
4800439
4800440
4800462
4800486
4800506
4800549
4800570
4800594
4800609
4800646
4800680
4800691
4800710
4800735
4800744
4800783
4800799
4800803
4800836
4800858
4800889
4800890
4800902
4800996
4801007
4801035
4801137
4801143
4801151
4801166
4801192
4801219
4801234
4801242
4801287
4801349
4801357
4801370
4801385
4801496
4801508
4801514
4801539
4801553
4801571
4801586
4801595
4801625
4801632
4801676
4801681
4801703
4801767
4801790
4801838
4801880
4801950
4801965
4802005
4802079
4802092
4802135
4802183
4802221
4802257
4802268
4802285
4802355
4802417
4802438
4802452
4802475
4802500
4802513
4802525
4802576
4802640
4802662
4802686
4802704
4802716
4802765
4802830
4802903
4802945
4802958
4802990
4803063
4803075
4803080
4803091
4803108
4803114
4803153
4803162
4803186
4803195
4803211
4803222
4803258
4803267
4803274
4803315
4803396
4803418
4803420
4803479
4803550
4803598
4803607
4803672
4803732
4803776
4803797
4803801
4803842
4803860
4803887
4803893
4803949
4803957
4803970
4804029
4804031
4804047
4804065
4804098
4804119
4804126
4804178
4804187
4804193
4804205
4804220
4804251
4804266
4804279
4804284
4804300
4804354
4804369
4804376
4804403
4804411
4804422
4804436
4804489
4804575
4804591
4804612
4804668
4804670
4804702
4804723
4804730
4804764
4804788
4804827
4804840
4804886
4804895
4804907
4804910
4804928
4804944
4804961
4804972
4804999
4805015
4805023
4805077
4805132
4805282
4805309
4805317
4805324
4805363
4805380
4805391
4805410
4805444
4805499
4805511
4805536
4805558
4805567
4805590
4805708
4805786
4805821
4805849
4805857
4805868
4805885
4805926
4805942
4805960
4805978
4806027
4806040
4806053
4806095
4806109
4806138
4806152
4806163
4806175
4806180
4806215
4806264
4806277
4806288
4806296
4806322
4806336
4806374
4806390
4806401
4806493
4806510
4806535
4806544
4806556
4806572
4806631
4806673
4806706
4806721
4806805
4806818
4806866
4806884
4806981
4806997
4807003
4807121
4807133
4807207
4807256
4807261
4807272
4807339
4807340
4807386
4807395
4807416
4807450
4807498
4807515
4807564
4807588
4807596
4807619
4807642
4807660
4807738
4807746
4807763
4807800
4807848
4807897
4807951
4807984
4808012
4808057
4808068
4808122
4808145
4808208
4808239
4808240
4808271
4808310
4808328
4808344
4808356
4808361
4808383
4808469
4808501
4808519
4808587
4808602
4808641
4808664
4808705
4808720
4808737
4808766
4808779
4808784
4808804
4808829
4808847
4808850
4808882
4808924
4808938
4808946
4808963
4808991
4809000
4809032
4809048
4809069
4809076
4809081
4809164
4809209
4809217
4809263
4809350
4809433
4809457
4809485
4809494
4809505
4809518
4809520
4809603
4809611
4809622
4809636
4809674
4809690
4809726
4809755
4809760
4809778
4809787
4809810
4809828
4809861
4809908
4809995
4810003
4810058
4810089
4810112
4810121
4810149
4810168
4810185
4810194
4810210
4810261
4810283
4810327
4810371
4810386
4810404
4810416
4810429
4810447
4810473
4810559
4810564
4810619
4810626
4810634
4810642
4810693
4810709
4810724
4810752
4810775
4810780
4810791
4810813
4810848
4810854
4810881
4810897
4810905
4810937
4810966
4810984
4810992
4811024
4811063
4811075
4811140
4811162
4811171
4811323
4811341
4811359
4811396
4811405
4811420
4811437
4811443
4811451
4811466
4811484
4811550
4811565
4811582
4811628
4811644
4811683
4811732
4811748
4811769
4811797
4811801
4811819
4811826
4811834
4811842
4811855
4811860
4811878
4811887
4811912
4811985
4811994
4812008
4812014
4812027
4812039
4812071
4812117
4812138
4812215
4812259
4812277
4812311
4812374
4812434
4812455
4812493
4812507
4812528
4812535
4812556
4812561
4812599
4812629
4812647
4812721
4812749
4812757
4812768
4812770
4812785
4812820
4812843
4812892
4812913
4812954
4812997
4813087
4813129
4813147
4813182
4813198
4813232
4813254
4813269
4813305
4813337
4813379
4813427
4813439
4813453
4813462
4813533
4813557
4813570
4813585
4813646
4813663
4813680
4813710
4813761
4813772
4813803
4813836
4813889
4813890
4813923
4813959
4813988
4813996
4814006
4814012
4814057
4814068
4814094
4814122
4814158
4814174
4814189
4814214
4814239
4814240
4814253
4814262
4814271
4814286
4814307
4814328
4814361
4814399
4814413
4814454
4814469
4814519
4814555
4814560
4814623
4814664
4814696
4814737
4814743
4814751
4814766
4814779
4814831
4814847
4814865
4814924
4814938
4814952
4815018
4815084
4815092
4815172
4815206
4815212
4815249
4815270
4815326
4815334
4815342
4815424
4815452
4815513
4815548
4815554
4815608
4815627
4815640
4815704
4815729
4815747
4815773
4815782
4815841
4815864
4815877
4815888
4815903
4815911
4815936
4815974
4815989
4816004
4816029
4816031
4816098
4816119
4816134
4816142
4816160
4816251
4816284
4816332
4816411
4816422
4816445
4816467
4816474
4816517
4816546
4816575
4816612
4816657
4816668
4816670
4816685
4816694
4816715
4816759
4816796
4816827
4816840
4816853
4816910
4816928
4816944
4816961
4816983
4817032
4817054
4817069
4817076
4817097
4817102
4817115
4817123
4817130
4817141
4817177
4817188
4817252
4817263
4817275
4817280
4817304
4817316
4817331
4817365
4817373
4817382
4817449
4817468
4817518
4817520
4817537
4817566
4817622
4817636
4817658
4817674
4817689
4817734
4817760
4817778
4817810
4817844
4818030
4818100
4818132
4818176
4818181
4818197
4818229
4818247
4818265
4818309
4818317
4818338
4818346
4818352
4818380
4818444
4818461
4818503
4818590
4818618
4818620
4818637
4818643
4818684
4818692
4818714
4818771
4818786
4818806
4818833
4818857
4818885
4818894
4818942
4819007
4819010
4819056
4819072
4819120
4819137
4819192
4819226
4819234
4819255
4819260
4819287
4819321
4819349
4819357
4819370
4819402
4819423
4819459
4819464
4819488
4819539
4819540
4819571
4819586
4819625
4819632
4819648
4819697
4819711
4819767
4819809
4819817
4819824
4819875
4819904
4819916
4819929
4819947
4819950
4819973
4820006
4820033
4820049
4820070
4820103
4820158
4820189
4820208
4820227
4820286
4820307
4820310
4820361
4820399
4820400
4820425
4820448
4820501
4820519
4820526
4820534
4820587
4820593
4820623
4820696
4820705
4820737
4820784
4820792
4820816
4820847
4820873
4820909
4820924
4820946
4820963
4820975
4821018
4821020
4821043
4821051
4821066
4821079
4821084
4821107
4821110
4821156
4821268
4821285
4821294
4821326
4821334
4821355
4821360
4821387
4821409
4821446
4821452
4821500
4821513
4821532
4821548
4821569
4821576
4821662
4821704
4821729
4821765
4821773
4821782
4821830
4821841
4821896
4821936
4821958
4821974
4821989
4821990
4822028
4822035
4822044
4822120
4822143
4822179
4822184
4822234
4822255
4822260
4822287
4822306
4822321
4822357
4822368
4822423
4822441
4822459
4822477
4822496
4822527
4822586
4822613
4822625
4822632
4822654
4822681
4822722
4822736
4822767
4822790
4822817
4822824
4822838
4822846
4822852
4822863
4822875
4822904
4822929
4822931
4822965
4823023
4823041
4823077
4823100
4823113
4823148
4823154
4823197
4823216
4823229
4823250
4823282
4823317
4823407
4823428
4823435
4823574
4823666
4823684
4823708
4823727
4823762
4823786
4823795
4823806
4823821
4823833
4823849
4823868
4823870
4823885
4823901
4823926
4823934
4823942
4823955
4824011
4824036
4824045
4824067
4824074
4824090
4824121
4824170
4824207
4824210
4824244
4824256
4824261
4824283
4824299
4824362
4824395
4824404
4824429
4824473
4824502
4824515
4824523
4824541
4824559
4824626
4824660
4824678
4824687
4824752
4824780
4824848
4824854
4824876
4824937
4824979
4824992
4825009
4825046
4825114
4825139
4825162
4825186
4825195
4825203
4825274
4825388
4825466
4825479
4825484
4825504
4825516
4825529
4825531
4825550
4825573
4825582
4825610
4825628
4825661
4825683
4825699
4825754
4825781
4825797
4825801
4825834
4825860
4825887
4825893
4825906
4825921
4826000
4826013
4826054
4826081
4826102
4826115
4826141
4826164
4826209
4826217
4826246
4826291
4826304
4826347
4826365
4826406
4826412
4826433
4826537
4826543
4826566
4826579
4826592
4826622
4826645
4826667
4826689
4826701
4826726
4826755
4826828
4826835
4826844
4826856
4826883
4826899
4826908
4826940
4826962
4826986
4827016
4827029
4827031
4827065
4827073
4827119
4827126
4827160
4827193
4827279
4827292
4827325
4827369
4827376
4827397
4827458
4827467
4827509
4827517
4827538
4827546
4827591
4827606
4827621
4827741
4827808
4827827
4827853
4827862
4827956
4827972
4828001
4828019
4828026
4828034
4828078
4828087
4828104
4828129
4828173
4828182
4828248
4828343
4828379
4828392
4828414
4828427
4828440
4828471
4828486
4828495
4828512
4828533
4828549
4828568
4828570
4828585
4828609
4828617
4828646
4828680
4828691
4828744
4828799
4828811
4828858
4828867
4828889
4828915
4828923
4828941
4828988
4828996
4829039
4829062
4829071
4829109
4829117
4829146
4829152
4829202
4829264
4829296
4829303
4829311
4829322
4829336
4829389
4829487
4829561
4829572
4829604
4829631
4829650
4829682
4829706
4829712
4829721
4829749
4829770
4829785
4829805
4829843
4829900
4829932
4829981
4829997
4830023
4830030
4830041
4830059
4830064
4830077
4830113
4830125
4830169
4830181
4830216
4830247
4830265
4830298
4830338
4830391
4830407
4830435
4830461
4830472
4830503
4830511
4830567
4830574
4830589
4830590
4830605
4830620
4830637
4830643
4830684
4830708
4830714
4830762
4830771
4830833
4830849
4830857
4830868
4830870
4830894
4830919
4830926
4830942
4830955
4830960
4831008
4831014
4831027
4831062
4831109
4831124
4831138
4831152
4831215
4831230
4831264
4831296
4831311
4831322
4831345
4831367
4831374
4831401
4831419
4831426
4831434
4831442
4831478
4831528
4831583
4831599
4831647
4831721
4831733
4831757
4831768
4831805
4831892
4831900
4831925
4831969
4831981
4832038
4832046
4832108
4832140
4832153
4832171
4832203
4832222
4832315
4832420
4832443
4832479
4832492
4832529
4832582
4832661
4832672
4832700
4832725
4832797
4832860
4832887
4832906
4832921
4832949
4832957
4832968
4832970
4833020
4833037
4833066
4833079
4833084
4833107
4833110
4833128
4833161
4833172
4833199
4833221
4833233
4833268
4833270
4833285
4833326
4833355
4833360
4833387
4833475
4833513
4833525
4833554
4833608
4833639
4833686
4833747
4833765
4833877
4833888
4833936
4833967
4834025
4834048
4834069
4834097
4834159
4834164
4834188
4834246
4834263
4834280
4834382
4834421
4834470
4834485
4834579
4834584
4834667
4834674
4834689
4834690
4834701
4834726
4834742
4834760
4834778
4834810
4834856
4834872
4834883
4834908
4834986
4835019
4835034
4835055
4835060
4835078
4835093
4835131
4835147
4835173
4835200
4835232
4835248
4835254
4835281
4835337
4835351
4835379
4835392
4835427
4835439
4835440
4835453
4835462
4835568
4835570
4835594
4835609
4835638
4835646
4835663
4835680
4835735
4835756
4835761
4835772
4835811
4835822
4835836
4835845
4835889
4835890
4835941
4835996
4836028
4836035
4836044
4836056
4836072
4836083
4836120
4836137
4836234
4836242
4836287
4836321
4836333
4836349
4836357
4836402
4836496
4836508
4836514
4836539
4836540
4836562
4836654
4836669
4836681
4836703
4836722
4836758
4836767
4836774
4836809
4836817
4836824
4836852
4836916
4836931
4836982
4837033
4837049
4837068
4837085
4837103
4837174
4837227
4837240
4837286
4837295
4837310
4837356
4837361
4837413
4837432
4837526
4837542
4837578
4837587
4837615
4837623
4837630
4837677
4837688
4837696
4837705
4837718
4837784
4837792
4837829
4837850
4837909
4837963
4837980
4838011
4838022
4838074
4838112
4838133
4838149
4838210
4838228
4838235
4838272
4838283
4838299
4838314
4838327
4838362
4838404
4838465
4838482
4838523
4838530
4838559
4838564
4838577
4838601
4838642
4838678
4838687
4838752
4838763
4838775
4838780
4838813
4838848
4838854
4838876
4838937
4838966
4839031
4839073
4839126
4839142
4839178
4839187
4839193
4839218
4839237
4839284
4839313
4839325
4839332
4839369
4839403
4839411
4839436
4839445
4839490
4839509
4839517
4839538
4839552
4839580
4839612
4839633
4839670
4839685
4839723
4839730
4839764
4839777
4839871
4839935
4839961
4839999
4840017
4840038
4840063
4840108
4840114
4840127
4840153
4840171
4840203
4840211
4840245
4840341
4840359
4840377
4840388
4840396
4840418
4840437
4840443
4840466
4840492
4840504
4840529
4840565
4840656
4840661
4840683
4840699
4840725
4840781
4840797
4840801
4840826
4840855
4840878
4840887
4840906
4840912
4840933
4840957
4840968
4840994
4841013
4841048
4841102
4841115
4841123
4841130
4841159
4841177
4841188
4841196
4841209
4841252
4841316
4841329
4841331
4841347
4841350
4841365
4841382
4841412
4841421
4841494
4841518
4841537
4841551
4841566
4841579
4841592
4841603
4841658
4841667
4841734
4841755
4841787
4841835
4841844
4841856
4841861
4841872
4841883
4841939
4841995
4842015
4842041
4842059
4842077
4842088
4842113
4842132
4842148
4842154
4842169
4842176
4842204
4842216
4842265
4842282
4842375
4842407
4842410
4842461
4842472
4842483
4842511
4842536
4842545
4842558
4842574
4842643
4842651
4842684
4842692
4842740
4842762
4842786
4842795
4842812
4842821
4842868
4842960
4842978
4842993
4843010
4843035
4843044
4843061
4843099
4843105
4843143
4843179
4843201
4843226
4843242
4843260
4843287
4843293
4843312
4843333
4843368
4843402
4843459
4843464
4843477
4843496
4843514
4843539
4843540
4843562
4843571
4843586
4843595
4843613
4843632
4843669
4843703
4843711
4843722
4843745
4843758
4843767
4843817
4843863
4843880
4843891
4843904
4843916
4843931
4843965
4843973
4843982
4844027
4844040
4844053
4844071
4844095
4844138
4844202
4844230
4844264
4844277
4844296
4844311
4844374
4844390
4844401
4844455
4844460
4844478
4844493
4844535
4844556
4844583
4844599
4844604
4844647
4844650
4844698
4844733
4844749
4844768
4844770
4844785
4844794
4844805
4844818
4844820
4844837
4844851
4844866
4844879
4844913
4844954
4844969
4844976
4844981
4844997
4845012
4845033
4845049
4845070
4845085
4845094
4845136
4845145
4845174
4845208
4845240
4845271
4845295
4845310
4845335
4845344
4845383
4845399
4845448
4845454
4845469
4845476
4845497
4845501
4845526
4845534
4845542
4845555
4845560
4845578
4845593
4845623
4845641
4845664
4845688
4845705
4845743
4845779
4845804
4845816
4845850
4845873
4845980
4846020
4846037
4846051
4846079
4846084
4846092
4846107
4846110
4846183
4846199
4846206
4846221
4846249
4846334
4846355
4846360
4846378
4846393
4846417
4846438
4846446
4846463
4846475
4846480
4846513
4846532
4846548
4846554
4846569
4846576
4846581
4846597
4846614
4846639
4846662
4846686
4846716
4846729
4846747
4846773
4846798
4846830
4846859
4846864
4846877
4846903
4846911
4846936
4846945
4846958
4846974
4846990
4847001
4847078
4847087
4847104
4847131
4847150
4847182
4847198
4847200
4847213
4847232
4847254
4847297
4847320
4847337
4847343
4847366
4847384
4847427
4847439
4847462
4847471
4847512
4847533
4847549
4847568
4847609
4847624
4847652
4847663
4847675
4847691
4847761
4847772
4847811
4847858
4847923
4847941
4847977
4847996
4848029
4848050
4848082
4848126
4848142
4848160
4848178
4848187
4848220
4848243
4848279
4848325
4848332
4848348
4848381
4848422
4848445
4848458
4848467
4848509
4848517
4848546
4848552
4848563
4848591
4848612
4848633
4848649
4848668
4848685
4848694
4848702
4848715
4848759
4848764
4848814
4848827
4848839
4848840
4848886
4848907
4848956
4848961
4848972
4848999
4849011
4849022
4849074
4849121
4849133
4849149
4849170
4849210
4849228
4849244
4849256
4849314
4849339
4849353
4849416
4849450
4849465
4849541
4849588
4849601
4849626
4849642
4849687
4849775
4849813
4849825
4849854
4849897
4849905
4849918
4849937
4849992
4850007
4850010
4850044
4850056
4850083
4850137
4850151
4850166
4850201
4850226
4850260
4850321
4850368
4850370
4850385
4850394
4850423
4850459
4850477
4850508
4850539
4850540
4850562
4850571
4850586
4850632
4850703
4850736
4850790
4850846
4850863
4850875
4850904
4850929
4850947
4850950
4850965
4851036
4851045
4851074
4851090
4851106
4851112
4851168
4851194
4851210
4851228
4851299
4851314
4851339
4851362
4851371
4851386
4851404
4851431
4851447
4851577
4851660
4851724
4851738
4851752
4851763
4851775
4851800
4851813
4851825
4851832
4851920
4851937
4851943
4851966
4852006
4852012
4852070
4852136
4852227
4852239
4852253
4852286
4852335
4852372
4852383
4852400
4852425
4852432
4852448
4852481
4852526
4852555
4852560
4852593
4852623
4852664
4852720
4852737
4852751
4852766
4852784
4852804
4852816
4852831
4852847
4852850
4852865
4852873
4852882
4852924
4852938
4852963
4853000
4853048
4853054
4853159
4853177
4853238
4853246
4853275
4853291
4853316
4853329
4853347
4853350
4853365
4853373
4853398
4853406
4853421
4853468
4853470
4853505
4853520
4853551
4853636
4853645
4853674
4853690
4853719
4853726
4853787
4853807
4853810
4853856
4853861
4853883
4853908
4853927
4853940
4853953
4853995
4854005
4854110
4854135
4854144
4854156
4854161
4854172
4854212
4854221
4854270
4854301
4854334
4854378
4854393
4854438
4854446
4854452
4854480
4854525
4854532
4854554
4854569
4854597
4854608
4854627
4854639
4854662
4854695
4854716
4854731
4854773
4854798
4854864
4854888
4854903
4854958
4854974
4854989
4855004
4855029
4855065
4855082
4855126
4855134
4855142
4855155
4855160
4855218
4855220
4855266
4855279
4855300
4855332
4855348
4855354
4855467
4855509
4855575
4855606
4855612
4855633
4855649
4855670
4855702
4855715
4855730
4855741
4855764
4855827
4855840
4855853
4855862
4855910
4855944
4855956
4855972
4855983
4855999
4856002
4856030
4856059
4856077
4856100
4856113
4856154
4856229
4856231
4856273
4856298
4856309
4856324
4856338
4856352
4856380
4856407
4856410
4856435
4856444
4856461
4856536
4856558
4856589
4856590
4856666
4856679
4856708
4856714
4856727
4856795
4856806
4856857
4856885
4856926
4856942
4856955
4857024
4857038
4857114
4857139
4857171
4857186
4857203
4857211
4857290
4857315
4857341
4857364
4857377
4857443
4857516
4857531
4857628
4857635
4857644
4857661
4857699
4857732
4857748
4857754
4857769
4857776
4857781
4857819
4857842
4857893
4857933
4857957
4857968
4857970
4858008
4858040
4858071
4858095
4858180
4858215
4858296
4858322
4858336
4858358
4858374
4858389
4858434
4858487
4858493
4858510
4858528
4858599
4858616
4858629
4858665
4858768
4858818
4858820
4858843
4858879
4858925
4858954
4858981
4859026
4859034
4859093
4859129
4859131
4859165
4859173
4859182
4859200
4859232
4859276
4859366
4859379
4859408
4859414
4859439
4859471
4859512
4859594
4859609
4859638
4859652
4859663
4859675
4859680
4859710
4859756
4859783
4859799
4859803
4859890
4859902
4859923
4859959
4859977
4859996
4860013
4860032
4860069
4860081
4860097
4860123
4860141
4860159
4860217
4860238
4860252
4860263
4860304
4860350
4860365
4860406
4860412
4860449
4860457
4860468
4860485
4860505
4860537
4860543
4860551
4860603
4860622
4860636
4860667
4860674
4860690
4860701
4860719
4860726
4860742
4860760
4860778
4860787
4860793
4860807
4860835
4860844
4860856
4860872
4860899
4860908
4860914
4860940
4860962
4860986
4860995
4861001
4861026
4861060
4861116
4861129
4861131
4861173
4861200
4861213
4861232
4861269
4861276
4861297
4861320
4861343
4861351
4861414
4861439
4861440
4861462
4861471
4861486
4861549
4861570
4861638
4861646
4861675
4861710
4861744
4861799
4861836
4861902
4861923
4861964
4862016
4862119
4862126
4862142
4862178
4862187
4862193
4862266
4862292
4862313
4862348
4862369
4862381
4862397
4862422
4862436
4862467
4862509
4862538
4862546
4862563
4862575
4862591
4862612
4862670
4862723
4862730
4862759
4862777
4862814
4862840
4862862
4862886
4862956
4862961
4863003
4863011
4863036
4863089
4863106
4863121
4863149
4863168
4863185
4863210
4863228
4863314
4863327
4863339
4863340
4863371
4863386
4863429
4863465
4863502
4863530
4863559
4863564
4863577
4863619
4863634
4863642
4863660
4863678
4863709
4863752
4863775
4863780
4863848
4863905
4863920
4863943
4863951
4863966
4863992
4864002
4864015
4864023
4864088
4864154
4864181
4864317
4864324
4864338
4864410
4864461
4864536
4864567
4864574
4864590
4864618
4864692
4864727
4864753
4864771
4864795
4864806
4864812
4864833
4864849
4864870
4864894
4864934
4864955
4864960
4864978
4865008
4865039
4865040
4865095
4865117
4865124
4865138
4865152
4865175
4865180
4865191
4865223
4865230
4865241
4865259
4865264
4865277
4865296
4865311
4865336
4865358
4865367
4865434
4865442
4865507
4865535
4865544
4865561
4865583
4865599
4865650
4865665
4865682
4865749
4865770
4865805
4865820
4865851
4865900
4865932
4865969
4865997
4866094
4866103
4866190
4866227
4866239
4866240
4866295
4866400
4866476
4866481
4866501
4866560
4866587
4866602
4866615
4866623
4866705
4866792
4866865
4866873
4866898
4866938
4866963
4866975
4867007
4867083
4867105
4867118
4867151
4867166
4867179
4867192
4867234
4867242
4867260
4867287
4867306
4867349
4867370
4867423
4867441
4867477
4867508
4867527
4867540
4867571
4867595
4867669
4867697
4867711
4867745
4867790
4867817
4867824
4867846
4867852
4867863
4867916
4867929
4867931
4867950
4868005
4868020
4868037
4868043
4868051
4868066
4868079
4868110
4868135
4868183
4868206
4868221
4868270
4868285
4868334
4868342
4868355
4868387
4868393
4868424
4868438
4868452
4868463
4868513
4868597
4868614
4868640
4868653
4868695
4868716
4868729
4868802
4868815
4868823
4868922
4868967
4868990
4869009
4869038
4869046
4869203
4869245
4869302
4869315
4869323
4869330
4869364
4869377
4869396
4869420
4869437
4869479
4869516
4869529
4869565
4869644
4869699
4869700
4869748
4869769
4869781
4869797
4869801
4869842
4869860
4869906
4869949
4869957
4869985
4870079
4870135
4870156
4870206
4870285
4870294
4870360
4870417
4870424
4870438
4870452
4870463
4870513
4870532
4870548
4870554
4870569
4870576
4870581
4870614
4870627
4870639
4870662
4870695
4870765
4870823
4870830
4870859
4870877
4870888
4870896
4870922
4870990
4871047
4871065
4871101
4871134
4871142
4871155
4871178
4871205
4871218
4871220
4871279
4871300
4871325
4871348
4871467
4871490
4871538
4871546
4871552
4871575
4871591
4871685
4871694
4871702
4871715
4871723
4871730
4871759
4871808
4871814
4871839
4871910
4871928
4872019
4872026
4872042
4872060
4872078
4872104
4872116
4872131
4872147
4872165
4872173
4872198
4872213
4872269
4872297
4872305
4872337
4872351
4872366
4872427
4872440
4872462
4872471
4872495
4872506
4872533
4872549
4872570
4872617
4872652
4872675
4872744
4872761
4872845
4872858
4872874
4872889
4872890
4872915
4872930
4872977
4873008
4873027
4873040
4873086
4873109
4873124
4873138
4873152
4873180
4873191
4873202
4873230
4873241
4873288
4873296
4873336
4873345
4873389
4873390
4873442
4873460
4873510
4873544
4873556
4873561
4873572
4873616
4873647
4873665
4873673
4873682
4873706
4873712
4873721
4873749
4873785
4873818
4873843
4873866
4873892
4873913
4873925
4873954
4873976
4873981
4873997
4874007
4874044
4874083
4874099
4874118
4874151
4874166
4874184
4874201
4874242
4874306
4874312
4874357
4874368
4874415
4874441
4874459
4874464
4874477
4874488
4874496
4874508
4874540
4874600
4874676
4874681
4874711
4874722
4874736
4874767
4874774
4874790
4874809
4874824
4874852
4874875
4874880
4874904
4874929
4874950
4874982
4874998
4875003
4875011
4875045
4875074
4875089
4875112
4875121
4875157
4875168
4875207
4875228
4875261
4875327
4875340
4875353
4875450
4875523
4875530
4875564
4875596
4875634
4875746
4875752
4875763
4875832
4875848
4875854
4875905
4875918
4875937
4876017
4876024
4876052
4876091
4876114
4876139
4876153
4876186
4876195
4876203
4876236
4876290
4876359
4876364
4876377
4876451
4876484
4876492
4876516
4876531
4876547
4876550
4876565
4876598
4876661
4876699
4876700
4876713
4876725
4876732
4876826
4876834
4876860
4876887
4876906
4876912
4876933
4876968
4876970
4876994
4877002
4877015
4877041
4877077
4877088
4877096
4877100
4877113
4877125
4877197
4877247
4877250
4877324
4877346
4877391
4877407
4877472
4877499
4877511
4877536
4877567
4877590
4877605
4877637
4877651
4877727
4877740
4877771
4877786
4877795
4877821
4877833
4877849
4877857
4877901
4877919
4877926
4877960
4877993
4878013
4878159
4878164
4878188
4878209
4878217
4878224
4878246
4878263
4878280
4878291
4878304
4878316
4878331
4878365
4878398
4878406
4878421
4878433
4878449
4878457
4878468
4878485
4878494
4878592
4878611
4878636
4878667
4878701
4878719
4878734
4878742
4878760
4878807
4878810
4878835
4878872
4878908
4878914
4878940
4878953
4878995
4879006
4879068
4879070
4879111
4879145
4879158
4879167
4879174
4879208
4879227
4879240
4879295
4879307
4879310
4879356
4879361
4879413
4879425
4879448
4879481
4879519
4879555
4879578
4879615
4879664
4879688
4879705
4879720
4879737
4879743
4879766
4879779
4879784
4879816
4879831
4879847
4879865
4879873
4879963
4880040
4880086
4880109
4880117
4880163
4880180
4880191
4880202
4880241
4880322
4880367
4880374
4880401
4880426
4880442
4880455
4880460
4880478
4880507
4880572
4880583
4880616
4880650
4880698
4880721
4880733
4880768
4880770
4880805
4880843
4880879
4880884
4880913
4880925
4880981
4881006
4881012
4881068
4881070
4881111
4881122
4881145
4881167
4881208
4881227
4881295
4881307
4881372
4881413
4881425
4881454
4881469
4881481
4881501
4881526
4881555
4881560
4881615
4881630
4881688
4881720
4881737
4881743
4881751
4881792
4881847
4881873
4881882
4881898
4881909
4881938
4881946
4881952
4881963
4882011
4882045
4882074
4882090
4882112
4882133
4882149
4882185
4882235
4882272
4882327
4882339
4882340
4882386
4882450
4882482
4882502
4882515
4882523
4882541
4882559
4882601
4882634
4882678
4882687
4882709
4882746
4882763
4882775
4882780
4882791
4882825
4882832
4882897
4882920
4882937
4882979
4883016
4883047
4883065
4883082
4883101
4883126
4883142
4883160
4883218
4883220
4883237
4883266
4883325
4883332
4883348
4883397
4883458
4883509
4883563
4883580
4883606
4883685
4883730
4883796
4883814
4883839
4883840
4883853
4883862
4883895
4883907
4883928
4883956
4883972
4884017
4884046
4884052
4884075
4884108
4884211
4884236
4884258
4884302
4884323
4884330
4884405
4884418
4884437
4884443
4884466
4884479
4884504
4884565
4884598
4884610
4884628
4884644
4884672
4884683
4884700
4884713
4884725
4884732
4884776
4884797
4884801
4884819
4884834
4884842
4884887
4884893
4884906
4884912
4884949
4884970
4884985
4885013
4885102
4885123
4885141
4885159
4885177
4885196
4885217
4885224
4885280
4885316
4885350
4885365
4885373
4885457
4885518
4885520
4885543
4885551
4885566
4885592
4885611
4885622
4885719
4885726
4885734
4885755
4885760
4885787
4885793
4885810
4885844
4885927
4885940
4885953
4885971
4885986
4886060
4886078
4886087
4886165
4886182
4886200
4886225
4886248
4886254
4886269
4886276
4886297
4886305
4886320
4886343
4886366
4886427
4886440
4886453
4886471
4886486
4886495
4886512
4886533
4886570
4886594
4886638
4886663
4886675
4886728
4886744
4886756
4886783
4886803
4886845
4886858
4886889
4886902
4886923
4886941
4886964
4886977
4886996
4887051
4887079
4887092
4887110
4887135
4887144
4887156
4887161
4887183
4887199
4887206
4887268
4887285
4887294
4887319
4887334
4887342
4887387
4887417
4887452
4887463
4887480
4887513
4887525
4887548
4887581
4887627
4887640
4887671
4887695
4887704
4887729
4887765
4887823
4887888
4887903
4887911
4887922
4887945
4887967
4887974
4887990
4888007
4888035
4888083
4888105
4888120
4888143
4888151
4888166
4888179
4888226
4888234
4888255
4888278
4888287
4888293
4888349
4888368
4888394
4888402
4888441
4888488
4888540
4888553
4888562
4888586
4888595
4888600
4888613
4888654
4888703
4888745
4888838
4888891
4888929
4888982
4889015
4889023
4889030
4889077
4889096
4889100
4889113
4889181
4889197
4889265
4889298
4889309
4889324
4889352
4889375
4889391
4889428
4889435
4889444
4889461
4889499
4889503
4889511
4889567
4889589
4889605
4889637
4889643
4889651
4889684
4889692
4889708
4889714
4889753
4889849
4889857
4889868
4889942
4889960
4889978
4889987
4889993
4890016
4890029
4890031
4890050
4890065
4890082
4890098
4890119
4890126
4890178
4890187
4890193
4890205
4890218
4890266
4890325
4890332
4890369
4890397
4890411
4890489
4890490
4890509
4890546
4890552
4890563
4890633
4890730
4890764
4890808
4890814
4890862
4890907
4890935
4890944
4891015
4891077
4891113
4891148
4891169
4891176
4891265
4891273
4891309
4891375
4891391
4891410
4891483
4891503
4891536
4891605
4891637
4891679
4891714
4891740
4891771
4891806
4891821
4891849
4891870
4891885
4891894
4891919
4891942
4891955
4891987
4891993
4892000
4892048
4892069
4892081
4892141
4892209
4892224
4892238
4892291
4892329
4892347
4892350
4892365
4892412
4892433
4892470
4892505
4892518
4892520
4892566
4892603
4892611
4892636
4892726
4892793
4892807
4892861
4892953
4893012
4893033
4893049
4893057
4893068
4893070
4893085
4893158
4893189
4893208
4893214
4893227
4893239
4893240
4893271
4893307
4893328
4893344
4893361
4893448
4893454
4893481
4893534
4893555
4893560
4893587
4893630
4893659
4893804
4893816
4893829
4893831
4893873
4893882
4893898
4893952
4893975
4893991
4894019
4894055
4894060
4894104
4894116
4894147
4894150
4894337
4894343
4894408
4894427
4894453
4894471
4894486
4894512
4894521
4894549
4894570
4894617
4894646
4894663
4894728
4894735
4894756
4894772
4894799
4894836
4894867
4894874
4894890
4894923
4894941
4894959
4894977
4894996
4895007
4895010
4895035
4895044
4895056
4895118
4895201
4895255
4895287
4895293
4895321
4895370
4895394
4895402
4895423
4895430
4895441
4895477
4895514
4895586
4895600
4895613
4895632
4895648
4895703
4895711
4895736
4895789
4895790
4895916
4895931
4895947
4896003
4896036
4896045
4896058
4896112
4896121
4896133
4896168
4896170
4896228
4896299
4896308
4896353
4896395
4896416
4896429
4896447
4896498
4896502
4896530
4896588
4896660
4896678
4896687
4896724
4896746
4896775
4896780
4896813
4896825
4896832
4896848
4896854
4896937
4896966
4897014
4897062
4897086
4897117
4897138
4897146
4897152
4897191
4897215
4897241
4897264
4897288
4897336
4897345
4897389
4897390
4897455
4897478
4897487
4897507
4897544
4897572
4897583
4897599
4897629
4897647
4897665
4897698
4897712
4897749
4897770
4897820
4897851
4897884
4897892
4897948
4897976
4897997
4898052
4898063
4898114
4898139
4898140
4898162
4898211
4898245
4898258
4898323
4898330
4898359
4898364
4898437
4898466
4898479
4898484
4898504
4898529
4898531
4898565
4898628
4898644
4898700
4898732
4898781
4898801
4898826
4898887
4898893
4898906
4898912
4898921
4898957
4898968
4898970
4898994
4899005
4899043
4899051
4899066
4899079
4899084
4899110
4899128
4899161
4899206
4899249
4899257
4899270
4899285
4899294
4899334
4899342
4899360
4899393
4899409
4899491
4899548
4899554
4899569
4899581
4899608
4899627
4899695
4899704
4899731
4899747
4899798
4899802
4899864
4899877
4899967
4899974
