4815773
4863314
4863339
4863416
4863564
4863678
4864002
4864324
4864567
4864692
4864812
4864833
4865264
4865367
4865969
4865981
4866602
4867083
4867118
4867137
4867234
4867349
4867571
4867863
4867931
4868079
4868270
4868355
4868480
4868859
4868990
4869009
4869245
4870548
4870554
4870581
4870662
4870686
4872042
4872337
4872366
4872495
4872858
4873572
4873673
4873981
4874496
4874722
4880805
4880843
4880879
4880884
4880913
4880925
4880981
4881006
4881012
4881068
4881070
4881111
4881122
4881145
4881167
4881208
4881227
4881295
4881307
4881372
4881413
4881425
4881454
4881469
4881481
4881501
4881526
4881555
4881560
4881615
4881630
4881688
4881696
4881720
4881737
4881743
4881751
4881792
4881847
4881873
4881882
4881898
4881909
4881938
4881946
4881952
4881963
4882011
4882045
4882074
4882090
4882106
4882112
4882133
4882149
4882185
4882194
4882235
4882272
4882327
4882339
4882340
4882386
4882450
4882482
4882502
4882515
4882523
4882541
4882559
4882601
4882634
4882678
4882687
4882709
4882746
4882763
4882775
4882780
4882791
4882825
4882832
4882897
4882920
4882937
4882979
4883004
4883016
4883047
4883065
4883082
4883101
4883126
4883142
4883160
4883218
4883220
4883237
4883266
4883325
4883332
4883348
4883397
4883458
4883509
4883563
4883580
4883606
4883685
4883730
4883796
4883814
4883839
4883840
4883853
4883862
4883895
4883907
4883910
4883928
4883956
4883972
4884017
4884046
4884052
4884075
4884108
4884211
4884236
4884258
4884302
4884323
4884330
4884405
4884418
4884437
4884443
4884466
4884479
4884504
4884565
4884598
4884610
4884628
4884644
4884672
4884683
4884700
4884713
4884725
4884732
4884776
4884797
4884801
4884819
4884834
4884842
4884887
4884893
4884906
4884912
4884949
4884970
4884985
4885013
4885102
4885123
4885141
4885159
4885177
4885196
4885217
4885224
4885280
4885316
4885350
4885365
4885373
4885457
4885518
4885520
4885543
4885551
4885566
4885592
4885611
4885622
4885719
4885726
4885734
4885755
4885760
4885787
4885793
4885810
4885844
4885927
4885940
4885953
4885971
4885986
4886060
4886078
4886087
4886116
4886165
4886182
4886200
4886225
4886248
4886254
4886269
4886276
4886297
4886305
4886320
4886343
4886366
4886427
4886440
4886453
4886471
4886486
4886495
4886512
4886533
4886570
4886594
4886638
4886663
4886675
4886728
4886744
4886756
4886783
4886803
4886845
4886858
4886889
4886902
4886923
4886941
4886964
4886977
4886996
4887051
4887079
4887092
4887110
4887135
4887144
4887156
4887161
4887183
4887199
4887206
4887268
4887285
4887294
4887319
4887334
4887342
4887387
4887417
4887452
4887463
4887480
4887513
4887525
4887548
4887581
4887627
4887640
4887671
4887695
4887704
4887729
4887765
4887823
4887888
4887903
4887911
4887922
4887945
4887967
4887974
4887990
4888007
4888035
4888083
4888105
4888120
4888143
4888151
4888166
4888179
4888226
4888234
4888255
4888278
4888287
4888293
4888349
4888368
4888394
4888402
4888441
4888488
4888540
4888553
4888562
4888586
4888595
4888600
4888613
4888654
4888703
4888745
4888838
4888891
4888929
4888982
4889015
4889023
4889030
4889077
4889096
4889100
4889113
4889181
4889197
4889265
4889298
4889309
4889324
4889352
4889375
4889391
4889428
4889435
4889444
4889461
4889499
4889503
4889511
4889567
4889589
4889605
4889637
4889643
4889651
4889684
4889692
4889708
4889714
4889753
4889849
4889857
4889868
4889942
4889960
4889978
4889987
4889993
4890016
4890029
4890031
4890050
4890065
4890082
4890098
4890119
4890126
4890178
4890187
4890193
4890205
4890218
4890266
4890325
4890332
4890369
4890397
4890411
4890489
4890490
4890509
4890546
4890552
4890563
4890633
4890730
4890764
4890808
4890814
4890862
4890907
4890935
4890944
4891015
4891077
4891113
4891148
4891169
4891176
4891265
4891273
4891309
4891375
4891391
4891410
4891483
4891503
4891536
4891605
4891637
4891679
4891714
4891740
4891771
4891806
4891821
4891849
4891870
4891885
4891894
4891919
4891942
4891955
4891987
4891993
4892000
4892048
4892069
4892081
4892141
4892209
4892224
4892238
4892291
4892329
4892347
4892350
4892365
4892412
4892433
4892470
4892505
4892518
4892520
4892566
4892603
4892611
4892636
4892726
4892793
4892807
4892861
4892953
4893012
4893033
4893049
4893057
4893068
4893070
4893085
4893158
4893189
4893208
4893214
4893227
4893239
4893240
4893271
4893307
4893328
4893344
4893361
4893448
4893454
4893481
4893534
4893555
4893560
4893587
4893630
4893659
4893804
4893816
4893829
4893831
4893873
4893882
4893898
4893952
4893975
4893991
4894019
4894055
4894060
4894104
4894116
4894147
4894150
4894337
4894343
4894408
4894427
4894453
4894471
4894486
4894512
4894521
4894549
4894570
4894617
4894646
4894663
4894728
4894735
4894756
4894772
4894799
4894836
4894867
4894874
4894890
4894923
4894941
4894959
4894977
4894996
4895007
4895010
4895035
4895044
4895056
4895118
4895201
4895255
4895287
4895293
4895321
4895370
4895394
4895402
4895423
4895430
4895441
4895477
4895514
4895586
4895600
4895613
4895632
4895648
4895703
4895711
4895736
4895789
4895790
4895916
4895931
4895947
4896003
4896036
4896045
4896058
4896112
4896121
4896133
4896168
4896170
4896228
4896299
4896308
4896353
4896395
4896416
4896429
4896447
4896498
4896502
4896530
4896588
4896660
4896678
4896687
4896724
4896746
4896775
4896780
4896813
4896825
4896832
4896848
4896854
4896937
4896966
4897014
4897062
4897086
4897117
4897138
4897146
4897152
4897191
4897215
4897241
4897264
4897288
4897336
4897345
4897389
4897390
4897455
4897478
4897487
4897507
4897544
4897572
4897583
4897599
4897629
4897647
4897665
4897698
4897712
4897749
4897770
4897820
4897851
4897884
4897892
4897948
4897976
4897997
4898052
4898063
4898114
4898139
4898140
4898162
4898211
4898245
4898258
4898267
4898323
4898330
4898359
4898364
4898437
4898466
4898479
4898484
4898504
4898529
4898531
4898565
4898628
4898644
4898700
4898732
4898781
4898801
4898826
4898887
4898893
4898906
4898912
4898921
4898957
4898968
4898970
4898994
4899005
4899043
4899051
4899066
4899079
4899084
4899110
4899128
4899161
4899206
4899249
4899257
4899270
4899285
4899294
4899334
4899342
4899360
4899393
4899409
4899491
4899548
4899554
4899569
4899581
4899608
4899627
4899686
4899695
4899704
4899731
4899747
4899798
4899802
4899864
4899877
4899911
4899936
4899967
4899974
