2800038
2800052
2800075
2800127
2800162
2800171
2800186
2800203
2800236
2800258
2800267
2800289
2800323
2800330
2800388
2800396
2800405
2800418
2800420
2800437
2800443
2800451
2800466
2800484
2800492
2800516
2800529
2800531
2800610
2800628
2800644
2800661
2800683
2800699
2800700
2800713
2800754
2800776
2800781
2800801
2800834
2800855
2800860
2800893
2800906
2800949
2800968
2800970
2800994
2801000
2801025
2801032
2801081
2801102
2801123
2801141
2801159
2801188
2801209
2801246
2801252
2801291
2801304
2801331
2801398
2801406
2801485
2801494
2801505
2801520
2801537
2801543
2801592
2801611
2801645
2801658
2801667
2801701
2801734
2801755
2801760
2801787
2801793
2801807
2801835
2801844
2801861
2801872
2801927
2801940
2801986
2801995
2802002
2802015
2802023
2802041
2802059
2802064
2802077
2802088
2802100
2802125
2802176
2802181
2802204
2802216
2802229
2802247
2802250
2802265
2802309
2802324
2802363
2802375
2802380
2802391
2802407
2802435
2802503
2802511
2802522
2802545
2802558
2802589
2802637
2802679
2802708
2802762
2802812
2802821
2802833
2802849
2802868
2802934
2802942
2802955
2802987
2802993
2803007
2803044
2803056
2803061
2803072
2803099
2803118
2803143
2803166
2803219
2803255
2803306
2803312
2803321
2803333
2803423
2803430
2803441
2803464
2803477
2803508
2803514
2803539
2803540
2803553
2803562
2803571
2803586
2803595
2803600
2803613
2803625
2803632
2803648
2803654
2803681
2803697
2803711
2803745
2803758
2803774
2803789
2803790
2803817
2803824
2803838
2803846
2803880
2803931
2803965
2803973
2803982
2804014
2804027
2804039
2804040
2804053
2804071
2804109
2804124
2804152
2804163
2804180
2804191
2804202
2804215
2804230
2804264
2804277
2804303
2804322
2804336
2804345
2804374
2804390
2804401
2804460
2804478
2804493
2804507
2804510
2804528
2804583
2804629
2804647
2804682
2804712
2804733
2804757
2804768
2804794
2804805
2804843
2804900
2804913
2804925
2804954
2804981
2805006
2805033
2805057
2805103
2805122
2805136
2805167
2805189
2805214
2805262
2805295
2805307
2805335
2805344
2805356
2805383
2805399
2805400
2805413
2805425
2805432
2805454
2805469
2805481
2805497
2805526
2805555
2805560
2805593
2805602
2805630
2805677
2805705
2805720
2805779
2805784
2805831
2805847
2805882
2805909
2805924
2805938
2805946
2805952
2805963
2805991
2806005
2806037
2806051
2806084
2806107
2806110
2806128
2806144
2806156
2806172
2806199
2806212
2806221
2806249
2806268
2806326
2806334
2806342
2806355
2806360
2806387
2806417
2806438
2806463
2806525
2806532
2806569
2806581
2806608
2806639
2806640
2806671
2806704
2806716
2806729
2806750
2806765
2806782
2806802
2806823
2806841
2806859
2806888
2806911
2806936
2806958
2806974
2807026
2807034
2807042
2807060
2807087
2807116
2807129
2807131
2807150
2807182
2807213
2807232
2807248
2807297
2807320
2807343
2807351
2807379
2807408
2807414
2807439
2807440
2807453
2807462
2807471
2807486
2807521
2807549
2807557
2807568
2807570
2807585
2807617
2807624
2807638
2807646
2807652
2807680
2807691
2807772
2807783
2807803
2807836
2807845
2807874
2807930
2807941
2807964
2808082
2808119
2808126
2808134
2808155
2808178
2808187
2808205
2808251
2808266
2808313
2808376
2808397
2808403
2808411
2808422
2808467
2808474
2808489
2808490
2808509
2808517
2808524
2808552
2808563
2808575
2808580
2808591
2808612
2808649
2808668
2808685
2808723
2808759
2808764
2808808
2808814
2808871
2808895
2808956
2808961
2808972
2809011
2809036
2809045
2809067
2809089
2809090
2809133
2809157
2809194
2809207
2809210
2809228
2809235
2809272
2809283
2809314
2809353
2809362
2809416
2809429
2809431
2809447
2809498
2809502
2809515
2809523
2809541
2809577
2809588
2809596
2809601
2809619
2809626
2809642
2809655
2809678
2809687
2809709
2809717
2809724
2809738
2809775
2809780
2809800
2809825
2809876
2809905
2809951
2809966
2809979
2809984
2809992
2810026
2810042
2810060
2810087
2810093
2810150
2810165
2810213
2810254
2810281
2810305
2810318
2810320
2810366
2810384
2810408
2810414
2810427
2810462
2810506
2810512
2810521
2810568
2810585
2810609
2810638
2810652
2810663
2810675
2810710
2810744
2810756
2810761
2810783
2810803
2810811
2810836
2810845
2810874
2810890
2810930
2810977
2810996
2811007
2811010
2811028
2811061
2811072
2811099
2811118
2811120
2811137
2811166
2811184
2811219
2811234
2811260
2811278
2811287
2811306
2811349
2811394
2811423
2811441
2811459
2811477
2811488
2811508
2811514
2811527
2811540
2811562
2811571
2811586
2811595
2811600
2811648
2811654
2811669
2811676
2811681
2811703
2811736
2811745
2811758
2811774
2811789
2811838
2811852
2811863
2811875
2811904
2811929
2811947
2811950
2811973
2811982
2812005
2812037
2812043
2812092
2812107
2812135
2812144
2812199
2812221
2812233
2812257
2812270
2812285
2812301
2812319
2812355
2812417
2812446
2812452
2812463
2812475
2812491
2812500
2812525
2812532
2812548
2812581
2812608
2812614
2812627
2812671
2812695
2812704
2812716
2812729
2812731
2812747
2812750
2812773
2812798
2812802
2812864
2812877
2812888
2812896
2812903
2812974
2812989
2813046
2813052
2813063
2813080
2813091
2813108
2813114
2813127
2813140
2813162
2813171
2813186
2813195
2813203
2813211
2813222
2813236
2813245
2813258
2813274
2813290
2813377
2813388
2813396
2813418
2813420
2813437
2813443
2813451
2813484
2813504
2813516
2813531
2813573
2813582
2813598
2813628
2813635
2813644
2813656
2813661
2813732
2813754
2813776
2813826
2813834
2813855
2813887
2813893
2813906
2813921
2813933
2813949
2813957
2814004
2814016
2814029
2814031
2814050
2814082
2814098
2814101
2814119
2814134
2814142
2814160
2814187
2814218
2814220
2814237
2814243
2814251
2814279
2814292
2814325
2814354
2814369
2814397
2814403
2814411
2814422
2814445
2814467
2814474
2814524
2814552
2814591
2814649
2814657
2814685
2814702
2814723
2814730
2814741
2814759
2814808
2814853
2814871
2814886
2814895
2814907
2814928
2814935
2814972
2815002
2815015
2815041
2815064
2815088
2815096
2815100
2815113
2815125
2815169
2815176
2815181
2815204
2815216
2815229
2815231
2815247
2815273
2815282
2815298
2815317
2815324
2815352
2815375
2815407
2815410
2815428
2815435
2815461
2815472
2815483
2815503
2815511
2815522
2815536
2815545
2815558
2815567
2815574
2815605
2815620
2815643
2815666
2815692
2815740
2815762
2815771
2815795
2815812
2815821
2815849
2815868
2815870
2815894
2815926
2815987
2816014
2816040
2816053
2816062
2816109
2816117
2816138
2816146
2816152
2816175
2816180
2816223
2816241
2816259
2816264
2816277
2816296
2816358
2816367
2816374
2816401
2816426
2816460
2816478
2816507
2816544
2816556
2816561
2816604
2816629
2816647
2816665
2816673
2816706
2816733
2816768
2816785
2816794
2816879
2816900
2816932
2817011
2817022
2817045
2817058
2817067
2817074
2817090
2817106
2817112
2817121
2817133
2817149
2817157
2817168
2817170
2817207
2817210
2817235
2817244
2817256
2817283
2817308
2817314
2817327
2817339
2817371
2817386
2817416
2817431
2817447
2817450
2817482
2817502
2817530
2817564
2817577
2817588
2817596
2817678
2817693
2817709
2817738
2817752
2817780
2817791
2817869
2817881
2817905
2817920
2817951
2817984
2818033
2818049
2818057
2818068
2818070
2818122
2818136
2818145
2818158
2818167
2818189
2818190
2818208
2818214
2818227
2818239
2818253
2818262
2818271
2818310
2818335
2818344
2818356
2818383
2818413
2818425
2818448
2818476
2818501
2818519
2818526
2818542
2818555
2818560
2818602
2818615
2818630
2818664
2818688
2818696
2818705
2818718
2818766
2818779
2818784
2818804
2818829
2818831
2818847
2818873
2818882
2818898
2818909
2818917
2818938
2818975
2818991
2819000
2819013
2819025
2819048
2819054
2819069
2819076
2819097
2819164
2819209
2819252
2819263
2819275
2819280
2819365
2819373
2819406
2819412
2819433
2819449
2819457
2819468
2819485
2819505
2819518
2819520
2819579
2819603
2819611
2819622
2819636
2819658
2819701
2819719
2819778
2819787
2819807
2819856
2819872
2819908
2819940
2819953
2819995
2820004
2820016
2820050
2820065
2820073
2820082
2820101
2820119
2820134
2820155
2820160
2820187
2820205
2820218
2820237
2820243
2820251
2820266
2820284
2820292
2820300
2820313
2820348
2820354
2820369
2820376
2820403
2820411
2820436
2820445
2820467
2820474
2820489
2820490
2820517
2820524
2820538
2820546
2820552
2820563
2820591
2820606
2820612
2820621
2820633
2820668
2820685
2820702
2820715
2820730
2820759
2820788
2820796
2820808
2820814
2820839
2820862
2820871
2820928
2820956
2820972
2820999
2821002
2821030
2821077
2821088
2821096
2821132
2821197
2821204
2821229
2821250
2821265
2821273
2821298
2821317
2821338
2821346
2821375
2821380
2821391
2821410
2821435
2821456
2821461
2821483
2821499
2821503
2821511
2821536
2821545
2821567
2821574
2821589
2821590
2821605
2821618
2821643
2821651
2821727
2821739
2821753
2821786
2821795
2821806
2821812
2821821
2821833
2821849
2821870
2821885
2821894
2821919
2821926
2821955
2821987
2822013
2822048
2822069
2822081
2822097
2822102
2822115
2822123
2822141
2822164
2822177
2822188
2822196
2822209
2822238
2822246
2822263
2822275
2822280
2822329
2822373
2822382
2822406
2822412
2822421
2822433
2822449
2822505
2822543
2822551
2822566
2822579
2822584
2822592
2822603
2822611
2822622
2822658
2822689
2822701
2822719
2822726
2822742
2822755
2822787
2822793
2822810
2822828
2822835
2822844
2822856
2822861
2822883
2822927
2822939
2822962
2822986
2823068
2823085
2823094
2823103
2823122
2823145
2823167
2823208
2823239
2823295
2823307
2823310
2823335
2823361
2823372
2823413
2823448
2823481
2823519
2823534
2823542
2823555
2823578
2823623
2823630
2823664
2823688
2823696
2823705
2823720
2823737
2823743
2823779
2823831
2823865
2823882
2823898
2823924
2823938
2823946
2823963
2823980
2824034
2824042
2824055
2824078
2824093
2824104
2824165
2824173
2824200
2824225
2824232
2824297
2824320
2824337
2824343
2824384
2824392
2824414
2824427
2824453
2824471
2824486
2824495
2824512
2824533
2824557
2824570
2824585
2824624
2824638
2824652
2824680
2824691
2824728
2824735
2824744
2824756
2824761
2824783
2824799
2824822
2824836
2824858
2824867
2824874
2824923
2824964
2824996
2825007
2825010
2825035
2825044
2825056
2825072
2825083
2825099
2825105
2825118
2825120
2825151
2825179
2825219
2825242
2825260
2825278
2825287
2825306
2825321
2825333
2825349
2825385
2825402
2825415
2825423
2825464
2825477
2825488
2825514
2825539
2825571
2825586
2825600
2825613
2825625
2825632
2825681
2825697
2825703
2825722
2825736
2825767
2825774
2825846
2825875
2825880
2825931
2825947
2825965
2825982
2825998
2826003
2826036
2826045
2826058
2826067
2826106
2826149
2826168
2826185
2826194
2826235
2826256
2826272
2826283
2826327
2826339
2826353
2826371
2826386
2826416
2826429
2826431
2826447
2826450
2826473
2826482
2826498
2826502
2826515
2826530
2826541
2826559
2826564
2826577
2826588
2826596
2826619
2826626
2826634
2826642
2826655
2826687
2826709
2826738
2826763
2826780
2826791
2826800
2826825
2826832
2826854
2826869
2826876
2826897
2826905
2826951
2826979
2827014
2827062
2827071
2827095
2827124
2827146
2827163
2827175
2827202
2827223
2827241
2827296
2827303
2827311
2827336
2827345
2827367
2827389
2827390
2827401
2827442
2827460
2827478
2827528
2827583
2827599
2827604
2827629
2827631
2827650
2827682
2827698
2827706
2827712
2827757
2827785
2827805
2827818
2827837
2827851
2827879
2827892
2827932
2827954
2827976
2828009
2828024
2828046
2828063
2828075
2828091
2828171
2828186
2828195
2828203
2828211
2828236
2828245
2828274
2828289
2828290
2828323
2828341
2828359
2828364
2828405
2828418
2828420
2828443
2828484
2828492
2828529
2828573
2828582
2828598
2828607
2828610
2828683
2828699
2828700
2828713
2828732
2828748
2828754
2828769
2828776
2828819
2828826
2828834
2828842
2828855
2828860
2828893
2828912
2828921
2828949
2828957
2828970
2828994
2829020
2829037
2829043
2829051
2829066
2829092
2829128
2829135
2829161
2829199
2829249
2829257
2829268
2829270
2829301
2829326
2829342
2829378
2829409
2829438
2829446
2829463
2829475
2829491
2829548
2829554
2829569
2829576
2829581
2829614
2829653
2829662
2829686
2829695
2829704
2829729
2829731
2829747
2829750
2829773
2829782
2829798
2829802
2829815
2829823
2829830
2829864
2829888
2829896
2829903
2829911
2829922
2829974
2830006
2830012
2830057
2830085
2830103
2830122
2830158
2830167
2830174
2830190
2830208
2830227
2830239
2830271
2830286
2830295
2830307
2830328
2830335
2830344
2830361
2830372
2830383
2830400
2830425
2830448
2830469
2830497
2830519
2830534
2830578
2830587
2830602
2830615
2830630
2830659
2830664
2830688
2830696
2830718
2830720
2830737
2830743
2830766
2830792
2830829
2830865
2830882
2830898
2830938
2831037
2831051
2831079
2831084
2831107
2831110
2831128
2831135
2831144
2831161
2831199
2831233
2831249
2831294
2831326
2831334
2831393
2831475
2831480
2831491
2831500
2831513
2831554
2831569
2831608
2831639
2831640
2831662
2831695
2831716
2831747
2831782
2831802
2831815
2831841
2831903
2831911
2831958
2831974
2831990
2832028
2832072
2832105
2832120
2832151
2832179
2832184
2832192
2832219
2832242
2832287
2832293
2832306
2832312
2832321
2832357
2832368
2832385
2832394
2832415
2832430
2832464
2832488
2832527
2832539
2832540
2832595
2832600
2832613
2832632
2832654
2832669
2832676
2832703
2832722
2832745
2832758
2832789
2832809
2832824
2832846
2832852
2832863
2832880
2832931
2832950
2832965
2833002
2833030
2833041
2833059
2833064
2833088
2833113
2833125
2833148
2833154
2833204
2833231
2833247
2833250
2833265
2833273
2833282
2833346
2833380
2833391
2833428
2833503
2833511
2833558
2833567
2833620
2833637
2833714
2833739
2833740
2833753
2833786
2833806
2833812
2833821
2833868
2833885
2833901
2833919
2833926
2833955
2833978
2834003
2834011
2834022
2834036
2834045
2834058
2834074
2834090
2834106
2834133
2834157
2834168
2834185
2834207
2834228
2834244
2834261
2834283
2834314
2834327
2834353
2834362
2834371
2834404
2834447
2834482
2834502
2834523
2834530
2834541
2834559
2834596
2834601
2834619
2834634
2834655
2834660
2834678
2834693
2834717
2834738
2834763
2834775
2834780
2834791
2834800
2834813
2834825
2834832
2834854
2834876
2834881
2834920
2834937
2834943
2834951
2835038
2835046
2835063
2835080
2835127
2835139
2835140
2835162
2835186
2835195
2835211
2835245
2835258
2835267
2835274
2835290
2835302
2835359
2835405
2835418
2835420
2835443
2835451
2835466
2835504
2835516
2835529
2835582
2835607
2835610
2835628
2835635
2835656
2835661
2835672
2835683
2835699
2835725
2835732
2835776
2835801
2835819
2835826
2835878
2835921
2835949
2835968
2835985
2836000
2836025
2836032
2836054
2836069
2836076
2836081
2836097
2836102
2836123
2836177
2836188
2836196
2836209
2836224
2836238
2836263
2836275
2836280
2836291
2836316
2836329
2836331
2836347
2836365
2836373
2836449
2836457
2836494
2836505
2836520
2836551
2836584
2836592
2836603
2836611
2836622
2836645
2836658
2836667
2836690
2836719
2836755
2836793
2836810
2836835
2836856
2836861
2836883
2836899
2836914
2836927
2836940
2836953
2836971
2836986
2836995
2837004
2837029
2837031
2837073
2837098
2837101
2837126
2837134
2837142
2837205
2837220
2837237
2837243
2837251
2837279
2837292
2837332
2837348
2837369
2837376
2837403
2837411
2837422
2837436
2837445
2837458
2837467
2837509
2837538
2837546
2837563
2837575
2837591
2837612
2837621
2837633
2837649
2837657
2837685
2837694
2837702
2837723
2837741
2837796
2837827
2837839
2837840
2837853
2837928
2837961
2837999
2838026
2838034
2838060
2838093
2838116
2838131
2838147
2838165
2838173
2838182
2838200
2838225
2838248
2838276
2838320
2838337
2838343
2838351
2838379
2838392
2838408
2838439
2838453
2838462
2838486
2838506
2838521
2838533
2838568
2838585
2838594
2838609
2838624
2838680
2838707
2838744
2838761
2838772
2838799
2838803
2838811
2838822
2838845
2838867
2838874
2838889
2838890
2838902
2838923
2838930
2838977
2838988
2839039
2839040
2839071
2839109
2839138
2839146
2839163
2839202
2839215
2839223
2839230
2839241
2839264
2839277
2839303
2839311
2839336
2839345
2839358
2839367
2839374
2839389
2839390
2839455
2839460
2839478
2839487
2839493
2839507
2839510
2839535
2839544
2839561
2839572
2839583
2839599
2839604
2839616
2839629
2839631
2839665
2839673
2839682
2839698
2839706
2839712
2839721
2839749
2839757
2839770
2839805
2839818
2839820
2839884
2839892
2839900
2839913
2839925
2839948
2839976
2839981
2839997
2840007
2840010
2840028
2840120
2840143
2840151
2840192
2840201
2840219
2840255
2840260
2840278
2840306
2840312
2840333
2840357
2840368
2840370
2840385
2840402
2840430
2840477
2840488
2840514
2840527
2840539
2840562
2840571
2840586
2840595
2840600
2840613
2840648
2840654
2840669
2840697
2840711
2840736
2840745
2840758
2840846
2840852
2840863
2840875
2840916
2840931
2840947
2840965
2840982
2840998
2841003
2841045
2841067
2841074
2841090
2841106
2841133
2841170
2841194
2841244
2841256
2841261
2841299
2841308
2841314
2841339
2841340
2841353
2841362
2841371
2841395
2841431
2841447
2841450
2841473
2841482
2841498
2841515
2841523
2841564
2841596
2841619
2841642
2841660
2841717
2841724
2841763
2841813
2841848
2841869
2841905
2841920
2841943
2841951
2841984
2841992
2842006
2842021
2842033
2842049
2842068
2842070
2842103
2842122
2842136
2842167
2842189
2842190
2842240
2842262
2842295
2842307
2842328
2842356
2842361
2842399
2842425
2842432
2842448
2842469
2842476
2842481
2842497
2842519
2842526
2842555
2842560
2842578
2842593
2842602
2842615
2842630
2842641
2842664
2842705
2842718
2842720
2842737
2842743
2842766
2842784
2842792
2842816
2842847
2842865
2842873
2842882
2842898
2842909
2842924
2842952
2842963
2842980
2843013
2843032
2843054
2843069
2843076
2843081
2843102
2843130
2843159
2843164
2843188
2843196
2843238
2843246
2843252
2843263
2843280
2843291
2843347
2843412
2843421
2843433
2843457
2843468
2843485
2843518
2843520
2843537
2843543
2843566
2843579
2843592
2843603
2843645
2843667
2843701
2843742
2843793
2843828
2843861
2843872
2843883
2843939
2843953
2843962
2843995
2844005
2844020
2844037
2844043
2844066
2844110
2844144
2844156
2844172
2844183
2844212
2844221
2844301
2844355
2844360
2844387
2844393
2844424
2844438
2844446
2844480
2844500
2844525
2844581
2844640
2844653
2844686
2844695
2844716
2844729
2844750
2844773
2844798
2844802
2844815
2844841
2844859
2844888
2844896
2844945
2844958
2844967
2844990
2845004
2845016
2845047
2845073
2845082
2845098
2845101
2845126
2845160
2845178
2845193
2845205
2845218
2845220
2845243
2845266
2845300
2845325
2845332
2845348
2845369
2845376
2845445
2845509
2845517
2845563
2845580
2845633
2845657
2845670
2845685
2845694
2845702
2845759
2845777
2845814
2845840
2845907
2845910
2845928
2845935
2845944
2845961
2845999
2846015
2846041
2846059
2846077
2846088
2846096
2846100
2846148
2846154
2846176
2846216
2846229
2846231
2846250
2846282
2846298
2846380
2846407
2846410
2846428
2846456
2846461
2846499
2846503
2846545
2846558
2846574
2846589
2846590
2846605
2846620
2846651
2846708
2846727
2846739
2846740
2846762
2846786
2846806
2846821
2846849
2846857
2846870
2846919
2846926
2846934
2846955
2846960
2847024
2847038
2847052
2847063
2847075
2847080
2847091
2847114
2847127
2847139
2847140
2847162
2847171
2847186
2847203
2847211
2847245
2847258
2847290
2847315
2847364
2847377
2847388
2847396
2847405
2847420
2847437
2847443
2847479
2847573
2847582
2847635
2847644
2847656
2847672
2847683
2847699
2847700
2847725
2847748
2847776
2847797
2847801
2847819
2847834
2847842
2847878
2847893
2847906
2847912
2847933
2847949
2847985
2847994
2848008
2848040
2848053
2848062
2848071
2848095
2848117
2848138
2848146
2848152
2848191
2848259
2848288
2848303
2848311
2848322
2848336
2848389
2848390
2848401
2848426
2848434
2848442
2848455
2848460
2848487
2848493
2848535
2848556
2848561
2848572
2848583
2848599
2848604
2848629
2848682
2848706
2848721
2848749
2848768
2848770
2848794
2848820
2848851
2848900
2848932
2848948
2848954
2848969
2848981
2848997
2849001
2849034
2849042
2849060
2849116
2849131
2849173
2849198
2849200
2849248
2849269
2849276
2849281
2849305
2849337
2849343
2849366
2849379
2849392
2849408
2849427
2849439
2849440
2849453
2849495
2849521
2849549
2849609
2849617
2849646
2849652
2849663
2849675
2849710
2849728
2849744
2849756
2849772
2849811
2849845
2849858
2849867
2849923
2849930
2849941
2849959
2850000
2850013
2850025
2850032
2850048
2850054
2850069
2850076
2850081
2850115
2850130
2850159
2850164
2850217
2850224
2850238
2850246
2850263
2850280
2850291
2850350
2850398
2850412
2850421
2850433
2850470
2850485
2850518
2850520
2850566
2850579
2850603
2850667
2850674
2850689
2850701
2850719
2850726
2850734
2850742
2850755
2850778
2850807
2850810
2850828
2850861
2850883
2850908
2850940
2850953
2850962
2850971
2851026
2851042
2851055
2851060
2851104
2851129
2851131
2851147
2851150
2851173
2851198
2851213
2851225
2851248
2851269
2851281
2851305
2851318
2851337
2851379
2851384
2851392
2851414
2851439
2851462
2851471
2851486
2851506
2851512
2851568
2851570
2851609
2851624
2851646
2851675
2851691
2851707
2851735
2851744
2851761
2851803
2851811
2851836
2851890
2851902
2851915
2851923
2851930
2851964
2851988
2851996
2852004
2852047
2852065
2852082
2852098
2852101
2852119
2852134
2852193
2852218
2852266
2852284
2852348
2852381
2852397
2852411
2852422
2852445
2852467
2852489
2852490
2852538
2852546
2852552
2852606
2852612
2852621
2852633
2852657
2852670
2852685
2852694
2852715
2852723
2852730
2852814
2852827
2852840
2852871
2852910
2852935
2852944
2852956
2852961
2852983
2853003
2853011
2853036
2853067
2853089
2853106
2853112
2853121
2853133
2853185
2853194
2853210
2853235
2853272
2853283
2853339
2853340
2853353
2853362
2853395
2853404
2853473
2853482
2853498
2853502
2853541
2853577
2853596
2853601
2853619
2853626
2853655
2853660
2853687
2853717
2853724
2853752
2853763
2853780
2853791
2853825
2853848
2853854
2853869
2853897
2853905
2853920
2853937
2853943
2853951
2854002
2854015
2854030
2854041
2854059
2854113
2854176
2854181
2854216
2854247
2854250
2854265
2854273
2854282
2854309
2854380
2854391
2854410
2854428
2854444
2854461
2854472
2854499
2854511
2854522
2854536
2854545
2854567
2854574
2854605
2854618
2854620
2854643
2854679
2854684
2854762
2854786
2854795
2854806
2854833
2854885
2854894
2854919
2854926
2854955
2854960
2854978
2854987
2854993
2855027
2855039
2855053
2855071
2855086
2855109
2855152
2855175
2855191
2855202
2855215
2855230
2855241
2855259
2855264
2855311
2855367
2855374
2855442
2855460
2855478
2855487
2855493
2855507
2855510
2855528
2855556
2855561
2855583
2855616
2855631
2855650
2855673
2855682
2855712
2855768
2855770
2855794
2855805
2855820
2855837
2855851
2855866
2855879
2855892
2855925
2855948
2855969
2855997
2856006
2856021
2856033
2856068
2856070
2856085
2856111
2856122
2856208
2856214
2856240
2856262
2856271
2856295
2856310
2856328
2856335
2856344
2856372
2856400
2856425
2856432
2856448
2856469
2856501
2856519
2856560
2856587
2856623
2856659
2856664
2856677
2856696
2856718
2856720
2856737
2856751
2856804
2856850
2856873
2856882
2856924
2856938
2856975
2857010
2857035
2857044
2857056
2857061
2857083
2857137
2857179
2857184
2857219
2857255
2857278
2857306
2857312
2857321
2857333
2857357
2857385
2857415
2857423
2857459
2857477
2857553
2857562
2857586
2857595
2857600
2857654
2857669
2857676
2857681
2857711
2857745
2857790
2857809
2857824
2857852
2857863
2857880
2857904
2857916
2857931
2857950
2857965
2857973
2857998
2858018
2858037
2858043
2858066
2858079
2858084
2858107
2858128
2858144
2858183
2858233
2858257
2858285
2858294
2858301
2858326
2858342
2858355
2858360
2858378
2858387
2858393
2858409
2858446
2858452
2858463
2858491
2858532
2858554
2858576
2858608
2858627
2858653
2858662
2858686
2858704
2858729
2858731
2858750
2858802
2858815
2858830
2858841
2858888
2858896
2858903
2858911
2858922
2858945
2858967
2858989
2858990
2859024
2859046
2859052
2859063
2859075
2859140
2859162
2859171
2859186
2859267
2859315
2859330
2859341
2859364
2859388
2859405
2859418
2859479
2859492
2859516
2859573
2859598
2859607
2859610
2859628
2859635
2859725
2859754
2859769
2859776
2859801
2859878
2859893
2859906
2859912
2859921
2859970
2859985
2859994
2860036
2860058
2860090
2860133
2860149
2860185
2860207
2860228
2860235
2860261
2860272
2860283
2860299
2860314
2860327
2860339
2860340
2860362
2860386
2860404
2860416
2860431
2860447
2860473
2860482
2860498
2860502
2860588
2860596
2860626
2860634
2860642
2860678
2860709
2860717
2860724
2860738
2860746
2860752
2860775
2860791
2860800
2860813
2860825
2860832
2860848
2860897
2860905
2860920
2860943
2860966
2860992
2861009
2861017
2861046
2861052
2861063
2861080
2861091
2861114
2861127
2861153
2861162
2861186
2861195
2861203
2861222
2861236
2861258
2861290
2861315
2861323
2861341
2861364
2861377
2861388
2861396
2861418
2861443
2861451
2861466
2861484
2861531
2861547
2861598
2861607
2861628
2861635
2861656
2861672
2861700
2861713
2861732
2861748
2861754
2861781
2861797
2861826
2861834
2861893
2861933
2861949
2861968
2861985
2861994
2862008
2862014
2862027
2862040
2862071
2862095
2862138
2862146
2862175
2862202
2862215
2862264
2862288
2862296
2862303
2862322
2862358
2862367
2862374
2862390
2862401
2862426
2862434
2862455
2862478
2862493
2862510
2862528
2862535
2862556
2862572
2862583
2862616
2862629
2862631
2862647
2862650
2862673
2862682
2862698
2862733
2862749
2862757
2862770
2862785
2862818
2862866
2862913
2862969
2862976
2863019
2863026
2863034
2863055
2863060
2863078
2863087
2863093
2863104
2863131
2863147
2863182
2863200
2863232
2863276
2863297
2863305
2863318
2863320
2863343
2863408
2863414
2863427
2863439
2863462
2863471
2863495
2863506
2863568
2863570
2863594
2863609
2863617
2863624
2863646
2863652
2863728
2863744
2863756
2863761
2863783
2863799
2863803
2863811
2863836
2863890
2863915
2863923
2863930
2863941
2863959
2863988
2863996
2864021
2864033
2864085
2864094
2864111
2864122
2864136
2864158
2864167
2864190
2864208
2864227
2864310
2864328
2864344
2864356
2864361
2864400
2864448
2864469
2864476
2864501
2864519
2864534
2864555
2864560
2864578
2864587
2864615
2864641
2864677
2864705
2864718
2864737
2864743
2864766
2864779
2864792
2864804
2864816
2864829
2864831
2864847
2864917
2864938
2864980
2864991
2865037
2865043
2865051
2865066
2865079
2865084
2865107
2865128
2865144
2865156
2865221
2865285
2865319
2865334
2865355
2865360
2865378
2865393
2865417
2865438
2865446
2865452
2865463
2865475
2865480
2865491
2865513
2865525
2865554
2865581
2865597
2865608
2865627
2865639
2865640
2865671
2865729
2865731
2865747
2865750
2865765
2865773
2865815
2865841
2865888
2865903
2865911
2865922
2865945
2865989
2866004
2866016
2866029
2866050
2866065
2866126
2866134
2866160
2866193
2866218
2866243
2866251
2866266
2866292
2866313
2866325
2866332
2866354
2866369
2866376
2866411
2866422
2866436
2866445
2866467
2866489
2866490
2866517
2866538
2866606
2866685
2866702
2866715
2866723
2866730
2866759
2866777
2866788
2866808
2866839
2866862
2866886
2866895
2866907
2866910
2866935
2866956
2866972
2866999
2867000
2867032
2867048
2867054
2867076
2867097
2867115
2867123
2867130
2867159
2867177
2867188
2867217
2867238
2867252
2867263
2867275
2867291
2867304
2867316
2867331
2867350
2867382
2867421
2867433
2867449
2867457
2867468
2867470
2867485
2867505
2867518
2867543
2867566
2867603
2867645
2867674
2867690
2867742
2867787
2867828
2867856
2867861
2867883
2867908
2867914
2867939
2867940
2867971
2868002
2868015
2868023
2868041
2868059
2868088
2868096
2868125
2868148
2868176
2868181
2868197
2868204
2868247
2868273
2868282
2868298
2868309
2868324
2868338
2868363
2868410
2868428
2868435
2868456
2868472
2868503
2868522
2868536
2868574
2868589
2868590
2868605
2868618
2868620
2868637
2868679
2868692
2868708
2868786
2868812
2868833
2868868
2868870
2868885
2868919
2868934
2868978
2868987
2869010
2869028
2869056
2869083
2869099
2869118
2869120
2869143
2869184
2869201
2869234
2869242
2869260
2869293
2869306
2869312
2869321
2869333
2869349
2869357
2869394
2869402
2869415
2869430
2869459
2869464
2869508
2869514
2869527
2869539
2869540
2869562
2869571
2869586
2869600
2869654
2869697
2869711
2869736
2869745
2869767
2869774
2869789
2869809
2869817
2869824
2869838
2869863
2869891
2869916
2869931
2869947
2869950
2869965
2869998
2870002
2870023
2870059
2870064
2870125
2870132
2870197
2870216
2870247
2870265
2870273
2870298
2870317
2870380
2870391
2870428
2870444
2870472
2870503
2870511
2870522
2870536
2870545
2870558
2870574
2870643
2870651
2870679
2870692
2870714
2870795
2870806
2870812
2870821
2870849
2870857
2870868
2870870
2870885
2870894
2870901
2870942
2870955
2870960
2870978
2871027
2871039
2871040
2871053
2871062
2871071
2871086
2871095
2871109
2871138
2871180
2871191
2871241
2871277
2871288
2871296
2871303
2871336
2871345
2871358
2871374
2871389
2871390
2871401
2871419
2871426
2871434
2871478
2871487
2871510
2871535
2871544
2871556
2871572
2871583
2871599
2871616
2871629
2871650
2871673
2871682
2871706
2871721
2871733
2871757
2871785
2871794
2871818
2871837
2871851
2871879
2871884
2871900
2871925
2871948
2871969
2871981
2871997
2872038
2872052
2872063
2872075
2872091
2872108
2872114
2872186
2872195
2872203
2872222
2872236
2872245
2872258
2872267
2872289
2872290
2872302
2872315
2872323
2872341
2872377
2872396
2872405
2872418
2872443
2872466
2872492
2872504
2872547
2872565
2872598
2872607
2872628
2872644
2872656
2872683
2872700
2872713
2872725
2872732
2872754
2872769
2872776
2872801
2872819
2872834
2872855
2872860
2872893
2872912
2872921
2872933
2872949
2872957
2872968
2873005
2873018
2873037
2873051
2873066
2873084
2873128
2873135
2873144
2873156
2873161
2873183
2873199
2873212
2873221
2873233
2873249
2873257
2873268
2873285
2873294
2873342
2873355
2873360
2873378
2873417
2873424
2873446
2873452
2873475
2873491
2873500
2873532
2873576
2873597
2873614
2873627
2873639
2873640
2873686
2873695
2873704
2873731
2873747
2873750
2873802
2873815
2873830
2873841
2873864
2873911
2873936
2873967
2873989
2874000
2874013
2874025
2874054
2874081
2874102
2874115
2874123
2874130
2874159
2874164
2874188
2874217
2874224
2874246
2874263
2874275
2874291
2874304
2874347
2874373
2874406
2874412
2874421
2874433
2874449
2874457
2874468
2874505
2874518
2874537
2874543
2874551
2874566
2874579
2874611
2874658
2874689
2874701
2874719
2874726
2874734
2874742
2874760
2874793
2874810
2874828
2874844
2874856
2874914
2874927
2874940
2874953
2874986
2874995
2875019
2875026
2875042
2875055
2875060
2875078
2875147
2875198
2875248
2875254
2875269
2875281
2875318
2875337
2875343
2875366
2875379
2875384
2875392
2875408
2875414
2875439
2875453
2875471
2875486
2875495
2875506
2875533
2875585
2875609
2875617
2875638
2875646
2875675
2875680
2875728
2875735
2875756
2875761
2875772
2875783
2875799
2875822
2875836
2875845
2875858
2875867
2875874
2875890
2875902
2875915
2875923
2875959
2875964
2875977
2875988
2875996
2876007
2876028
2876061
2876072
2876099
2876120
2876143
2876151
2876166
2876179
2876184
2876192
2876201
2876226
2876234
2876260
2876312
2876321
2876333
2876357
2876385
2876394
2876402
2876415
2876423
2876430
2876441
2876464
2876488
2876496
2876539
2876553
2876562
2876571
2876595
2876600
2876625
2876632
2876648
2876676
2876697
2876711
2876722
2876736
2876745
2876758
2876774
2876790
2876809
2876817
2876838
2876852
2876880
2876891
2876904
2876916
2876929
2876931
2876947
2876973
2876982
2877006
2877012
2877033
2877070
2877094
2877174
2877190
2877214
2877227
2877239
2877240
2877253
2877262
2877271
2877286
2877295
2877307
2877328
2877335
2877356
2877400
2877413
2877425
2877432
2877448
2877454
2877497
2877501
2877534
2877555
2877560
2877578
2877593
2877615
2877623
2877630
2877641
2877659
2877664
2877688
2877696
2877705
2877779
2877792
2877804
2877816
2877829
2877831
2877847
2877917
2877938
2877952
2878003
2878011
2878045
2878074
2878089
2878090
2878112
2878133
2878157
2878168
2878207
2878228
2878244
2878256
2878272
2878299
2878327
2878386
2878429
2878431
2878447
2878482
2878498
2878502
2878515
2878523
2878559
2878564
2878577
2878619
2878626
2878634
2878642
2878660
2878678
2878687
2878693
2878709
2878752
2878813
2878848
2878876
2878918
2878920
2878966
2878992
2879004
2879016
2879029
2879047
2879050
2879065
2879073
2879082
2879098
2879126
2879142
2879178
2879218
2879220
2879237
2879243
2879284
2879292
2879300
2879325
2879354
2879369
2879397
2879403
2879436
2879445
2879474
2879524
2879538
2879552
2879563
2879580
2879621
2879633
2879649
2879668
2879715
2879723
2879741
2879777
2879808
2879840
2879862
2879871
2879886
2879907
2879935
2879956
2879961
2879972
2879999
2880005
2880037
2880043
2880066
2880079
2880084
2880092
2880107
2880135
2880172
2880183
2880221
2880270
2880285
2880294
2880301
2880319
2880334
2880342
2880409
2880417
2880438
2880475
2880525
2880569
2880576
2880597
2880627
2880640
2880653
2880671
2880695
2880747
2880765
2880815
2880823
2880830
2880841
2880877
2880903
2880911
2880936
2880945
2880958
2880989
2881004
2881016
2881031
2881050
2881065
2881101
2881119
2881126
2881142
2881178
2881243
2881251
2881332
2881369
2881376
2881381
2881411
2881445
2881467
2881489
2881517
2881546
2881563
2881580
2881606
2881633
2881649
2881657
2881668
2881715
2881723
2881730
2881741
2881764
2881777
2881796
2881808
2881827
2881853
2881862
2881895
2881910
2881928
2881944
2881956
2881961
2882001
2882019
2882042
2882055
2882060
2882078
2882087
2882093
2882116
2882150
2882165
2882173
2882182
2882198
2882213
2882232
2882248
2882281
2882297
2882305
2882318
2882337
2882343
2882379
2882392
2882439
2882471
2882486
2882521
2882533
2882549
2882568
2882570
2882585
2882609
2882624
2882638
2882646
2882652
2882675
2882680
2882691
2882707
2882710
2882728
2882744
2882756
2882799
2882836
2882874
2882889
2882890
2882923
2882930
2882964
2882977
2882988
2883008
2883014
2883027
2883053
2883062
2883095
2883117
2883124
2883138
2883152
2883163
2883175
2883223
2883230
2883241
2883259
2883277
2883288
2883296
2883303
2883336
2883345
2883374
2883401
2883419
2883426
2883434
2883460
2883487
2883493
2883510
2883556
2883561
2883604
2883629
2883631
2883665
2883682
2883698
2883749
2883757
2883768
2883770
2883818
2883820
2883843
2883866
2883879
2883884
2883913
2883948
2883954
2883969
2884007
2884010
2884035
2884044
2884056
2884061
2884105
2884120
2884151
2884166
2884179
2884184
2884192
2884219
2884260
2884278
2884287
2884306
2884312
2884333
2884357
2884368
2884394
2884402
2884459
2884477
2884488
2884496
2884508
2884514
2884539
2884540
2884553
2884562
2884586
2884595
2884632
2884648
2884669
2884681
2884703
2884736
2884745
2884817
2884846
2884852
2884875
2884880
2884904
2884947
2884950
2884965
2884982
2884998
2885036
2885045
2885058
2885074
2885121
2885157
2885168
2885185
2885207
2885210
2885228
2885235
2885244
2885283
2885299
2885308
2885314
2885340
2885362
2885371
2885386
2885404
2885416
2885431
2885502
2885515
2885523
2885559
2885564
2885588
2885596
2885601
2885619
2885634
2885655
2885660
2885687
2885738
2885752
2885775
2885780
2885791
2885800
2885813
2885825
2885848
2885854
2885881
2885918
2885937
2885943
2885951
2885966
2885992
2886009
2886024
2886038
2886063
2886075
2886108
2886139
2886140
2886203
2886236
2886245
2886274
2886290
2886302
2886315
2886323
2886341
2886359
2886364
2886377
2886388
2886396
2886405
2886418
2886420
2886466
2886492
2886504
2886516
2886565
2886598
2886607
2886628
2886644
2886661
2886700
2886713
2886732
2886769
2886781
2886797
2886819
2886842
2886855
2886860
2886912
2886949
2886957
2886985
2887002
2887015
2887030
2887064
2887077
2887088
2887096
2887125
2887132
2887169
2887204
2887216
2887231
2887247
2887282
2887309
2887317
2887324
2887363
2887391
2887407
2887428
2887435
2887456
2887483
2887536
2887558
2887574
2887589
2887605
2887618
2887651
2887684
2887708
2887727
2887739
2887753
2887762
2887771
2887795
2887821
2887833
2887868
2887870
2887901
2887919
2887926
2887960
2887987
2887993
2888000
2888025
2888032
2888054
2888069
2888097
2888115
2888159
2888164
2888209
2888246
2888263
2888275
2888331
2888347
2888350
2888382
2888406
2888412
2888421
2888433
2888449
2888457
2888468
2888470
2888485
2888494
2888505
2888518
2888592
2888611
2888622
2888636
2888667
2888690
2888810
2888844
2888856
2888899
2888908
2888914
2888927
2888939
2888953
2889006
2889012
2889070
2889085
2889111
2889122
2889145
2889158
2889214
2889227
2889253
2889262
2889286
2889295
2889307
2889335
2889372
2889413
2889432
2889448
2889454
2889476
2889481
2889497
2889526
2889542
2889602
2889623
2889641
2889677
2889688
2889718
2889737
2889743
2889784
2889847
2889850
2889865
2889898
2889909
2889917
2889924
2889963
2889975
2889991
2890008
2890040
2890062
2890109
2890138
2890163
2890180
2890202
2890215
2890223
2890241
2890259
2890264
2890296
2890311
2890345
2890358
2890367
2890389
2890401
2890419
2890442
2890460
2890493
2890507
2890510
2890528
2890535
2890544
2890556
2890631
2890673
2890706
2890712
2890733
2890749
2890757
2890768
2890785
2890794
2890818
2890837
2890843
2890892
2890925
2890954
2890969
2890976
2890981
2890997
2891012
2891033
2891049
2891068
2891085
2891103
2891111
2891158
2891174
2891190
2891208
2891214
2891239
2891240
2891262
2891295
2891328
2891335
2891356
2891361
2891399
2891454
2891469
2891481
2891501
2891534
2891542
2891555
2891578
2891593
2891602
2891641
2891659
2891664
2891677
2891718
2891720
2891737
2891743
2891766
2891792
2891804
2891816
2891829
2891850
2891865
2891873
2891882
2891924
2891952
2891980
2891991
2892003
2892011
2892022
2892036
2892058
2892067
2892074
2892106
2892133
2892170
2892194
2892207
2892210
2892235
2892244
2892261
2892272
2892283
2892299
2892314
2892339
2892395
2892404
2892416
2892429
2892431
2892447
2892450
2892465
2892473
2892498
2892502
2892523
2892530
2892541
2892564
2892626
2892634
2892642
2892660
2892687
2892693
2892709
2892717
2892724
2892738
2892746
2892752
2892763
2892775
2892780
2892800
2892813
2892832
2892848
2892854
2892876
2892897
2892905
2892951
2892966
2892992
2893031
2893073
2893082
2893098
2893126
2893178
2893193
2893218
2893251
2893279
2893284
2893348
2893376
2893436
2893458
2893467
2893474
2893489
2893517
2893552
2893575
2893606
2893612
2893633
2893649
2893668
2893670
2893685
2893694
2893723
2893730
2893764
2893796
2893808
2893871
2893886
2893907
2893910
2893935
2893956
2893961
2893972
2894009
2894017
2894046
2894063
2894075
2894080
2894091
2894127
2894139
2894140
2894153
2894162
2894245
2894258
2894267
2894274
2894289
2894315
2894341
2894364
2894418
2894420
2894437
2894443
2894451
2894479
2894492
2894529
2894547
2894550
2894565
2894598
2894607
2894635
2894644
2894656
2894661
2894683
2894700
2894769
2894776
2894781
2894797
2894834
2894842
2894860
2894887
2894906
2894912
2894933
2894985
2894994
2895013
2895025
2895032
2895048
2895076
2895081
2895130
2895141
2895159
2895177
2895209
2895246
2895252
2895275
2895304
2895316
2895329
2895331
2895365
2895382
2895468
2895470
2895485
2895505
2895518
2895584
2895603
2895611
2895645
2895667
2895674
2895689
2895690
2895701
2895726
2895734
2895760
2895787
2895807
2895810
2895828
2895835
2895844
2895872
2895908
2895914
2895927
2895939
2895962
2895971
2895995
2896001
2896019
2896026
2896034
2896087
2896147
2896165
2896173
2896182
2896198
2896213
2896225
2896254
2896276
2896297
2896318
2896320
2896351
2896392
2896414
2896427
2896453
2896471
2896495
2896557
2896570
2896585
2896609
2896638
2896652
2896663
2896680
2896691
2896728
2896744
2896803
2896822
2896836
2896845
2896858
2896867
2896874
2896889
2896902
2896915
2896923
2896941
2896959
2896964
2896988
2896996
2897018
2897020
2897043
2897066
2897084
2897092
2897107
2897110
2897135
2897156
2897172
2897183
2897199
2897206
2897249
2897257
2897285
2897319
2897378
2897393
2897409
2897438
2897452
2897475
2897491
2897513
2897525
2897548
2897554
2897597
2897614
2897627
2897639
2897640
2897686
2897716
2897765
2897773
2897815
2897823
2897830
2897864
2897877
2897896
2897922
2897974
2897990
2898007
2898083
2898105
2898118
2898120
2898137
2898143
2898151
2898166
2898179
2898226
2898234
2898242
2898287
2898306
2898312
2898321
2898349
2898370
2898394
2898402
2898430
2898464
2898488
2898508
2898527
2898540
2898553
2898562
2898571
2898600
2898625
2898669
2898722
2898758
2898767
2898774
2898790
2898817
2898846
2898863
2898875
2898880
2898929
2898931
2898950
2898973
2898982
2899002
2899015
2899023
2899030
2899064
2899077
2899088
2899100
2899113
2899125
2899148
2899154
2899169
2899176
2899181
2899197
2899229
2899247
2899250
2899273
2899282
2899324
2899338
2899363
2899375
2899407
2899444
2899472
2899483
2899511
2899522
2899558
2899574
2899590
2899620
2899666
2899684
2899692
2899708
2899727
2899753
2899762
2899806
2899868
2899901
2899919
2899926
2899978
