2800009
2800017
2800024
2800038
2800046
2800052
2800063
2800075
2800080
2800091
2800108
2800114
2800127
2800153
2800162
2800171
2800186
2800203
2800211
2800222
2800236
2800245
2800258
2800267
2800289
2800290
2800302
2800315
2800323
2800330
2800341
2800359
2800364
2800388
2800396
2800405
2800418
2800420
2800437
2800443
2800451
2800466
2800479
2800484
2800492
2800504
2800516
2800529
2800531
2800547
2800550
2800582
2800598
2800607
2800610
2800628
2800635
2800644
2800656
2800661
2800683
2800699
2800700
2800713
2800725
2800732
2800754
2800769
2800776
2800781
2800797
2800801
2800819
2800826
2800834
2800855
2800860
2800878
2800887
2800893
2800906
2800912
2800933
2800949
2800957
2800968
2800970
2800985
2800994
2801000
2801013
2801025
2801032
2801048
2801054
2801069
2801076
2801081
2801097
2801102
2801123
2801130
2801141
2801159
2801164
2801177
2801188
2801196
2801209
2801217
2801224
2801238
2801246
2801252
2801263
2801275
2801280
2801291
2801304
2801316
2801329
2801331
2801347
2801373
2801382
2801398
2801406
2801412
2801421
2801433
2801449
2801457
2801470
2801485
2801494
2801505
2801520
2801537
2801543
2801551
2801579
2801584
2801592
2801611
2801622
2801636
2801645
2801658
2801667
2801674
2801690
2801701
2801719
2801726
2801734
2801742
2801755
2801760
2801787
2801793
2801807
2801810
2801828
2801835
2801844
2801856
2801861
2801872
2801883
2801899
2801908
2801914
2801927
2801939
2801940
2801953
2801962
2801971
2801986
2801995
2802002
2802015
2802023
2802030
2802041
2802059
2802064
2802077
2802088
2802100
2802113
2802125
2802148
2802169
2802176
2802181
2802197
2802204
2802216
2802229
2802231
2802247
2802250
2802265
2802273
2802282
2802298
2802309
2802317
2802324
2802338
2802346
2802352
2802363
2802375
2802380
2802391
2802407
2802410
2802435
2802444
2802456
2802461
2802472
2802483
2802499
2802503
2802511
2802522
2802545
2802558
2802589
2802590
2802605
2802618
2802620
2802637
2802651
2802679
2802684
2802708
2802714
2802727
2802739
2802740
2802753
2802762
2802771
2802786
2802812
2802821
2802833
2802849
2802857
2802868
2802870
2802885
2802894
2802919
2802934
2802942
2802955
2802960
2802978
2802987
2802993
2803007
2803010
2803028
2803035
2803044
2803056
2803061
2803072
2803083
2803099
2803105
2803118
2803120
2803137
2803143
2803151
2803166
2803179
2803192
2803201
2803219
2803226
2803234
2803255
2803260
2803278
2803287
2803293
2803306
2803312
2803321
2803333
2803349
2803357
2803370
2803385
2803402
2803423
2803430
2803441
2803464
2803477
2803488
2803496
2803508
2803514
2803527
2803539
2803540
2803553
2803562
2803571
2803586
2803595
2803600
2803613
2803625
2803632
2803648
2803654
2803669
2803676
2803681
2803697
2803703
2803711
2803722
2803736
2803745
2803758
2803767
2803774
2803789
2803790
2803809
2803817
2803824
2803838
2803846
2803852
2803863
2803875
2803880
2803891
2803904
2803916
2803931
2803950
2803965
2803973
2803982
2804008
2804014
2804027
2804039
2804040
2804053
2804062
2804071
2804086
2804095
2804109
2804117
2804124
2804146
2804152
2804163
2804175
2804180
2804191
2804202
2804215
2804223
2804230
2804241
2804259
2804264
2804277
2804288
2804296
2804303
2804311
2804322
2804336
2804345
2804358
2804367
2804374
2804389
2804390
2804401
2804419
2804434
2804442
2804455
2804460
2804478
2804487
2804493
2804507
2804510
2804528
2804544
2804556
2804561
2804572
2804583
2804599
2804604
2804629
2804631
2804647
2804650
2804665
2804673
2804682
2804698
2804706
2804712
2804721
2804733
2804749
2804757
2804768
2804785
2804794
2804805
2804818
2804820
2804837
2804843
2804851
2804879
2804884
2804892
2804900
2804913
2804925
2804932
2804954
2804969
2804976
2804981
2804997
2805006
2805021
2805033
2805049
2805057
2805068
2805070
2805085
2805094
2805103
2805111
2805122
2805136
2805145
2805158
2805167
2805174
2805189
2805190
2805208
2805214
2805227
2805239
2805240
2805253
2805262
2805271
2805295
2805307
2805310
2805335
2805344
2805356
2805372
2805383
2805399
2805400
2805413
2805425
2805432
2805454
2805469
2805476
2805481
2805497
2805501
2805526
2805534
2805542
2805555
2805560
2805578
2805587
2805593
2805602
2805615
2805623
2805630
2805641
2805659
2805664
2805677
2805688
2805705
2805718
2805720
2805737
2805751
2805766
2805779
2805784
2805792
2805816
2805829
2805831
2805847
2805850
2805873
2805882
2805898
2805909
2805917
2805924
2805938
2805946
2805952
2805963
2805975
2805980
2805991
2806005
2806018
2806037
2806051
2806066
2806079
2806084
2806092
2806107
2806110
2806128
2806144
2806156
2806161
2806172
2806183
2806199
2806206
2806212
2806221
2806233
2806249
2806257
2806268
2806270
2806285
2806294
2806301
2806319
2806326
2806334
2806342
2806355
2806360
2806378
2806387
2806393
2806409
2806417
2806438
2806446
2806452
2806463
2806475
2806480
2806491
2806500
2806513
2806525
2806532
2806548
2806554
2806569
2806576
2806581
2806597
2806608
2806614
2806627
2806639
2806640
2806653
2806671
2806686
2806695
2806704
2806716
2806729
2806747
2806750
2806765
2806773
2806782
2806798
2806802
2806815
2806823
2806830
2806841
2806859
2806864
2806877
2806888
2806896
2806911
2806922
2806936
2806945
2806958
2806974
2806989
2806990
2807001
2807019
2807026
2807034
2807042
2807060
2807078
2807087
2807093
2807104
2807116
2807129
2807131
2807147
2807150
2807165
2807173
2807182
2807200
2807213
2807225
2807232
2807248
2807254
2807269
2807276
2807281
2807297
2807305
2807320
2807337
2807343
2807351
2807366
2807379
2807384
2807392
2807408
2807414
2807439
2807440
2807453
2807462
2807471
2807486
2807495
2807506
2807521
2807533
2807549
2807557
2807568
2807570
2807585
2807594
2807609
2807617
2807624
2807638
2807646
2807652
2807663
2807675
2807680
2807691
2807707
2807710
2807728
2807735
2807744
2807761
2807772
2807783
2807799
2807803
2807811
2807822
2807836
2807845
2807858
2807867
2807874
2807890
2807902
2807915
2807923
2807930
2807941
2807959
2807964
2807977
2807988
2808004
2808016
2808029
2808031
2808047
2808050
2808073
2808082
2808098
2808101
2808119
2808126
2808134
2808142
2808155
2808178
2808187
2808205
2808218
2808220
2808237
2808243
2808251
2808266
2808279
2808284
2808292
2808300
2808313
2808332
2808348
2808354
2808369
2808376
2808397
2808403
2808411
2808422
2808436
2808445
2808458
2808467
2808474
2808489
2808490
2808509
2808517
2808524
2808538
2808546
2808552
2808563
2808575
2808580
2808591
2808606
2808612
2808621
2808633
2808649
2808657
2808668
2808670
2808685
2808694
2808702
2808715
2808723
2808730
2808741
2808759
2808764
2808796
2808808
2808814
2808827
2808840
2808862
2808871
2808886
2808895
2808910
2808935
2808944
2808956
2808961
2808972
2809011
2809022
2809036
2809045
2809058
2809067
2809074
2809089
2809090
2809106
2809112
2809121
2809133
2809157
2809168
2809170
2809185
2809194
2809207
2809210
2809228
2809235
2809256
2809272
2809283
2809308
2809314
2809327
2809339
2809340
2809353
2809362
2809371
2809404
2809416
2809429
2809431
2809447
2809450
2809465
2809473
2809482
2809498
2809502
2809515
2809523
2809530
2809541
2809559
2809577
2809588
2809596
2809601
2809619
2809626
2809634
2809642
2809655
2809660
2809678
2809687
2809693
2809709
2809717
2809724
2809738
2809746
2809763
2809775
2809780
2809791
2809800
2809813
2809825
2809832
2809848
2809854
2809876
2809881
2809897
2809905
2809918
2809937
2809951
2809966
2809979
2809984
2809992
2810001
2810026
2810034
2810042
2810060
2810078
2810087
2810093
2810104
2810116
2810129
2810131
2810147
2810150
2810165
2810173
2810182
2810198
2810200
2810213
2810225
2810232
2810254
2810269
2810281
2810297
2810305
2810318
2810320
2810337
2810343
2810351
2810366
2810379
2810384
2810392
2810408
2810414
2810427
2810439
2810440
2810462
2810471
2810486
2810495
2810506
2810512
2810521
2810533
2810549
2810557
2810568
2810570
2810585
2810594
2810609
2810617
2810624
2810638
2810646
2810652
2810663
2810675
2810691
2810707
2810710
2810735
2810744
2810756
2810761
2810772
2810783
2810803
2810811
2810822
2810836
2810845
2810858
2810867
2810874
2810889
2810890
2810915
2810930
2810941
2810959
2810964
2810977
2810988
2810996
2811007
2811010
2811028
2811035
2811044
2811056
2811061
2811072
2811083
2811099
2811105
2811118
2811120
2811137
2811143
2811151
2811166
2811179
2811184
2811201
2811219
2811226
2811234
2811242
2811255
2811260
2811278
2811287
2811293
2811306
2811312
2811321
2811333
2811349
2811357
2811368
2811370
2811385
2811394
2811402
2811415
2811423
2811430
2811441
2811459
2811477
2811488
2811496
2811508
2811514
2811527
2811539
2811540
2811553
2811562
2811571
2811586
2811595
2811600
2811613
2811632
2811648
2811654
2811669
2811676
2811681
2811697
2811703
2811711
2811722
2811736
2811745
2811758
2811767
2811774
2811789
2811790
2811817
2811824
2811838
2811852
2811863
2811875
2811880
2811891
2811904
2811929
2811931
2811947
2811950
2811973
2811982
2812005
2812020
2812037
2812043
2812079
2812084
2812092
2812107
2812128
2812135
2812144
2812156
2812161
2812183
2812199
2812206
2812221
2812233
2812249
2812257
2812268
2812270
2812285
2812294
2812301
2812319
2812326
2812334
2812342
2812355
2812360
2812378
2812393
2812409
2812417
2812438
2812446
2812452
2812463
2812475
2812480
2812491
2812500
2812513
2812525
2812532
2812548
2812569
2812576
2812581
2812608
2812614
2812627
2812639
2812640
2812662
2812671
2812686
2812695
2812704
2812716
2812729
2812731
2812747
2812750
2812765
2812773
2812782
2812798
2812802
2812815
2812823
2812830
2812864
2812877
2812888
2812896
2812903
2812936
2812945
2812958
2812967
2812974
2812989
2812990
2813009
2813017
2813024
2813046
2813052
2813063
2813075
2813080
2813091
2813108
2813114
2813127
2813139
2813140
2813153
2813162
2813171
2813186
2813195
2813203
2813211
2813222
2813236
2813245
2813258
2813274
2813289
2813290
2813315
2813323
2813330
2813341
2813359
2813364
2813377
2813388
2813396
2813405
2813418
2813420
2813437
2813443
2813451
2813466
2813484
2813492
2813504
2813516
2813529
2813531
2813547
2813550
2813565
2813573
2813582
2813598
2813607
2813610
2813628
2813635
2813644
2813656
2813661
2813672
2813683
2813713
2813732
2813748
2813754
2813769
2813776
2813781
2813797
2813801
2813826
2813834
2813842
2813855
2813878
2813887
2813893
2813906
2813912
2813921
2813933
2813949
2813957
2813968
2813970
2813994
2814004
2814016
2814029
2814031
2814047
2814050
2814065
2814073
2814082
2814098
2814101
2814119
2814126
2814134
2814142
2814155
2814160
2814178
2814187
2814193
2814205
2814218
2814220
2814237
2814243
2814251
2814266
2814279
2814292
2814300
2814313
2814325
2814332
2814348
2814354
2814369
2814376
2814381
2814397
2814403
2814411
2814422
2814436
2814445
2814458
2814467
2814474
2814489
2814509
2814517
2814524
2814538
2814546
2814552
2814563
2814591
2814606
2814612
2814633
2814649
2814657
2814685
2814694
2814702
2814723
2814730
2814741
2814759
2814764
2814777
2814788
2814808
2814814
2814827
2814839
2814840
2814853
2814862
2814871
2814886
2814895
2814907
2814928
2814935
2814956
2814961
2814972
2814983
2815002
2815015
2815023
2815041
2815059
2815064
2815077
2815088
2815096
2815100
2815113
2815125
2815132
2815154
2815169
2815176
2815181
2815197
2815204
2815216
2815229
2815231
2815247
2815250
2815265
2815273
2815282
2815298
2815309
2815317
2815324
2815338
2815346
2815352
2815363
2815375
2815380
2815391
2815407
2815410
2815428
2815435
2815444
2815456
2815461
2815472
2815483
2815503
2815511
2815522
2815536
2815545
2815558
2815567
2815574
2815589
2815590
2815605
2815620
2815643
2815651
2815666
2815679
2815684
2815692
2815714
2815739
2815740
2815753
2815762
2815771
2815786
2815795
2815806
2815812
2815821
2815833
2815849
2815857
2815868
2815870
2815885
2815894
2815901
2815919
2815926
2815934
2815955
2815960
2815987
2815993
2816008
2816014
2816027
2816040
2816053
2816062
2816071
2816095
2816109
2816117
2816124
2816138
2816146
2816152
2816163
2816175
2816180
2816191
2816202
2816215
2816223
2816230
2816241
2816259
2816264
2816277
2816288
2816296
2816303
2816311
2816322
2816345
2816358
2816367
2816374
2816389
2816401
2816419
2816426
2816434
2816442
2816455
2816460
2816478
2816487
2816507
2816528
2816535
2816544
2816556
2816561
2816572
2816583
2816599
2816604
2816616
2816629
2816647
2816650
2816665
2816673
2816682
2816706
2816712
2816721
2816733
2816749
2816757
2816768
2816785
2816794
2816805
2816818
2816820
2816837
2816843
2816851
2816866
2816879
2816900
2816913
2816932
2816954
2816969
2816976
2816981
2816997
2817003
2817011
2817022
2817036
2817045
2817058
2817067
2817074
2817089
2817090
2817106
2817112
2817121
2817133
2817149
2817157
2817168
2817170
2817185
2817207
2817210
2817228
2817235
2817244
2817256
2817261
2817272
2817283
2817299
2817308
2817314
2817327
2817339
2817340
2817353
2817362
2817371
2817386
2817395
2817404
2817416
2817429
2817431
2817447
2817450
2817465
2817473
2817482
2817498
2817502
2817530
2817541
2817559
2817564
2817577
2817588
2817596
2817601
2817619
2817626
2817642
2817660
2817678
2817687
2817693
2817709
2817717
2817724
2817738
2817746
2817752
2817775
2817780
2817791
2817800
2817813
2817825
2817832
2817848
2817854
2817869
2817876
2817881
2817897
2817905
2817920
2817937
2817943
2817951
2817966
2817979
2817984
2817992
2818006
2818012
2818021
2818033
2818049
2818057
2818068
2818070
2818085
2818103
2818111
2818122
2818136
2818145
2818158
2818167
2818174
2818189
2818190
2818208
2818214
2818227
2818239
2818240
2818253
2818262
2818271
2818286
2818295
2818307
2818310
2818328
2818335
2818344
2818356
2818383
2818399
2818400
2818413
2818425
2818432
2818448
2818454
2818469
2818476
2818481
2818501
2818519
2818526
2818534
2818542
2818555
2818560
2818578
2818587
2818593
2818602
2818615
2818623
2818630
2818641
2818659
2818664
2818677
2818688
2818696
2818705
2818718
2818720
2818743
2818751
2818766
2818779
2818784
2818792
2818804
2818816
2818829
2818831
2818847
2818850
2818865
2818873
2818882
2818898
2818909
2818917
2818924
2818938
2818952
2818963
2818975
2818991
2819000
2819013
2819025
2819032
2819048
2819054
2819069
2819076
2819097
2819102
2819115
2819123
2819141
2819159
2819164
2819177
2819188
2819196
2819209
2819217
2819238
2819246
2819252
2819263
2819275
2819280
2819291
2819304
2819316
2819329
2819331
2819347
2819350
2819365
2819373
2819382
2819406
2819412
2819421
2819433
2819449
2819457
2819468
2819485
2819494
2819505
2819518
2819520
2819537
2819543
2819551
2819566
2819579
2819584
2819592
2819603
2819611
2819622
2819636
2819645
2819658
2819667
2819674
2819689
2819701
2819719
2819734
2819742
2819755
2819760
2819778
2819787
2819793
2819807
2819828
2819835
2819844
2819856
2819861
2819872
2819883
2819899
2819908
2819914
2819927
2819939
2819940
2819953
2819962
2819971
2819986
2819995
2820004
2820016
2820029
2820031
2820050
2820065
2820073
2820082
2820098
2820101
2820119
2820126
2820134
2820155
2820160
2820178
2820187
2820193
2820205
2820218
2820220
2820237
2820243
2820251
2820266
2820279
2820284
2820292
2820300
2820313
2820325
2820332
2820348
2820354
2820369
2820376
2820397
2820403
2820411
2820422
2820436
2820445
2820467
2820474
2820489
2820490
2820517
2820524
2820538
2820546
2820552
2820563
2820575
2820580
2820591
2820606
2820612
2820621
2820633
2820649
2820657
2820668
2820670
2820685
2820694
2820702
2820715
2820723
2820730
2820741
2820759
2820764
2820777
2820788
2820796
2820808
2820814
2820827
2820839
2820840
2820862
2820871
2820886
2820895
2820907
2820910
2820928
2820935
2820944
2820956
2820961
2820972
2820983
2820999
2821002
2821015
2821023
2821030
2821041
2821059
2821064
2821077
2821088
2821096
2821100
2821113
2821132
2821148
2821154
2821169
2821176
2821181
2821197
2821204
2821216
2821229
2821231
2821250
2821265
2821273
2821282
2821298
2821317
2821324
2821338
2821346
2821352
2821363
2821375
2821380
2821391
2821410
2821428
2821435
2821456
2821461
2821472
2821483
2821499
2821503
2821511
2821522
2821536
2821545
2821558
2821567
2821574
2821589
2821590
2821605
2821618
2821620
2821637
2821643
2821651
2821666
2821679
2821684
2821692
2821708
2821714
2821727
2821739
2821740
2821753
2821771
2821786
2821795
2821806
2821812
2821821
2821833
2821849
2821870
2821885
2821894
2821919
2821926
2821934
2821955
2821960
2821978
2821987
2821993
2822000
2822013
2822025
2822032
2822048
2822054
2822069
2822076
2822081
2822097
2822102
2822115
2822123
2822141
2822159
2822164
2822177
2822188
2822196
2822209
2822217
2822224
2822238
2822246
2822252
2822263
2822275
2822280
2822291
2822304
2822316
2822329
2822347
2822350
2822365
2822373
2822382
2822398
2822406
2822412
2822421
2822433
2822449
2822457
2822468
2822485
2822494
2822505
2822520
2822543
2822551
2822566
2822579
2822584
2822592
2822603
2822611
2822622
2822636
2822645
2822658
2822667
2822674
2822689
2822690
2822701
2822719
2822726
2822734
2822742
2822755
2822778
2822787
2822793
2822807
2822810
2822828
2822835
2822844
2822856
2822861
2822872
2822883
2822899
2822908
2822914
2822927
2822939
2822953
2822962
2822971
2822986
2823006
2823012
2823021
2823033
2823049
2823057
2823068
2823070
2823085
2823094
2823103
2823111
2823122
2823136
2823145
2823167
2823174
2823189
2823190
2823208
2823227
2823239
2823253
2823262
2823271
2823286
2823295
2823307
2823310
2823328
2823335
2823344
2823361
2823372
2823383
2823399
2823413
2823425
2823432
2823448
2823454
2823469
2823476
2823481
2823501
2823519
2823526
2823534
2823542
2823555
2823560
2823578
2823602
2823623
2823630
2823641
2823659
2823664
2823677
2823688
2823696
2823705
2823720
2823737
2823743
2823751
2823766
2823779
2823784
2823792
2823804
2823816
2823829
2823831
2823847
2823850
2823865
2823873
2823882
2823898
2823917
2823924
2823938
2823946
2823952
2823963
2823975
2823980
2823991
2824001
2824019
2824026
2824034
2824042
2824055
2824078
2824087
2824093
2824104
2824116
2824131
2824147
2824165
2824173
2824182
2824198
2824200
2824213
2824225
2824232
2824254
2824269
2824276
2824281
2824297
2824305
2824318
2824320
2824337
2824343
2824351
2824366
2824379
2824384
2824392
2824408
2824414
2824427
2824439
2824440
2824453
2824462
2824471
2824486
2824495
2824506
2824512
2824521
2824533
2824549
2824557
2824568
2824570
2824585
2824594
2824609
2824617
2824624
2824638
2824646
2824652
2824663
2824675
2824680
2824691
2824707
2824710
2824728
2824735
2824744
2824756
2824761
2824772
2824783
2824799
2824803
2824811
2824822
2824836
2824858
2824867
2824874
2824889
2824890
2824902
2824923
2824930
2824941
2824959
2824964
2824977
2824988
2824996
2825007
2825010
2825028
2825035
2825044
2825056
2825072
2825083
2825099
2825105
2825118
2825120
2825137
2825143
2825151
2825179
2825192
2825201
2825219
2825226
2825234
2825242
2825255
2825260
2825278
2825287
2825306
2825312
2825321
2825333
2825349
2825370
2825385
2825394
2825402
2825415
2825423
2825430
2825441
2825459
2825464
2825477
2825488
2825508
2825514
2825539
2825540
2825553
2825562
2825571
2825586
2825595
2825600
2825613
2825625
2825632
2825648
2825654
2825669
2825676
2825681
2825697
2825703
2825711
2825722
2825736
2825745
2825758
2825767
2825774
2825789
2825790
2825809
2825817
2825824
2825838
2825846
2825852
2825863
2825875
2825880
2825891
2825904
2825916
2825929
2825931
2825947
2825950
2825965
2825973
2825982
2825998
2826003
2826011
2826022
2826036
2826045
2826058
2826067
2826074
2826090
2826106
2826112
2826149
2826168
2826170
2826185
2826194
2826207
2826210
2826228
2826235
2826244
2826256
2826272
2826283
2826299
2826308
2826314
2826327
2826339
2826340
2826353
2826362
2826371
2826386
2826395
2826404
2826416
2826429
2826431
2826447
2826450
2826465
2826473
2826482
2826498
2826502
2826515
2826530
2826541
2826559
2826564
2826577
2826588
2826596
2826601
2826619
2826626
2826634
2826642
2826655
2826678
2826687
2826693
2826709
2826717
2826724
2826738
2826746
2826752
2826763
2826775
2826780
2826791
2826800
2826813
2826825
2826832
2826848
2826854
2826869
2826876
2826881
2826897
2826905
2826918
2826943
2826951
2826966
2826979
2826984
2827008
2827014
2827027
2827039
2827040
2827053
2827062
2827071
2827086
2827095
2827109
2827124
2827138
2827146
2827152
2827163
2827175
2827180
2827191
2827202
2827215
2827223
2827230
2827241
2827277
2827288
2827296
2827303
2827311
2827322
2827336
2827345
2827358
2827367
2827389
2827390
2827401
2827419
2827434
2827442
2827455
2827460
2827478
2827493
2827507
2827510
2827528
2827535
2827544
2827561
2827572
2827583
2827599
2827604
2827616
2827629
2827631
2827647
2827650
2827665
2827673
2827682
2827698
2827706
2827712
2827721
2827733
2827757
2827768
2827770
2827785
2827794
2827805
2827818
2827820
2827837
2827851
2827879
2827884
2827892
2827900
2827913
2827925
2827932
2827948
2827954
2827976
2827981
2827997
2828009
2828017
2828024
2828038
2828046
2828052
2828063
2828075
2828091
2828108
2828114
2828127
2828139
2828140
2828153
2828162
2828171
2828186
2828195
2828203
2828211
2828222
2828236
2828245
2828274
2828289
2828290
2828315
2828323
2828330
2828341
2828359
2828364
2828377
2828388
2828396
2828405
2828418
2828420
2828437
2828443
2828451
2828466
2828479
2828484
2828492
2828504
2828529
2828531
2828550
2828565
2828573
2828582
2828598
2828607
2828610
2828635
2828656
2828661
2828683
2828699
2828700
2828713
2828732
2828748
2828754
2828769
2828776
2828781
2828797
2828801
2828819
2828826
2828834
2828842
2828855
2828860
2828878
2828887
2828893
2828906
2828912
2828921
2828933
2828949
2828957
2828968
2828970
2828985
2828994
2829005
2829018
2829020
2829037
2829043
2829051
2829066
2829079
2829084
2829092
2829110
2829128
2829135
2829144
2829156
2829161
2829172
2829183
2829199
2829206
2829249
2829257
2829268
2829270
2829285
2829294
2829301
2829319
2829326
2829334
2829342
2829355
2829360
2829378
2829387
2829393
2829409
2829417
2829424
2829438
2829446
2829452
2829463
2829475
2829480
2829491
2829500
2829513
2829525
2829532
2829548
2829554
2829569
2829576
2829581
2829597
2829614
2829639
2829640
2829653
2829662
2829671
2829686
2829695
2829704
2829729
2829731
2829747
2829750
2829765
2829773
2829782
2829798
2829802
2829815
2829823
2829830
2829841
2829859
2829864
2829877
2829888
2829896
2829903
2829911
2829922
2829936
2829945
2829958
2829967
2829974
2829989
2829990
2830006
2830012
2830049
2830057
2830068
2830070
2830085
2830094
2830103
2830111
2830122
2830136
2830145
2830158
2830167
2830174
2830189
2830190
2830208
2830214
2830227
2830239
2830240
2830253
2830262
2830271
2830286
2830295
2830307
2830310
2830328
2830335
2830344
2830356
2830361
2830372
2830383
2830400
2830425
2830432
2830448
2830469
2830476
2830481
2830497
2830501
2830519
2830526
2830534
2830555
2830578
2830587
2830593
2830602
2830615
2830623
2830630
2830641
2830659
2830664
2830688
2830696
2830705
2830718
2830720
2830737
2830743
2830751
2830766
2830779
2830792
2830804
2830816
2830829
2830831
2830847
2830850
2830865
2830873
2830882
2830898
2830917
2830924
2830938
2830946
2830963
2830975
2830980
2830991
2831005
2831020
2831037
2831043
2831051
2831066
2831079
2831084
2831092
2831107
2831110
2831128
2831135
2831144
2831156
2831161
2831183
2831199
2831212
2831221
2831233
2831249
2831268
2831285
2831294
2831326
2831334
2831342
2831355
2831360
2831378
2831387
2831393
2831409
2831417
2831424
2831438
2831446
2831452
2831463
2831475
2831480
2831491
2831500
2831513
2831525
2831548
2831554
2831569
2831576
2831581
2831597
2831608
2831627
2831639
2831640
2831662
2831671
2831686
2831695
2831704
2831716
2831731
2831747
2831750
2831765
2831773
2831782
2831798
2831802
2831815
2831823
2831830
2831841
2831859
2831864
2831877
2831888
2831896
2831903
2831911
2831922
2831936
2831945
2831958
2831974
2831989
2831990
2832007
2832010
2832028
2832035
2832044
2832056
2832061
2832072
2832083
2832099
2832105
2832120
2832137
2832143
2832151
2832179
2832184
2832192
2832201
2832219
2832234
2832242
2832255
2832260
2832278
2832287
2832293
2832306
2832312
2832321
2832333
2832357
2832368
2832385
2832394
2832402
2832415
2832423
2832430
2832441
2832459
2832464
2832477
2832488
2832496
2832508
2832514
2832527
2832539
2832540
2832553
2832562
2832586
2832595
2832600
2832613
2832632
2832648
2832654
2832669
2832676
2832681
2832697
2832703
2832711
2832722
2832736
2832745
2832758
2832767
2832774
2832789
2832790
2832809
2832817
2832824
2832838
2832846
2832852
2832863
2832875
2832880
2832891
2832929
2832931
2832947
2832950
2832965
2832973
2832982
2832998
2833002
2833015
2833023
2833030
2833041
2833059
2833064
2833077
2833088
2833096
2833100
2833113
2833125
2833132
2833148
2833154
2833169
2833176
2833197
2833204
2833216
2833229
2833231
2833247
2833250
2833265
2833273
2833282
2833309
2833317
2833324
2833338
2833346
2833352
2833375
2833380
2833391
2833407
2833410
2833428
2833435
2833444
2833456
2833461
2833472
2833483
2833499
2833503
2833511
2833522
2833536
2833545
2833558
2833567
2833574
2833589
2833590
2833605
2833618
2833620
2833637
2833643
2833651
2833666
2833679
2833684
2833692
2833708
2833714
2833727
2833739
2833740
2833753
2833762
2833771
2833786
2833795
2833806
2833812
2833821
2833849
2833868
2833885
2833901
2833919
2833926
2833934
2833942
2833955
2833978
2833987
2833993
2834003
2834011
2834022
2834036
2834045
2834058
2834067
2834074
2834090
2834106
2834121
2834133
2834149
2834157
2834168
2834170
2834185
2834194
2834207
2834228
2834235
2834244
2834256
2834261
2834272
2834283
2834299
2834308
2834314
2834327
2834339
2834340
2834353
2834362
2834371
2834386
2834395
2834404
2834429
2834431
2834447
2834450
2834465
2834473
2834482
2834498
2834502
2834515
2834523
2834530
2834541
2834559
2834564
2834588
2834596
2834601
2834619
2834626
2834634
2834642
2834655
2834660
2834678
2834687
2834693
2834709
2834717
2834724
2834738
2834746
2834752
2834763
2834775
2834780
2834791
2834800
2834813
2834825
2834832
2834848
2834854
2834869
2834876
2834881
2834897
2834905
2834918
2834920
2834937
2834943
2834951
2834966
2834979
2834984
2834992
2835009
2835017
2835024
2835038
2835046
2835052
2835063
2835075
2835080
2835091
2835108
2835114
2835127
2835139
2835140
2835153
2835162
2835171
2835186
2835195
2835203
2835211
2835222
2835245
2835258
2835267
2835274
2835289
2835290
2835302
2835315
2835323
2835330
2835341
2835359
2835364
2835388
2835396
2835405
2835418
2835420
2835437
2835443
2835451
2835466
2835484
2835492
2835504
2835516
2835529
2835531
2835547
2835550
2835573
2835582
2835607
2835610
2835628
2835635
2835644
2835656
2835661
2835672
2835683
2835699
2835700
2835725
2835732
2835748
2835754
2835769
2835776
2835781
2835797
2835801
2835819
2835826
2835834
2835842
2835855
2835878
2835887
2835893
2835906
2835912
2835921
2835933
2835949
2835957
2835968
2835970
2835985
2835994
2836000
2836013
2836025
2836032
2836054
2836069
2836076
2836081
2836097
2836102
2836123
2836130
2836141
2836159
2836164
2836177
2836188
2836196
2836209
2836224
2836238
2836246
2836252
2836263
2836275
2836280
2836291
2836304
2836316
2836329
2836331
2836347
2836350
2836365
2836373
2836382
2836398
2836406
2836412
2836421
2836449
2836457
2836468
2836470
2836485
2836494
2836505
2836518
2836520
2836537
2836543
2836551
2836566
2836584
2836592
2836603
2836611
2836622
2836636
2836645
2836658
2836667
2836674
2836689
2836690
2836701
2836719
2836726
2836734
2836742
2836755
2836760
2836778
2836787
2836793
2836807
2836810
2836828
2836835
2836856
2836861
2836872
2836883
2836899
2836908
2836914
2836927
2836940
2836953
2836962
2836971
2836986
2836995
2837004
2837016
2837029
2837031
2837047
2837050
2837065
2837073
2837098
2837101
2837119
2837126
2837134
2837142
2837160
2837178
2837187
2837193
2837205
2837218
2837220
2837237
2837243
2837251
2837266
2837279
2837284
2837292
2837300
2837313
2837325
2837332
2837348
2837354
2837369
2837376
2837381
2837397
2837403
2837411
2837422
2837436
2837445
2837458
2837467
2837489
2837490
2837509
2837517
2837524
2837538
2837546
2837552
2837563
2837575
2837580
2837591
2837606
2837612
2837621
2837633
2837649
2837657
2837668
2837670
2837685
2837694
2837702
2837715
2837723
2837741
2837764
2837788
2837796
2837808
2837814
2837827
2837839
2837840
2837853
2837871
2837886
2837895
2837907
2837910
2837928
2837935
2837944
2837956
2837961
2837972
2837983
2837999
2838001
2838019
2838026
2838034
2838042
2838055
2838060
2838078
2838087
2838093
2838104
2838116
2838129
2838131
2838147
2838150
2838165
2838173
2838182
2838200
2838213
2838225
2838232
2838248
2838254
2838269
2838276
2838281
2838297
2838305
2838318
2838320
2838337
2838343
2838351
2838366
2838379
2838392
2838408
2838414
2838427
2838439
2838453
2838462
2838471
2838486
2838506
2838512
2838521
2838533
2838549
2838557
2838568
2838570
2838585
2838594
2838609
2838617
2838624
2838638
2838652
2838663
2838680
2838691
2838707
2838710
2838744
2838756
2838761
2838772
2838799
2838803
2838811
2838822
2838836
2838845
2838867
2838874
2838889
2838890
2838902
2838915
2838923
2838930
2838959
2838964
2838977
2838988
2838996
2839008
2839027
2839039
2839040
2839053
2839062
2839071
2839086
2839095
2839109
2839124
2839138
2839146
2839152
2839163
2839175
2839180
2839191
2839202
2839215
2839223
2839230
2839241
2839259
2839264
2839277
2839288
2839296
2839303
2839311
2839322
2839336
2839345
2839358
2839367
2839374
2839389
2839390
2839419
2839426
2839434
2839455
2839460
2839478
2839487
2839493
2839507
2839510
2839535
2839544
2839556
2839561
2839572
2839583
2839599
2839604
2839616
2839629
2839631
2839647
2839650
2839665
2839673
2839682
2839698
2839706
2839712
2839721
2839733
2839749
2839757
2839770
2839785
2839794
2839805
2839818
2839820
2839837
2839843
2839851
2839866
2839879
2839884
2839892
2839900
2839913
2839925
2839932
2839948
2839954
2839969
2839976
2839981
2839997
2840007
2840010
2840028
2840035
2840044
2840056
2840099
2840120
2840137
2840143
2840151
2840166
2840179
2840184
2840192
2840201
2840219
2840226
2840234
2840242
2840255
2840260
2840278
2840287
2840306
2840312
2840321
2840333
2840349
2840357
2840368
2840370
2840385
2840394
2840402
2840423
2840430
2840441
2840459
2840464
2840477
2840488
2840496
2840508
2840514
2840527
2840539
2840562
2840571
2840586
2840595
2840600
2840613
2840632
2840648
2840654
2840669
2840676
2840681
2840697
2840703
2840711
2840722
2840736
2840745
2840758
2840767
2840774
2840790
2840809
2840817
2840824
2840838
2840846
2840852
2840863
2840875
2840891
2840904
2840916
2840929
2840931
2840947
2840950
2840965
2840973
2840982
2840998
2841003
2841022
2841036
2841045
2841058
2841067
2841074
2841089
2841090
2841106
2841112
2841121
2841133
2841157
2841168
2841170
2841185
2841194
2841207
2841210
2841235
2841244
2841256
2841261
2841272
2841283
2841299
2841308
2841314
2841327
2841339
2841340
2841353
2841362
2841371
2841395
2841416
2841429
2841431
2841447
2841450
2841465
2841473
2841482
2841498
2841502
2841515
2841523
2841530
2841564
2841577
2841588
2841596
2841601
2841619
2841626
2841642
2841655
2841660
2841678
2841687
2841693
2841709
2841717
2841724
2841763
2841775
2841791
2841800
2841813
2841832
2841848
2841854
2841869
2841897
2841905
2841918
2841920
2841937
2841943
2841951
2841979
2841984
2841992
2842006
2842012
2842021
2842033
2842049
2842057
2842068
2842070
2842085
2842094
2842103
2842122
2842136
2842145
2842158
2842167
2842189
2842190
2842214
2842227
2842239
2842240
2842253
2842262
2842271
2842286
2842295
2842307
2842310
2842328
2842335
2842344
2842356
2842361
2842372
2842383
2842399
2842400
2842413
2842425
2842432
2842448
2842454
2842469
2842476
2842481
2842497
2842501
2842519
2842526
2842534
2842555
2842560
2842578
2842587
2842593
2842602
2842615
2842623
2842630
2842641
2842659
2842664
2842677
2842688
2842705
2842718
2842720
2842737
2842743
2842751
2842766
2842784
2842792
2842804
2842816
2842829
2842831
2842847
2842850
2842865
2842873
2842882
2842898
2842909
2842917
2842924
2842946
2842952
2842963
2842975
2842980
2842991
2843013
2843025
2843032
2843054
2843069
2843076
2843081
2843102
2843123
2843130
2843141
2843159
2843164
2843177
2843188
2843196
2843209
2843217
2843224
2843238
2843246
2843252
2843263
2843275
2843280
2843291
2843316
2843329
2843331
2843347
2843350
2843365
2843382
2843398
2843406
2843412
2843421
2843433
2843449
2843457
2843468
2843470
2843485
2843494
2843505
2843518
2843520
2843537
2843543
2843551
2843566
2843579
2843592
2843603
2843611
2843622
2843636
2843645
2843667
2843674
2843689
2843690
2843701
2843734
2843742
2843755
2843760
2843778
2843787
2843793
2843807
2843810
2843828
2843835
2843856
2843861
2843872
2843883
2843899
2843908
2843914
2843927
2843939
2843940
2843953
2843962
2843971
2843986
2843995
2844005
2844018
2844020
2844037
2844043
2844051
2844066
2844079
2844084
2844092
2844107
2844110
2844144
2844156
2844161
2844172
2844183
2844199
2844206
2844212
2844221
2844233
2844257
2844268
2844285
2844294
2844301
2844319
2844334
2844355
2844360
2844378
2844387
2844393
2844417
2844424
2844438
2844446
2844452
2844475
2844480
2844491
2844500
2844513
2844525
2844532
2844554
2844569
2844576
2844581
2844608
2844614
2844639
2844640
2844653
2844662
2844671
2844686
2844695
2844716
2844729
2844731
2844747
2844750
2844765
2844773
2844782
2844798
2844802
2844815
2844830
2844841
2844859
2844864
2844877
2844888
2844896
2844903
2844911
2844936
2844945
2844958
2844967
2844974
2844989
2844990
2845004
2845016
2845029
2845031
2845047
2845050
2845065
2845073
2845082
2845098
2845101
2845126
2845134
2845142
2845155
2845160
2845178
2845187
2845193
2845205
2845218
2845220
2845243
2845266
2845279
2845292
2845300
2845313
2845325
2845332
2845348
2845354
2845369
2845376
2845381
2845397
2845403
2845436
2845445
2845467
2845474
2845490
2845509
2845517
2845524
2845538
2845546
2845563
2845580
2845591
2845606
2845612
2845621
2845633
2845657
2845668
2845670
2845685
2845694
2845702
2845715
2845723
2845759
2845764
2845777
2845796
2845808
2845814
2845827
2845840
2845853
2845862
2845871
2845886
2845907
2845910
2845928
2845935
2845944
2845956
2845961
2845972
2845983
2845999
2846002
2846015
2846023
2846030
2846041
2846059
2846064
2846077
2846088
2846096
2846100
2846125
2846148
2846154
2846176
2846181
2846197
2846204
2846216
2846229
2846231
2846247
2846250
2846273
2846282
2846298
2846309
2846317
2846338
2846346
2846363
2846375
2846380
2846407
2846410
2846428
2846435
2846444
2846456
2846461
2846483
2846499
2846503
2846511
2846522
2846536
2846545
2846558
2846567
2846574
2846589
2846590
2846605
2846618
2846620
2846643
2846651
2846679
2846684
2846692
2846708
2846727
2846739
2846740
2846753
2846762
2846771
2846786
2846806
2846812
2846821
2846849
2846857
2846868
2846870
2846885
2846894
2846901
2846919
2846926
2846934
2846942
2846955
2846960
2846978
2846987
2847009
2847017
2847024
2847038
2847046
2847052
2847063
2847075
2847080
2847091
2847108
2847114
2847127
2847139
2847140
2847153
2847162
2847171
2847186
2847195
2847203
2847211
2847236
2847245
2847258
2847267
2847274
2847290
2847302
2847315
2847323
2847330
2847341
2847364
2847377
2847388
2847396
2847405
2847418
2847420
2847437
2847443
2847451
2847466
2847479
2847492
2847504
2847516
2847529
2847531
2847547
2847550
2847565
2847573
2847582
2847598
2847607
2847628
2847635
2847644
2847656
2847661
2847672
2847683
2847699
2847700
2847713
2847725
2847732
2847748
2847754
2847769
2847776
2847781
2847797
2847801
2847819
2847826
2847834
2847842
2847855
2847860
2847878
2847893
2847906
2847912
2847933
2847949
2847957
2847968
2847970
2847985
2847994
2848008
2848014
2848027
2848039
2848040
2848053
2848062
2848071
2848095
2848109
2848117
2848124
2848138
2848146
2848152
2848163
2848175
2848180
2848191
2848202
2848215
2848223
2848230
2848241
2848259
2848264
2848277
2848288
2848303
2848311
2848322
2848336
2848345
2848358
2848367
2848374
2848389
2848390
2848401
2848426
2848434
2848442
2848455
2848460
2848478
2848487
2848493
2848507
2848510
2848535
2848544
2848556
2848561
2848572
2848583
2848599
2848604
2848616
2848629
2848631
2848647
2848650
2848665
2848682
2848698
2848706
2848721
2848733
2848749
2848768
2848770
2848785
2848794
2848805
2848818
2848820
2848843
2848851
2848866
2848884
2848900
2848913
2848925
2848932
2848948
2848954
2848969
2848976
2848981
2848997
2849001
2849026
2849034
2849042
2849055
2849060
2849078
2849087
2849116
2849129
2849131
2849147
2849150
2849165
2849173
2849182
2849198
2849200
2849213
2849232
2849248
2849269
2849276
2849281
2849297
2849305
2849318
2849320
2849337
2849343
2849351
2849366
2849379
2849392
2849408
2849414
2849427
2849439
2849440
2849453
2849486
2849495
2849506
2849512
2849521
2849533
2849549
2849557
2849568
2849585
2849594
2849609
2849617
2849624
2849646
2849652
2849663
2849675
2849680
2849691
2849710
2849728
2849735
2849744
2849756
2849761
2849772
2849783
2849799
2849803
2849811
2849822
2849836
2849845
2849858
2849867
2849889
2849902
2849915
2849923
2849930
2849941
2849959
2849964
2849977
2849996
2850000
2850013
2850025
2850032
2850048
2850054
2850069
2850076
2850081
2850097
2850102
2850115
2850123
2850130
2850141
2850159
2850164
2850177
2850188
2850209
2850217
2850224
2850238
2850246
2850252
2850263
2850275
2850280
2850291
2850304
2850316
2850329
2850331
2850350
2850365
2850373
2850398
2850406
2850412
2850421
2850433
2850449
2850468
2850470
2850485
2850494
2850505
2850518
2850520
2850537
2850543
2850551
2850566
2850579
2850584
2850592
2850603
2850611
2850636
2850645
2850658
2850667
2850674
2850689
2850690
2850701
2850719
2850726
2850734
2850742
2850755
2850778
2850787
2850793
2850807
2850810
2850828
2850856
2850861
2850883
2850899
2850908
2850914
2850927
2850939
2850940
2850953
2850962
2850971
2850986
2851001
2851019
2851026
2851034
2851042
2851055
2851060
2851078
2851087
2851093
2851104
2851129
2851131
2851147
2851150
2851165
2851173
2851182
2851198
2851200
2851213
2851225
2851232
2851248
2851254
2851269
2851276
2851281
2851297
2851305
2851318
2851320
2851337
2851343
2851351
2851366
2851379
2851384
2851392
2851414
2851427
2851439
2851440
2851453
2851462
2851471
2851486
2851495
2851506
2851512
2851521
2851533
2851549
2851557
2851568
2851570
2851585
2851609
2851617
2851624
2851638
2851646
2851663
2851675
2851680
2851691
2851707
2851728
2851735
2851744
2851756
2851761
2851803
2851811
2851822
2851836
2851845
2851867
2851874
2851890
2851902
2851915
2851923
2851930
2851941
2851959
2851964
2851977
2851988
2851996
2852004
2852016
2852029
2852031
2852047
2852050
2852065
2852073
2852082
2852098
2852101
2852119
2852126
2852134
2852155
2852178
2852187
2852193
2852218
2852220
2852237
2852243
2852251
2852266
2852279
2852284
2852292
2852300
2852313
2852325
2852332
2852348
2852354
2852369
2852376
2852381
2852397
2852403
2852411
2852422
2852436
2852445
2852458
2852467
2852474
2852489
2852490
2852509
2852517
2852524
2852538
2852546
2852552
2852563
2852575
2852580
2852591
2852606
2852612
2852621
2852633
2852649
2852657
2852668
2852670
2852685
2852694
2852702
2852715
2852723
2852730
2852741
2852759
2852764
2852777
2852788
2852814
2852827
2852839
2852840
2852853
2852871
2852886
2852895
2852910
2852928
2852935
2852944
2852956
2852961
2852983
2852999
2853003
2853011
2853022
2853036
2853045
2853058
2853067
2853074
2853089
2853106
2853112
2853121
2853133
2853149
2853157
2853168
2853170
2853185
2853194
2853207
2853210
2853228
2853235
2853244
2853256
2853272
2853283
2853299
2853308
2853314
2853327
2853339
2853340
2853353
2853362
2853371
2853386
2853395
2853404
2853416
2853429
2853431
2853447
2853450
2853465
2853473
2853482
2853498
2853502
2853515
2853523
2853541
2853559
2853564
2853577
2853588
2853596
2853601
2853619
2853626
2853634
2853642
2853655
2853660
2853678
2853687
2853693
2853717
2853724
2853738
2853746
2853752
2853763
2853775
2853780
2853791
2853800
2853813
2853825
2853832
2853848
2853854
2853869
2853876
2853897
2853905
2853918
2853920
2853937
2853943
2853951
2853966
2853979
2853992
2854002
2854015
2854023
2854030
2854041
2854059
2854064
2854088
2854096
2854100
2854113
2854125
2854132
2854148
2854154
2854169
2854176
2854181
2854197
2854204
2854216
2854231
2854247
2854250
2854265
2854273
2854282
2854298
2854309
2854317
2854324
2854346
2854352
2854363
2854380
2854391
2854407
2854410
2854428
2854435
2854444
2854456
2854461
2854472
2854483
2854499
2854503
2854511
2854522
2854536
2854545
2854558
2854567
2854574
2854589
2854590
2854605
2854618
2854620
2854637
2854643
2854651
2854666
2854679
2854684
2854692
2854708
2854714
2854727
2854739
2854740
2854762
2854786
2854795
2854806
2854812
2854821
2854833
2854849
2854857
2854868
2854870
2854885
2854894
2854919
2854926
2854934
2854942
2854955
2854960
2854978
2854987
2854993
2855014
2855027
2855039
2855040
2855053
2855062
2855071
2855086
2855095
2855109
2855117
2855146
2855152
2855163
2855175
2855180
2855191
2855202
2855215
2855223
2855230
2855241
2855259
2855264
2855277
2855288
2855296
2855303
2855311
2855322
2855336
2855358
2855367
2855374
2855389
2855390
2855401
2855426
2855434
2855442
2855455
2855460
2855478
2855487
2855493
2855507
2855510
2855528
2855535
2855544
2855556
2855561
2855572
2855583
2855604
2855616
2855631
2855647
2855650
2855673
2855682
2855698
2855706
2855712
2855721
2855733
2855749
2855757
2855768
2855770
2855794
2855805
2855818
2855820
2855837
2855851
2855866
2855879
2855884
2855892
2855900
2855913
2855925
2855932
2855948
2855954
2855969
2855976
2855981
2855997
2856006
2856012
2856021
2856033
2856049
2856057
2856068
2856070
2856085
2856094
2856103
2856111
2856122
2856136
2856158
2856174
2856189
2856190
2856208
2856214
2856227
2856239
2856240
2856253
2856262
2856271
2856286
2856295
2856307
2856310
2856328
2856335
2856344
2856361
2856372
2856383
2856399
2856400
2856425
2856432
2856448
2856454
2856469
2856476
2856497
2856501
2856519
2856526
2856534
2856555
2856560
2856578
2856587
2856593
2856615
2856623
2856630
2856659
2856664
2856677
2856688
2856696
2856705
2856718
2856720
2856737
2856743
2856751
2856784
2856792
2856804
2856816
2856831
2856850
2856865
2856873
2856882
2856898
2856917
2856924
2856938
2856946
2856963
2856975
2856980
2856991
2857007
2857010
2857028
2857035
2857044
2857056
2857061
2857072
2857083
2857099
2857105
2857118
2857120
2857137
2857143
2857166
2857179
2857184
2857192
2857201
2857219
2857234
2857255
2857260
2857278
2857287
2857293
2857306
2857312
2857321
2857333
2857349
2857357
2857368
2857385
2857394
2857402
2857415
2857423
2857430
2857441
2857459
2857464
2857477
2857488
2857508
2857514
2857527
2857539
2857540
2857553
2857562
2857586
2857595
2857600
2857625
2857632
2857648
2857654
2857669
2857676
2857681
2857697
2857703
2857711
2857736
2857745
2857758
2857767
2857774
2857790
2857809
2857824
2857838
2857846
2857852
2857863
2857875
2857880
2857891
2857904
2857916
2857929
2857931
2857947
2857950
2857965
2857973
2857982
2857998
2858005
2858018
2858020
2858037
2858043
2858051
2858066
2858079
2858084
2858092
2858107
2858128
2858135
2858144
2858156
2858183
2858206
2858212
2858221
2858233
2858249
2858257
2858268
2858270
2858285
2858294
2858301
2858326
2858334
2858342
2858355
2858360
2858378
2858387
2858393
2858409
2858417
2858424
2858438
2858446
2858452
2858463
2858480
2858491
2858500
2858532
2858548
2858554
2858576
2858581
2858608
2858614
2858627
2858640
2858653
2858662
2858671
2858686
2858695
2858704
2858716
2858729
2858731
2858747
2858750
2858765
2858773
2858782
2858798
2858802
2858815
2858823
2858830
2858841
2858859
2858877
2858888
2858896
2858903
2858911
2858922
2858936
2858945
2858967
2858974
2858989
2858990
2859009
2859017
2859024
2859046
2859052
2859063
2859075
2859080
2859091
2859108
2859114
2859127
2859140
2859153
2859162
2859171
2859186
2859195
2859203
2859211
2859222
2859236
2859245
2859258
2859267
2859274
2859289
2859290
2859315
2859323
2859330
2859341
2859359
2859364
2859377
2859388
2859396
2859405
2859418
2859420
2859437
2859451
2859466
2859479
2859492
2859516
2859529
2859531
2859547
2859550
2859565
2859573
2859582
2859598
2859607
2859610
2859628
2859635
2859661
2859672
2859683
2859700
2859713
2859725
2859732
2859748
2859754
2859769
2859776
2859797
2859801
2859826
2859842
2859855
2859860
2859878
2859887
2859893
2859906
2859912
2859921
2859933
2859957
2859968
2859970
2859985
2859994
2860011
2860022
2860036
2860045
2860058
2860067
2860074
2860089
2860090
2860106
2860112
2860121
2860133
2860149
2860168
2860170
2860185
2860194
2860207
2860210
2860228
2860235
2860244
2860256
2860261
2860272
2860283
2860299
2860314
2860327
2860339
2860340
2860353
2860362
2860371
2860386
2860404
2860416
2860429
2860431
2860447
2860450
2860465
2860473
2860482
2860498
2860502
2860515
2860523
2860530
2860541
2860559
2860577
2860588
2860596
2860601
2860619
2860626
2860634
2860642
2860655
2860660
2860678
2860687
2860693
2860709
2860717
2860724
2860738
2860746
2860752
2860763
2860775
2860780
2860791
2860800
2860813
2860825
2860832
2860848
2860854
2860869
2860876
2860881
2860897
2860905
2860918
2860920
2860937
2860943
2860951
2860966
2860979
2860992
2861009
2861017
2861024
2861046
2861052
2861063
2861075
2861080
2861091
2861114
2861127
2861139
2861140
2861153
2861162
2861171
2861186
2861195
2861203
2861211
2861222
2861236
2861245
2861258
2861267
2861274
2861289
2861290
2861302
2861315
2861323
2861330
2861341
2861359
2861364
2861377
2861388
2861396
2861405
2861418
2861420
2861437
2861443
2861451
2861466
2861479
2861484
2861492
2861504
2861516
2861531
2861547
2861550
2861565
2861573
2861582
2861598
2861607
2861610
2861628
2861635
2861644
2861656
2861672
2861683
2861699
2861700
2861713
2861725
2861732
2861748
2861754
2861769
2861776
2861781
2861797
2861801
2861819
2861826
2861834
2861842
2861855
2861860
2861878
2861887
2861893
2861906
2861921
2861933
2861949
2861957
2861968
2861970
2861985
2861994
2862008
2862014
2862027
2862039
2862040
2862053
2862062
2862071
2862086
2862095
2862109
2862117
2862124
2862138
2862146
2862163
2862175
2862191
2862202
2862215
2862230
2862241
2862259
2862264
2862277
2862288
2862296
2862303
2862311
2862322
2862336
2862345
2862358
2862367
2862374
2862389
2862390
2862401
2862419
2862426
2862434
2862455
2862460
2862478
2862487
2862493
2862507
2862510
2862528
2862535
2862544
2862556
2862561
2862572
2862583
2862599
2862604
2862616
2862629
2862631
2862647
2862650
2862665
2862673
2862682
2862698
2862706
2862712
2862721
2862733
2862749
2862757
2862768
2862770
2862785
2862794
2862818
2862820
2862837
2862843
2862851
2862866
2862879
2862884
2862892
2862900
2862913
2862925
2862932
2862948
2862954
2862969
2862976
2862981
2862997
2863001
2863019
2863026
2863034
2863055
2863060
2863078
2863087
2863093
2863104
2863129
2863131
2863147
2863150
2863165
2863173
2863182
2863198
2863200
2863213
2863225
2863232
2863248
2863269
2863276
2863281
2863297
2863305
2863318
2863320
2863337
2863343
2863351
2863366
2863379
2863384
2863408
2863414
2863427
2863439
2863453
2863462
2863471
2863486
2863495
2863506
2863512
2863521
2863533
2863549
2863557
2863568
2863570
2863585
2863594
2863609
2863617
2863624
2863638
2863646
2863652
2863675
2863680
2863691
2863707
2863710
2863728
2863744
2863756
2863761
2863772
2863783
2863799
2863803
2863811
2863822
2863836
2863858
2863867
2863874
2863890
2863902
2863915
2863923
2863930
2863941
2863959
2863964
2863977
2863988
2863996
2864006
2864012
2864021
2864033
2864049
2864068
2864070
2864085
2864094
2864111
2864122
2864136
2864145
2864158
2864167
2864174
2864190
2864208
2864214
2864227
2864239
2864240
2864262
2864271
2864286
2864295
2864307
2864310
2864328
2864335
2864344
2864356
2864361
2864372
2864383
2864400
2864413
2864425
2864432
2864448
2864469
2864476
2864497
2864501
2864519
2864526
2864534
2864542
2864555
2864560
2864578
2864587
2864593
2864602
2864615
2864623
2864630
2864641
2864659
2864677
2864688
2864696
2864705
2864718
2864737
2864743
2864751
2864766
2864779
2864784
2864792
2864804
2864816
2864829
2864831
2864847
2864850
2864865
2864882
2864909
2864917
2864924
2864938
2864952
2864963
2864975
2864980
2864991
2865005
2865018
2865020
2865037
2865043
2865051
2865066
2865079
2865084
2865092
2865107
2865128
2865144
2865156
2865161
2865172
2865183
2865199
2865206
2865212
2865221
2865249
2865257
2865268
2865270
2865285
2865294
2865301
2865319
2865326
2865334
2865342
2865355
2865360
2865378
2865387
2865393
2865409
2865417
2865424
2865438
2865446
2865452
2865463
2865475
2865480
2865491
2865500
2865513
2865525
2865532
2865554
2865569
2865576
2865581
2865597
2865608
2865614
2865627
2865639
2865640
2865653
2865662
2865671
2865686
2865695
2865704
2865716
2865729
2865731
2865747
2865750
2865765
2865773
2865815
2865823
2865830
2865841
2865859
2865864
2865877
2865888
2865896
2865903
2865911
2865922
2865936
2865945
2865958
2865967
2865974
2865989
2865990
2866004
2866016
2866029
2866047
2866050
2866065
2866073
2866082
2866098
2866101
2866119
2866126
2866134
2866142
2866155
2866160
2866193
2866218
2866220
2866237
2866243
2866251
2866266
2866279
2866284
2866292
2866300
2866313
2866325
2866332
2866354
2866369
2866376
2866403
2866411
2866422
2866436
2866445
2866458
2866467
2866474
2866489
2866490
2866509
2866517
2866524
2866538
2866546
2866552
2866575
2866591
2866606
2866612
2866621
2866649
2866657
2866670
2866685
2866694
2866702
2866715
2866723
2866730
2866741
2866759
2866764
2866777
2866788
2866796
2866808
2866814
2866827
2866839
2866840
2866853
2866862
2866871
2866886
2866895
2866907
2866910
2866928
2866935
2866956
2866972
2866983
2866999
2867000
2867025
2867032
2867048
2867054
2867069
2867076
2867081
2867097
2867102
2867115
2867123
2867130
2867159
2867177
2867188
2867196
2867209
2867217
2867224
2867238
2867252
2867263
2867275
2867280
2867291
2867304
2867316
2867329
2867331
2867347
2867350
2867365
2867373
2867382
2867406
2867412
2867421
2867433
2867449
2867457
2867468
2867470
2867485
2867494
2867505
2867518
2867520
2867537
2867543
2867551
2867566
2867579
2867584
2867592
2867603
2867611
2867622
2867636
2867645
2867658
2867667
2867674
2867689
2867690
2867701
2867726
2867734
2867742
2867755
2867760
2867778
2867787
2867807
2867810
2867828
2867835
2867856
2867861
2867872
2867883
2867899
2867908
2867914
2867939
2867940
2867953
2867971
2867995
2868002
2868015
2868023
2868030
2868041
2868059
2868064
2868077
2868088
2868096
2868100
2868113
2868125
2868132
2868148
2868154
2868169
2868176
2868181
2868197
2868204
2868229
2868231
2868247
2868265
2868273
2868282
2868298
2868309
2868317
2868324
2868338
2868346
2868352
2868363
2868375
2868391
2868407
2868410
2868428
2868435
2868444
2868456
2868472
2868483
2868503
2868511
2868522
2868536
2868545
2868558
2868567
2868574
2868589
2868590
2868605
2868618
2868620
2868637
2868643
2868651
2868666
2868679
2868692
2868708
2868714
2868727
2868739
2868740
2868762
2868771
2868786
2868795
2868806
2868812
2868833
2868849
2868857
2868868
2868870
2868885
2868894
2868901
2868919
2868926
2868934
2868955
2868960
2868978
2868987
2868993
2869007
2869010
2869028
2869035
2869044
2869056
2869061
2869083
2869099
2869118
2869120
2869137
2869143
2869151
2869166
2869179
2869184
2869192
2869201
2869219
2869226
2869234
2869242
2869255
2869260
2869278
2869287
2869293
2869306
2869312
2869321
2869333
2869349
2869357
2869370
2869394
2869402
2869415
2869430
2869441
2869459
2869464
2869477
2869488
2869496
2869508
2869514
2869527
2869539
2869540
2869553
2869562
2869571
2869586
2869595
2869600
2869625
2869632
2869648
2869654
2869669
2869676
2869681
2869697
2869703
2869711
2869736
2869745
2869758
2869767
2869774
2869789
2869790
2869809
2869817
2869824
2869838
2869852
2869863
2869875
2869891
2869904
2869916
2869931
2869947
2869950
2869965
2869973
2869982
2869998
2870002
2870023
2870030
2870041
2870059
2870064
2870077
2870096
2870100
2870113
2870125
2870132
2870148
2870154
2870169
2870181
2870197
2870204
2870216
2870229
2870231
2870247
2870250
2870265
2870273
2870282
2870298
2870309
2870317
2870324
2870338
2870346
2870352
2870363
2870380
2870391
2870410
2870428
2870444
2870456
2870472
2870483
2870499
2870503
2870511
2870522
2870536
2870545
2870558
2870567
2870574
2870590
2870605
2870620
2870643
2870651
2870679
2870684
2870692
2870708
2870714
2870727
2870740
2870762
2870795
2870806
2870812
2870821
2870833
2870849
2870857
2870868
2870870
2870885
2870894
2870901
2870926
2870934
2870942
2870955
2870960
2870978
2870987
2870993
2871008
2871014
2871027
2871039
2871040
2871053
2871062
2871071
2871086
2871095
2871109
2871124
2871138
2871152
2871163
2871175
2871180
2871191
2871202
2871215
2871223
2871230
2871241
2871264
2871277
2871288
2871296
2871303
2871311
2871322
2871336
2871345
2871358
2871367
2871374
2871389
2871390
2871401
2871419
2871426
2871434
2871442
2871460
2871478
2871487
2871493
2871510
2871528
2871535
2871544
2871556
2871561
2871572
2871583
2871599
2871604
2871616
2871629
2871631
2871647
2871650
2871673
2871682
2871698
2871706
2871721
2871733
2871749
2871757
2871768
2871785
2871794
2871818
2871820
2871837
2871843
2871851
2871866
2871879
2871884
2871900
2871913
2871925
2871948
2871954
2871969
2871976
2871981
2871997
2872009
2872017
2872024
2872038
2872046
2872052
2872063
2872075
2872080
2872091
2872108
2872114
2872127
2872139
2872140
2872153
2872162
2872171
2872186
2872195
2872203
2872211
2872222
2872236
2872245
2872258
2872267
2872289
2872290
2872302
2872315
2872323
2872330
2872341
2872364
2872377
2872396
2872405
2872418
2872420
2872437
2872443
2872451
2872466
2872479
2872484
2872492
2872504
2872516
2872529
2872531
2872547
2872550
2872565
2872573
2872582
2872598
2872607
2872610
2872628
2872644
2872656
2872672
2872683
2872699
2872700
2872713
2872725
2872732
2872748
2872754
2872769
2872776
2872797
2872801
2872819
2872826
2872834
2872842
2872855
2872860
2872878
2872887
2872893
2872906
2872912
2872921
2872933
2872949
2872957
2872968
2872970
2872985
2872994
2873005
2873018
2873020
2873037
2873051
2873066
2873079
2873084
2873092
2873107
2873110
2873128
2873135
2873144
2873156
2873161
2873172
2873183
2873199
2873206
2873212
2873221
2873233
2873249
2873257
2873268
2873270
2873285
2873294
2873301
2873319
2873326
2873334
2873342
2873355
2873360
2873378
2873393
2873409
2873417
2873424
2873438
2873446
2873452
2873463
2873475
2873480
2873491
2873500
2873513
2873525
2873532
2873554
2873569
2873576
2873581
2873597
2873608
2873614
2873627
2873639
2873640
2873653
2873662
2873671
2873686
2873695
2873704
2873729
2873731
2873747
2873750
2873765
2873773
2873782
2873798
2873802
2873815
2873830
2873841
2873859
2873864
2873877
2873896
2873903
2873911
2873922
2873936
2873958
2873967
2873974
2873989
2873990
2874000
2874013
2874025
2874032
2874048
2874054
2874069
2874076
2874081
2874097
2874102
2874115
2874123
2874130
2874141
2874159
2874164
2874177
2874188
2874196
2874209
2874217
2874224
2874238
2874246
2874263
2874275
2874280
2874291
2874304
2874316
2874329
2874331
2874347
2874365
2874373
2874382
2874398
2874406
2874412
2874421
2874433
2874449
2874457
2874468
2874470
2874485
2874494
2874505
2874518
2874520
2874537
2874543
2874551
2874566
2874579
2874584
2874592
2874603
2874611
2874622
2874636
2874645
2874658
2874667
2874674
2874689
2874701
2874719
2874726
2874734
2874742
2874755
2874760
2874778
2874787
2874793
2874807
2874810
2874828
2874835
2874844
2874856
2874861
2874872
2874883
2874899
2874908
2874914
2874927
2874939
2874940
2874953
2874962
2874971
2874986
2874995
2875001
2875019
2875026
2875034
2875042
2875055
2875060
2875078
2875087
2875093
2875104
2875116
2875129
2875131
2875147
2875150
2875165
2875182
2875198
2875200
2875213
2875225
2875232
2875248
2875254
2875269
2875276
2875281
2875297
2875305
2875318
2875320
2875337
2875343
2875351
2875366
2875379
2875384
2875392
2875408
2875414
2875427
2875439
2875440
2875453
2875462
2875471
2875486
2875495
2875506
2875512
2875521
2875533
2875557
2875568
2875570
2875585
2875594
2875609
2875617
2875624
2875638
2875646
2875652
2875663
2875675
2875680
2875707
2875728
2875735
2875744
2875756
2875761
2875772
2875783
2875799
2875803
2875811
2875822
2875836
2875845
2875858
2875867
2875874
2875889
2875890
2875902
2875915
2875923
2875930
2875941
2875959
2875964
2875977
2875988
2875996
2876007
2876010
2876028
2876035
2876044
2876056
2876061
2876072
2876083
2876099
2876105
2876120
2876137
2876143
2876151
2876166
2876179
2876184
2876192
2876201
2876219
2876226
2876234
2876260
2876278
2876287
2876293
2876312
2876321
2876333
2876349
2876357
2876368
2876370
2876385
2876394
2876402
2876415
2876423
2876430
2876441
2876459
2876464
2876477
2876488
2876496
2876508
2876514
2876527
2876539
2876540
2876553
2876562
2876571
2876586
2876595
2876600
2876613
2876625
2876632
2876648
2876669
2876676
2876681
2876697
2876711
2876722
2876736
2876745
2876758
2876767
2876774
2876789
2876790
2876809
2876817
2876838
2876846
2876852
2876863
2876875
2876880
2876891
2876904
2876916
2876929
2876931
2876947
2876965
2876973
2876982
2876998
2877006
2877012
2877021
2877033
2877049
2877057
2877068
2877070
2877085
2877094
2877103
2877122
2877136
2877145
2877167
2877174
2877189
2877190
2877208
2877214
2877227
2877239
2877240
2877253
2877262
2877271
2877286
2877295
2877307
2877310
2877328
2877335
2877344
2877356
2877372
2877383
2877399
2877400
2877413
2877425
2877432
2877448
2877454
2877476
2877481
2877497
2877501
2877519
2877534
2877542
2877555
2877560
2877578
2877587
2877593
2877602
2877615
2877623
2877630
2877641
2877659
2877664
2877677
2877688
2877696
2877705
2877718
2877720
2877737
2877743
2877751
2877779
2877784
2877792
2877804
2877816
2877829
2877831
2877847
2877850
2877865
2877873
2877898
2877917
2877924
2877938
2877946
2877952
2877963
2877975
2877991
2878003
2878011
2878022
2878045
2878058
2878067
2878074
2878089
2878090
2878106
2878112
2878133
2878149
2878157
2878168
2878170
2878194
2878207
2878210
2878228
2878235
2878244
2878256
2878261
2878272
2878283
2878299
2878314
2878327
2878339
2878340
2878353
2878362
2878371
2878386
2878404
2878416
2878429
2878431
2878447
2878450
2878473
2878482
2878498
2878502
2878515
2878523
2878530
2878559
2878564
2878577
2878596
2878601
2878619
2878626
2878634
2878642
2878655
2878660
2878678
2878687
2878693
2878709
2878724
2878738
2878752
2878775
2878780
2878791
2878800
2878813
2878825
2878832
2878848
2878854
2878869
2878876
2878881
2878905
2878918
2878920
2878943
2878951
2878966
2878979
2878984
2878992
2879004
2879016
2879029
2879031
2879047
2879050
2879065
2879073
2879082
2879098
2879101
2879119
2879126
2879134
2879142
2879178
2879187
2879193
2879205
2879218
2879220
2879237
2879243
2879251
2879266
2879279
2879284
2879292
2879300
2879313
2879325
2879332
2879354
2879369
2879376
2879381
2879397
2879403
2879411
2879422
2879436
2879445
2879458
2879467
2879474
2879489
2879490
2879509
2879517
2879524
2879538
2879546
2879552
2879563
2879575
2879580
2879606
2879612
2879621
2879633
2879649
2879657
2879668
2879670
2879685
2879702
2879715
2879723
2879730
2879741
2879759
2879764
2879777
2879788
2879808
2879814
2879827
2879840
2879853
2879862
2879871
2879886
2879895
2879907
2879928
2879935
2879944
2879956
2879961
2879972
2879983
2879999
2880005
2880020
2880037
2880043
2880051
2880066
2880079
2880084
2880092
2880107
2880110
2880128
2880135
2880144
2880156
2880161
2880172
2880183
2880206
2880212
2880221
2880233
2880249
2880257
2880270
2880285
2880294
2880301
2880319
2880326
2880334
2880342
2880355
2880360
2880387
2880393
2880409
2880417
2880424
2880438
2880446
2880452
2880463
2880475
2880491
2880500
2880513
2880525
2880548
2880554
2880569
2880576
2880581
2880597
2880608
2880614
2880627
2880639
2880640
2880653
2880662
2880671
2880686
2880695
2880704
2880716
2880729
2880731
2880747
2880765
2880773
2880782
2880798
2880815
2880823
2880830
2880841
2880859
2880864
2880877
2880888
2880896
2880903
2880911
2880922
2880936
2880945
2880958
2880974
2880989
2881004
2881016
2881029
2881031
2881047
2881050
2881065
2881101
2881119
2881126
2881134
2881142
2881160
2881178
2881187
2881193
2881205
2881237
2881243
2881251
2881266
2881279
2881284
2881300
2881313
2881325
2881332
2881354
2881369
2881376
2881381
2881397
2881411
2881422
2881436
2881445
2881467
2881474
2881489
2881490
2881509
2881517
2881538
2881546
2881552
2881563
2881580
2881591
2881606
2881612
2881621
2881633
2881649
2881657
2881668
2881670
2881694
2881702
2881715
2881723
2881730
2881741
2881759
2881764
2881777
2881788
2881796
2881808
2881827
2881839
2881840
2881853
2881862
2881871
2881886
2881895
2881907
2881910
2881928
2881935
2881944
2881956
2881961
2881972
2881983
2882001
2882019
2882034
2882042
2882055
2882060
2882078
2882087
2882093
2882104
2882116
2882129
2882131
2882147
2882150
2882165
2882173
2882182
2882198
2882200
2882213
2882225
2882232
2882248
2882254
2882281
2882297
2882305
2882318
2882337
2882343
2882351
2882366
2882379
2882384
2882392
2882408
2882414
2882427
2882439
2882440
2882462
2882471
2882486
2882495
2882506
2882512
2882521
2882533
2882549
2882557
2882568
2882570
2882585
2882594
2882609
2882617
2882624
2882638
2882646
2882652
2882663
2882675
2882680
2882691
2882707
2882710
2882728
2882735
2882744
2882756
2882761
2882783
2882799
2882803
2882811
2882822
2882836
2882845
2882858
2882867
2882874
2882889
2882890
2882902
2882915
2882923
2882930
2882941
2882959
2882964
2882977
2882988
2882996
2883008
2883014
2883027
2883039
2883040
2883053
2883062
2883071
2883086
2883095
2883117
2883124
2883138
2883146
2883152
2883163
2883175
2883180
2883191
2883215
2883223
2883230
2883241
2883259
2883264
2883277
2883288
2883296
2883303
2883311
2883322
2883336
2883345
2883367
2883374
2883389
2883401
2883419
2883426
2883434
2883442
2883460
2883487
2883493
2883507
2883510
2883528
2883544
2883556
2883561
2883572
2883583
2883599
2883604
2883629
2883631
2883647
2883650
2883665
2883673
2883682
2883698
2883706
2883712
2883721
2883733
2883749
2883757
2883768
2883770
2883794
2883805
2883818
2883820
2883837
2883843
2883851
2883866
2883879
2883884
2883892
2883900
2883913
2883925
2883932
2883948
2883954
2883969
2883976
2884007
2884010
2884035
2884044
2884056
2884061
2884072
2884083
2884105
2884118
2884120
2884137
2884143
2884151
2884166
2884179
2884184
2884192
2884201
2884219
2884234
2884242
2884260
2884278
2884287
2884293
2884306
2884312
2884321
2884333
2884349
2884357
2884368
2884370
2884394
2884402
2884415
2884423
2884441
2884459
2884464
2884477
2884488
2884496
2884508
2884514
2884527
2884539
2884540
2884553
2884562
2884571
2884586
2884595
2884600
2884613
2884625
2884632
2884648
2884654
2884669
2884676
2884681
2884697
2884703
2884711
2884736
2884745
2884758
2884767
2884774
2884789
2884809
2884817
2884824
2884838
2884846
2884852
2884875
2884880
2884891
2884904
2884929
2884931
2884947
2884950
2884965
2884973
2884982
2884998
2885003
2885011
2885022
2885036
2885045
2885058
2885067
2885074
2885089
2885106
2885112
2885121
2885133
2885149
2885157
2885168
2885170
2885185
2885194
2885207
2885210
2885228
2885235
2885244
2885261
2885272
2885283
2885299
2885308
2885314
2885327
2885339
2885340
2885353
2885362
2885371
2885386
2885395
2885404
2885416
2885429
2885431
2885447
2885465
2885473
2885482
2885502
2885515
2885523
2885530
2885559
2885564
2885577
2885588
2885596
2885601
2885619
2885634
2885642
2885655
2885660
2885678
2885687
2885693
2885709
2885717
2885724
2885738
2885746
2885752
2885763
2885775
2885780
2885791
2885800
2885813
2885825
2885848
2885854
2885876
2885881
2885897
2885905
2885918
2885920
2885937
2885943
2885951
2885966
2885984
2885992
2886009
2886017
2886024
2886038
2886052
2886063
2886075
2886080
2886091
2886108
2886114
2886127
2886139
2886140
2886153
2886162
2886171
2886186
2886203
2886211
2886222
2886236
2886245
2886274
2886289
2886290
2886302
2886315
2886323
2886330
2886341
2886359
2886364
2886377
2886388
2886396
2886405
2886418
2886420
2886437
2886443
2886451
2886466
2886479
2886484
2886492
2886504
2886516
2886529
2886547
2886550
2886565
2886573
2886582
2886598
2886607
2886610
2886628
2886635
2886644
2886656
2886661
2886672
2886683
2886699
2886700
2886713
2886725
2886732
2886748
2886754
2886769
2886776
2886781
2886797
2886801
2886819
2886826
2886842
2886855
2886860
2886887
2886893
2886906
2886912
2886933
2886949
2886957
2886968
2886985
2886994
2887002
2887015
2887030
2887041
2887059
2887064
2887077
2887088
2887096
2887100
2887113
2887125
2887132
2887148
2887154
2887169
2887176
2887204
2887216
2887229
2887231
2887247
2887250
2887265
2887273
2887282
2887309
2887317
2887324
2887338
2887352
2887363
2887375
2887391
2887407
2887410
2887428
2887435
2887444
2887456
2887472
2887483
2887499
2887503
2887511
2887536
2887545
2887558
2887567
2887574
2887589
2887590
2887605
2887618
2887620
2887637
2887651
2887666
2887679
2887684
2887708
2887714
2887727
2887739
2887740
2887753
2887762
2887771
2887786
2887795
2887812
2887821
2887833
2887849
2887868
2887870
2887885
2887894
2887901
2887919
2887926
2887934
2887955
2887960
2887987
2887993
2888000
2888013
2888025
2888032
2888048
2888054
2888069
2888076
2888081
2888097
2888102
2888115
2888130
2888159
2888164
2888177
2888196
2888209
2888217
2888224
2888238
2888246
2888263
2888275
2888280
2888291
2888304
2888316
2888329
2888331
2888347
2888350
2888365
2888382
2888398
2888406
2888412
2888421
2888433
2888449
2888457
2888468
2888470
2888485
2888494
2888505
2888518
2888520
2888537
2888543
2888566
2888579
2888584
2888592
2888603
2888611
2888622
2888636
2888645
2888658
2888667
2888674
2888689
2888690
2888726
2888734
2888755
2888760
2888778
2888787
2888793
2888807
2888810
2888835
2888844
2888856
2888861
2888872
2888883
2888899
2888908
2888914
2888927
2888939
2888940
2888953
2888962
2888971
2888995
2889006
2889012
2889021
2889049
2889057
2889068
2889070
2889085
2889094
2889103
2889111
2889122
2889136
2889145
2889158
2889167
2889174
2889189
2889190
2889208
2889214
2889227
2889239
2889240
2889253
2889262
2889286
2889295
2889307
2889310
2889328
2889335
2889344
2889361
2889372
2889399
2889400
2889413
2889425
2889432
2889448
2889454
2889476
2889481
2889497
2889519
2889526
2889542
2889555
2889560
2889578
2889587
2889593
2889602
2889615
2889623
2889630
2889641
2889664
2889677
2889688
2889696
2889705
2889718
2889720
2889737
2889743
2889766
2889779
2889784
2889792
2889804
2889816
2889831
2889847
2889850
2889865
2889873
2889898
2889909
2889917
2889924
2889946
2889952
2889963
2889975
2889991
2890008
2890027
2890040
2890062
2890071
2890086
2890095
2890109
2890117
2890124
2890138
2890146
2890152
2890163
2890175
2890180
2890202
2890215
2890223
2890230
2890241
2890259
2890264
2890277
2890288
2890296
2890303
2890311
2890322
2890345
2890358
2890367
2890374
2890389
2890401
2890419
2890434
2890442
2890460
2890478
2890487
2890493
2890507
2890510
2890528
2890535
2890544
2890556
2890561
2890572
2890583
2890599
2890604
2890616
2890629
2890631
2890647
2890650
2890665
2890673
2890682
2890698
2890706
2890712
2890721
2890733
2890749
2890757
2890768
2890770
2890785
2890794
2890805
2890818
2890820
2890837
2890843
2890851
2890866
2890879
2890884
2890892
2890900
2890913
2890925
2890932
2890948
2890954
2890969
2890976
2890981
2890997
2891012
2891021
2891033
2891049
2891057
2891068
2891070
2891085
2891094
2891103
2891111
2891122
2891136
2891145
2891158
2891167
2891174
2891189
2891190
2891208
2891214
2891239
2891240
2891253
2891262
2891271
2891286
2891295
2891328
2891335
2891356
2891361
2891372
2891383
2891399
2891400
2891413
2891432
2891448
2891454
2891469
2891476
2891481
2891501
2891519
2891526
2891534
2891542
2891555
2891560
2891578
2891587
2891593
2891602
2891623
2891630
2891641
2891659
2891664
2891677
2891688
2891696
2891705
2891718
2891720
2891737
2891743
2891751
2891766
2891779
2891784
2891792
2891804
2891816
2891829
2891847
2891850
2891865
2891873
2891882
2891898
2891924
2891938
2891946
2891952
2891963
2891980
2891991
2892003
2892011
2892022
2892036
2892045
2892058
2892067
2892074
2892089
2892090
2892106
2892112
2892121
2892133
2892157
2892168
2892170
2892185
2892194
2892207
2892210
2892228
2892235
2892244
2892256
2892261
2892272
2892283
2892299
2892308
2892314
2892339
2892340
2892362
2892371
2892386
2892395
2892404
2892416
2892429
2892431
2892447
2892450
2892465
2892473
2892482
2892498
2892502
2892515
2892523
2892530
2892541
2892564
2892577
2892588
2892601
2892619
2892626
2892634
2892642
2892655
2892660
2892678
2892687
2892693
2892709
2892717
2892724
2892738
2892746
2892752
2892763
2892775
2892780
2892791
2892800
2892813
2892825
2892832
2892848
2892854
2892869
2892876
2892881
2892897
2892905
2892918
2892920
2892937
2892943
2892951
2892966
2892979
2892984
2892992
2893004
2893016
2893029
2893031
2893047
2893050
2893065
2893073
2893082
2893098
2893101
2893119
2893126
2893134
2893142
2893155
2893178
2893187
2893193
2893205
2893218
2893220
2893237
2893243
2893251
2893266
2893279
2893284
2893292
2893300
2893313
2893325
2893332
2893348
2893354
2893376
2893381
2893397
2893403
2893411
2893422
2893436
2893445
2893458
2893467
2893474
2893489
2893490
2893517
2893524
2893538
2893552
2893563
2893575
2893591
2893606
2893612
2893621
2893633
2893649
2893657
2893668
2893670
2893685
2893694
2893702
2893723
2893730
2893741
2893764
2893777
2893788
2893796
2893808
2893827
2893839
2893840
2893853
2893862
2893871
2893886
2893895
2893907
2893910
2893928
2893935
2893944
2893956
2893961
2893972
2893983
2893999
2894009
2894017
2894038
2894046
2894052
2894063
2894075
2894080
2894091
2894114
2894127
2894139
2894140
2894153
2894162
2894171
2894186
2894195
2894211
2894222
2894236
2894245
2894258
2894267
2894274
2894289
2894290
2894302
2894315
2894330
2894341
2894359
2894364
2894377
2894388
2894396
2894405
2894418
2894420
2894437
2894443
2894451
2894466
2894479
2894484
2894492
2894504
2894516
2894529
2894531
2894547
2894550
2894565
2894573
2894582
2894598
2894607
2894610
2894628
2894635
2894644
2894656
2894661
2894672
2894683
2894700
2894713
2894725
2894732
2894748
2894754
2894769
2894776
2894781
2894797
2894801
2894819
2894826
2894834
2894842
2894855
2894860
2894878
2894887
2894893
2894906
2894912
2894921
2894933
2894949
2894957
2894968
2894970
2894985
2894994
2895000
2895013
2895025
2895032
2895048
2895054
2895069
2895076
2895081
2895097
2895123
2895130
2895141
2895159
2895164
2895177
2895188
2895196
2895209
2895217
2895224
2895238
2895246
2895252
2895263
2895275
2895280
2895291
2895304
2895316
2895329
2895331
2895350
2895365
2895373
2895382
2895398
2895406
2895412
2895421
2895433
2895449
2895457
2895468
2895470
2895485
2895494
2895505
2895518
2895520
2895543
2895551
2895566
2895584
2895592
2895603
2895611
2895622
2895636
2895645
2895658
2895667
2895674
2895689
2895690
2895701
2895719
2895726
2895734
2895742
2895760
2895778
2895787
2895793
2895807
2895810
2895828
2895835
2895844
2895856
2895861
2895872
2895883
2895899
2895908
2895914
2895927
2895939
2895940
2895953
2895962
2895971
2895986
2895995
2896001
2896019
2896026
2896034
2896042
2896055
2896060
2896078
2896087
2896093
2896104
2896116
2896131
2896147
2896165
2896173
2896182
2896198
2896200
2896213
2896225
2896232
2896254
2896269
2896276
2896297
2896305
2896318
2896320
2896337
2896343
2896351
2896366
2896379
2896384
2896392
2896408
2896414
2896427
2896439
2896440
2896453
2896471
2896495
2896506
2896521
2896533
2896549
2896557
2896568
2896570
2896585
2896609
2896638
2896646
2896652
2896663
2896675
2896680
2896691
2896710
2896728
2896735
2896744
2896756
2896761
2896772
2896783
2896799
2896803
2896811
2896822
2896836
2896845
2896858
2896867
2896874
2896889
2896902
2896915
2896923
2896941
2896959
2896964
2896977
2896988
2896996
2897018
2897020
2897037
2897043
2897051
2897066
2897084
2897092
2897107
2897110
2897128
2897135
2897144
2897156
2897161
2897172
2897183
2897199
2897206
2897212
2897221
2897233
2897249
2897257
2897268
2897285
2897294
2897319
2897326
2897334
2897342
2897378
2897387
2897393
2897409
2897417
2897424
2897438
2897446
2897452
2897463
2897475
2897480
2897491
2897500
2897513
2897525
2897548
2897554
2897569
2897576
2897597
2897608
2897614
2897627
2897639
2897640
2897653
2897662
2897671
2897686
2897695
2897704
2897716
2897747
2897750
2897765
2897773
2897782
2897802
2897815
2897823
2897830
2897841
2897859
2897864
2897877
2897888
2897896
2897911
2897922
2897945
2897958
2897967
2897974
2897989
2897990
2898007
2898010
2898028
2898035
2898044
2898056
2898061
2898072
2898083
2898099
2898105
2898118
2898120
2898137
2898143
2898151
2898166
2898179
2898192
2898219
2898226
2898234
2898242
2898255
2898278
2898287
2898293
2898306
2898312
2898321
2898333
2898349
2898370
2898385
2898394
2898402
2898423
2898430
2898441
2898459
2898464
2898477
2898488
2898496
2898508
2898514
2898527
2898539
2898540
2898553
2898562
2898571
2898586
2898595
2898600
2898613
2898625
2898632
2898648
2898654
2898669
2898676
2898681
2898697
2898703
2898711
2898722
2898736
2898745
2898758
2898767
2898774
2898789
2898790
2898809
2898817
2898846
2898852
2898863
2898875
2898880
2898891
2898904
2898916
2898929
2898931
2898947
2898950
2898965
2898973
2898982
2898998
2899002
2899015
2899023
2899030
2899041
2899059
2899064
2899077
2899088
2899096
2899100
2899113
2899125
2899148
2899154
2899169
2899176
2899181
2899197
2899204
2899216
2899229
2899231
2899247
2899250
2899265
2899273
2899282
2899298
2899309
2899324
2899338
2899346
2899363
2899375
2899380
2899391
2899407
2899410
2899428
2899444
2899461
2899472
2899483
2899499
2899503
2899511
2899522
2899536
2899545
2899558
2899567
2899574
2899589
2899590
2899605
2899618
2899620
2899643
2899651
2899666
2899684
2899692
2899708
2899714
2899727
2899739
2899740
2899753
2899762
2899771
2899786
2899795
2899806
2899821
2899833
2899849
2899857
2899868
2899885
2899894
2899901
2899919
2899926
2899934
2899960
2899978
2899987
2899993
