1000018
1000020
1000037
1000066
1000092
1000107
1000110
1000135
1000156
1000161
1000183
1000212
1000221
1000268
1000270
1000285
1000301
1000319
1000355
1000378
1000387
1000417
1000424
1000438
1000446
1000463
1000480
1000491
1000500
1000513
1000525
1000532
1000548
1000614
1000627
1000640
1000653
1000662
1000686
1000695
1000704
1000716
1000747
1000750
1000765
1000773
1000815
1000841
1000877
1000896
1000922
1000958
1000974
1001004
1001047
1001065
1001073
1001098
1001101
1001119
1001126
1001205
1001220
1001237
1001266
1001292
1001325
1001348
1001381
1001397
1001403
1001411
1001458
1001467
1001490
1001509
1001517
1001524
1001546
1001563
1001575
1001606
1001612
1001649
1001657
1001668
1001670
1001694
1001702
1001715
1001723
1001741
1001840
1001853
1001862
1001886
1001895
1001910
1001935
1001956
1001961
1001972
1001983
1002019
1002026
1002042
1002087
1002093
1002104
1002131
1002150
1002173
1002198
1002225
1002232
1002248
1002269
1002320
1002337
1002343
1002351
1002366
1002379
1002384
1002392
1002439
1002453
1002471
1002495
1002512
1002521
1002549
1002557
1002568
1002570
1002585
1002594
1002617
1002624
1002638
1002646
1002663
1002680
1002691
1002710
1002735
1002744
1002756
1002783
1002811
1002836
1002858
1002867
1002874
1002890
1002902
1002915
1002964
1003014
1003039
1003062
1003071
1003086
1003095
1003117
1003124
1003138
1003146
1003152
1003175
1003191
1003223
1003230
1003241
1003259
1003277
1003322
1003345
1003358
1003367
1003374
1003389
1003401
1003426
1003434
1003493
1003510
1003528
1003544
1003556
1003561
1003572
1003616
1003629
1003631
1003647
1003650
1003706
1003721
1003733
1003768
1003770
1003785
1003851
1003900
1003925
1003932
1003948
1003954
1003969
1003981
1004007
1004028
1004035
1004044
1004056
1004061
1004072
1004083
1004105
1004118
1004120
1004143
1004166
1004179
1004192
1004201
1004219
1004226
1004278
1004306
1004312
1004321
1004333
1004349
1004368
1004370
1004394
1004402
1004423
1004464
1004488
1004496
1004539
1004553
1004571
1004600
1004648
1004676
1004681
1004697
1004703
1004736
1004774
1004824
1004838
1004852
1004863
1004875
1004904
1004929
1004931
1004950
1004965
1004973
1004982
1004998
1005022
1005036
1005045
1005058
1005074
1005090
1005121
1005133
1005149
1005157
1005170
1005185
1005207
1005261
1005272
1005299
1005327
1005339
1005340
1005362
1005386
1005395
1005404
1005431
1005450
1005473
1005601
1005724
1005881
1006290
1006323
1006484
1006573
1007096
1007181
1007265
1007317
1007407
1007651
1007708
1007771
1007812
1008433
1008566
1008793
1008872
1008986
1009021
1010064
1010077
1010216
1010380
1010590
1010812
1010833
1010885
1010987
1011401
1011572
1011698
1011706
1011712
1011721
1012009
1012330
1012418
1012700
1012732
1012776
1012781
1012912
1013037
1013066
1013294
1013301
1013342
1013438
1013452
1013554
1013597
1013704
1013747
1013903
1013922
1013974
1013989
1014304
1014350
1014373
1014592
1014645
1014726
1014778
1015026
1015093
1015200
1015225
1016044
1016219
1016333
1016423
1016459
1016676
1016736
1016838
1016846
1016998
1017158
1017227
1017399
1017542
1017560
1017602
1017630
1017688
1017792
1017831
1017847
1018003
1018112
1018299
1018447
1018564
1018596
1018601
1018869
1019029
1019381
1019862
1019972
1020013
1020069
1020196
1020505
1020674
1020793
1020939
1020940
1021225
1021772
1021874
1022251
1022266
1022300
1022422
1022467
1022489
1022575
1022723
1022788
1022972
1023058
1023090
1023228
1023244
1023626
1023660
1023738
1024023
1024169
1024265
1024410
1024456
1024714
1024753
1024833
1024955
1025086
1025296
1025442
1025583
1025673
1025733
1026068
1026158
1026356
1026361
1026383
1026454
1026519
1026873
1026991
1027293
1027459
1027571
1027632
1027648
1027931
1027965
1027982
1028452
1028662
1029222
1029245
1029420
1029437
1029504
1029725
1029949
1030011
1030022
1030149
1030228
1030256
1030541
1030678
1030693
1030937
1031009
1031195
1031203
1031396
1031573
1031754
1031860
1031887
1031994
1032040
1032053
1032109
1032124
1032389
1032390
1032419
1032493
1032510
1032572
1032665
1032673
1032818
1032866
1033078
1033305
1033638
1033646
1033728
1033783
1033811
1033836
1034085
1034122
1034356
1035156
1035319
1035360
1035671
1035695
1035859
1036098
1036292
1036381
1036694
1036715
1036956
1037081
1037494
1037520
1037755
1037883
1038132
1038346
1039072
1039184
1039234
1039260
1039321
1039370
1039488
1039632
1039703
1039852
1039931
1040202
1040599
1040673
1040698
1040913
1041012
1041111
1041262
1041328
1041400
1041602
1041641
1041677
1041688
1041882
1041917
1042308
1042515
1042601
1042687
1042724
1043082
1043348
1043606
1044258
1044364
1044405
1044437
1044893
1045048
1045054
1045275
1045579
1045667
1045810
1045828
1045872
1045971
1046042
1046384
1046512
1046557
1046803
1046890
1046959
1047043
1047294
1047319
1047532
1047597
1047686
1047716
1047911
1047990
1048306
1048430
1048540
1048586
1048703
1048722
1049041
1049317
1049391
1049428
1049472
1049679
1049934
1050759
1050840
1050935
1051148
1051181
1051282
1051352
1051391
1051545
1051558
1051643
1051666
1051692
1051727
1051868
1051870
1052076
1052537
1052755
1052787
1052810
1052872
1052883
1052939
1052986
1053070
1053214
1053286
1053356
1053400
1053560
1053688
1053784
1053952
1054026
1054093
1054129
1054305
1054533
1054585
1054803
1054964
1055061
1055083
1055234
1055293
1055321
1055430
1055571
1055625
1056168
1056395
1056416
1056660
1056687
1056854
1056951
1056966
1057095
1057223
1057768
1057981
1058315
1058323
1058396
1058492
1058547
1058550
1058598
1058699
1058893
1058906
1058994
1059334
1059355
1059378
1059500
1059576
1059802
1059864
1059911
1060070
1060167
1060295
1060804
1060816
1060909
1061018
1061301
1061424
1061671
1061686
1061747
1062118
1062166
1062293
1062477
1062496
1062539
1062697
1062998
1063088
1063428
1063558
1063567
1063589
1063651
1063679
1063684
1063833
1063849
1064011
1064106
1064194
1064340
1064362
1064447
1064502
1064541
1064984
1064992
1065052
1065290
1065396
1065443
1065492
1065713
1065725
1065834
1065887
1066054
1066373
1066449
1066543
1067029
1067082
1067119
1067279
1067300
1067509
1067524
1067546
1067552
1067591
1067612
1067741
1067827
1067895
1067910
1068078
1068173
1068248
1068439
1068735
1069008
1069277
1069487
1069721
1069768
1070034
1070182
1070200
1070254
1070617
1070889
1070915
1070988
1071226
1071321
1071415
1071562
1071625
1071809
1071817
1071852
1071998
1072020
1072285
1072446
1072639
1072686
1073139
1073672
1073699
1073754
1073834
1073893
1073933
1074016
1074142
1074348
1074489
1074490
1074580
1074715
1074956
1075154
1075204
1075375
1075536
1075955
1076039
1076191
1076202
1076374
1076426
1076460
1076572
1076818
1076884
1076913
1076948
1077067
1077235
1077362
1077626
1077717
1077979
1078057
1078167
1078413
1078804
1078816
1078847
1078898
1078917
1079081
1079141
1079382
1079701
1079734
1079844
1080127
1080274
1080418
1080437
1080933
1081291
1081350
1081365
1081485
1081899
1082088
1082169
1082346
1082483
1082589
1082679
1082786
1082849
1082978
1083415
1083508
1083562
1083571
1083595
1083613
1083790
1083950
1084311
1084528
1084583
1084879
1084913
1085006
1085085
1085094
1085145
1085240
1085310
1085779
1085909
1085946
1086005
1086018
1086285
1086525
1086554
1086569
1086729
1086859
1087055
1087060
1087254
1087281
1087533
1088065
1088082
1088160
1088369
1088458
1088538
1088546
1088621
1088983
1089022
1089067
1089371
1089395
1089416
1089541
1089709
1089738
1089832
1089984
1090242
1090321
1090333
1090385
1090402
1090477
1090600
1090838
1090904
1090973
1091157
1091228
1091386
1091416
1091515
1091626
1091678
1091738
1091752
1091854
1091881
1091920
1092356
1092497
1092743
1092829
1093000
1093013
1093209
1093246
1093329
1093645
1093690
1093908
1093962
1094135
1094326
1094480
1094608
1094695
1094802
1094859
1094911
1095187
1095205
1095606
1095633
1095668
1095764
1095814
1095972
1096216
1096317
1096545
1096589
1096620
1096762
1096806
1096885
1096987
1097420
1097479
1097628
1097819
1097834
1098086
1098117
1098223
1098493
1098572
1098599
1098604
1098954
1099663
1099744
1099772
1099799
1099902
1099941
1099959
