1084303
1084374
1085602
1086206
1086319
1086671
1086782
1086830
1086841
1086888
1086903
1086911
1086945
1086974
1087001
1087026
1087034
1087087
1087093
1087116
1087200
1087213
1087248
1087297
1087305
1087318
1087337
1087427
1087439
1087440
1087453
1087462
1087471
1087495
1087506
1087512
1087521
1087549
1087557
1087594
1087617
1087646
1087652
1087707
1087728
1087735
1087744
1087756
1087772
1087783
1087799
1087811
1087822
1087845
1087858
1087867
1087889
1087890
1087915
1087923
1087941
1087959
1087996
1088016
1088029
1088031
1088050
1088073
1088101
1088126
1088134
1088155
1088220
1088237
1088279
1088332
1088348
1088376
1088381
1088403
1088467
1088489
1088509
1088524
1088552
1088580
1088612
1088633
1088685
1088694
1088730
1088777
1088840
1088853
1088862
1088886
1088928
1088935
1088944
1089011
1089058
1089074
1089089
1089090
1089106
1089112
1089121
1089133
1089185
1089256
1089272
1089299
1089308
1089314
1089339
1089340
1089353
1089362
1089429
1089431
1089502
1089523
1089530
1089559
1089588
1089601
1089626
1089634
1089655
1089693
1089724
1089746
1089763
1089813
1089848
1089854
1089876
1089897
1089920
1089943
1089951
1089966
1089992
1090007
1090010
1090056
1090099
1090118
1090137
1090143
1090166
1090179
1090192
1090201
1090219
1090287
1090349
1090370
1090394
1090430
1090459
1090464
1090527
1090540
1090562
1090571
1090613
1090625
1090632
1090654
1090697
1090711
1090736
1090745
1090774
1090789
1090790
1090824
1090852
1090863
1090891
1090916
1091022
1091036
1091074
1091090
1091121
1091149
1091168
1091207
1091235
1091261
1091283
1091299
1091327
1091339
1091340
1091362
1091371
1091395
1091431
1091450
1091482
1091502
1091530
1091541
1091564
1091577
1091588
1091601
1091642
1091655
1091660
1091687
1091693
1091709
1091724
1091746
1091763
1091780
1091800
1091825
1091832
1091937
1091966
1091979
1092006
1092012
1092021
1092033
1092057
1092103
1092158
1092167
1092189
1092214
1092253
1092286
1092295
1092335
1092344
1092361
1092400
1092448
1092454
1092469
1092501
1092519
1092534
1092542
1092587
1092593
1092615
1092623
1092630
1092705
1092737
1092816
1092850
1092865
1092898
1092909
1092917
1092924
1092946
1092980
1093032
1093048
1093097
1093115
1093177
1093217
1093263
1093275
1093304
1093316
1093331
1093365
1093382
1093412
1093421
1093457
1093485
1093518
1093566
1093579
1093584
1093603
1093611
1093622
1093658
1093667
1093689
1093701
1093734
1093787
1093793
1093807
1093828
1093835
1093856
1093861
1093899
1093939
1093940
1093953
1093971
1093986
1094018
1094020
1094051
1094079
1094092
1094110
1094128
1094156
1094161
1094199
1094221
1094249
1094257
1094268
1094270
1094285
1094294
1094319
1094334
1094387
1094393
1094409
1094417
1094446
1094452
1094491
1094500
1094525
1094532
1094576
1094597
1094614
1094627
1094686
1094704
1094729
1094731
1094747
1094765
1094773
1094782
1094823
1094830
1094841
1094877
1094888
1094896
1094974
1094989
1095016
1095029
1095065
1095073
1095082
1095098
1095101
1095119
1095134
1095178
1095193
1095237
1095243
1095251
1095376
1095381
1095397
1095403
1095411
1095458
1095474
1095490
1095517
1095538
1095546
1095552
1095563
1095621
1095649
1095657
1095670
1095685
1095694
1095723
1095730
1095759
1095788
1095796
1095808
1095840
1095853
1095862
1095886
1096002
1096015
1096059
1096064
1096077
1096181
1096197
1096265
1096309
1096338
1096380
1096407
1096410
1096456
1096461
1096483
1096499
1096511
1096536
1096558
1096605
1096618
1096684
1096692
1096708
1096714
1096739
1096740
1096753
1096786
1096795
1096821
1096849
1096857
1096868
1096870
1096894
1096901
1096919
1097017
1097024
1097052
1097091
1097108
1097114
1097127
1097140
1097203
1097289
1097302
1097315
1097323
1097330
1097341
1097359
1097364
1097377
1097388
1097443
1097516
1097531
1097565
1097573
1097661
1097683
1097713
1097725
1097754
1097769
1097801
1097826
1097887
1097912
1097933
1097949
1098040
1098071
1098109
1098124
1098138
1098152
1098163
1098175
1098180
1098191
1098230
1098241
1098259
1098264
1098277
1098288
1098296
1098303
1098311
1098336
1098358
1098389
1098401
1098419
1098434
1098455
1098478
1098528
1098556
1098616
1098629
1098698
1098712
1098733
1098749
1098757
1098768
1098770
1098794
1098837
1098851
1098879
1098892
1098913
1098925
1098932
1098948
1099019
1099055
1099060
1099087
1099093
1099104
1099129
1099131
1099165
1099173
1099182
1099198
1099213
1099254
1099297
1099305
1099320
1099337
1099351
1099379
1099408
1099414
1099427
1099462
1099471
1099512
1099521
1099533
1099568
1099585
1099594
1099609
1099617
1099638
1099680
1099710
1099735
1099783
1099803
1099858
1099874
1099889
1099915
1099977
1099988
1099996
