1000018
1000020
1000037
1000043
1000051
1000066
1000079
1000092
1000107
1000110
1000128
1000135
1000144
1000156
1000161
1000172
1000183
1000199
1000206
1000212
1000221
1000233
1000257
1000268
1000270
1000285
1000294
1000301
1000319
1000326
1000342
1000355
1000360
1000378
1000387
1000393
1000409
1000417
1000424
1000438
1000446
1000452
1000463
1000475
1000480
1000491
1000500
1000513
1000525
1000532
1000548
1000569
1000576
1000581
1000597
1000608
1000614
1000627
1000639
1000640
1000653
1000662
1000671
1000686
1000695
1000704
1000716
1000729
1000731
1000747
1000750
1000765
1000773
1000782
1000798
1000802
1000815
1000823
1000830
1000841
1000859
1000864
1000877
1000888
1000896
1000903
1000911
1000922
1000936
1000945
1000958
1000974
1000990
1001004
1001016
1001029
1001031
1001047
1001050
1001065
1001073
1001082
1001098
1001101
1001119
1001126
1001134
1001142
1001155
1001160
1001178
1001187
1001193
1001205
1001220
1001237
1001243
1001266
1001279
1001284
1001292
1001300
1001313
1001325
1001348
1001354
1001381
1001397
1001403
1001411
1001422
1001445
1001458
1001467
1001474
1001489
1001490
1001509
1001517
1001524
1001538
1001546
1001552
1001563
1001575
1001580
1001591
1001606
1001612
1001621
1001633
1001649
1001657
1001668
1001670
1001694
1001702
1001715
1001723
1001730
1001741
1001759
1001777
1001788
1001796
1001808
1001814
1001827
1001839
1001840
1001853
1001862
1001871
1001886
1001895
1001907
1001910
1001928
1001935
1001944
1001956
1001961
1001972
1001983
1001999
1002001
1002019
1002026
1002034
1002042
1002055
1002078
1002087
1002093
1002104
1002129
1002131
1002147
1002150
1002165
1002173
1002182
1002198
1002200
1002213
1002225
1002232
1002248
1002254
1002269
1002276
1002281
1002297
1002305
1002318
1002320
1002337
1002343
1002351
1002366
1002379
1002384
1002392
1002414
1002427
1002439
1002440
1002453
1002462
1002471
1002486
1002495
1002512
1002521
1002533
1002549
1002557
1002568
1002570
1002585
1002594
1002609
1002617
1002624
1002638
1002646
1002652
1002663
1002675
1002680
1002691
1002710
1002728
1002735
1002744
1002756
1002761
1002772
1002783
1002811
1002822
1002836
1002845
1002858
1002867
1002874
1002889
1002890
1002902
1002915
1002930
1002941
1002959
1002964
1002988
1002996
1003008
1003014
1003027
1003039
1003053
1003062
1003071
1003086
1003095
1003109
1003117
1003124
1003138
1003146
1003152
1003163
1003175
1003180
1003191
1003202
1003223
1003230
1003241
1003259
1003264
1003277
1003311
1003322
1003336
1003345
1003358
1003367
1003374
1003389
1003390
1003401
1003419
1003426
1003434
1003442
1003455
1003460
1003478
1003487
1003493
1003507
1003510
1003528
1003535
1003544
1003556
1003561
1003572
1003583
1003599
1003604
1003616
1003629
1003631
1003647
1003650
1003665
1003673
1003682
1003698
1003706
1003721
1003733
1003757
1003768
1003770
1003785
1003805
1003818
1003820
1003837
1003843
1003851
1003866
1003884
1003892
1003900
1003913
1003925
1003932
1003948
1003954
1003969
1003981
1003997
1004007
1004010
1004028
1004035
1004044
1004056
1004061
1004072
1004083
1004105
1004118
1004120
1004137
1004143
1004151
1004166
1004179
1004184
1004192
1004201
1004219
1004226
1004234
1004242
1004255
1004260
1004278
1004293
1004306
1004312
1004321
1004333
1004349
1004357
1004368
1004370
1004385
1004394
1004402
1004415
1004423
1004430
1004441
1004459
1004464
1004488
1004496
1004508
1004514
1004539
1004540
1004553
1004562
1004571
1004586
1004595
1004600
1004613
1004632
1004648
1004654
1004669
1004676
1004681
1004697
1004703
1004711
1004722
1004736
1004745
1004758
1004767
1004774
1004789
1004809
1004824
1004838
1004846
1004852
1004863
1004875
1004880
1004891
1004904
1004916
1004929
1004931
1004950
1004965
1004973
1004982
1004998
1005003
1005011
1005022
1005036
1005045
1005058
1005074
1005089
1005090
1005106
1005112
1005121
1005133
1005149
1005157
1005168
1005170
1005185
1005194
1005207
1005210
1005228
1005235
1005244
1005256
1005261
1005272
1005299
1005308
1005314
1005327
1005339
1005340
1005353
1005362
1005371
1005386
1005395
1005404
1005429
1005431
1005450
1005465
1005473
1005482
1005498
1005502
1005523
1005530
1005541
1005559
1005564
1005577
1005588
1005596
1005601
1005619
1005626
1005634
1005642
1005660
1005678
1005687
1005693
1005709
1005717
1005724
1005738
1005746
1005775
1005780
1005791
1005813
1005832
1005848
1005869
1005876
1005881
1005897
1005905
1005918
1005920
1005937
1005943
1005951
1005966
1005979
1005984
1005992
1006009
1006017
1006038
1006046
1006052
1006063
1006075
1006080
1006091
1006108
1006114
1006127
1006139
1006140
1006162
1006171
1006186
1006195
1006203
1006211
1006222
1006236
1006245
1006258
1006267
1006274
1006289
1006290
1006302
1006315
1006323
1006330
1006341
1006359
1006364
1006388
1006396
1006405
1006418
1006420
1006437
1006443
1006451
1006466
1006479
1006484
1006492
1006504
1006516
1006529
1006531
1006547
1006550
1006565
1006573
1006598
1006607
1006628
1006635
1006644
1006656
1006661
1006672
1006683
1006699
1006713
1006725
1006732
1006748
1006754
1006769
1006776
1006781
1006797
1006801
1006819
1006826
1006834
1006842
1006855
1006860
1006878
1006906
1006912
1006921
1006933
1006949
1006957
1006968
1006970
1006985
1006994
1007002
1007015
1007023
1007030
1007041
1007064
1007077
1007088
1007096
1007100
1007125
1007132
1007148
1007154
1007169
1007176
1007181
1007197
1007204
1007216
1007229
1007231
1007247
1007250
1007265
1007282
1007298
1007317
1007324
1007338
1007346
1007352
1007363
1007380
1007391
1007407
1007410
1007428
1007435
1007444
1007456
1007461
1007472
1007483
1007499
1007503
1007511
1007536
1007545
1007558
1007567
1007574
1007589
1007590
1007605
1007618
1007620
1007637
1007643
1007651
1007666
1007679
1007684
1007692
1007708
1007714
1007727
1007739
1007740
1007753
1007762
1007771
1007786
1007795
1007806
1007812
1007821
1007833
1007857
1007868
1007870
1007885
1007894
1007901
1007934
1007942
1007955
1007960
1007978
1007987
1008000
1008013
1008025
1008032
1008048
1008054
1008069
1008076
1008081
1008097
1008102
1008115
1008123
1008130
1008141
1008159
1008164
1008177
1008188
1008196
1008209
1008217
1008224
1008238
1008246
1008252
1008263
1008275
1008280
1008291
1008304
1008316
1008329
1008331
1008347
1008350
1008365
1008373
1008382
1008398
1008406
1008412
1008421
1008433
1008449
1008457
1008468
1008470
1008485
1008494
1008505
1008518
1008537
1008543
1008551
1008566
1008579
1008584
1008592
1008603
1008611
1008622
1008636
1008645
1008658
1008674
1008689
1008690
1008701
1008719
1008726
1008734
1008742
1008755
1008760
1008778
1008787
1008793
1008810
1008828
1008835
1008844
1008856
1008861
1008872
1008883
1008899
1008908
1008914
1008939
1008940
1008953
1008962
1008971
1008986
1008995
1009006
1009021
1009033
1009057
1009068
1009070
1009085
1009094
1009103
1009111
1009122
1009136
1009158
1009167
1009174
1009189
1009190
1009208
1009227
1009239
1009240
1009262
1009271
1009286
1009295
1009307
1009310
1009335
1009356
1009361
1009372
1009383
1009399
1009413
1009425
1009432
1009448
1009454
1009469
1009476
1009481
1009497
1009501
1009519
1009526
1009534
1009542
1009555
1009560
1009578
1009587
1009593
1009602
1009615
1009623
1009641
1009659
1009664
1009677
1009688
1009696
1009705
1009718
1009720
1009737
1009743
1009751
1009766
1009779
1009792
1009804
1009816
1009829
1009831
1009847
1009850
1009865
1009873
1009882
1009909
1009917
1009924
1009938
1009946
1009952
1009963
1009975
1009980
1009991
1010002
1010015
1010023
1010030
1010041
1010059
1010064
1010077
1010088
1010096
1010100
1010113
1010125
1010132
1010148
1010154
1010169
1010176
1010181
1010197
1010204
1010216
1010229
1010231
1010247
1010250
1010265
1010273
1010282
1010298
1010317
1010324
1010338
1010346
1010352
1010363
1010375
1010380
1010391
1010407
1010410
1010435
1010444
1010456
1010461
1010472
1010483
1010499
1010511
1010522
1010536
1010545
1010558
1010567
1010574
1010589
1010590
1010605
1010618
1010620
1010637
1010643
1010651
1010666
1010679
1010684
1010692
1010708
1010714
1010739
1010740
1010753
1010762
1010771
1010786
1010795
1010806
1010812
1010821
1010833
1010849
1010857
1010868
1010870
1010885
1010894
1010919
1010926
1010934
1010942
1010960
1010978
1010987
1010993
1011008
1011014
1011027
1011039
1011040
1011053
1011062
1011071
1011086
1011095
1011109
1011117
1011124
1011138
1011146
1011152
1011163
1011175
1011180
1011191
1011202
1011215
1011223
1011230
1011241
1011259
1011264
1011277
1011288
1011296
1011303
1011311
1011322
1011336
1011345
1011367
1011374
1011389
1011390
1011401
1011419
1011426
1011434
1011442
1011455
1011460
1011478
1011507
1011510
1011528
1011535
1011544
1011561
1011572
1011583
1011599
1011604
1011616
1011629
1011631
1011647
1011650
1011665
1011673
1011682
1011698
1011706
1011712
1011721
1011733
1011749
1011757
1011768
1011770
1011785
1011794
1011818
1011820
1011837
1011843
1011851
1011866
1011879
1011884
1011892
1011900
1011925
1011932
1011948
1011954
1011969
1011976
1011981
1011997
1012009
1012017
1012024
1012038
1012046
1012052
1012063
1012075
1012080
1012091
1012108
1012114
1012127
1012139
1012140
1012153
1012162
1012171
1012186
1012195
1012203
1012211
1012222
1012236
1012245
1012258
1012274
1012289
1012302
1012315
1012323
1012330
1012341
1012364
1012377
1012388
1012396
1012405
1012418
1012420
1012437
1012443
1012451
1012466
1012479
1012492
1012504
1012516
1012529
1012531
1012547
1012550
1012565
1012573
1012582
1012598
1012628
1012635
1012644
1012656
1012661
1012672
1012683
1012699
1012700
1012713
1012725
1012732
1012748
1012754
1012769
1012776
1012781
1012797
1012801
1012819
1012826
1012834
1012855
1012860
1012878
1012887
1012893
1012906
1012912
1012921
1012933
1012949
1012957
1012968
1012985
1013005
1013018
1013020
1013037
1013043
1013051
1013066
1013079
1013084
1013092
1013107
1013110
1013128
1013135
1013144
1013161
1013172
1013183
1013199
1013206
1013212
1013221
1013233
1013249
1013257
1013268
1013270
1013285
1013294
1013301
1013319
1013334
1013342
1013355
1013360
1013378
1013387
1013393
1013409
1013417
1013424
1013438
1013446
1013452
1013463
1013475
1013480
1013491
1013500
1013513
1013525
1013532
1013548
1013554
1013569
1013576
1013597
1013608
1013639
1013640
1013653
1013662
1013671
1013686
1013695
1013704
1013716
1013731
1013747
1013750
1013765
1013773
1013782
1013798
1013802
1013815
1013823
1013830
1013841
1013859
1013864
1013877
1013888
1013896
1013903
1013911
1013922
1013936
1013945
1013958
1013967
1013974
1013989
1013990
1014000
1014013
1014025
1014032
1014048
1014054
1014069
1014076
1014097
1014102
1014115
1014123
1014130
1014141
1014159
1014164
1014177
1014188
1014196
1014209
1014217
1014224
1014238
1014246
1014263
1014275
1014291
1014304
1014316
1014329
1014331
1014347
1014350
1014365
1014373
1014382
1014398
1014406
1014412
1014421
1014433
1014449
1014457
1014468
1014470
1014485
1014505
1014518
1014520
1014537
1014543
1014551
1014566
1014579
1014592
1014603
1014611
1014622
1014636
1014645
1014658
1014667
1014674
1014689
1014701
1014719
1014726
1014734
1014742
1014755
1014760
1014778
1014787
1014793
1014807
1014810
1014828
1014835
1014844
1014856
1014861
1014883
1014899
1014908
1014914
1014927
1014939
1014940
1014953
1014971
1014986
1014995
1015001
1015019
1015026
1015034
1015042
1015055
1015060
1015078
1015087
1015093
1015104
1015116
1015129
1015131
1015147
1015150
1015165
1015173
1015182
1015200
1015213
1015225
1015232
1015254
1015269
1015276
1015281
1015305
1015318
1015320
1015337
1015343
1015351
1015366
1015379
1015384
1015392
1015408
1015414
1015427
1015439
1015440
1015453
1015462
1015471
1015486
1015495
1015506
1015512
1015521
1015533
1015549
1015557
1015568
1015570
1015594
1015609
1015617
1015624
1015638
1015646
1015652
1015663
1015680
1015691
1015707
1015710
1015735
1015744
1015756
1015761
1015772
1015783
1015799
1015803
1015811
1015822
1015845
1015858
1015874
1015889
1015890
1015902
1015915
1015923
1015930
1015941
1015959
1015964
1015977
1015988
1015996
1016007
1016010
1016028
1016035
1016044
1016056
1016072
1016083
1016099
1016105
1016118
1016120
1016137
1016143
1016151
1016179
1016184
1016192
1016201
1016219
1016226
1016234
1016242
1016255
1016260
1016278
1016293
1016306
1016321
1016333
1016349
1016357
1016368
1016370
1016385
1016394
1016402
1016415
1016423
1016430
1016459
1016464
1016488
1016496
1016508
1016527
1016539
1016540
1016553
1016562
1016571
1016586
1016595
1016600
1016625
1016632
1016648
1016654
1016669
1016676
1016681
1016697
1016703
1016711
1016722
1016736
1016745
1016758
1016789
1016790
1016809
1016817
1016824
1016838
1016846
1016863
1016875
1016891
1016904
1016916
1016931
1016947
1016973
1016982
1016998
1017006
1017012
1017021
1017033
1017057
1017068
1017085
1017094
1017103
1017111
1017122
1017136
1017145
1017158
1017167
1017174
1017190
1017208
1017214
1017227
1017239
1017240
1017253
1017262
1017286
1017295
1017307
1017310
1017328
1017335
1017344
1017356
1017361
1017372
1017383
1017399
1017400
1017413
1017425
1017432
1017448
1017454
1017469
1017497
1017501
1017519
1017526
1017534
1017542
1017560
1017578
1017587
1017593
1017602
1017615
1017623
1017630
1017641
1017659
1017664
1017677
1017688
1017696
1017705
1017718
1017720
1017737
1017743
1017751
1017766
1017779
1017784
1017792
1017804
1017829
1017831
1017847
1017850
1017865
1017873
1017882
1017909
1017917
1017924
1017938
1017946
1017952
1017963
1017975
1017980
1017991
1018003
1018011
1018022
1018036
1018045
1018067
1018074
1018090
1018106
1018112
1018121
1018133
1018149
1018157
1018168
1018170
1018194
1018207
1018210
1018228
1018235
1018244
1018256
1018261
1018272
1018283
1018299
1018308
1018314
1018327
1018340
1018362
1018371
1018386
1018395
1018404
1018416
1018429
1018431
1018447
1018450
1018465
1018473
1018482
1018498
1018502
1018515
1018523
1018530
1018541
1018559
1018564
1018577
1018588
1018596
1018601
1018619
1018626
1018634
1018642
1018660
1018678
1018693
1018709
1018717
1018724
1018738
1018746
1018752
1018775
1018780
1018791
1018800
1018813
1018825
1018832
1018848
1018854
1018869
1018876
1018881
1018897
1018905
1018918
1018920
1018937
1018943
1018951
1018966
1018979
1018984
1019004
1019016
1019029
1019031
1019047
1019050
1019065
1019098
1019119
1019126
1019134
1019142
1019155
1019160
1019178
1019187
1019193
1019205
1019218
1019237
1019251
1019266
1019279
1019284
1019292
1019300
1019313
1019325
1019332
1019348
1019354
1019369
1019376
1019381
1019397
1019403
1019411
1019436
1019445
1019458
1019467
1019474
1019489
1019490
1019509
1019517
1019538
1019546
1019552
1019563
1019575
1019580
1019591
1019606
1019612
1019621
1019633
1019657
1019668
1019670
1019685
1019694
1019702
1019715
1019730
1019741
1019759
1019764
1019777
1019788
1019796
1019808
1019814
1019827
1019839
1019840
1019853
1019862
1019871
1019886
1019895
1019907
1019910
1019928
1019935
1019944
1019956
1019961
1019972
1019983
1019999
1020000
1020013
1020025
1020032
1020048
1020054
1020069
1020076
1020081
1020097
1020115
1020123
1020130
1020141
1020159
1020177
1020188
1020196
1020209
1020217
1020224
1020238
1020246
1020252
1020263
1020275
1020280
1020291
1020304
1020316
1020329
1020331
1020347
1020350
1020365
1020373
1020398
1020406
1020412
1020421
1020433
1020449
1020457
1020468
1020470
1020485
1020494
1020505
1020518
1020520
1020537
1020543
1020551
1020566
1020579
1020584
1020592
1020603
1020611
1020622
1020645
1020658
1020667
1020674
1020689
1020690
1020701
1020719
1020726
1020734
1020742
1020755
1020760
1020778
1020793
1020807
1020810
1020828
1020835
1020844
1020856
1020861
1020872
1020883
1020899
1020908
1020914
1020927
1020939
1020940
1020953
1020962
1020971
1020986
1020995
1021001
1021026
1021034
1021042
1021055
1021060
1021078
1021087
1021093
1021116
1021129
1021131
1021150
1021165
1021173
1021182
1021198
1021200
1021213
1021225
1021232
1021248
1021254
1021269
1021276
1021281
1021297
1021305
1021318
1021320
1021337
1021343
1021351
1021366
1021379
1021384
1021408
1021414
1021427
1021440
1021453
1021462
1021471
1021486
1021495
1021506
1021512
1021521
1021533
1021549
1021568
1021570
1021585
1021594
1021609
1021617
1021624
1021638
1021646
1021652
1021663
1021675
1021680
1021691
1021707
1021728
1021735
1021756
1021761
1021772
1021783
1021799
1021803
1021811
1021822
1021836
1021845
1021858
1021867
1021874
1021889
1021890
1021902
1021923
1021930
1021941
1021959
1021977
1021988
1021996
1022004
1022016
1022029
1022047
1022050
1022065
1022073
1022082
1022098
1022119
1022126
1022134
1022142
1022155
1022160
1022178
1022187
1022193
1022205
1022218
1022220
1022251
1022266
1022279
1022284
1022292
1022300
1022325
1022348
1022354
1022369
1022376
1022397
1022422
1022436
1022458
1022467
1022474
1022489
1022490
1022509
1022517
1022538
1022546
1022552
1022563
1022575
1022580
1022591
1022606
1022612
1022621
1022633
1022649
1022657
1022668
1022670
1022685
1022702
1022715
1022723
1022730
1022741
1022759
1022764
1022777
1022788
1022796
1022808
1022814
1022827
1022839
1022840
1022853
1022862
1022871
1022886
1022895
1022907
1022928
1022935
1022944
1022956
1022961
1022972
1022983
1022999
1023003
1023036
1023045
1023058
1023067
1023074
1023089
1023090
1023106
1023112
1023121
1023133
1023149
1023157
1023168
1023170
1023185
1023194
1023207
1023210
1023228
1023244
1023272
1023283
1023308
1023314
1023327
1023339
1023340
1023353
1023362
1023371
1023386
1023395
1023404
1023416
1023429
1023431
1023447
1023450
1023465
1023473
1023482
1023502
1023515
1023523
1023530
1023541
1023559
1023577
1023588
1023596
1023601
1023619
1023626
1023634
1023642
1023655
1023660
1023678
1023687
1023709
1023717
1023724
1023738
1023746
1023752
1023763
1023775
1023780
1023791
1023800
1023813
1023825
1023832
1023848
1023854
1023876
1023881
1023897
1023905
1023918
1023937
1023943
1023951
1023966
1023979
1023992
1024002
1024015
1024023
1024030
1024041
1024059
1024064
1024077
1024088
1024096
1024100
1024113
1024125
1024148
1024154
1024169
1024181
1024197
1024204
1024216
1024229
1024231
1024247
1024250
1024265
1024273
1024282
1024298
1024309
1024317
1024324
1024338
1024346
1024352
1024375
1024380
1024391
1024407
1024410
1024444
1024456
1024461
1024472
1024483
1024499
1024503
1024511
1024522
1024536
1024545
1024558
1024567
1024574
1024589
1024590
1024605
1024620
1024637
1024643
1024651
1024666
1024679
1024708
1024714
1024727
1024739
1024740
1024753
1024762
1024771
1024786
1024795
1024806
1024812
1024833
1024849
1024857
1024868
1024870
1024885
1024901
1024919
1024926
1024934
1024942
1024955
1024960
1024978
1024987
1024993
1025008
1025014
1025027
1025039
1025040
1025053
1025062
1025071
1025086
1025095
1025109
1025117
1025138
1025146
1025152
1025163
1025175
1025180
1025191
1025202
1025215
1025223
1025230
1025241
1025259
1025264
1025277
1025288
1025296
1025303
1025311
1025322
1025336
1025345
1025358
1025367
1025389
1025390
1025401
1025426
1025434
1025442
1025455
1025478
1025487
1025493
1025507
1025510
1025528
1025535
1025544
1025556
1025561
1025572
1025583
1025599
1025604
1025616
1025631
1025647
1025650
1025665
1025673
1025682
1025698
1025706
1025712
1025721
1025733
1025749
1025768
1025770
1025785
1025794
1025805
1025818
1025820
1025837
1025843
1025851
1025866
1025879
1025884
1025892
1025913
1025925
1025932
1025948
1025954
1025976
1025981
1025997
1026006
1026012
1026021
1026033
1026049
1026057
1026068
1026070
1026085
1026094
1026103
1026111
1026122
1026136
1026145
1026158
1026167
1026174
1026189
1026190
1026227
1026239
1026240
1026253
1026262
1026271
1026286
1026295
1026307
1026310
1026328
1026335
1026344
1026356
1026361
1026372
1026383
1026399
1026400
1026413
1026425
1026432
1026448
1026454
1026469
1026481
1026501
1026519
1026526
1026534
1026542
1026560
1026578
1026587
1026593
1026602
1026623
1026630
1026641
1026659
1026664
1026677
1026696
1026705
1026718
1026720
1026737
1026743
1026751
1026766
1026779
1026784
1026792
1026804
1026816
1026829
1026847
1026850
1026865
1026873
1026882
1026898
1026909
1026917
1026938
1026952
1026963
1026991
1027007
1027010
1027028
1027035
1027044
1027056
1027061
1027072
1027083
1027099
1027105
1027118
1027120
1027137
1027143
1027151
1027166
1027179
1027184
1027192
1027219
1027226
1027234
1027242
1027255
1027260
1027278
1027287
1027293
1027306
1027312
1027321
1027349
1027357
1027368
1027370
1027385
1027394
1027402
1027415
1027423
1027430
1027441
1027459
1027488
1027496
1027508
1027514
1027527
1027539
1027553
1027562
1027571
1027586
1027595
1027600
1027613
1027625
1027632
1027648
1027654
1027669
1027676
1027703
1027711
1027722
1027736
1027745
1027767
1027774
1027789
1027790
1027809
1027817
1027824
1027846
1027863
1027875
1027880
1027891
1027904
1027916
1027929
1027931
1027947
1027950
1027965
1027973
1027982
1027998
1028005
1028018
1028020
1028037
1028043
1028066
1028092
1028107
1028110
1028128
1028135
1028156
1028161
1028183
1028199
1028206
1028212
1028221
1028233
1028249
1028257
1028268
1028270
1028285
1028294
1028301
1028319
1028326
1028334
1028342
1028355
1028360
1028378
1028387
1028393
1028409
1028417
1028424
1028446
1028452
1028463
1028475
1028480
1028491
1028500
1028513
1028525
1028532
1028548
1028554
1028569
1028576
1028581
1028597
1028608
1028614
1028627
1028639
1028640
1028653
1028662
1028671
1028686
1028695
1028704
1028716
1028729
1028731
1028747
1028750
1028765
1028773
1028782
1028815
1028823
1028830
1028841
1028859
1028864
1028877
1028888
1028896
1028903
1028911
1028922
1028936
1028958
1028989
1028990
1029009
1029017
1029024
1029038
1029046
1029052
1029075
1029080
1029091
1029108
1029114
1029127
1029139
1029153
1029186
1029195
1029211
1029222
1029236
1029245
1029258
1029267
1029274
1029289
1029290
1029302
1029323
1029330
1029341
1029359
1029364
1029377
1029388
1029396
1029405
1029418
1029420
1029437
1029443
1029451
1029466
1029479
1029484
1029492
1029504
1029516
1029529
1029531
1029547
1029550
1029565
1029573
1029582
1029598
1029607
1029610
1029628
1029635
1029644
1029656
1029661
1029672
1029699
1029700
1029713
1029725
1029732
1029748
1029754
1029769
1029776
1029781
1029797
1029801
1029819
1029826
1029834
1029842
1029855
1029860
1029878
1029887
1029893
1029906
1029912
1029921
1029933
1029949
1029957
1029968
1029985
1029994
1030003
1030011
1030022
1030036
1030045
1030058
1030067
1030074
1030089
1030090
1030106
1030121
1030149
1030157
1030168
1030170
1030185
1030194
1030207
1030210
1030228
1030235
1030244
1030256
1030261
1030272
1030283
1030299
1030308
1030314
1030327
1030339
1030340
1030353
1030362
1030371
1030386
1030395
1030404
1030416
1030429
1030431
1030447
1030450
1030465
1030473
1030482
1030498
1030502
1030515
1030523
1030530
1030541
1030559
1030564
1030577
1030588
1030596
1030601
1030619
1030626
1030634
1030642
1030655
1030660
1030678
1030687
1030693
1030709
1030717
1030724
1030738
1030746
1030763
1030780
1030791
1030800
1030825
1030832
1030848
1030854
1030869
1030876
1030881
1030897
1030905
1030920
1030937
1030943
1030951
1030966
1030979
1030984
1030992
1031009
1031017
1031024
1031038
1031063
1031075
1031091
1031108
1031114
1031127
1031139
1031140
1031162
1031171
1031186
1031195
1031203
1031211
1031222
1031236
1031245
1031258
1031267
1031274
1031289
1031290
1031302
1031315
1031323
1031330
1031341
1031359
1031377
1031388
1031396
1031405
1031418
1031420
1031437
1031443
1031479
1031484
1031492
1031504
1031516
1031531
1031547
1031550
1031565
1031573
1031582
1031598
1031607
1031610
1031628
1031635
1031644
1031656
1031661
1031672
1031699
1031700
1031725
1031732
1031748
1031754
1031769
1031781
1031801
1031819
1031826
1031834
1031842
1031855
1031860
1031887
1031906
1031912
1031921
1031933
1031949
1031957
1031968
1031970
1031985
1031994
1032008
1032014
1032027
1032039
1032040
1032053
1032062
1032071
1032086
1032095
1032109
1032117
1032124
1032138
1032146
1032152
1032163
1032175
1032191
1032202
1032215
1032230
1032241
1032259
1032264
1032277
1032288
1032296
1032303
1032311
1032322
1032336
1032345
1032358
1032374
1032389
1032390
1032401
1032419
1032426
1032442
1032455
1032460
1032487
1032493
1032507
1032510
1032528
1032535
1032544
1032556
1032561
1032572
1032583
1032604
1032616
1032629
1032631
1032647
1032650
1032665
1032673
1032682
1032698
1032706
1032712
1032721
1032733
1032749
1032757
1032768
1032770
1032785
1032794
1032805
1032818
1032820
1032837
1032843
1032851
1032866
1032879
1032884
1032892
1032900
1032913
1032925
1032932
1032948
1032954
1032969
1032976
1032981
1032997
1033001
1033019
1033026
1033034
1033042
1033055
1033060
1033078
1033087
1033093
1033104
1033116
1033129
1033131
1033147
1033150
1033165
1033173
1033182
1033198
1033200
1033213
1033225
1033232
1033248
1033254
1033269
1033276
1033281
1033297
1033305
1033318
1033320
1033337
1033343
1033351
1033366
1033379
1033384
1033392
1033408
1033414
1033427
1033439
1033440
1033453
1033462
1033471
1033486
1033495
1033506
1033512
1033521
1033533
1033549
1033557
1033568
1033570
1033585
1033594
1033609
1033617
1033624
1033638
1033646
1033652
1033680
1033691
1033707
1033710
1033728
1033735
1033744
1033756
1033761
1033772
1033783
1033799
1033803
1033811
1033822
1033836
1033845
1033858
1033867
1033874
1033889
1033890
1033915
1033923
1033930
1033941
1033959
1033964
1033977
1033988
1034006
1034012
1034021
1034033
1034049
1034057
1034068
1034085
1034094
1034103
1034111
1034122
1034136
1034145
1034158
1034167
1034174
1034189
1034190
1034208
1034214
1034227
1034239
1034240
1034253
1034262
1034271
1034286
1034295
1034307
1034310
1034328
1034335
1034344
1034356
1034361
1034372
1034399
1034400
1034413
1034425
1034432
1034448
1034454
1034469
1034476
1034481
1034497
1034501
1034519
1034526
1034534
1034542
1034555
1034560
1034578
1034587
1034593
1034602
1034615
1034623
1034630
1034641
1034659
1034664
1034677
1034688
1034696
1034705
1034720
1034737
1034743
1034751
1034766
1034792
1034804
1034816
1034829
1034831
1034847
1034850
1034873
1034882
1034898
1034909
1034917
1034924
1034938
1034952
1034963
1034980
1034991
1035005
1035018
1035020
1035037
1035043
1035051
1035066
1035079
1035084
1035107
1035110
1035128
1035135
1035144
1035156
1035161
1035172
1035183
1035199
1035206
1035212
1035221
1035233
1035249
1035257
1035270
1035285
1035294
1035319
1035326
1035334
1035342
1035355
1035360
1035378
1035387
1035393
1035409
1035417
1035424
1035438
1035446
1035452
1035463
1035475
1035480
1035491
1035500
1035513
1035525
1035532
1035548
1035569
1035576
1035581
1035597
1035614
1035627
1035639
1035640
1035653
1035662
1035671
1035686
1035695
1035704
1035716
1035729
1035731
1035747
1035750
1035773
1035782
1035798
1035802
1035815
1035823
1035841
1035859
1035864
1035888
1035896
1035903
1035911
1035922
1035936
1035945
1035958
1035974
1035989
1035990
1036004
1036016
1036029
1036031
1036047
1036050
1036065
1036073
1036082
1036098
1036101
1036119
1036126
1036134
1036142
1036155
1036160
1036178
1036187
1036193
1036205
1036218
1036220
1036237
1036243
1036251
1036266
1036279
1036284
1036292
1036300
1036313
1036325
1036332
1036348
1036354
1036369
1036376
1036381
1036397
1036403
1036411
1036422
1036436
1036458
1036467
1036474
1036489
1036490
1036509
1036517
1036524
1036538
1036546
1036552
1036563
1036575
1036580
1036591
1036606
1036612
1036621
1036633
1036649
1036657
1036668
1036670
1036685
1036694
1036702
1036715
1036741
1036759
1036764
1036788
1036796
1036808
1036814
1036827
1036839
1036840
1036853
1036862
1036871
1036886
1036895
1036907
1036910
1036928
1036935
1036944
1036956
1036961
1036972
1036983
1036999
1037000
1037013
1037025
1037032
1037048
1037054
1037076
1037081
1037097
1037115
1037123
1037130
1037141
1037159
1037164
1037177
1037188
1037196
1037209
1037217
1037224
1037238
1037246
1037252
1037263
1037275
1037280
1037291
1037304
1037316
1037329
1037331
1037347
1037350
1037373
1037382
1037398
1037412
1037421
1037433
1037449
1037457
1037468
1037470
1037485
1037494
1037518
1037520
1037537
1037543
1037551
1037566
1037579
1037584
1037592
1037603
1037611
1037622
1037636
1037645
1037658
1037667
1037674
1037689
1037690
1037719
1037726
1037734
1037742
1037755
1037760
1037778
1037787
1037793
1037810
1037828
1037835
1037856
1037861
1037872
1037883
1037908
1037914
1037927
1037939
1037940
1037953
1037962
1037971
1037986
1037995
1038002
1038015
1038023
1038030
1038041
1038059
1038064
1038077
1038088
1038096
1038100
1038113
1038125
1038132
1038148
1038154
1038169
1038176
1038181
1038197
1038204
1038216
1038229
1038231
1038250
1038273
1038282
1038298
1038317
1038324
1038338
1038346
1038352
1038363
1038380
1038391
1038407
1038410
1038428
1038435
1038444
1038461
1038472
1038483
1038499
1038503
1038511
1038522
1038536
1038545
1038558
1038567
1038574
1038589
1038590
1038605
1038618
1038620
1038643
1038651
1038666
1038679
1038684
1038708
1038714
1038727
1038739
1038740
1038753
1038762
1038771
1038786
1038795
1038806
1038812
1038821
1038833
1038849
1038857
1038870
1038885
1038894
1038901
1038919
1038926
1038934
1038955
1038978
1038993
1039007
1039010
1039028
1039035
1039044
1039056
1039061
1039072
1039083
1039099
1039105
1039118
1039120
1039143
1039166
1039179
1039184
1039192
1039201
1039226
1039234
1039255
1039260
1039278
1039287
1039293
1039306
1039312
1039321
1039333
1039349
1039368
1039370
1039385
1039394
1039402
1039430
1039441
1039459
1039464
1039477
1039488
1039496
1039508
1039527
1039539
1039540
1039553
1039562
1039586
1039595
1039600
1039613
1039625
1039632
1039648
1039654
1039669
1039676
1039681
1039697
1039703
1039711
1039722
1039736
1039758
1039767
1039774
1039789
1039790
1039809
1039817
1039824
1039838
1039846
1039852
1039863
1039875
1039880
1039891
1039904
1039916
1039929
1039931
1039947
1039950
1039965
1039973
1039982
1039998
1040008
1040014
1040027
1040039
1040040
1040053
1040071
1040086
1040095
1040117
1040124
1040138
1040152
1040163
1040175
1040180
1040191
1040202
1040215
1040223
1040230
1040259
1040264
1040277
1040288
1040296
1040303
1040322
1040336
1040345
1040358
1040367
1040374
1040389
1040390
1040401
1040419
1040426
1040434
1040442
1040455
1040460
1040478
1040487
1040493
1040510
1040528
1040535
1040544
1040556
1040572
1040583
1040599
1040604
1040616
1040629
1040631
1040647
1040650
1040665
1040673
1040682
1040698
1040706
1040712
1040721
1040733
1040749
1040757
1040768
1040770
1040785
1040794
1040805
1040818
1040837
1040843
1040851
1040866
1040879
1040884
1040892
1040900
1040913
1040925
1040932
1040954
1040969
1040976
1040981
1040997
1041006
1041012
1041021
1041033
1041049
1041057
1041068
1041070
1041085
1041094
1041103
1041111
1041136
1041145
1041167
1041190
1041214
1041227
1041239
1041240
1041253
1041262
1041271
1041286
1041295
1041307
1041310
1041328
1041335
1041356
1041361
1041372
1041383
1041399
1041400
1041413
1041425
1041432
1041448
1041454
1041469
1041476
1041481
1041497
1041501
1041519
1041526
1041534
1041542
1041555
1041560
1041578
1041587
1041593
1041602
1041615
1041623
1041630
1041641
1041659
1041664
1041677
1041688
1041696
1041705
1041718
1041720
1041737
1041743
1041751
1041766
1041779
1041784
1041792
1041804
1041816
1041829
1041831
1041847
1041850
1041865
1041873
1041882
1041898
1041909
1041917
1041924
1041938
1041946
1041952
1041963
1041975
1041980
1041991
1042003
1042011
1042036
1042045
1042058
1042067
1042074
1042089
1042090
1042106
1042121
1042133
1042149
1042157
1042168
1042185
1042210
1042228
1042235
1042256
1042261
1042272
1042283
1042299
1042308
1042314
1042327
1042339
1042353
1042362
1042371
1042386
1042395
1042404
1042429
1042431
1042447
1042450
1042465
1042482
1042498
1042502
1042515
1042523
1042530
1042541
1042559
1042564
1042588
1042596
1042601
1042619
1042626
1042634
1042642
1042655
1042660
1042678
1042687
1042693
1042709
1042717
1042724
1042746
1042752
1042763
1042775
1042780
1042800
1042813
1042825
1042832
1042848
1042869
1042876
1042881
1042897
1042905
1042918
1042920
1042937
1042943
1042951
1042966
1042979
1042984
1042992
1043004
1043016
1043031
1043047
1043050
1043065
1043073
1043082
1043098
1043101
1043119
1043126
1043134
1043142
1043155
1043160
1043178
1043187
1043193
1043205
1043218
1043220
1043237
1043243
1043251
1043266
1043279
1043284
1043292
1043300
1043325
1043332
1043348
1043354
1043369
1043376
1043381
1043397
1043403
1043411
1043436
1043445
1043458
1043467
1043474
1043489
1043490
1043509
1043517
1043524
1043546
1043552
1043563
1043575
1043580
1043591
1043606
1043621
1043633
1043649
1043657
1043668
1043670
1043685
1043694
1043702
1043723
1043730
1043741
1043759
1043764
1043777
1043788
1043796
1043808
1043814
1043827
1043839
1043840
1043853
1043862
1043871
1043886
1043895
1043907
1043910
1043928
1043935
1043944
1043956
1043961
1043972
1043983
1043999
1044009
1044017
1044024
1044038
1044046
1044052
1044063
1044075
1044080
1044108
1044114
1044127
1044139
1044140
1044153
1044162
1044171
1044186
1044195
1044203
1044222
1044236
1044245
1044258
1044267
1044274
1044289
1044290
1044302
1044315
1044330
1044341
1044359
1044364
1044377
1044396
1044405
1044418
1044420
1044437
1044443
1044451
1044466
1044479
1044484
1044492
1044504
1044516
1044529
1044531
1044547
1044550
1044565
1044573
1044582
1044607
1044610
1044635
1044644
1044656
1044661
1044672
1044683
1044699
1044700
1044713
1044732
1044769
1044776
1044797
1044801
1044819
1044826
1044842
1044855
1044860
1044878
1044887
1044893
1044906
1044912
1044921
1044949
1044957
1044968
1044970
1044985
1044994
1045000
1045013
1045025
1045048
1045054
1045069
1045081
1045102
1045115
1045123
1045130
1045141
1045159
1045164
1045177
1045188
1045196
1045209
1045217
1045224
1045252
1045263
1045275
1045291
1045304
1045316
1045329
1045331
1045347
1045350
1045365
1045373
1045382
1045398
1045406
1045412
1045421
1045433
1045449
1045457
1045468
1045470
1045485
1045494
1045505
1045520
1045537
1045543
1045551
1045579
1045584
1045592
1045611
1045622
1045636
1045645
1045658
1045667
1045674
1045689
1045690
1045701
1045719
1045734
1045742
1045755
1045778
1045787
1045793
1045807
1045810
1045828
1045844
1045861
1045872
1045908
1045914
1045939
1045940
1045953
1045962
1045971
1045986
1045995
1046001
1046019
1046026
1046034
1046042
1046055
1046060
1046078
1046087
1046093
1046104
1046116
1046129
1046131
1046147
1046150
1046165
1046173
1046182
1046198
1046200
1046213
1046225
1046232
1046248
1046254
1046276
1046281
1046297
1046305
1046320
1046337
1046343
1046366
1046379
1046384
1046392
1046408
1046414
1046427
1046439
1046440
1046453
1046462
1046471
1046495
1046512
1046521
1046533
1046549
1046557
1046570
1046585
1046594
1046609
1046617
1046638
1046646
1046663
1046675
1046680
1046691
1046707
1046710
1046728
1046735
1046744
1046756
1046761
1046772
1046783
1046803
1046811
1046822
1046845
1046858
1046867
1046874
1046889
1046890
1046902
1046915
1046923
1046930
1046941
1046959
1046964
1046977
1046988
1046996
1047018
1047020
1047037
1047043
1047051
1047066
1047079
1047084
1047107
1047110
1047135
1047144
1047156
1047161
1047172
1047183
1047199
1047206
1047221
1047249
1047257
1047268
1047285
1047294
1047301
1047319
1047326
1047334
1047342
1047355
1047360
1047378
1047393
1047409
1047417
1047424
1047438
1047446
1047452
1047463
1047475
1047480
1047500
1047513
1047532
1047548
1047554
1047569
1047576
1047581
1047597
1047608
1047614
1047627
1047639
1047640
1047653
1047671
1047686
1047695
1047704
1047716
1047729
1047747
1047750
1047765
1047773
1047782
1047802
1047815
1047823
1047830
1047841
1047859
1047864
1047877
1047888
1047896
1047903
1047911
1047922
1047945
1047958
1047967
1047974
1047989
1047990
1048007
1048010
1048028
1048035
1048044
1048056
1048072
1048083
1048099
1048105
1048118
1048120
1048137
1048143
1048166
1048179
1048184
1048192
1048201
1048219
1048226
1048234
1048242
1048255
1048260
1048278
1048287
1048293
1048306
1048312
1048321
1048333
1048349
1048357
1048368
1048370
1048385
1048394
1048402
1048415
1048430
1048441
1048459
1048464
1048477
1048488
1048496
1048508
1048527
1048539
1048540
1048553
1048562
1048571
1048586
1048595
1048600
1048613
1048625
1048632
1048648
1048654
1048669
1048676
1048681
1048697
1048703
1048711
1048722
1048736
1048745
1048767
1048774
1048789
1048790
1048809
1048817
1048838
1048846
1048852
1048863
1048875
1048880
1048891
1048904
1048916
1048929
1048931
1048947
1048950
1048965
1048973
1048982
1048998
1049002
1049023
1049030
1049041
1049059
1049064
1049077
1049088
1049096
1049100
1049113
1049125
1049132
1049148
1049154
1049169
1049176
1049181
1049197
1049204
1049216
1049229
1049231
1049247
1049250
1049265
1049282
1049298
1049309
1049317
1049324
1049346
1049352
1049363
1049375
1049391
1049407
1049410
1049428
1049435
1049444
1049456
1049461
1049472
1049483
1049499
1049503
1049511
1049522
1049536
1049545
1049558
1049567
1049574
1049589
1049590
1049620
1049637
1049643
1049651
1049666
1049679
1049684
1049692
1049708
1049714
1049727
1049739
1049740
1049753
1049762
1049771
1049786
1049795
1049806
1049812
1049833
1049849
1049857
1049870
1049885
1049894
1049901
1049919
1049926
1049934
1049942
1049955
1049960
1049978
1049993
1050004
1050029
1050031
1050050
1050065
1050073
1050082
1050098
1050101
1050126
1050134
1050142
1050155
1050160
1050178
1050187
1050193
1050205
1050218
1050220
1050237
1050243
1050251
1050266
1050279
1050284
1050292
1050300
1050313
1050325
1050332
1050348
1050354
1050369
1050376
1050381
1050397
1050403
1050411
1050422
1050436
1050445
1050458
1050467
1050474
1050489
1050490
1050509
1050517
1050524
1050538
1050552
1050563
1050575
1050580
1050591
1050606
1050612
1050633
1050649
1050657
1050668
1050670
1050685
1050694
1050702
1050723
1050730
1050741
1050759
1050764
1050777
1050788
1050796
1050808
1050814
1050839
1050840
1050853
1050862
1050871
1050886
1050895
1050907
1050910
1050928
1050935
1050944
1050972
1050983
1050999
1051002
1051015
1051023
1051041
1051059
1051088
1051096
1051100
1051113
1051125
1051132
1051148
1051154
1051169
1051176
1051181
1051197
1051204
1051216
1051229
1051231
1051265
1051273
1051282
1051298
1051309
1051317
1051324
1051338
1051352
1051363
1051375
1051380
1051391
1051407
1051410
1051428
1051435
1051456
1051461
1051472
1051483
1051499
1051511
1051522
1051536
1051545
1051558
1051567
1051574
1051589
1051590
1051605
1051618
1051637
1051643
1051666
1051679
1051684
1051692
1051708
1051727
1051739
1051740
1051753
1051762
1051771
1051786
1051795
1051806
1051812
1051821
1051833
1051849
1051857
1051868
1051870
1051885
1051894
1051901
1051919
1051942
1051955
1051960
1051978
1051987
1051993
1052000
1052025
1052032
1052048
1052054
1052069
1052076
1052081
1052097
1052102
1052115
1052123
1052130
1052141
1052159
1052177
1052188
1052196
1052209
1052217
1052224
1052238
1052246
1052263
1052280
1052291
1052304
1052316
1052329
1052331
1052347
1052350
1052365
1052373
1052382
1052406
1052421
1052433
1052449
1052457
1052468
1052470
1052485
1052494
1052505
1052518
1052520
1052537
1052543
1052551
1052566
1052579
1052584
1052592
1052622
1052636
1052667
1052674
1052689
1052690
1052719
1052726
1052734
1052742
1052755
1052760
1052778
1052787
1052807
1052810
1052828
1052835
1052856
1052861
1052872
1052883
1052899
1052908
1052914
1052927
1052939
1052953
1052962
1052986
1052995
1053006
1053012
1053021
1053033
1053049
1053068
1053070
1053085
1053094
1053103
1053111
1053122
1053136
1053145
1053158
1053167
1053174
1053190
1053208
1053214
1053227
1053239
1053240
1053253
1053262
1053271
1053286
1053295
1053307
1053310
1053328
1053335
1053344
1053356
1053372
1053383
1053399
1053400
1053413
1053425
1053432
1053448
1053454
1053469
1053476
1053481
1053497
1053501
1053519
1053526
1053542
1053555
1053560
1053578
1053587
1053593
1053602
1053615
1053623
1053630
1053641
1053664
1053677
1053688
1053696
1053705
1053718
1053720
1053737
1053743
1053751
1053766
1053779
1053784
1053792
1053804
1053816
1053829
1053831
1053847
1053850
1053865
1053882
1053898
1053909
1053917
1053924
1053938
1053946
1053952
1053963
1053975
1053980
1053991
1054019
1054026
1054034
1054042
1054055
1054060
1054078
1054093
1054104
1054116
1054129
1054131
1054147
1054150
1054165
1054173
1054182
1054198
1054200
1054213
1054225
1054232
1054248
1054254
1054269
1054276
1054281
1054305
1054318
1054320
1054337
1054343
1054351
1054366
1054379
1054384
1054408
1054414
1054427
1054439
1054440
1054453
1054462
1054471
1054486
1054495
1054506
1054512
1054521
1054533
1054549
1054557
1054568
1054570
1054585
1054594
1054609
1054617
1054624
1054638
1054652
1054663
1054675
1054680
1054691
1054707
1054710
1054728
1054735
1054756
1054761
1054772
1054783
1054799
1054803
1054822
1054836
1054845
1054889
1054890
1054902
1054915
1054923
1054930
1054941
1054959
1054964
1054977
1054988
1054996
1055007
1055010
1055028
1055035
1055044
1055056
1055061
1055072
1055083
1055099
1055105
1055120
1055137
1055143
1055151
1055166
1055179
1055184
1055192
1055201
1055219
1055226
1055234
1055242
1055255
1055260
1055287
1055293
1055306
1055321
1055333
1055349
1055357
1055368
1055370
1055385
1055394
1055415
1055423
1055430
1055441
1055459
1055464
1055477
1055488
1055496
1055508
1055514
1055527
1055539
1055540
1055553
1055562
1055571
1055586
1055595
1055600
1055613
1055625
1055632
1055648
1055654
1055669
1055676
1055681
1055697
1055703
1055711
1055722
1055736
1055745
1055758
1055767
1055774
1055789
1055790
1055809
1055817
1055824
1055838
1055852
1055875
1055880
1055904
1055916
1055931
1055947
1055950
1055965
1055973
1055982
1055998
1056003
1056022
1056036
1056045
1056058
1056067
1056074
1056089
1056090
1056106
1056112
1056121
1056133
1056149
1056157
1056168
1056170
1056185
1056194
1056207
1056210
1056228
1056235
1056244
1056256
1056261
1056272
1056299
1056308
1056327
1056339
1056340
1056353
1056371
1056386
1056395
1056416
1056429
1056431
1056447
1056450
1056465
1056473
1056482
1056498
1056502
1056523
1056530
1056541
1056564
1056588
1056601
1056619
1056626
1056634
1056642
1056655
1056660
1056678
1056687
1056693
1056709
1056717
1056724
1056738
1056746
1056752
1056763
1056775
1056780
1056791
1056800
1056813
1056825
1056832
1056848
1056854
1056869
1056876
1056881
1056897
1056905
1056918
1056920
1056937
1056943
1056951
1056966
1056979
1056984
1056992
1057008
1057027
1057040
1057053
1057062
1057071
1057086
1057095
1057109
1057124
1057138
1057146
1057152
1057163
1057175
1057180
1057191
1057202
1057215
1057223
1057230
1057241
1057259
1057277
1057288
1057296
1057303
1057322
1057336
1057345
1057358
1057367
1057374
1057389
1057390
1057401
1057426
1057434
1057442
1057455
1057460
1057478
1057487
1057493
1057507
1057510
1057528
1057556
1057572
1057583
1057599
1057604
1057616
1057631
1057647
1057673
1057682
1057698
1057706
1057712
1057721
1057749
1057757
1057768
1057770
1057785
1057794
1057818
1057820
1057837
1057843
1057851
1057866
1057879
1057884
1057892
1057900
1057925
1057932
1057948
1057954
1057969
1057976
1057981
1057997
1058009
1058017
1058024
1058038
1058046
1058052
1058063
1058075
1058080
1058091
1058108
1058114
1058127
1058139
1058140
1058153
1058162
1058171
1058186
1058195
1058203
1058211
1058222
1058236
1058245
1058258
1058267
1058289
1058290
1058302
1058315
1058323
1058330
1058341
1058359
1058364
1058377
1058388
1058396
1058405
1058418
1058420
1058437
1058443
1058451
1058466
1058492
1058504
1058516
1058529
1058547
1058550
1058565
1058573
1058598
1058607
1058610
1058628
1058644
1058656
1058661
1058683
1058699
1058700
1058713
1058732
1058748
1058754
1058769
1058776
1058781
1058797
1058801
1058819
1058826
1058834
1058842
1058860
1058878
1058893
1058906
1058912
1058933
1058949
1058957
1058968
1058970
1058985
1058994
1059005
1059018
1059020
1059037
1059043
1059079
1059092
1059107
1059110
1059128
1059135
1059144
1059156
1059161
1059172
1059199
1059206
1059221
1059233
1059249
1059257
1059268
1059270
1059285
1059294
1059301
1059319
1059326
1059334
1059355
1059360
1059378
1059387
1059393
1059409
1059417
1059424
1059438
1059446
1059452
1059463
1059475
1059480
1059491
1059500
1059513
1059525
1059532
1059548
1059554
1059569
1059576
1059581
1059597
1059608
1059614
1059627
1059639
1059653
1059662
1059671
1059686
1059695
1059704
1059716
1059729
1059731
1059747
1059750
1059765
1059782
1059798
1059802
1059830
1059841
1059859
1059864
1059877
1059896
1059903
1059911
1059922
1059936
1059945
1059967
1059974
1059989
1059990
1060006
1060012
1060033
1060049
1060057
1060068
1060070
1060094
1060103
1060111
1060122
1060136
1060158
1060167
1060174
1060189
1060190
1060214
1060227
1060240
1060271
1060286
1060295
1060307
1060310
1060328
1060335
1060361
1060372
1060383
1060425
1060432
1060448
1060454
1060476
1060481
1060501
1060519
1060526
1060534
1060542
1060555
1060560
1060578
1060587
1060602
1060615
1060641
1060659
1060664
1060677
1060688
1060696
1060705
1060718
1060720
1060737
1060743
1060751
1060766
1060779
1060784
1060792
1060804
1060816
1060829
1060831
1060850
1060865
1060873
1060882
1060898
1060909
1060917
1060924
1060938
1060946
1060952
1060980
1060991
1061005
1061018
1061037
1061043
1061051
1061066
1061079
1061084
1061092
1061107
1061110
1061128
1061135
1061144
1061161
1061172
1061183
1061199
1061206
1061212
1061221
1061233
1061249
1061257
1061268
1061270
1061285
1061294
1061301
1061319
1061326
1061334
1061342
1061355
1061360
1061378
1061387
1061393
1061409
1061417
1061424
1061446
1061452
1061463
1061475
1061480
1061491
1061500
1061513
1061525
1061532
1061554
1061569
1061576
1061581
1061597
1061608
1061614
1061627
1061639
1061653
1061662
1061671
1061686
1061695
1061704
1061716
1061729
1061731
1061747
1061750
1061765
1061773
1061782
1061798
1061802
1061815
1061823
1061830
1061841
1061859
1061864
1061877
1061888
1061896
1061903
1061911
1061922
1061936
1061958
1061967
1061989
1061990
1062007
1062010
1062028
1062035
1062044
1062056
1062072
1062083
1062099
1062105
1062118
1062120
1062137
1062143
1062151
1062166
1062179
1062184
1062192
1062201
1062219
1062226
1062234
1062242
1062260
1062278
1062287
1062293
1062312
1062333
1062349
1062357
1062368
1062370
1062385
1062394
1062402
1062415
1062423
1062430
1062441
1062459
1062464
1062477
1062488
1062496
1062508
1062527
1062539
1062540
1062553
1062562
1062571
1062586
1062595
1062613
1062625
1062632
1062648
1062654
1062669
1062676
1062681
1062697
1062703
1062711
1062722
1062736
1062745
1062767
1062774
1062789
1062790
1062809
1062817
1062824
1062838
1062846
1062852
1062863
1062875
1062880
1062891
1062904
1062929
1062947
1062950
1062965
1062973
1062982
1062998
1063002
1063023
1063041
1063059
1063064
1063077
1063088
1063096
1063100
1063113
1063125
1063132
1063148
1063176
1063181
1063197
1063204
1063216
1063229
1063231
1063247
1063250
1063265
1063273
1063282
1063298
1063309
1063317
1063324
1063338
1063346
1063352
1063363
1063375
1063380
1063391
1063407
1063410
1063428
1063435
1063456
1063461
1063472
1063483
1063499
1063503
1063511
1063522
1063536
1063545
1063558
1063567
1063574
1063589
1063590
1063605
1063618
1063620
1063643
1063651
1063666
1063679
1063684
1063692
1063708
1063714
1063727
1063739
1063753
1063762
1063771
1063786
1063795
1063806
1063812
1063821
1063833
1063849
1063857
1063868
1063870
1063894
1063901
1063919
1063934
1063942
1063955
1063960
1063978
1063987
1063993
1064003
1064011
1064022
1064036
1064045
1064067
1064074
1064089
1064090
1064106
1064112
1064121
1064133
1064149
1064157
1064168
1064170
1064194
1064207
1064210
1064228
1064235
1064244
1064256
1064261
1064272
1064283
1064299
1064308
1064327
1064339
1064340
1064362
1064371
1064386
1064395
1064404
1064416
1064429
1064431
1064447
1064450
1064465
1064473
1064482
1064498
1064502
1064515
1064523
1064530
1064541
1064559
1064564
1064577
1064588
1064596
1064601
1064619
1064626
1064634
1064642
1064655
1064660
1064678
1064693
1064709
1064717
1064724
1064738
1064746
1064752
1064763
1064775
1064800
1064813
1064825
1064832
1064854
1064869
1064876
1064881
1064897
1064905
1064918
1064920
1064937
1064943
1064951
1064966
1064979
1064984
1064992
1065009
1065017
1065024
1065038
1065046
1065052
1065063
1065075
1065080
1065091
1065108
1065114
1065127
1065139
1065140
1065153
1065162
1065171
1065186
1065195
1065203
1065222
1065236
1065245
1065258
1065267
1065274
1065289
1065290
1065302
1065315
1065323
1065330
1065341
1065359
1065364
1065377
1065388
1065396
1065405
1065418
1065420
1065437
1065443
1065451
1065466
1065479
1065484
1065492
1065516
1065529
1065531
1065547
1065550
1065565
1065573
1065582
1065598
1065607
1065610
1065628
1065635
1065644
1065656
1065672
1065683
1065700
1065713
1065725
1065732
1065748
1065754
1065769
1065776
1065797
1065801
1065819
1065826
1065834
1065842
1065855
1065860
1065887
1065893
1065906
1065912
1065933
1065949
1065957
1065968
1065970
1065985
1065994
1066000
1066013
1066025
1066032
1066048
1066054
1066069
1066076
1066081
1066097
1066102
1066115
1066123
1066130
1066141
1066159
1066164
1066177
1066188
1066196
1066209
1066217
1066238
1066246
1066252
1066263
1066275
1066280
1066291
1066304
1066316
1066329
1066331
1066347
1066350
1066365
1066373
1066382
1066406
1066412
1066433
1066449
1066457
1066468
1066470
1066494
1066505
1066518
1066520
1066537
1066543
1066551
1066592
1066603
1066611
1066622
1066636
1066645
1066658
1066667
1066674
1066689
1066690
1066701
1066719
1066726
1066734
1066742
1066760
1066778
1066787
1066793
1066807
1066810
1066828
1066835
1066856
1066872
1066883
1066899
1066908
1066914
1066939
1066940
1066953
1066962
1066971
1066986
1066995
1067004
1067016
1067029
1067031
1067047
1067050
1067065
1067073
1067082
1067098
1067101
1067119
1067126
1067134
1067142
1067155
1067160
1067178
1067187
1067193
1067218
1067220
1067237
1067243
1067266
1067279
1067284
1067292
1067300
1067313
1067332
1067348
1067354
1067369
1067376
1067381
1067403
1067411
1067422
1067436
1067445
1067458
1067467
1067474
1067489
1067509
1067517
1067524
1067538
1067546
1067552
1067563
1067580
1067591
1067612
1067621
1067633
1067649
1067657
1067668
1067670
1067685
1067694
1067702
1067715
1067723
1067730
1067741
1067759
1067777
1067788
1067796
1067808
1067827
1067839
1067840
1067853
1067862
1067871
1067886
1067895
1067907
1067910
1067935
1067944
1067956
1067961
1067972
1067983
1067999
1068001
1068019
1068034
1068042
1068055
1068060
1068078
1068087
1068093
1068104
1068116
1068129
1068131
1068147
1068150
1068165
1068173
1068182
1068198
1068200
1068213
1068225
1068232
1068248
1068254
1068269
1068281
1068297
1068305
1068320
1068337
1068343
1068351
1068366
1068379
1068384
1068392
1068408
1068414
1068427
1068439
1068440
1068453
1068462
1068471
1068486
1068495
1068512
1068521
1068533
1068549
1068557
1068568
1068570
1068585
1068594
1068617
1068624
1068638
1068646
1068652
1068663
1068675
1068680
1068691
1068710
1068728
1068735
1068744
1068756
1068761
1068772
1068783
1068799
1068803
1068811
1068822
1068836
1068845
1068858
1068867
1068874
1068889
1068890
1068902
1068930
1068941
1068959
1068964
1068977
1068996
1069008
1069027
1069039
1069040
1069053
1069062
1069071
1069086
1069109
1069117
1069124
1069138
1069146
1069152
1069163
1069175
1069180
1069191
1069202
1069215
1069223
1069230
1069241
1069259
1069264
1069277
1069288
1069296
1069311
1069322
1069336
1069345
1069358
1069367
1069389
1069390
1069401
1069419
1069426
1069434
1069442
1069455
1069460
1069478
1069487
1069493
1069507
1069510
1069528
1069535
1069556
1069561
1069572
1069599
1069604
1069616
1069629
1069631
1069647
1069650
1069673
1069698
1069706
1069721
1069733
1069749
1069757
1069768
1069770
1069794
1069805
1069818
1069820
1069837
1069843
1069851
1069866
1069879
1069892
1069900
1069913
1069925
1069932
1069948
1069954
1069969
1069976
1069997
1070001
1070019
1070026
1070034
1070055
1070060
1070078
1070087
1070093
1070116
1070129
1070131
1070147
1070150
1070165
1070182
1070200
1070213
1070225
1070232
1070248
1070254
1070269
1070276
1070281
1070297
1070305
1070318
1070320
1070337
1070343
1070351
1070366
1070379
1070384
1070392
1070408
1070414
1070427
1070440
1070453
1070462
1070471
1070486
1070495
1070506
1070512
1070521
1070533
1070549
1070557
1070568
1070570
1070585
1070609
1070617
1070638
1070646
1070652
1070675
1070680
1070691
1070710
1070728
1070735
1070744
1070756
1070772
1070783
1070799
1070803
1070811
1070822
1070836
1070845
1070858
1070867
1070874
1070889
1070890
1070915
1070923
1070930
1070941
1070959
1070964
1070977
1070988
1070996
1071007
1071010
1071028
1071044
1071056
1071061
1071072
1071099
1071105
1071118
1071120
1071137
1071143
1071151
1071166
1071179
1071184
1071192
1071201
1071226
1071234
1071242
1071255
1071260
1071278
1071287
1071293
1071312
1071321
1071333
1071349
1071357
1071370
1071385
1071402
1071415
1071423
1071430
1071459
1071464
1071477
1071488
1071496
1071508
1071514
1071527
1071539
1071540
1071553
1071562
1071571
1071586
1071595
1071600
1071613
1071625
1071632
1071648
1071654
1071669
1071681
1071697
1071711
1071722
1071736
1071745
1071758
1071767
1071774
1071789
1071790
1071809
1071817
1071824
1071838
1071846
1071852
1071863
1071875
1071880
1071891
1071904
1071916
1071929
1071947
1071950
1071965
1071973
1071982
1071998
1072005
1072018
1072020
1072037
1072066
1072079
1072084
1072092
1072107
1072110
1072128
1072135
1072144
1072156
1072161
1072172
1072183
1072206
1072212
1072221
1072233
1072249
1072257
1072268
1072270
1072285
1072294
1072301
1072319
1072326
1072334
1072342
1072355
1072360
1072378
1072387
1072393
1072409
1072417
1072424
1072438
1072446
1072452
1072475
1072480
1072491
1072500
1072525
1072532
1072548
1072554
1072569
1072576
1072581
1072608
1072614
1072639
1072640
1072653
1072662
1072671
1072686
1072695
1072704
1072716
1072729
1072747
1072750
1072765
1072773
1072798
1072802
1072815
1072823
1072830
1072841
1072859
1072864
1072877
1072888
1072896
1072903
1072911
1072922
1072936
1072945
1072958
1072967
1072974
1072989
1072990
1073009
1073017
1073024
1073038
1073046
1073052
1073063
1073075
1073080
1073091
1073108
1073114
1073127
1073139
1073140
1073153
1073162
1073171
1073186
1073195
1073203
1073211
1073222
1073245
1073258
1073267
1073274
1073289
1073302
1073315
1073323
1073330
1073341
1073359
1073364
1073377
1073388
1073396
1073418
1073420
1073437
1073443
1073451
1073466
1073479
1073484
1073492
1073516
1073529
1073531
1073547
1073550
1073565
1073573
1073598
1073607
1073610
1073628
1073635
1073644
1073656
1073661
1073672
1073683
1073699
1073700
1073713
1073725
1073732
1073748
1073754
1073769
1073776
1073781
1073797
1073801
1073819
1073826
1073834
1073842
1073855
1073860
1073878
1073887
1073893
1073906
1073912
1073921
1073933
1073949
1073968
1073970
1073985
1073994
1074004
1074016
1074029
1074031
1074047
1074050
1074073
1074082
1074098
1074101
1074119
1074134
1074142
1074155
1074160
1074178
1074187
1074193
1074205
1074220
1074243
1074251
1074266
1074279
1074284
1074300
1074325
1074332
1074348
1074354
1074369
1074376
1074381
1074403
1074422
1074436
1074445
1074458
1074467
1074489
1074490
1074509
1074517
1074524
1074538
1074546
1074563
1074580
1074591
1074606
1074612
1074621
1074633
1074657
1074668
1074670
1074685
1074694
1074702
1074715
1074730
1074741
1074759
1074777
1074796
1074808
1074814
1074827
1074840
1074853
1074862
1074871
1074886
1074895
1074907
1074910
1074928
1074935
1074944
1074956
1074961
1074972
1074983
1075002
1075015
1075023
1075030
1075041
1075059
1075064
1075077
1075088
1075096
1075100
1075113
1075125
1075132
1075148
1075154
1075176
1075181
1075197
1075204
1075216
1075229
1075231
1075247
1075265
1075273
1075282
1075298
1075309
1075324
1075338
1075346
1075352
1075363
1075375
1075380
1075391
1075407
1075410
1075428
1075435
1075444
1075456
1075472
1075499
1075503
1075511
1075522
1075536
1075545
1075558
1075567
1075574
1075590
1075605
1075618
1075620
1075637
1075643
1075666
1075679
1075684
1075692
1075708
1075714
1075727
1075739
1075740
1075753
1075762
1075786
1075795
1075806
1075812
1075821
1075833
1075849
1075857
1075868
1075870
1075885
1075894
1075901
1075919
1075926
1075934
1075942
1075955
1075960
1075978
1075987
1075993
1076008
1076014
1076027
1076039
1076040
1076053
1076062
1076071
1076095
1076109
1076117
1076124
1076138
1076146
1076152
1076163
1076175
1076180
1076191
1076202
1076215
1076223
1076230
1076241
1076259
1076264
1076277
1076288
1076296
1076303
1076311
1076322
1076336
1076345
1076358
1076367
1076374
1076389
1076390
1076401
1076419
1076426
1076434
1076442
1076455
1076460
1076487
1076493
1076507
1076510
1076535
1076544
1076556
1076561
1076572
1076583
1076599
1076616
1076629
1076631
1076647
1076665
1076673
1076682
1076698
1076712
1076721
1076733
1076749
1076757
1076768
1076770
1076785
1076794
1076805
1076818
1076820
1076837
1076851
1076866
1076879
1076884
1076892
1076900
1076913
1076925
1076932
1076948
1076954
1076969
1076976
1076981
1076997
1077011
1077036
1077045
1077058
1077067
1077074
1077106
1077112
1077121
1077133
1077149
1077157
1077168
1077170
1077194
1077207
1077210
1077228
1077235
1077244
1077256
1077261
1077272
1077299
1077314
1077327
1077339
1077340
1077353
1077362
1077371
1077386
1077395
1077404
1077429
1077431
1077447
1077465
1077473
1077482
1077498
1077502
1077515
1077523
1077530
1077541
1077559
1077564
1077577
1077588
1077596
1077601
1077619
1077626
1077634
1077642
1077655
1077660
1077678
1077693
1077709
1077717
1077724
1077738
1077746
1077752
1077763
1077775
1077780
1077791
1077800
1077813
1077825
1077854
1077869
1077876
1077881
1077897
1077918
1077920
1077937
1077951
1077966
1077979
1077984
1077992
1078006
1078012
1078021
1078033
1078049
1078057
1078068
1078070
1078085
1078094
1078103
1078111
1078122
1078136
1078145
1078158
1078167
1078174
1078189
1078190
1078208
1078214
1078227
1078239
1078240
1078253
1078262
1078271
1078286
1078307
1078310
1078328
1078335
1078344
1078356
1078361
1078372
1078383
1078399
1078400
1078413
1078425
1078432
1078448
1078454
1078501
1078519
1078526
1078534
1078542
1078555
1078560
1078578
1078587
1078593
1078602
1078615
1078623
1078630
1078659
1078664
1078677
1078696
1078705
1078718
1078720
1078737
1078743
1078751
1078766
1078784
1078792
1078804
1078816
1078829
1078831
1078847
1078850
1078865
1078873
1078882
1078898
1078909
1078917
1078924
1078946
1078952
1078963
1078975
1078980
1078991
1079000
1079013
1079025
1079032
1079048
1079054
1079069
1079081
1079097
1079102
1079123
1079141
1079159
1079164
1079177
1079188
1079209
1079217
1079224
1079238
1079246
1079252
1079263
1079275
1079291
1079304
1079316
1079329
1079331
1079347
1079350
1079365
1079373
1079382
1079398
1079412
1079421
1079433
1079449
1079457
1079468
1079470
1079485
1079505
1079518
1079537
1079543
1079551
1079566
1079579
1079584
1079592
1079603
1079611
1079622
1079636
1079645
1079658
1079674
1079689
1079690
1079701
1079719
1079726
1079734
1079742
1079755
1079760
1079778
1079787
1079793
1079807
1079810
1079828
1079835
1079844
1079856
1079861
1079872
1079883
1079899
1079908
1079914
1079927
1079939
1079940
1079953
1079962
1079971
1079986
1079995
1080009
1080017
1080024
1080038
1080046
1080063
1080075
1080080
1080091
1080108
1080114
1080127
1080139
1080140
1080153
1080162
1080171
1080186
1080195
1080203
1080222
1080236
1080258
1080267
1080274
1080289
1080302
1080315
1080323
1080330
1080341
1080359
1080364
1080388
1080405
1080418
1080420
1080437
1080443
1080451
1080466
1080479
1080484
1080504
1080516
1080529
1080531
1080547
1080550
1080565
1080573
1080582
1080598
1080607
1080610
1080628
1080635
1080644
1080656
1080661
1080672
1080683
1080699
1080700
1080713
1080725
1080732
1080748
1080754
1080769
1080776
1080781
1080797
1080801
1080819
1080826
1080834
1080842
1080855
1080860
1080878
1080887
1080893
1080906
1080912
1080921
1080933
1080949
1080957
1080968
1080970
1080985
1080994
1081000
1081013
1081025
1081032
1081048
1081054
1081069
1081076
1081081
1081097
1081102
1081115
1081123
1081130
1081141
1081159
1081164
1081177
1081188
1081196
1081209
1081224
1081238
1081246
1081263
1081275
1081280
1081291
1081304
1081329
1081331
1081347
1081350
1081365
1081373
1081398
1081406
1081412
1081421
1081433
1081449
1081457
1081468
1081470
1081485
1081505
1081518
1081520
1081543
1081551
1081566
1081579
1081584
1081592
1081611
1081636
1081645
1081658
1081667
1081689
1081690
1081701
1081719
1081726
1081734
1081742
1081755
1081778
1081787
1081793
1081807
1081810
1081828
1081835
1081844
1081856
1081861
1081872
1081883
1081899
1081908
1081914
1081927
1081939
1081940
1081953
1081962
1081971
1081986
1081995
1082002
1082015
1082023
1082030
1082041
1082059
1082064
1082077
1082088
1082096
1082100
1082113
1082125
1082132
1082148
1082154
1082169
1082176
1082181
1082197
1082204
1082216
1082229
1082231
1082247
1082250
1082265
1082282
1082298
1082309
1082317
1082324
1082338
1082346
1082352
1082363
1082380
1082391
1082407
1082410
1082428
1082435
1082456
1082461
1082472
1082483
1082499
1082503
1082511
1082522
1082536
1082545
1082558
1082567
1082574
1082589
1082590
1082605
1082620
1082637
1082643
1082651
1082666
1082679
1082684
1082692
1082708
1082714
1082727
1082740
1082753
1082762
1082771
1082786
1082795
1082806
1082821
1082833
1082849
1082857
1082868
1082870
1082894
1082901
1082919
1082926
1082934
1082942
1082955
1082960
1082978
1082987
1082993
1083007
1083010
1083028
1083035
1083044
1083056
1083072
1083099
1083105
1083118
1083120
1083137
1083143
1083151
1083166
1083179
1083184
1083192
1083201
1083219
1083226
1083234
1083242
1083255
1083260
1083287
1083293
1083306
1083312
1083321
1083333
1083349
1083357
1083368
1083370
1083394
1083402
1083415
1083423
1083430
1083441
1083459
1083477
1083488
1083508
1083514
1083527
1083539
1083540
1083553
1083562
1083571
1083586
1083595
1083600
1083613
1083625
1083632
1083648
1083654
1083669
1083676
1083681
1083697
1083703
1083711
1083722
1083736
1083745
1083758
1083767
1083774
1083789
1083790
1083809
1083817
1083824
1083838
1083846
1083852
1083863
1083875
1083880
1083891
1083904
1083916
1083929
1083931
1083947
1083950
1083965
1083973
1083982
1083998
1084008
1084014
1084027
1084039
1084040
1084053
1084062
1084071
1084095
1084109
1084117
1084124
1084138
1084152
1084163
1084175
1084180
1084191
1084202
1084215
1084223
1084230
1084241
1084259
1084264
1084277
1084288
1084296
1084303
1084311
1084322
1084336
1084345
1084358
1084367
1084374
1084389
1084390
1084401
1084419
1084426
1084434
1084442
1084460
1084478
1084487
1084507
1084510
1084528
1084535
1084544
1084556
1084561
1084572
1084583
1084599
1084604
1084616
1084629
1084631
1084647
1084650
1084665
1084673
1084682
1084698
1084706
1084712
1084733
1084749
1084757
1084768
1084770
1084785
1084794
1084818
1084820
1084837
1084851
1084866
1084879
1084884
1084892
1084900
1084913
1084925
1084932
1084948
1084954
1084969
1084976
1084981
1085006
1085012
1085033
1085049
1085057
1085068
1085070
1085085
1085094
1085103
1085111
1085136
1085145
1085158
1085167
1085174
1085190
1085208
1085214
1085227
1085239
1085240
1085253
1085262
1085271
1085286
1085307
1085310
1085335
1085344
1085356
1085361
1085372
1085383
1085399
1085400
1085413
1085425
1085432
1085448
1085454
1085469
1085476
1085481
1085497
1085501
1085519
1085526
1085534
1085542
1085560
1085578
1085587
1085593
1085602
1085615
1085623
1085630
1085659
1085664
1085677
1085688
1085696
1085705
1085718
1085720
1085737
1085743
1085751
1085766
1085779
1085784
1085792
1085804
1085829
1085831
1085847
1085850
1085865
1085882
1085898
1085909
1085917
1085924
1085938
1085946
1085952
1085963
1085975
1085980
1085991
1086005
1086018
1086020
1086037
1086043
1086051
1086079
1086084
1086092
1086107
1086128
1086135
1086144
1086156
1086161
1086172
1086183
1086199
1086206
1086212
1086221
1086233
1086249
1086257
1086268
1086270
1086285
1086294
1086301
1086319
1086326
1086334
1086342
1086355
1086360
1086378
1086387
1086393
1086409
1086417
1086424
1086438
1086475
1086480
1086500
1086513
1086525
1086532
1086548
1086554
1086569
1086576
1086581
1086597
1086608
1086614
1086627
1086639
1086640
1086653
1086662
1086671
1086686
1086695
1086704
1086716
1086729
1086731
1086747
1086765
1086773
1086782
1086798
1086802
1086815
1086823
1086830
1086841
1086859
1086864
1086877
1086888
1086896
1086903
1086911
1086945
1086967
1086974
1086989
1086990
1087001
1087026
1087034
1087042
1087055
1087060
1087087
1087093
1087104
1087116
1087129
1087131
1087147
1087150
1087173
1087182
1087198
1087200
1087213
1087225
1087232
1087248
1087254
1087269
1087276
1087281
1087297
1087305
1087318
1087337
1087343
1087351
1087366
1087384
1087392
1087408
1087427
1087439
1087440
1087453
1087462
1087471
1087486
1087495
1087506
1087512
1087521
1087533
1087549
1087557
1087568
1087570
1087585
1087594
1087609
1087617
1087624
1087638
1087646
1087652
1087663
1087675
1087691
1087707
1087710
1087728
1087735
1087744
1087756
1087772
1087783
1087799
1087803
1087811
1087822
1087836
1087845
1087858
1087867
1087874
1087889
1087890
1087902
1087915
1087923
1087941
1087959
1087964
1087977
1087988
1087996
1088016
1088029
1088031
1088047
1088050
1088065
1088073
1088082
1088098
1088101
1088119
1088126
1088134
1088142
1088155
1088160
1088178
1088187
1088205
1088218
1088220
1088237
1088243
1088251
1088266
1088279
1088284
1088292
1088313
1088325
1088332
1088348
1088354
1088369
1088376
1088381
1088397
1088403
1088411
1088436
1088445
1088458
1088467
1088474
1088489
1088490
1088509
1088517
1088524
1088538
1088546
1088552
1088563
1088575
1088580
1088591
1088606
1088612
1088621
1088633
1088649
1088657
1088668
1088670
1088685
1088694
1088702
1088715
1088723
1088730
1088741
1088759
1088764
1088777
1088788
1088808
1088814
1088827
1088839
1088840
1088853
1088862
1088871
1088886
1088895
1088910
1088928
1088935
1088944
1088961
1088972
1088983
1089003
1089011
1089022
1089036
1089045
1089058
1089067
1089074
1089089
1089090
1089106
1089112
1089121
1089133
1089149
1089157
1089168
1089170
1089185
1089194
1089207
1089210
1089228
1089244
1089256
1089261
1089272
1089283
1089299
1089308
1089314
1089327
1089339
1089340
1089353
1089362
1089371
1089386
1089395
1089404
1089416
1089429
1089431
1089450
1089465
1089473
1089498
1089502
1089515
1089523
1089530
1089541
1089559
1089564
1089577
1089588
1089596
1089601
1089626
1089634
1089642
1089655
1089660
1089678
1089693
1089709
1089717
1089724
1089738
1089746
1089752
1089763
1089775
1089780
1089791
1089800
1089813
1089825
1089832
1089848
1089854
1089869
1089876
1089881
1089897
1089918
1089920
1089937
1089943
1089951
1089966
1089984
1089992
1090007
1090010
1090028
1090044
1090056
1090061
1090072
1090083
1090099
1090105
1090118
1090120
1090137
1090143
1090151
1090166
1090179
1090184
1090192
1090201
1090219
1090226
1090242
1090255
1090260
1090278
1090287
1090293
1090306
1090312
1090321
1090333
1090349
1090357
1090368
1090370
1090385
1090394
1090402
1090423
1090430
1090459
1090464
1090477
1090488
1090496
1090514
1090527
1090539
1090540
1090553
1090562
1090571
1090586
1090595
1090600
1090613
1090625
1090632
1090654
1090676
1090681
1090697
1090703
1090711
1090736
1090745
1090758
1090767
1090774
1090789
1090790
1090809
1090824
1090838
1090846
1090852
1090863
1090875
1090880
1090891
1090904
1090916
1090929
1090931
1090947
1090965
1090973
1090982
1090998
1091003
1091011
1091022
1091036
1091045
1091058
1091067
1091074
1091090
1091106
1091121
1091133
1091149
1091157
1091168
1091170
1091185
1091194
1091207
1091228
1091235
1091244
1091256
1091261
1091272
1091283
1091299
1091308
1091314
1091327
1091339
1091340
1091362
1091371
1091386
1091395
1091404
1091416
1091429
1091431
1091450
1091465
1091473
1091482
1091498
1091502
1091515
1091523
1091530
1091541
1091559
1091564
1091577
1091588
1091596
1091601
1091619
1091626
1091634
1091642
1091655
1091660
1091678
1091687
1091693
1091709
1091717
1091724
1091738
1091746
1091752
1091763
1091775
1091780
1091791
1091800
1091813
1091825
1091832
1091848
1091854
1091869
1091876
1091881
1091897
1091905
1091918
1091920
1091937
1091943
1091951
1091966
1091979
1091992
1092006
1092012
1092021
1092033
1092049
1092057
1092068
1092070
1092085
1092094
1092103
1092111
1092122
1092136
1092145
1092158
1092167
1092174
1092189
1092190
1092208
1092214
1092227
1092239
1092240
1092253
1092262
1092271
1092286
1092295
1092307
1092328
1092335
1092344
1092356
1092361
1092372
1092383
1092399
1092400
1092413
1092425
1092432
1092448
1092454
1092469
1092476
1092481
1092497
1092501
1092519
1092526
1092534
1092542
1092555
1092560
1092578
1092587
1092593
1092602
1092615
1092623
1092630
1092641
1092659
1092664
1092677
1092688
1092696
1092705
1092718
1092720
1092737
1092743
1092751
1092766
1092779
1092784
1092792
1092804
1092816
1092829
1092831
1092847
1092850
1092865
1092873
1092882
1092898
1092909
1092917
1092924
1092938
1092946
1092975
1092980
1093000
1093013
1093025
1093032
1093048
1093054
1093069
1093081
1093097
1093102
1093115
1093130
1093141
1093164
1093177
1093188
1093196
1093209
1093217
1093224
1093246
1093252
1093263
1093275
1093280
1093291
1093304
1093316
1093329
1093331
1093347
1093350
1093365
1093373
1093382
1093398
1093406
1093412
1093421
1093433
1093449
1093457
1093468
1093470
1093485
1093518
1093520
1093543
1093551
1093566
1093579
1093584
1093592
1093603
1093611
1093622
1093636
1093645
1093658
1093667
1093674
1093689
1093690
1093701
1093719
1093726
1093734
1093755
1093760
1093778
1093787
1093793
1093807
1093810
1093828
1093835
1093844
1093856
1093861
1093883
1093899
1093908
1093927
1093939
1093940
1093953
1093962
1093971
1093986
1093995
1094005
1094018
1094020
1094037
1094051
1094066
1094079
1094092
1094110
1094128
1094135
1094144
1094156
1094161
1094172
1094183
1094199
1094206
1094212
1094221
1094249
1094257
1094268
1094270
1094285
1094294
1094301
1094319
1094326
1094334
1094342
1094355
1094360
1094378
1094387
1094393
1094409
1094417
1094424
1094438
1094446
1094452
1094463
1094475
1094480
1094491
1094500
1094513
1094525
1094532
1094548
1094554
1094576
1094581
1094597
1094608
1094614
1094627
1094639
1094640
1094653
1094662
1094686
1094695
1094704
1094729
1094731
1094747
1094750
1094765
1094773
1094782
1094798
1094802
1094815
1094823
1094830
1094841
1094859
1094864
1094877
1094888
1094896
1094903
1094911
1094922
1094936
1094945
1094958
1094967
1094974
1094989
1094990
1095004
1095016
1095029
1095031
1095047
1095050
1095065
1095073
1095082
1095098
1095101
1095119
1095126
1095134
1095142
1095155
1095160
1095178
1095187
1095193
1095205
1095218
1095220
1095237
1095243
1095251
1095266
1095279
1095284
1095300
1095313
1095348
1095354
1095376
1095381
1095397
1095403
1095411
1095422
1095436
1095445
1095458
1095467
1095474
1095490
1095517
1095524
1095538
1095546
1095552
1095563
1095575
1095580
1095591
1095606
1095612
1095621
1095633
1095649
1095657
1095668
1095670
1095685
1095694
1095702
1095715
1095723
1095730
1095741
1095759
1095764
1095777
1095788
1095796
1095808
1095814
1095827
1095839
1095840
1095853
1095862
1095871
1095886
1095895
1095907
1095910
1095928
1095935
1095944
1095956
1095972
1095983
1095999
1096002
1096015
1096041
1096059
1096064
1096077
1096096
1096100
1096113
1096125
1096132
1096148
1096169
1096176
1096181
1096197
1096204
1096216
1096229
1096231
1096247
1096265
1096273
1096309
1096317
1096338
1096346
1096363
1096375
1096380
1096391
1096407
1096410
1096428
1096435
1096444
1096456
1096461
1096472
1096483
1096499
1096511
1096522
1096536
1096545
1096558
1096574
1096589
1096590
1096605
1096618
1096620
1096637
1096643
1096666
1096684
1096692
1096708
1096714
1096727
1096739
1096740
1096753
1096762
1096771
1096786
1096795
1096806
1096821
1096849
1096857
1096868
1096870
1096885
1096894
1096901
1096919
1096926
1096934
1096955
1096960
1096978
1096987
1097009
1097017
1097024
1097046
1097052
1097063
1097075
1097080
1097091
1097108
1097114
1097127
1097140
1097153
1097162
1097171
1097186
1097195
1097203
1097211
1097222
1097245
1097267
1097274
1097289
1097290
1097302
1097315
1097323
1097330
1097341
1097359
1097364
1097377
1097388
1097396
1097405
1097418
1097420
1097437
1097443
1097466
1097479
1097492
1097504
1097516
1097529
1097531
1097547
1097550
1097565
1097573
1097582
1097607
1097610
1097628
1097635
1097644
1097656
1097661
1097672
1097683
1097699
1097700
1097713
1097725
1097732
1097754
1097769
1097776
1097781
1097797
1097801
1097819
1097826
1097834
1097842
1097855
1097860
1097878
1097887
1097893
1097906
1097912
1097933
1097949
1097957
1097968
1097970
1097985
1097994
1098008
1098014
1098027
1098039
1098040
1098053
1098071
1098086
1098095
1098109
1098117
1098124
1098138
1098146
1098152
1098163
1098175
1098180
1098191
1098202
1098223
1098230
1098241
1098259
1098264
1098277
1098288
1098296
1098303
1098311
1098322
1098336
1098345
1098358
1098367
1098389
1098390
1098401
1098419
1098426
1098434
1098455
1098460
1098478
1098493
1098507
1098510
1098528
1098535
1098556
1098561
1098572
1098583
1098599
1098604
1098616
1098629
1098631
1098647
1098650
1098673
1098682
1098698
1098706
1098712
1098721
1098733
1098749
1098757
1098768
1098770
1098785
1098794
1098805
1098818
1098820
1098837
1098843
1098851
1098866
1098879
1098892
1098900
1098913
1098925
1098932
1098948
1098954
1098969
1098981
1098997
1099001
1099019
1099026
1099034
1099042
1099055
1099060
1099078
1099087
1099093
1099104
1099129
1099131
1099147
1099150
1099165
1099173
1099182
1099198
1099200
1099213
1099225
1099248
1099254
1099269
1099276
1099281
1099297
1099305
1099318
1099320
1099337
1099343
1099351
1099366
1099379
1099384
1099392
1099408
1099414
1099427
1099439
1099440
1099453
1099462
1099471
1099506
1099512
1099521
1099533
1099557
1099568
1099570
1099585
1099594
1099609
1099617
1099624
1099638
1099646
1099663
1099675
1099680
1099691
1099707
1099710
1099735
1099744
1099761
1099772
1099783
1099799
1099803
1099811
1099836
1099845
1099858
1099867
1099874
1099889
1099890
1099902
1099915
1099923
1099930
1099941
1099959
1099964
1099977
1099988
1099996
1067325
