3300007
3300010
3300044
3300061
3300072
3300120
3300137
3300166
3300184
3300192
3300219
3300226
3300234
3300242
3300260
3300278
3300293
3300306
3300321
3300370
3300394
3300415
3300441
3300464
3300477
3300514
3300539
3300562
3300595
3300600
3300625
3300648
3300676
3300703
3300711
3300722
3300736
3300745
3300758
3300767
3300789
3300809
3300838
3300846
3300852
3300863
3300875
3300891
3300904
3300916
3300931
3300950
3301003
3301022
3301036
3301045
3301058
3301067
3301106
3301112
3301121
3301133
3301168
3301170
3301185
3301207
3301210
3301235
3301244
3301256
3301261
3301272
3301283
3301299
3301314
3301339
3301340
3301386
3301395
3301404
3301447
3301465
3301473
3301482
3301559
3301577
3301588
3301601
3301626
3301634
3301642
3301655
3301660
3301687
3301717
3301724
3301881
3301937
3301943
3301966
3301979
3302033
3302068
3302111
3302122
3302214
3302239
3302253
3302307
3302310
3302335
3302344
3302361
3302372
3302399
3302425
3302469
3302481
3302519
3302526
3302560
3302587
3302593
3302602
3302641
3302659
3302664
3302696
3302720
3302784
3302829
3302847
3302873
3302898
3302909
3302917
3302938
3302946
3302975
3302980
3302991
3303000
3303032
3303048
3303076
3303102
3303115
3303123
3303141
3303164
3303177
3303188
3303217
3303238
3303246
3303263
3303291
3303304
3303373
3303421
3303433
3303449
3303494
3303518
3303520
3303543
3303566
3303584
3303592
3303603
3303611
3303622
3303636
3303674
3303689
3303690
3303701
3303719
3303760
3303778
3303787
3303807
3303828
3303835
3303844
3303872
3303899
3303908
3303939
3303940
3303953
3303962
3303971
3303986
3303995
3304043
3304079
3304084
3304107
3304144
3304156
3304206
3304212
3304221
3304257
3304268
3304270
3304294
3304301
3304326
3304342
3304378
3304409
3304446
3304463
3304475
3304480
3304491
3304500
3304513
3304525
3304554
3304581
3304597
3304627
3304639
3304653
3304662
3304695
3304716
3304731
3304815
3304823
3304830
3304841
3304903
3304936
3304945
3304967
3304989
3305004
3305029
3305047
3305065
3305073
3305101
3305134
3305142
3305178
3305193
3305237
3305266
3305279
3305292
3305313
3305332
3305348
3305381
3305403
3305411
3305422
3305445
3305474
3305489
3305490
3305509
3305517
3305538
3305552
3305563
3305612
3305633
3305649
3305657
3305715
3305723
3305730
3305741
3305853
3305895
3305928
3305935
3305972
3305983
3305999
3306002
3306023
3306030
3306064
3306077
3306096
3306113
3306132
3306154
3306169
3306197
3306216
3306231
3306265
3306273
3306298
3306309
3306363
3306380
3306410
3306444
3306456
3306461
3306472
3306499
3306503
3306545
3306574
3306589
3306590
3306605
3306637
3306651
3306666
3306692
3306708
3306714
3306727
3306739
3306753
3306762
3306786
3306806
3306821
3306833
3306868
3306894
3306901
3306942
3306955
3306987
3306993
3307009
3307038
3307063
3307091
3307139
3307211
3307236
3307245
3307267
3307274
3307290
3307302
3307315
3307330
3307341
3307359
3307377
3307388
3307405
3307418
3307437
3307484
3307504
3307531
3307573
3307582
3307598
3307635
3307644
3307683
3307699
3307700
3307732
3307754
3307769
3307781
3307797
3307826
3307906
3307933
3307949
3307970
3307985
3307994
3308008
3308014
3308027
3308039
3308071
3308095
3308109
3308117
3308124
3308152
3308163
3308191
3308202
3308215
3308223
3308230
3308259
3308264
3308277
3308296
3308311
3308345
3308358
3308401
3308419
3308426
3308455
3308487
3308493
3308535
3308556
3308561
3308572
3308583
3308599
3308631
3308647
3308650
3308673
3308682
3308712
3308733
3308785
3308794
3308805
3308818
3308837
3308843
3308851
3308866
3308884
3308892
3308925
3308932
3308976
3308981
3309026
3309055
3309060
3309078
3309093
3309116
3309131
3309165
3309200
3309225
3309269
3309305
3309318
3309343
3309351
3309414
3309439
3309440
3309453
3309462
3309471
3309486
3309506
3309512
3309521
3309533
3309568
3309570
3309594
3309624
3309646
3309652
3309675
3309744
3309756
3309761
3309772
3309799
3309811
3309822
3309845
3309902
3309915
3309941
3309988
3310009
3310038
3310046
3310063
3310080
3310091
3310127
3310140
3310162
3310211
3310267
3310274
3310302
3310330
3310359
3310396
3310420
3310451
3310466
3310484
3310492
3310504
3310516
3310531
3310550
3310573
3310644
3310672
3310699
3310713
3310725
3310748
3310754
3310819
3310842
3310878
3310887
3310912
3310933
3310949
3310957
3311013
3311025
3311032
3311048
3311054
3311076
3311097
3311102
3311115
3311123
3311130
3311141
3311177
3311209
3311217
3311238
3311246
3311252
3311280
3311291
3311304
3311331
3311347
3311373
3311382
3311406
3311412
3311421
3311433
3311449
3311468
3311470
3311505
3311518
3311520
3311543
3311566
3311592
3311611
3311658
3311667
3311674
3311689
3311690
3311701
3311719
3311726
3311742
3311778
3311807
3311810
3311835
3311872
3311883
3311899
3311908
3311939
3311953
3311962
3311971
3311986
3311995
3312015
3312030
3312077
3312088
3312096
3312113
3312154
3312176
3312216
3312229
3312231
3312247
3312250
3312309
3312324
3312352
3312375
3312380
3312428
3312444
3312483
3312499
3312511
3312536
3312589
3312620
3312684
3312714
3312727
3312740
3312771
3312849
3312857
3312901
3312919
3312926
3312942
3312987
3312993
3313010
3313028
3313035
3313044
3313061
3313072
3313105
3313118
3313120
3313143
3313166
3313179
3313201
3313226
3313242
3313255
3313260
3313278
3313293
3313306
3313357
3313368
3313385
3313394
3313402
3313423
3313441
3313459
3313464
3313477
3313488
3313508
3313514
3313539
3313540
3313553
3313571
3313600
3313613
3313632
3313654
3313676
3313703
3313711
3313745
3313758
3313767
3313774
3313790
3313809
3313817
3313852
3313875
3313891
3313904
3313916
3313929
3313931
3313947
3313965
3313982
3313998
3314008
3314039
3314040
3314053
3314109
3314124
3314152
3314163
3314180
3314191
3314202
3314215
3314230
3314241
3314288
3314345
3314390
3314401
3314426
3314442
3314455
3314460
3314478
3314493
3314507
3314535
3314556
3314572
3314604
3314629
3314631
3314647
3314650
3314698
3314712
3314749
3314757
3314770
3314785
3314837
3314866
3314879
3314884
3314892
3314913
3314925
3314932
3314954
3314976
3314981
3315012
3315033
3315070
3315085
3315103
3315136
3315145
3315158
3315214
3315240
3315262
3315271
3315307
3315310
3315335
3315356
3315361
3315399
3315400
3315448
3315454
3315469
3315476
3315534
3315542
3315555
3315560
3315587
3315615
3315623
3315659
3315664
3315688
3315696
3315705
3315718
3315751
3315766
3315804
3315816
3315850
3315865
3315909
3315924
3315938
3315946
3315952
3315980
3315991
3316005
3316037
3316051
3316107
3316144
3316161
3316183
3316199
3316233
3316249
3316268
3316270
3316285
3316294
3316319
3316326
3316334
3316342
3316355
3316393
3316409
3316424
3316438
3316446
3316452
3316463
3316480
3316500
3316532
3316548
3316554
3316569
3316581
3316608
3316614
3316639
3316653
3316662
3316671
3316695
3316716
3316765
3316798
3316802
3316823
3316859
3316864
3316877
3316903
3316922
3316936
3316945
3316974
3316989
3316990
3317001
3317019
3317034
3317042
3317055
3317060
3317093
3317104
3317116
3317131
3317147
3317213
3317232
3317254
3317269
3317305
3317318
3317320
3317384
3317392
3317427
3317439
3317462
3317506
3317533
3317549
3317570
3317585
3317594
3317609
3317617
3317638
3317652
3317691
3317710
3317728
3317735
3317803
3317889
3317915
3317923
3317930
3317941
3317959
3317977
3317996
3318004
3318016
3318029
3318047
3318065
3318101
3318126
3318134
3318142
3318155
3318193
3318218
3318220
3318251
3318266
3318279
3318284
3318292
3318300
3318354
3318369
3318376
3318467
3318474
3318489
3318509
3318524
3318538
3318552
3318580
3318591
3318612
3318621
3318649
3318668
3318670
3318685
3318694
3318777
3318808
3318840
3318853
3318862
3318895
3318907
3318956
3318972
3318983
3318999
3319003
3319036
3319067
3319090
3319106
3319121
3319133
3319149
3319185
3319207
3319244
3319261
3319272
3319283
3319299
3319314
3319340
3319353
3319395
3319416
3319429
3319431
3319447
3319498
3319502
3319515
3319588
3319596
3319601
3319619
3319626
3319655
3319678
3319693
3319709
3319746
3319763
3319775
3319791
3319813
3319825
3319832
3319848
3319876
3319897
3319918
3319920
3319937
3319951
3319966
3319979
3319984
3319992
3320008
3320039
3320053
3320071
3320095
3320109
3320117
3320138
3320146
3320152
3320163
3320180
3320230
3320241
3320259
3320264
3320277
3320296
3320311
3320345
3320358
3320434
3320460
3320478
3320487
3320493
3320528
3320556
3320616
3320629
3320650
3320721
3320749
3320805
3320818
3320837
3320843
3320851
3320866
3320884
3320892
3320900
3320932
3320954
3320997
3321006
3321021
3321033
3321057
3321068
3321070
3321094
3321111
3321145
3321158
3321189
3321190
3321208
3321239
3321240
3321253
3321262
3321286
3321307
3321328
3321335
3321361
3321372
3321383
3321413
3321425
3321432
3321454
3321469
3321476
3321481
3321497
3321519
3321534
3321555
3321593
3321602
3321623
3321641
3321696
3321705
3321743
3321751
3321766
3321792
3321804
3321816
3321831
3321850
3321898
3321924
3321946
3321952
3321963
3321975
3321991
3322003
3322022
3322036
3322045
3322058
3322067
3322090
3322112
3322121
3322149
3322157
3322168
3322170
3322228
3322256
3322261
3322272
3322283
3322314
3322327
3322339
3322353
3322362
3322371
3322395
3322404
3322447
3322482
3322498
3322523
3322530
3322596
3322634
3322642
3322655
3322660
3322724
3322738
3322746
3322752
3322763
3322775
3322800
3322825
3322876
3322920
3322937
3322943
3322951
3322966
3322979
3322984
3323004
3323016
3323047
3323065
3323073
3323101
3323126
3323142
3323178
3323187
3323193
3323205
3323220
3323251
3323266
3323279
3323284
3323292
3323332
3323348
3323354
3323381
3323397
3323411
3323436
3323467
3323509
3323517
3323524
3323538
3323552
3323563
3323575
3323580
3323606
3323649
3323657
3323685
3323741
3323764
3323796
3323808
3323814
3323827
3323839
3323853
3323862
3323871
3323895
3323928
3323944
3323956
3323961
3323983
3324052
3324080
3324114
3324127
3324139
3324140
3324171
3324186
3324211
3324222
3324274
3324289
3324302
3324315
3324323
3324330
3324377
3324388
3324420
3324437
3324479
3324504
3324529
3324547
3324550
3324573
3324607
3324610
3324656
3324661
3324672
3324725
3324732
3324748
3324769
3324781
3324842
3324855
3324878
3324893
3324906
3324912
3324921
3324949
3324957
3324968
3324985
3324994
3325013
3325054
3325076
3325115
3325130
3325141
3325177
3325188
3325209
3325217
3325246
3325252
3325275
3325291
3325316
3325329
3325350
3325382
3325398
3325406
3325412
3325421
3325449
3325457
3325485
3325494
3325566
3325579
3325592
3325611
3325636
3325645
3325690
3325701
3325719
3325726
3325760
3325787
3325793
3325810
3325828
3325835
3325856
3325861
3325883
3325908
3325939
3325940
3325962
3325986
3326019
3326034
3326055
3326093
3326116
3326147
3326150
3326165
3326173
3326182
3326198
3326200
3326213
3326225
3326248
3326254
3326269
3326276
3326281
3326297
3326305
3326318
3326351
3326366
3326392
3326414
3326440
3326453
3326471
3326486
3326495
3326506
3326512
3326521
3326533
3326549
3326568
3326570
3326585
3326609
3326638
3326646
3326652
3326675
3326680
3326691
3326710
3326728
3326744
3326772
3326783
3326799
3326803
3326811
3326836
3326845
3326867
3326915
3326930
3326959
3326964
3326977
3326988
3326996
3327018
3327020
3327051
3327066
3327079
3327084
3327107
3327128
3327144
3327161
3327183
3327199
3327212
3327249
3327257
3327268
3327294
3327301
3327326
3327342
3327355
3327438
3327452
3327480
3327513
3327525
3327532
3327569
3327576
3327581
3327597
3327627
3327639
3327653
3327662
3327671
3327695
3327716
3327729
3327731
3327747
3327750
3327765
3327773
3327802
3327815
3327859
3327864
3327903
3327922
3327958
3327967
3327990
3328007
3328056
3328061
3328072
3328083
3328099
3328118
3328120
3328137
3328166
3328179
3328192
3328219
3328226
3328242
3328260
3328287
3328306
3328312
3328321
3328349
3328368
3328385
3328394
3328402
3328430
3328441
3328464
3328496
3328514
3328527
3328539
3328540
3328571
3328586
3328600
3328632
3328669
3328697
3328703
3328711
3328722
3328758
3328767
3328774
3328809
3328817
3328824
3328846
3328863
3328875
3328904
3328916
3328947
3328965
3328973
3328982
3328998
3329023
3329030
3329041
3329059
3329064
3329077
3329088
3329096
3329132
3329148
3329154
3329169
3329176
3329181
3329197
3329229
3329250
3329265
3329282
3329298
3329309
3329346
3329380
3329391
3329407
3329410
3329435
3329444
3329456
3329461
3329472
3329483
3329536
3329545
3329558
3329574
3329590
3329605
3329618
3329637
3329643
3329666
3329679
3329684
3329708
3329753
3329762
3329795
3329812
3329849
3329857
3329885
3329894
3329901
3329934
3329942
3329960
3329978
3329987
3330004
3330016
3330029
3330031
3330050
3330065
3330082
3330101
3330134
3330160
3330178
3330187
3330237
3330243
3330284
3330313
3330348
3330397
3330422
3330436
3330445
3330458
3330467
3330489
3330517
3330524
3330538
3330552
3330612
3330621
3330657
3330685
3330702
3330730
3330741
3330759
3330764
3330777
3330788
3330808
3330839
3330840
3330853
3330862
3330871
3330886
3330907
3330956
3330972
3330999
3331015
3331030
3331041
3331059
3331077
3331088
3331096
3331100
3331125
3331169
3331176
3331181
3331197
3331204
3331231
3331247
3331250
3331273
3331298
3331309
3331324
3331346
3331352
3331375
3331407
3331435
3331444
3331461
3331472
3331483
3331567
3331589
3331605
3331620
3331637
3331643
3331651
3331679
3331684
3331708
3331739
3331740
3331762
3331771
3331806
3331821
3331833
3331849
3331857
3331868
3331870
3331885
3331894
3331901
3331919
3331926
3331934
3331942
3331955
3331960
3331987
3332000
3332013
3332054
3332069
3332076
3332081
3332097
3332102
3332115
3332159
3332196
3332263
3332275
3332291
3332304
3332316
3332329
3332331
3332347
3332421
3332433
3332449
3332457
3332470
3332485
3332520
3332537
3332543
3332566
3332579
3332584
3332603
3332622
3332674
3332690
3332701
3332726
3332734
3332755
3332760
3332793
3332807
3332810
3332828
3332835
3332844
3332861
3332883
3332914
3332940
3332971
3333006
3333049
3333057
3333070
3333085
3333094
3333103
3333111
3333122
3333167
3333189
3333190
3333227
3333239
3333240
3333262
3333271
3333286
3333295
3333307
3333356
3333361
3333372
3333383
3333413
3333425
3333454
3333481
3333497
3333519
3333526
3333542
3333578
3333630
3333641
3333677
3333688
3333696
3333718
3333720
3333784
3333816
3333829
3333831
3333847
3333850
3333865
3333873
3333909
3333917
3333946
3333952
3334001
3334019
3334034
3334060
3334087
3334173
3334200
3334213
3334225
3334248
3334269
3334281
3334318
3334320
3334337
3334343
3334351
3334366
3334379
3334408
3334414
3334427
3334439
3334462
3334521
3334533
3334549
3334557
3334594
3334617
3334624
3334638
3334646
3334652
3334680
3334707
3334710
3334735
3334744
3334756
3334772
3334799
3334803
3334811
3334845
3334867
3334889
3334930
3334941
3334996
3335010
3335044
3335072
3335083
3335099
3335120
3335137
3335143
3335151
3335184
3335234
3335255
3335260
3335278
3335306
3335357
3335385
3335394
3335402
3335415
3335423
3335464
3335496
3335514
3335539
3335540
3335571
3335632
3335654
3335669
3335681
3335711
3335722
3335736
3335767
3335789
3335875
3335891
3335904
3335916
3335931
3335947
3335950
3335965
3335998
3336003
3336011
3336045
3336067
3336089
3336106
3336112
3336133
3336149
3336194
3336207
3336210
3336283
3336299
3336314
3336327
3336339
3336340
3336362
3336371
3336395
3336416
3336447
3336465
3336502
3336530
3336541
3336559
3336564
3336577
3336588
3336596
3336634
3336687
3336709
3336752
3336763
3336775
3336791
3336800
3336813
3336825
3336876
3336881
3336918
3336920
3336966
3336979
3336984
3336992
3337008
3337027
3337039
3337053
3337095
3337117
3337124
3337138
3337175
3337180
3337191
3337230
3337241
3337264
3337336
3337345
3337390
3337434
3337460
3337478
3337493
3337507
3337528
3337544
3337556
3337561
3337583
3337616
3337629
3337647
3337650
3337682
3337712
3337721
3337733
3337757
3337768
3337770
3337818
3337820
3337851
3337866
3337892
3337900
3337925
3337932
3337954
3337976
3337981
3338017
3338024
3338038
3338075
3338080
3338091
3338108
3338114
3338139
3338162
3338171
3338195
3338211
3338222
3338236
3338245
3338267
3338289
3338315
3338330
3338341
3338364
3338377
3338396
3338405
3338418
3338420
3338443
3338466
3338479
3338529
3338531
3338550
3338565
3338573
3338582
3338598
3338607
3338610
3338635
3338644
3338683
3338699
3338748
3338769
3338776
3338797
3338819
3338834
3338842
3338860
3338878
3338887
3338906
3338912
3338921
3338968
3338994
3339005
3339018
3339020
3339043
3339084
3339212
3339221
3339268
3339285
3339301
3339319
3339342
3339355
3339360
3339393
3339409
3339424
3339438
3339452
3339463
3339480
3339500
3339548
3339569
3339608
3339614
3339640
3339653
3339662
3339671
3339716
3339731
3339750
3339765
3339773
3339782
3339802
3339815
3339830
3339841
3339864
3339877
3339888
3339896
3339936
3339945
3339974
3339989
3339990
3340013
3340025
3340048
3340076
3340102
3340115
3340123
3340130
3340196
3340217
3340224
3340246
3340263
3340275
3340280
3340291
3340304
3340347
3340350
3340365
3340373
3340406
3340412
3340421
3340449
3340468
3340470
3340494
3340505
3340537
3340543
3340551
3340584
3340622
3340636
3340658
3340667
3340674
3340690
3340701
3340719
3340755
3340760
3340787
3340810
3340828
3340861
3340872
3340883
3340908
3340914
3340927
3340940
3340953
3340962
3340971
3341001
3341019
3341034
3341055
3341078
3341104
3341131
3341147
3341165
3341173
3341232
3341269
3341276
3341366
3341379
3341384
3341392
3341414
3341427
3341486
3341495
3341506
3341533
3341549
3341557
3341568
3341570
3341594
3341617
3341624
3341663
3341680
3341707
3341756
3341811
3341822
3341836
3341858
3341874
3341889
3341890
3341902
3341915
3341923
3342029
3342047
3342073
3342082
3342126
3342155
3342160
3342178
3342187
3342205
3342220
3342237
3342251
3342266
3342279
3342284
3342292
3342325
3342332
3342348
3342369
3342376
3342381
3342411
3342422
3342445
3342458
3342467
3342474
3342489
3342509
3342524
3342538
3342546
3342552
3342575
3342580
3342591
3342606
3342612
3342621
3342633
3342657
3342702
3342723
3342730
3342741
3342759
3342788
3342796
3342808
3342814
3342839
3342840
3342871
3342895
3342907
3342944
3342956
3342961
3342983
3343003
3343011
3343058
3343074
3343106
3343112
3343121
3343149
3343168
3343170
3343235
3343244
3343261
3343272
3343299
3343327
3343340
3343362
3343386
3343416
3343473
3343498
3343559
3343596
3343601
3343626
3343642
3343660
3343678
3343687
3343693
3343717
3343724
3343763
3343780
3343813
3343832
3343848
3343905
3343920
3343937
3343951
3343966
3344015
3344030
3344041
3344088
3344096
3344100
3344113
3344125
3344169
3344176
3344197
3344204
3344216
3344229
3344250
3344352
3344363
3344391
3344410
3344428
3344456
3344503
3344511
3344567
3344590
3344605
3344620
3344666
3344684
3344692
3344739
3344753
3344762
3344771
3344806
3344821
3344870
3344885
3344894
3344901
3344942
3344978
3344987
3345008
3345053
3345086
3345109
3345117
3345124
3345163
3345180
3345191
3345223
3345259
3345288
3345303
3345322
3345336
3345345
3345389
3345390
3345401
3345419
3345434
3345478
3345510
3345544
3345556
3345561
3345583
3345631
3345650
3345665
3345673
3345682
3345712
3345721
3345757
3345768
3345785
3345818
3345820
3345851
3345925
3346012
3346070
3346094
3346103
3346111
3346136
3346145
3346158
3346167
3346174
3346189
3346190
3346208
3346227
3346240
3346253
3346262
3346286
3346295
3346310
3346328
3346335
3346344
3346361
3346372
3346383
3346425
3346432
3346448
3346481
3346497
3346526
3346542
3346578
3346602
3346705
3346751
3346766
3346779
3346792
3346816
3346829
3346831
3346850
3346865
3346898
3346909
3346917
3346924
3346946
3346952
3346963
3346975
3346991
3347007
3347010
3347056
3347083
3347099
3347105
3347120
3347137
3347143
3347151
3347184
3347201
3347219
3347242
3347255
3347260
3347293
3347306
3347333
3347370
3347415
3347423
3347430
3347441
3347477
3347488
3347496
3347527
3347539
3347540
3347553
3347571
3347586
3347625
3347632
3347648
3347654
3347676
3347681
3347697
3347722
3347745
3347767
3347790
3347809
3347817
3347838
3347846
3347852
3347863
3347891
3347929
3347931
3347947
3347950
3348005
3348018
3348020
3348043
3348051
3348092
3348110
3348161
3348172
3348183
3348199
3348212
3348221
3348233
3348257
3348270
3348285
3348294
3348319
3348326
3348355
3348409
3348452
3348463
3348491
3348513
3348525
3348532
3348548
3348569
3348576
3348581
3348608
3348627
3348639
3348640
3348653
3348662
3348704
3348729
3348830
3348841
3348859
3348911
3348922
3348936
3348945
3348958
3348967
3348989
3349009
3349017
3349024
3349075
3349114
3349127
3349140
3349162
3349171
3349186
3349195
3349236
3349245
3349267
3349323
3349388
3349396
3349420
3349451
3349504
3349531
3349547
3349550
3349582
3349607
3349610
3349635
3349644
3349656
3349661
3349699
3349732
3349754
3349769
3349776
3349781
3349801
3349819
3349826
3349834
3349842
3349855
3349878
3349887
3349906
3349921
3349933
3349985
3349994
3350011
3350036
3350067
3350074
3350089
3350090
3350106
3350112
3350121
3350133
3350157
3350170
3350185
3350228
3350256
3350261
3350283
3350299
3350314
3350340
3350371
3350386
3350395
3350404
3350429
3350431
3350482
3350498
3350515
3350523
3350530
3350541
3350588
3350601
3350626
3350634
3350655
3350678
3350693
3350709
3350717
3350738
3350746
3350752
3350775
3350800
3350813
3350848
3350869
3350876
3350897
3350918
3350937
3350966
3350979
3350992
3351009
3351024
3351052
3351063
3351080
3351114
3351139
3351162
3351186
3351195
3351211
3351258
3351274
3351290
3351302
3351323
3351330
3351359
3351388
3351396
3351418
3351420
3351443
3351466
3351516
3351529
3351531
3351582
3351598
3351610
3351628
3351656
3351661
3351672
3351699
3351713
3351732
3351748
3351754
3351776
3351781
3351797
3351819
3351855
3351878
3351906
3351921
3351957
3351968
3351970
3351985
3351994
3352008
3352014
3352039
3352040
3352053
3352086
3352109
3352117
3352124
3352138
3352175
3352180
3352191
3352241
3352259
3352264
3352277
3352303
3352345
3352358
3352374
3352389
3352390
3352401
3352426
3352455
3352460
3352478
3352487
3352493
3352556
3352561
3352572
3352616
3352631
3352650
3352682
3352721
3352733
3352749
3352757
3352785
3352794
3352818
3352820
3352866
3352884
3352892
3352913
3352925
3352969
3352976
3353001
3353019
3353026
3353060
3353093
3353165
3353182
3353198
3353200
3353213
3353225
3353232
3353248
3353254
3353281
3353305
3353320
3353392
3353408
3353414
3353427
3353439
3353440
3353453
3353462
3353471
3353486
3353506
3353512
3353521
3353557
3353585
3353609
3353617
3353624
3353638
3353663
3353675
3353680
3353691
3353735
3353756
3353799
3353858
3353889
3353902
3353923
3353930
3353977
3354012
3354021
3354033
3354049
3354057
3354094
3354122
3354136
3354189
3354214
3354239
3354286
3354295
3354307
3354328
3354399
3354400
3354413
3354432
3354481
3354526
3354542
3354555
3354578
3354587
3354593
3354602
3354659
3354664
3354677
3354688
3354696
3354720
3354743
3354779
3354816
3354829
3354831
3354850
3354873
3354882
3354898
3354946
3354952
3354963
3354975
3354980
3355005
3355018
3355020
3355037
3355051
3355066
3355107
3355128
3355135
3355156
3355206
3355221
3355257
3355270
3355319
3355326
3355342
3355355
3355387
3355438
3355452
3355513
3355532
3355614
3355640
3355671
3355695
3355716
3355747
3355765
3355802
3355823
3355841
3355859
3355877
3355888
3355896
3355903
3355911
3355922
3355936
3355958
3355967
3355974
3355989
3355990
3356016
3356065
3356073
3356082
3356101
3356119
3356126
3356134
3356142
3356155
3356160
3356178
3356187
3356193
3356205
3356220
3356243
3356266
3356279
3356292
3356313
3356369
3356381
3356397
3356436
3356546
3356563
3356575
3356580
3356591
3356612
3356649
3356668
3356685
3356715
3356741
3356777
3356796
3356827
3356840
3356862
3356895
3356907
3356910
3356928
3356956
3356972
3357000
3357013
3357025
3357032
3357054
3357069
3357081
3357102
3357115
3357123
3357159
3357164
3357177
3357188
3357196
3357238
3357246
3357252
3357291
3357316
3357329
3357331
3357365
3357373
3357398
3357406
3357412
3357421
3357433
3357457
3357468
3357505
3357551
3357566
3357584
3357592
3357603
3357611
3357645
3357667
3357674
3357689
3357690
3357701
3357719
3357755
3357760
3357778
3357807
3357810
3357835
3357844
3357856
3357872
3357899
3357908
3357927
3357971
3357986
3357995
3358002
3358023
3358030
3358041
3358064
3358077
3358096
3358169
3358176
3358204
3358216
3358229
3358231
3358247
3358250
3358265
3358273
3358309
3358317
3358346
3358375
3358410
3358428
3358444
3358472
3358483
3358499
3358503
3358511
3358536
3358545
3358558
3358567
3358574
3358590
3358605
3358618
3358637
3358643
3358651
3358666
3358679
3358684
3358692
3358708
3358714
3358739
3358771
3358833
3358849
3358857
3358868
3358870
3358885
3358901
3358919
3358926
3358934
3358942
3358978
3358993
3359007
3359035
3359044
3359056
3359061
3359083
3359099
3359118
3359120
3359179
3359184
3359192
3359201
3359226
3359234
3359278
3359287
3359293
3359306
3359402
3359415
3359423
3359441
3359459
3359464
3359477
3359496
3359514
3359527
3359540
3359553
3359562
3359586
3359595
3359600
3359632
3359654
3359669
3359676
3359703
3359711
3359736
3359745
3359758
3359767
3359774
3359789
3359790
3359809
3359846
3359875
3359880
3359891
3359916
3359929
3359950
3359965
3359982
3360026
3360055
3360087
3360129
3360131
3360165
3360198
3360200
3360213
3360269
3360276
3360281
3360297
3360318
3360337
3360366
3360379
3360392
3360414
3360440
3360462
3360471
3360521
3360549
3360594
3360609
3360624
3360638
3360652
3360675
3360680
3360707
3360710
3360735
3360744
3360772
3360783
3360799
3360811
3360822
3360915
3360923
3360930
3360941
3360959
3360964
3360977
3360988
3361007
3361056
3361099
3361118
3361143
3361179
3361184
3361201
3361219
3361255
3361260
3361287
3361385
3361394
3361415
3361430
3361464
3361514
3361553
3361571
3361595
3361600
3361632
3361681
3361697
3361703
3361745
3361758
3361774
3361789
3361817
3361838
3361880
3361916
3361931
3361947
3361965
3361973
3362018
3362020
3362043
3362051
3362084
3362110
3362128
3362144
3362172
3362199
3362206
3362233
3362257
3362268
3362285
3362294
3362301
3362334
3362342
3362355
3362378
3362387
3362393
3362409
3362424
3362438
3362475
3362491
3362500
3362525
3362532
3362569
3362576
3362581
3362597
3362627
3362640
3362662
3362671
3362686
3362704
3362716
3362731
3362773
3362782
3362798
3362802
3362830
3362859
3362864
3362877
3362903
3362911
3362922
3362936
3362945
3362958
3362990
3363038
3363052
3363075
3363080
3363091
3363139
3363140
3363171
3363186
3363203
3363211
3363222
3363267
3363274
3363302
3363315
3363330
3363359
3363377
3363388
3363396
3363405
3363418
3363420
3363437
3363451
3363466
3363479
3363484
3363492
3363504
3363529
3363547
3363550
3363565
3363573
3363598
3363607
3363635
3363656
3363661
3363672
3363700
3363713
3363725
3363754
3363769
3363781
3363834
3363842
3363855
3363860
3363887
3363893
3363906
3363912
3363921
3363933
3363957
3363968
3363994
3364029
3364047
3364065
3364098
3364119
3364178
3364187
3364193
3364237
3364266
3364325
3364354
3364369
3364397
3364403
3364411
3364422
3364458
3364509
3364546
3364575
3364591
3364621
3364633
3364657
3364685
3364694
3364715
3364723
3364759
3364764
3364777
3364796
3364808
3364814
3364827
3364839
3364840
3364862
3364886
3364907
3364910
3364935
3364944
3364956
3364961
3364972
3364983
3365015
3365023
3365030
3365064
3365088
3365096
3365113
3365125
3365132
3365169
3365181
3365197
3365204
3365216
3365250
3365273
3365282
3365317
3365324
3365380
3365391
3365410
3365428
3365444
3365461
3365472
3365499
3365511
3365522
3365558
3365589
3365590
3365618
3365620
3365637
3365643
3365651
3365666
3365679
3365708
3365740
3365762
3365771
3365795
3365812
3365857
3365868
3365885
3365894
3365901
3365926
3365934
3365955
3365978
3366008
3366014
3366027
3366039
3366040
3366071
3366109
3366124
3366138
3366152
3366175
3366202
3366230
3366288
3366296
3366303
3366311
3366336
3366358
3366367
3366374
3366389
3366390
3366426
3366442
3366460
3366478
3366487
3366493
3366507
3366510
3366528
3366535
3366544
3366583
3366604
3366616
3366629
3366631
3366647
3366665
3366698
3366712
3366768
3366770
3366818
3366820
3366837
3366884
3366900
3366932
3366948
3366976
3366997
3367003
3367022
3367036
3367045
3367058
3367067
3367074
3367089
3367090
3367106
3367112
3367121
3367149
3367157
3367185
3367194
3367207
3367256
3367272
3367299
3367327
3367339
3367362
3367371
3367395
3367416
3367429
3367431
3367447
3367465
3367473
3367498
3367502
3367515
3367523
3367530
3367559
3367577
3367588
3367601
3367626
3367634
3367642
3367655
3367660
3367693
3367717
3367738
3367746
3367752
3367775
3367813
3367825
3367832
3367881
3367897
3367937
3367951
3367966
3367984
3367992
3368006
3368068
3368094
3368103
3368136
3368158
3368167
3368190
3368214
3368239
3368240
3368271
3368328
3368335
3368344
3368372
3368383
3368399
3368400
3368413
3368425
3368448
3368454
3368476
3368497
3368519
3368526
3368534
3368542
3368593
3368615
3368623
3368659
3368664
3368696
3368705
3368720
3368766
3368779
3368792
3368804
3368816
3368898
3368917
3368938
3368946
3368952
3368991
3369000
3369032
3369054
3369069
3369081
3369097
3369115
3369188
3369224
3369252
3369263
3369275
3369280
3369304
3369316
3369331
3369347
3369350
3369382
3369398
3369406
3369421
3369433
3369449
3369468
3369470
3369485
3369494
3369537
3369551
3369566
3369579
3369611
3369658
3369689
3369701
3369742
3369755
3369793
3369810
3369828
3369835
3369844
3369861
3369872
3369899
3369908
3369940
3369953
3369962
3369986
3370012
3370068
3370122
3370136
3370158
3370227
3370239
3370240
3370271
3370295
3370307
3370310
3370328
3370344
3370399
3370400
3370432
3370454
3370476
3370481
3370497
3370501
3370519
3370526
3370534
3370560
3370578
3370587
3370630
3370641
3370696
3370718
3370720
3370779
3370784
3370804
3370816
3370847
3370850
3370865
3370873
3370898
3370917
3370924
3370946
3370963
3370980
3371018
3371051
3371084
3371110
3371156
3371183
3371212
3371249
3371257
3371270
3371285
3371294
3371326
3371360
3371387
3371393
3371409
3371452
3371463
3371491
3371513
3371569
3371576
3371608
3371614
3371671
3371704
3371729
3371765
3371773
3371798
3371802
3371841
3371859
3371864
3371877
3371888
3371896
3371903
3371911
3371922
3371967
3372007
3372010
3372028
3372035
3372056
3372072
3372083
3372099
3372118
3372151
3372179
3372184
3372201
3372219
3372234
3372278
3372287
3372293
3372306
3372312
3372321
3372333
3372357
3372402
3372415
3372423
3372430
3372441
3372477
3372514
3372539
3372553
3372562
3372600
3372613
3372648
3372669
3372681
3372703
3372745
3372774
3372817
3372824
3372838
3372846
3372891
3372904
3372916
3372931
3372947
3372950
3372973
3372998
3373002
3373059
3373088
3373096
3373100
3373148
3373176
3373181
3373229
3373231
3373250
3373265
3373273
3373282
3373298
3373317
3373324
3373338
3373346
3373407
3373435
3373444
3373456
3373461
3373472
3373511
3373522
3373545
3373558
3373567
3373605
3373637
3373643
3373684
3373714
3373753
3373771
3373806
3373812
3373821
3373833
3373868
3373870
3373885
3373919
3373960
3373993
3374022
3374045
3374067
3374074
3374089
3374106
3374112
3374168
3374185
3374210
3374228
3374235
3374244
3374299
3374314
3374339
3374340
3374362
3374395
3374404
3374429
3374447
3374450
3374465
3374498
3374515
3374541
3374559
3374564
3374596
3374619
3374626
3374634
3374642
3374655
3374687
3374693
3374709
3374717
3374724
3374746
3374752
3374775
3374791
3374800
3374825
3374832
3374848
3374869
3374881
3374905
3374918
3374920
3374943
3374951
3374966
3375009
3375017
3375046
3375075
3375080
3375091
3375108
3375127
3375139
3375153
3375162
3375171
3375195
3375236
3375258
3375274
3375290
3375302
3375323
3375330
3375377
3375396
3375418
3375437
3375443
3375451
3375484
3375492
3375504
3375529
3375531
3375565
3375573
3375582
3375610
3375628
3375656
3375661
3375672
3375683
3375713
3375725
3375732
3375769
3375801
3375834
3375855
3375860
3375878
3375887
3375893
3375921
3375933
3375957
3375968
3375970
3375985
3376000
3376025
3376076
3376123
3376141
3376188
3376196
3376209
3376224
3376252
3376275
3376280
3376304
3376316
3376365
3376373
3376398
3376449
3376457
3376494
3376505
3376520
3376543
3376566
3376584
3376603
3376622
3376645
3376667
3376674
3376689
3376719
3376726
3376734
3376742
3376755
3376760
3376778
3376810
3376835
3376861
3376872
3376899
3376908
3376939
3376940
3376971
3376986
3377004
3377016
3377031
3377047
3377050
3377073
3377082
3377098
3377101
3377126
3377134
3377142
3377160
3377193
3377205
3377237
3377251
3377279
3377284
3377325
3377332
3377348
3377354
3377369
3377397
3377403
3377436
3377458
3377474
3377489
3377490
3377524
3377575
3377606
3377612
3377649
3377668
3377685
3377694
3377723
3377741
3377759
3377764
3377777
3377839
3377862
3377871
3377907
3377928
3377983
3377999
3378042
3378055
3378060
3378093
3378116
3378150
3378165
3378198
3378200
3378213
3378225
3378232
3378248
3378276
3378281
3378297
3378320
3378337
3378343
3378366
3378379
3378392
3378439
3378495
3378521
3378533
3378557
3378570
3378609
3378617
3378624
3378638
3378652
3378691
3378707
3378799
3378803
3378811
3378822
3378836
3378858
3378867
3378874
3378889
3378915
3378923
3378930
3378964
3378977
3378988
3378996
3379008
3379040
3379062
3379071
3379095
3379109
3379124
3379138
3379146
3379163
3379175
3379180
3379191
3379202
3379215
3379230
3379241
3379277
3379311
3379322
3379336
3379358
3379389
3379401
3379419
3379434
3379455
3379478
3379487
3379493
3379535
3379544
3379561
3379583
3379599
3379604
3379616
3379650
3379673
3379682
3379698
3379706
3379712
3379733
3379768
3379785
3379794
3379851
3379892
3379900
3379913
3379981
3380002
3380015
3380023
3380059
3380088
3380096
3380113
3380154
3380181
3380204
3380229
3380247
3380265
3380273
3380282
3380309
3380317
3380324
3380338
3380352
3380380
3380407
3380435
3380444
3380461
3380503
3380536
3380558
3380567
3380590
3380618
3380651
3380684
3380692
3380708
3380771
3380795
3380806
3380849
3380868
3380870
3380885
3380894
3380901
3380919
3380926
3380934
3380942
3380955
3380978
3380987
3380993
3381039
3381053
3381071
3381086
3381117
3381124
3381152
3381180
3381215
3381223
3381230
3381241
3381259
3381264
3381277
3381288
3381296
3381322
3381336
3381358
3381390
3381426
3381434
3381455
3381460
3381478
3381487
3381493
3381507
3381510
3381535
3381544
3381556
3381572
3381583
3381599
3381604
3381629
3381631
3381647
3381650
3381698
3381721
3381733
3381768
3381770
3381805
3381818
3381820
3381851
3381913
3381925
3381932
3381948
3381969
3381981
3382009
3382038
3382052
3382080
3382091
3382114
3382127
3382140
3382162
3382171
3382195
3382203
3382222
3382258
3382274
3382290
3382330
3382341
3382359
3382396
3382418
3382437
3382451
3382484
3382492
3382516
3382547
3382565
3382582
3382598
3382607
3382628
3382661
3382683
3382699
3382713
3382725
3382732
3382748
3382754
3382797
3382801
3382826
3382855
3382860
3382906
3382921
3382949
3382968
3383005
3383020
3383043
3383051
3383066
3383092
3383156
3383161
3383199
3383221
3383233
3383257
3383270
3383285
3383301
3383319
3383342
3383355
3383378
3383387
3383409
3383417
3383438
3383463
3383480
3383513
3383569
3383576
3383581
3383608
3383627
3383639
3383640
3383653
3383747
3383750
3383765
3383782
3383815
3383830
3383841
3383859
3383864
3383877
3383896
3383945
3383967
3383989
3383990
3384013
3384025
3384032
3384054
3384069
3384076
3384130
3384141
3384209
3384224
3384263
3384291
3384304
3384316
3384329
3384331
3384350
3384373
3384398
3384433
3384449
3384470
3384485
3384494
3384505
3384520
3384537
3384543
3384566
3384584
3384622
3384636
3384658
3384726
3384755
3384760
3384787
3384793
3384810
3384828
3384856
3384872
3384899
3384940
3384953
3384962
3385001
3385026
3385055
3385060
3385078
3385116
3385129
3385147
3385150
3385173
3385200
3385225
3385232
3385248
3385254
3385269
3385297
3385318
3385351
3385366
3385379
3385408
3385414
3385427
3385439
3385440
3385462
3385512
3385521
3385533
3385549
3385570
3385585
3385609
3385638
3385646
3385652
3385663
3385675
3385728
3385735
3385761
3385783
3385799
3385803
3385836
3385845
3385867
3385874
3385902
3385923
3385930
3385941
3385977
3385996
3386007
3386028
3386035
3386044
3386083
3386105
3386118
3386143
3386151
3386166
3386179
3386184
3386219
3386226
3386234
3386242
3386278
3386287
3386293
3386306
3386321
3386333
3386368
3386370
3386385
3386464
3386477
3386488
3386508
3386527
3386539
3386540
3386553
3386571
3386625
3386632
3386648
3386703
3386711
3386722
3386767
3386774
3386789
3386790
3386817
3386852
3386875
3386880
3386891
3386916
3386947
3386965
3386998
3387006
3387033
3387111
3387122
3387136
3387158
3387167
3387189
3387190
3387208
3387214
3387262
3387295
3387310
3387328
3387335
3387344
3387356
3387361
3387372
3387383
3387399
3387400
3387432
3387469
3387476
3387497
3387534
3387560
3387578
3387602
3387615
3387641
3387688
3387696
3387720
3387779
3387784
3387792
3387816
3387829
3387909
3387938
3387980
3388011
3388045
3388067
3388089
3388112
3388121
3388149
3388185
3388228
3388235
3388256
3388261
3388327
3388339
3388416
3388447
3388450
3388465
3388482
3388498
3388515
3388523
3388541
3388564
3388577
3388588
3388619
3388634
3388655
3388660
3388687
3388724
3388738
3388746
3388763
3388775
3388813
3388825
3388876
3388897
3388920
3388937
3388951
3388979
3388992
3389004
3389031
3389050
3389073
3389082
3389098
3389101
3389119
3389155
3389187
3389193
3389243
3389251
3389266
3389279
3389300
3389313
3389348
3389369
3389376
3389489
3389490
3389509
3389517
3389524
3389538
3389552
3389563
3389575
3389580
3389657
3389668
3389702
3389723
3389730
3389764
3389777
3389788
3389796
3389808
3389814
3389839
3389853
3389907
3389910
3389935
3389961
3389983
3389999
3390043
3390051
3390066
3390084
3390128
3390135
3390161
3390199
3390221
3390233
3390249
3390257
3390268
3390301
3390319
3390326
3390334
3390342
3390360
3390409
3390417
3390424
3390438
3390452
3390463
3390491
3390513
3390548
3390569
3390576
3390608
3390614
3390627
3390639
3390640
3390653
3390686
3390695
3390704
3390729
3390747
3390750
3390798
3390823
3390830
3390841
3390859
3390877
3390888
3390936
3390967
3390974
3391004
3391050
3391101
3391126
3391155
3391178
3391193
3391220
3391251
3391266
3391284
3391313
3391332
3391354
3391397
3391403
3391411
3391422
3391436
3391467
3391474
3391524
3391538
3391552
3391591
3391612
3391649
3391657
3391668
3391685
3391715
3391723
3391759
3391764
3391788
3391796
3391808
3391839
3391871
3391907
3391944
3391972
3391983
3392019
3392026
3392055
3392060
3392093
3392104
3392131
3392147
3392150
3392165
3392200
3392213
3392248
3392254
3392297
3392318
3392320
3392351
3392366
3392379
3392439
3392440
3392453
3392512
3392521
3392533
3392568
3392570
3392609
3392617
3392624
3392638
3392652
3392663
3392680
3392728
3392761
3392772
3392783
3392799
3392811
3392822
3392845
3392867
3392874
3392889
3392890
3392902
3392923
3392941
3392959
3392988
3393039
3393053
3393062
3393086
3393095
3393109
3393124
3393146
3393152
3393175
3393180
3393191
3393202
3393223
3393230
3393241
3393264
3393277
3393336
3393345
3393389
3393401
3393419
3393434
3393442
3393455
3393478
3393487
3393493
3393544
3393556
3393572
3393583
3393599
3393629
3393650
3393673
3393698
3393706
3393712
3393785
3393794
3393818
3393820
3393837
3393843
3393851
3393866
3393884
3393900
3393913
3393925
3393948
3393954
3393976
3393981
3394056
3394072
3394083
3394099
3394120
3394137
3394143
3394151
3394166
3394192
3394226
3394255
3394287
3394293
3394321
3394349
3394357
3394370
3394385
3394394
3394430
3394464
3394508
3394514
3394527
3394539
3394586
3394613
3394632
3394654
3394676
3394681
3394703
3394711
3394745
3394774
3394817
3394838
3394846
3394852
3394880
3394891
3394904
3394929
3394931
3394947
3394950
3394965
3394998
3395022
3395045
3395090
3395106
3395121
3395133
3395228
3395244
3395256
3395314
3395327
3395353
3395386
3395404
3395431
3395515
3395523
3395530
3395559
3395564
3395588
3395596
3395626
3395634
3395642
3395655
3395660
3395678
3395693
3395717
3395738
3395746
3395752
3395825
3395854
3395881
3395897
3395905
3395918
3395951
3395984
3396009
3396024
3396046
3396052
3396063
3396108
3396114
3396139
3396162
3396171
3396195
3396203
3396211
3396222
3396236
3396289
3396315
3396323
3396388
3396443
3396479
3396504
3396516
3396529
3396547
3396565
3396573
3396598
3396607
3396610
3396635
3396656
3396661
3396683
3396699
3396732
3396769
3396781
3396801
3396819
3396834
3396855
3396860
3396878
3396921
3396957
3396970
3396985
3396994
3397002
3397030
3397041
3397064
3397077
3397096
3397100
3397113
3397125
3397154
3397176
3397197
3397204
3397231
3397265
3397309
3397352
3397380
3397428
3397435
3397444
3397483
3397499
3397503
3397545
3397558
3397567
3397605
3397618
3397620
3397637
3397679
3397684
3397692
3397727
3397739
3397753
3397762
3397771
3397786
3397795
3397849
3397868
3397870
3397901
3397919
3397926
3397934
3397960
3397987
3398025
3398032
3398048
3398069
3398081
3398097
3398115
3398123
3398188
3398217
3398224
3398252
3398263
3398275
3398280
3398329
3398347
3398350
3398365
3398382
3398398
3398421
3398449
3398457
3398485
3398518
3398520
3398543
3398579
3398584
3398592
3398611
3398636
3398645
3398674
3398689
3398690
3398726
3398734
3398760
3398807
3398810
3398835
3398844
3398856
3398883
3398899
3398927
3398939
3398953
3398962
3398986
3398995
3399006
3399057
3399068
3399070
3399085
3399094
3399111
3399122
3399158
3399167
3399189
3399208
3399214
3399227
3399240
3399253
3399271
3399286
3399307
3399335
3399361
3399372
3399413
3399454
3399476
3399497
3399526
3399534
3399560
3399578
3399593
3399602
3399659
3399664
3399677
3399705
3399718
3399720
3399737
3399743
3399751
3399779
3399784
3399792
3399882
3399898
3399909
3399924
3399938
3399963
3399980
3399991
