3300007
3300044
3300120
3300166
3300293
3300722
3300838
3301112
3301168
3301272
3301559
3301601
3301655
3301943
3301979
3302239
3302372
3302425
3302526
3302587
3302784
3302938
3303304
3303690
3303701
3303899
3303986
3304294
3304446
3304491
3304525
3304653
3304695
3304716
3304823
3304989
3305178
3305279
3305292
3305489
3305517
3305612
3305633
3305649
3305723
3306002
3306154
3306298
3306472
3306637
3306868
3306901
3306942
3307245
3307330
3307418
3307635
3307949
3307970
3308117
3308152
3308259
3308493
3308561
3308650
3308712
3308733
3308851
3308866
3309116
3309225
3309318
3309471
3309512
3309756
3310127
3310140
3310420
3310912
3311054
3311097
3311373
3311468
3311470
3311520
3311658
3311778
3311872
3311899
3312229
3312247
3312250
3312309
3313255
3313293
3313540
3313553
3313571
3313931
3313947
3314008
3314152
3314442
3314507
3314712
3314879
3314954
3315085
3315145
3315214
3315534
3315623
3315688
3315696
3315705
3315751
3315816
3315952
3316051
3316294
3316326
3316569
3316639
3316653
3316859
3316864
3316903
3316922
3316945
3316974
3317042
3317147
3317254
3317318
3317427
3317803
3318065
3318126
3318354
3318538
3318591
3318621
3318840
3318895
3318956
3318983
3319207
3319395
3319416
3319498
3319588
3319746
3320008
3320109
3320358
3320997
3321240
3321262
3321328
3321413
3321469
3321831
3321924
3321952
3322022
3322090
3322261
3322523
3322642
3322746
3322979
3322984
3323073
3323193
3323205
3323354
3323580
3323871
3323944
3323961
3324211
3324420
3324550
3324725
3324912
3325398
3325592
3325611
3325726
3325760
3325810
3325940
3326116
3326165
3326198
3326225
3326269
3326281
3326453
3326521
3326585
3326803
3326845
3327257
3327355
3327438
3327525
3327576
3327627
3327731
3327750
3328072
3328118
3328192
3328226
3328349
3328586
3328600
3328703
3328711
3328824
3328916
3329154
3329169
3329229
3329934
3330004
3330082
3330243
3330445
3330517
3330730
3330777
3330956
3331197
3331273
3331483
3331567
3331637
3331643
3331739
3331762
3331833
3331942
3332000
3332304
3332622
3332701
3333111
3333189
3333240
3333262
3333307
3333383
3333425
3333578
3333784
3333917
3334087
3334200
3334379
3334941
3335143
3335654
3336067
3336194
3336210
3336299
3336502
3336559
3336588
3336709
3336791
3337008
3337180
3337336
3337851
3337954
3338091
3338364
3338529
3338550
3338797
3338819
3338921
3339020
3339084
3339452
3339716
3340048
3340291
3340304
3340350
3340421
3340505
3340551
3340883
3340940
3341034
3341131
3341173
3341276
3341822
3341915
3342073
3342126
3342160
3342187
3342251
3342266
3342279
3342458
3342509
3342580
3342606
3342788
3342840
3342983
3343168
3343299
3343362
3343678
3343717
3343780
3343832
3344096
3344169
3344428
3344821
3344870
3345109
3345124
3345434
3345673
3345712
3346361
3346432
3346526
3346542
3346792
3346865
3346917
3347056
3347201
3347219
3347255
3347441
3347540
3347571
3347632
3347697
3347947
3347950
3348183
3348212
3348640
3348729
3349236
3349420
3349547
3349610
3349661
3349801
3349855
3349878
3350170
3350283
3350386
3350431
3350482
3350678
3350717
3351024
3351162
3351302
3351529
3351748
3351968
3352086
3352117
3352138
3352303
3352345
3352478
3352556
3352721
3352757
3352884
3353093
3353198
3353305
3353506
3353663
3353675
3353735
3353902
3353923
3354122
3354286
3354400
3354593
3354696
3354743
3354779
3354831
3354980
3355107
3355135
3355513
3355802
3355911
3355967
3356016
3356065
3356126
3356134
3356187
3356220
3356397
3356563
3356580
3356910
3357081
3357102
3357373
3357421
3357433
3357505
3357603
3357835
3358023
3358231
3358250
3358590
3358714
3358885
3358926
3359044
3359192
3359226
3359278
3359306
3359441
3359562
3359758
3359846
3359982
3360055
3360198
3360200
3360297
3360462
3360624
3360735
3360799
3360988
3361595
3361931
3361965
3362144
3362233
3362268
3362671
3362716
3362731
3362802
3362945
3363377
3363388
3363405
3363418
3363437
3363598
3363769
3363842
3363893
3363933
3364047
3364187
3364266
3364369
3364403
3364808
3364839
3364862
3364956
3365015
3365096
3365637
3365812
3365934
3365955
3366039
3366124
3366175
3366202
3366296
3366311
3366367
3366616
3366631
3366900
3366932
3367003
3367045
3367207
3367362
3367371
3367559
3367660
3367717
3367738
3367825
3367937
3367984
3367992
3368399
3368413
3368526
3368534
3369252
3369280
3369331
3369494
3369579
3369793
3369844
3369861
3369908
3370227
3370239
3370240
3370307
3370630
3370850
3371249
3371294
3371360
3371393
3371859
3371967
3372035
3372056
3372072
3372083
3372151
3372184
3372234
3372415
3372514
3372562
3372681
3373059
3373250
3373265
3373282
3373317
3373324
3373545
3373684
3373919
3374244
3374404
3374450
3374717
3374800
3374825
3374869
3374881
3374905
3374918
3374920
3374951
3375046
3375195
3375290
3375582
3375610
3375628
3375893
3376861
3376899
3376940
3377237
3377369
3377458
3377612
3378150
3378198
3378320
3378439
3378557
3378707
3378836
3378923
3378930
3378964
3379008
3379040
3379138
3379163
3379215
3379336
3379434
3380096
3380273
3380282
3380461
3380503
3380558
3380919
3380926
3381426
3381507
3381604
3381820
3381932
3381969
3382484
3382628
3382754
3382826
3383005
3383221
3383257
3383480
3383513
3383841
3384304
3384433
3384485
3384520
3384787
3384793
3384856
3385078
3385232
3385248
3385351
3385408
3385521
3385761
3386035
3386105
3386151
3386179
3386385
3386464
3386767
3386790
3387122
3387136
3387208
3387262
3387295
3387383
3387615
3387720
3387779
3387909
3388045
3388121
3388228
3388339
3388416
3388564
3388588
3388619
3388920
3389004
3389050
3389155
3389187
3389251
3389266
3389524
3389563
3389730
3389808
3389839
3390128
3390199
3390548
3390576
3390614
3390747
3390750
3390823
3390967
3391101
3391403
3391422
3391524
3391649
3391657
3391723
3391796
3392165
3392254
3392440
3392799
3392902
3393053
3393191
3393223
3393264
3393401
3393478
3393556
3393925
3394349
3394703
3394711
3394965
3395121
3395244
3395596
3395746
3395752
3396009
3396052
3396108
3396114
3396289
3396635
3396656
3396801
3396819
3396860
3397125
3397154
3397435
3397503
3397567
3397692
3397795
3398025
3398032
3398081
3398097
3398449
3399070
3399094
3399111
3399167
3399335
3399792
