3203318
3204372
3205896
3206649
3206910
3210025
3210329
3211964
3212155
3212871
3213149
3213261
3213905
3215152
3216240
3218798
3222644
3224159
3226817
3230294
3232165
3232440
3232486
3232624
3233892
3234790
3236700
3236949
3237265
3238025
3238412
3238835
3238986
3240198
3241459
3241774
3242355
3245282
3246152
3246976
3247074
3248816
3248873
3249778
3249995
3252023
3252181
3252363
3253120
3253540
3255792
3257026
3260571
3260852
3265369
3265895
3266410
3269213
3269964
3270296
3270374
3270925
3271158
3272660
3274114
3276427
3276996
3277020
3277864
3280160
3283361
3283917
3284129
3284930
3287673
3288582
3288834
3289608
3289802
3290021
3290560
3293795
3294386
3294515
3295405
3297348
3297657
3299493
