3200003
3200011
3200022
3200036
3200045
3200058
3200067
3200074
3200089
3200090
3200106
3200112
3200121
3200133
3200149
3200157
3200168
3200170
3200185
3200194
3200207
3200210
3200228
3200235
3200244
3200256
3200261
3200299
3200308
3200314
3200327
3200340
3200353
3200362
3200371
3200386
3200395
3200404
3200416
3200429
3200447
3200450
3200465
3200473
3200498
3200502
3200515
3200523
3200530
3200541
3200559
3200564
3200577
3200588
3200596
3200601
3200619
3200626
3200634
3200655
3200660
3200678
3200687
3200693
3200709
3200717
3200724
3200738
3200746
3200752
3200763
3200775
3200780
3200791
3200813
3200825
3200832
3200848
3200854
3200869
3200876
3200881
3200897
3200905
3200918
3200920
3200937
3200943
3200951
3200966
3200979
3200984
3201009
3201017
3201024
3201038
3201046
3201052
3201063
3201075
3201091
3201108
3201127
3201139
3201140
3201153
3201162
3201171
3201186
3201195
3201211
3201222
3201236
3201245
3201258
3201267
3201274
3201289
3201290
3201302
3201323
3201330
3201341
3201359
3201364
3201377
3201388
3201396
3201405
3201418
3201420
3201437
3201443
3201451
3201466
3201479
3201484
3201504
3201516
3201529
3201531
3201547
3201550
3201582
3201598
3201607
3201610
3201635
3201644
3201656
3201661
3201672
3201683
3201700
3201713
3201725
3201732
3201748
3201754
3201769
3201776
3201781
3201801
3201819
3201826
3201834
3201855
3201860
3201878
3201887
3201893
3201906
3201912
3201933
3201949
3201957
3201968
3201970
3201985
3201994
3202008
3202014
3202039
3202040
3202053
3202062
3202071
3202086
3202095
3202109
3202117
3202124
3202138
3202146
3202152
3202175
3202180
3202191
3202202
3202215
3202223
3202230
3202241
3202259
3202264
3202277
3202288
3202296
3202322
3202336
3202345
3202358
3202367
3202374
3202389
3202390
3202401
3202419
3202426
3202434
3202455
3202460
3202478
3202487
3202493
3202507
3202510
3202528
3202535
3202544
3202556
3202572
3202599
3202616
3202629
3202631
3202650
3202665
3202673
3202682
3202698
3202712
3202721
3202733
3202749
3202757
3202768
3202770
3202785
3202794
3202805
3202818
3202820
3202837
3202843
3202851
3202866
3202879
3202884
3202892
3202913
3202925
3202932
3202948
3202954
3202969
3202976
3202981
3202997
3203001
3203019
3203034
3203042
3203060
3203078
3203087
3203093
3203104
3203116
3203129
3203131
3203147
3203150
3203165
3203182
3203198
3203200
3203213
3203225
3203232
3203254
3203269
3203276
3203281
3203297
3203305
3203318
3203320
3203337
3203343
3203366
3203379
3203384
3203392
3203408
3203427
3203439
3203440
3203453
3203462
3203471
3203486
3203506
3203512
3203521
3203533
3203549
3203557
3203568
3203570
3203585
3203594
3203609
3203617
3203624
3203638
3203646
3203652
3203675
3203691
3203728
3203735
3203744
3203756
3203761
3203772
3203783
3203799
3203803
3203811
3203822
3203845
3203858
3203867
3203874
3203889
3203890
3203902
3203915
3203923
3203930
3203977
3203988
3203996
3204006
3204012
3204021
3204033
3204049
3204057
3204068
3204085
3204094
3204103
3204111
3204136
3204145
3204158
3204167
3204174
3204189
3204190
3204208
3204214
3204227
3204239
3204240
3204253
3204262
3204271
3204286
3204295
3204307
3204310
3204328
3204335
3204344
3204356
3204361
3204372
3204383
3204399
3204400
3204413
3204432
3204448
3204469
3204476
3204497
3204501
3204519
3204526
3204534
3204542
3204555
3204560
3204587
3204593
3204623
3204659
3204664
3204677
3204688
3204696
3204705
3204718
3204720
3204743
3204751
3204766
3204779
3204792
3204804
3204816
3204829
3204831
3204847
3204850
3204865
3204873
3204882
3204898
3204909
3204924
3204938
3204946
3204963
3204975
3204980
3204991
3205005
3205018
3205020
3205037
3205043
3205051
3205079
3205084
3205092
3205107
3205110
3205135
3205144
3205156
3205161
3205172
3205183
3205199
3205206
3205212
3205221
3205233
3205249
3205257
3205268
3205270
3205285
3205294
3205301
3205319
3205326
3205334
3205342
3205355
3205360
3205378
3205387
3205393
3205409
3205417
3205424
3205438
3205446
3205452
3205475
3205491
3205500
3205513
3205525
3205532
3205548
3205554
3205576
3205581
3205597
3205608
3205614
3205627
3205639
3205640
3205653
3205671
3205686
3205695
3205704
3205716
3205729
3205731
3205747
3205750
3205765
3205798
3205815
3205823
3205830
3205841
3205859
3205888
3205896
3205903
3205911
3205922
3205945
3205958
3205967
3205974
3205989
3205990
3206004
3206016
3206029
3206031
3206047
3206050
3206065
3206073
3206082
3206098
3206101
3206126
3206134
3206142
3206155
3206160
3206178
3206187
3206193
3206205
3206218
3206220
3206237
3206243
3206251
3206266
3206279
3206284
3206292
3206300
3206313
3206325
3206332
3206348
3206354
3206376
3206381
3206397
3206403
3206411
3206422
3206436
3206445
3206458
3206467
3206474
3206489
3206490
3206509
3206517
3206524
3206538
3206546
3206552
3206563
3206575
3206580
3206591
3206606
3206612
3206621
3206633
3206649
3206657
3206668
3206670
3206694
3206702
3206715
3206723
3206730
3206741
3206759
3206764
3206777
3206788
3206814
3206827
3206839
3206840
3206862
3206871
3206886
3206895
3206907
3206910
3206928
3206935
3206944
3206956
3206961
3206972
3206999
3207000
3207013
3207032
3207048
3207054
3207069
3207076
3207081
3207097
3207102
3207115
3207123
3207130
3207141
3207159
3207164
3207177
3207188
3207209
3207217
3207224
3207238
3207246
3207252
3207263
3207275
3207280
3207291
3207304
3207316
3207329
3207331
3207347
3207350
3207365
3207373
3207382
3207398
3207406
3207412
3207433
3207449
3207457
3207468
3207470
3207485
3207494
3207505
3207520
3207537
3207543
3207566
3207579
3207584
3207592
3207603
3207611
3207622
3207636
3207645
3207658
3207667
3207674
3207689
3207690
3207701
3207726
3207734
3207742
3207755
3207778
3207787
3207793
3207807
3207810
3207828
3207835
3207844
3207856
3207861
3207872
3207883
3207899
3207908
3207914
3207927
3207939
3207940
3207953
3207971
3207986
3207995
3208002
3208015
3208030
3208041
3208059
3208064
3208077
3208088
3208096
3208100
3208113
3208125
3208132
3208148
3208154
3208169
3208176
3208181
3208204
3208216
3208229
3208231
3208247
3208250
3208265
3208273
3208282
3208298
3208309
3208317
3208324
3208338
3208346
3208352
3208363
3208375
3208391
3208407
3208410
3208428
3208435
3208444
3208456
3208461
3208472
3208483
3208499
3208503
3208511
3208522
3208536
3208558
3208567
3208589
3208590
3208605
3208618
3208620
3208637
3208643
3208651
3208666
3208679
3208684
3208692
3208708
3208714
3208727
3208739
3208740
3208753
3208762
3208771
3208786
3208795
3208806
3208812
3208821
3208833
3208849
3208857
3208868
3208870
3208885
3208901
3208919
3208926
3208934
3208942
3208955
3208960
3208978
3208987
3208993
3209007
3209010
3209028
3209035
3209044
3209056
3209061
3209072
3209083
3209099
3209105
3209118
3209120
3209137
3209143
3209151
3209166
3209179
3209184
3209201
3209219
3209226
3209234
3209242
3209255
3209260
3209278
3209287
3209293
3209306
3209312
3209321
3209333
3209349
3209357
3209370
3209394
3209402
3209415
3209423
3209441
3209459
3209464
3209477
3209488
3209496
3209508
3209514
3209527
3209539
3209540
3209553
3209562
3209571
3209586
3209595
3209600
3209613
3209625
3209632
3209648
3209654
3209669
3209676
3209681
3209697
3209703
3209711
3209722
3209736
3209745
3209767
3209774
3209789
3209790
3209809
3209817
3209824
3209838
3209846
3209852
3209863
3209880
3209891
3209904
3209916
3209929
3209931
3209947
3209950
3209965
3209973
3209998
3210000
3210013
3210025
3210032
3210048
3210069
3210076
3210081
3210097
3210102
3210115
3210123
3210130
3210141
3210159
3210177
3210188
3210196
3210209
3210217
3210224
3210238
3210246
3210252
3210263
3210275
3210280
3210291
3210304
3210316
3210329
3210331
3210347
3210350
3210365
3210373
3210382
3210406
3210412
3210421
3210433
3210449
3210457
3210468
3210470
3210494
3210505
3210518
3210520
3210537
3210543
3210551
3210566
3210579
3210584
3210592
3210603
3210611
3210622
3210636
3210658
3210667
3210674
3210689
3210690
3210701
3210719
3210726
3210734
3210742
3210755
3210760
3210778
3210787
3210807
3210810
3210828
3210835
3210844
3210856
3210861
3210872
3210883
3210899
3210908
3210914
3210927
3210939
3210940
3210953
3210962
3210971
3210986
3210995
3211001
3211019
3211026
3211034
3211042
3211055
3211060
3211078
3211087
3211093
3211104
3211116
3211129
3211131
3211150
3211165
3211173
3211182
3211198
3211200
3211213
3211225
3211232
3211248
3211254
3211269
3211276
3211281
3211297
3211305
3211318
3211337
3211343
3211351
3211379
3211384
3211408
3211414
3211427
3211439
3211440
3211453
3211462
3211471
3211486
3211495
3211506
3211512
3211521
3211533
3211549
3211557
3211568
3211570
3211585
3211594
3211609
3211617
3211638
3211646
3211652
3211675
3211680
3211691
3211707
3211710
3211735
3211744
3211756
3211761
3211772
3211783
3211799
3211803
3211811
3211822
3211836
3211845
3211858
3211867
3211889
3211890
3211902
3211915
3211923
3211930
3211941
3211959
3211964
3211977
3211988
3211996
3212004
3212016
3212029
3212031
3212047
3212050
3212065
3212073
3212082
3212098
3212101
3212119
3212126
3212134
3212142
3212155
3212160
3212178
3212193
3212205
3212218
3212220
3212237
3212243
3212251
3212266
3212284
3212292
3212300
3212313
3212325
3212332
3212348
3212354
3212369
3212376
3212381
3212403
3212411
3212422
3212436
3212445
3212458
3212467
3212474
3212489
3212490
3212509
3212517
3212524
3212538
3212546
3212552
3212563
3212575
3212580
3212591
3212606
3212633
3212649
3212657
3212668
3212670
3212685
3212694
3212702
3212715
3212723
3212730
3212741
3212759
3212764
3212777
3212796
3212808
3212814
3212827
3212839
3212840
3212853
3212871
3212886
3212895
3212907
3212910
3212928
3212935
3212944
3212956
3212961
3212972
3212983
3212999
3213003
3213022
3213036
3213045
3213058
3213067
3213074
3213089
3213106
3213112
3213121
3213133
3213149
3213157
3213168
3213170
3213185
3213194
3213210
3213235
3213244
3213256
3213261
3213272
3213283
3213299
3213308
3213314
3213327
3213339
3213340
3213353
3213362
3213371
3213386
3213395
3213404
3213416
3213429
3213431
3213447
3213450
3213473
3213482
3213498
3213502
3213515
3213523
3213530
3213541
3213559
3213564
3213577
3213588
3213596
3213601
3213619
3213634
3213642
3213655
3213660
3213678
3213687
3213693
3213709
3213717
3213724
3213738
3213746
3213752
3213763
3213775
3213780
3213791
3213800
3213813
3213825
3213832
3213848
3213854
3213869
3213876
3213897
3213905
3213918
3213920
3213937
3213943
3213951
3213966
3213979
3213984
3213992
3214002
3214023
3214030
3214041
3214059
3214064
3214077
3214088
3214096
3214113
3214125
3214132
3214148
3214169
3214181
3214197
3214204
3214216
3214229
3214231
3214247
3214250
3214265
3214273
3214282
3214298
3214324
3214338
3214346
3214352
3214363
3214375
3214391
3214407
3214428
3214435
3214444
3214461
3214472
3214483
3214499
3214503
3214511
3214522
3214536
3214545
3214558
3214567
3214574
3214589
3214590
3214605
3214618
3214620
3214637
3214643
3214666
3214684
3214692
3214708
3214727
3214739
3214740
3214753
3214762
3214771
3214786
3214795
3214806
3214812
3214821
3214833
3214849
3214857
3214870
3214885
3214919
3214934
3214955
3214987
3214993
3215008
3215027
3215039
3215040
3215062
3215071
3215086
3215095
3215109
3215117
3215124
3215138
3215146
3215152
3215163
3215175
3215180
3215191
3215202
3215215
3215223
3215230
3215241
3215264
3215277
3215288
3215296
3215303
3215322
3215336
3215345
3215358
3215367
3215374
3215389
3215390
3215419
3215426
3215434
3215442
3215460
3215487
3215493
3215507
3215510
3215528
3215535
3215544
3215556
3215561
3215572
3215583
3215599
3215604
3215616
3215629
3215631
3215647
3215650
3215665
3215673
3215698
3215706
3215721
3215749
3215768
3215770
3215785
3215794
3215805
3215818
3215820
3215837
3215843
3215851
3215866
3215884
3215892
3215900
3215913
3215932
3215948
3215954
3215969
3215981
3215997
3216006
3216012
3216021
3216033
3216049
3216057
3216068
3216070
3216094
3216103
3216122
3216136
3216145
3216158
3216167
3216174
3216189
3216190
3216208
3216214
3216227
3216239
3216240
3216253
3216262
3216271
3216286
3216307
3216310
3216328
3216335
3216344
3216361
3216372
3216383
3216399
3216400
3216425
3216448
3216454
3216469
3216476
3216497
3216501
3216519
3216526
3216534
3216542
3216555
3216560
3216578
3216587
3216593
3216602
3216615
3216623
3216630
3216641
3216659
3216664
3216677
3216696
3216705
3216718
3216720
3216737
3216743
3216779
3216784
3216792
3216804
3216816
3216829
3216831
3216850
3216865
3216882
3216898
3216909
3216917
3216924
3216938
3216946
3216952
3216975
3216980
3216991
3217007
3217010
3217028
3217035
3217044
3217056
3217072
3217099
3217105
3217118
3217120
3217137
3217143
3217151
3217166
3217179
3217184
3217192
3217201
3217219
3217226
3217242
3217255
3217260
3217278
3217287
3217293
3217306
3217321
3217333
3217349
3217357
3217368
3217370
3217385
3217394
3217415
3217423
3217430
3217441
3217459
3217464
3217477
3217488
3217496
3217514
3217527
3217539
3217540
3217562
3217571
3217586
3217595
3217600
3217613
3217625
3217632
3217648
3217654
3217669
3217676
3217681
3217697
3217703
3217711
3217722
3217736
3217745
3217767
3217774
3217789
3217790
3217809
3217817
3217824
3217838
3217852
3217875
3217880
3217891
3217904
3217929
3217947
3217950
3217965
3217973
3217982
3217998
3218005
3218018
3218020
3218037
3218043
3218051
3218079
3218084
3218092
3218107
3218110
3218128
3218135
3218144
3218156
3218161
3218172
3218183
3218199
3218206
3218212
3218221
3218249
3218257
3218268
3218270
3218285
3218294
3218301
3218319
3218326
3218334
3218342
3218355
3218360
3218378
3218387
3218393
3218409
3218417
3218424
3218438
3218446
3218452
3218463
3218475
3218480
3218491
3218500
3218513
3218525
3218532
3218548
3218569
3218576
3218581
3218608
3218614
3218627
3218639
3218640
3218653
3218662
3218686
3218695
3218704
3218716
3218729
3218731
3218747
3218750
3218765
3218773
3218782
3218798
3218802
3218815
3218823
3218830
3218841
3218859
3218864
3218877
3218888
3218896
3218903
3218911
3218922
3218936
3218958
3218967
3218974
3218989
3218990
3219009
3219017
3219038
3219046
3219052
3219063
3219075
3219080
3219091
3219108
3219127
3219139
3219153
3219162
3219171
3219186
3219195
3219203
3219211
3219222
3219236
3219245
3219258
3219267
3219274
3219289
3219290
3219302
3219323
3219330
3219341
3219359
3219364
3219377
3219388
3219396
3219405
3219418
3219437
3219443
3219451
3219466
3219479
3219484
3219492
3219504
3219529
3219531
3219547
3219550
3219565
3219573
3219582
3219598
3219607
3219610
3219635
3219644
3219656
3219661
3219672
3219699
3219700
3219713
3219725
3219732
3219748
3219754
3219769
3219776
3219781
3219797
3219801
3219819
3219826
3219834
3219842
3219855
3219878
3219887
3219893
3219906
3219912
3219933
3219949
3219957
3219968
3219985
3219994
3220002
3220015
3220023
3220030
3220041
3220059
3220064
3220077
3220088
3220096
3220100
3220113
3220125
3220132
3220148
3220154
3220169
3220176
3220181
3220197
3220204
3220216
3220247
3220250
3220265
3220273
3220282
3220298
3220309
3220317
3220324
3220338
3220346
3220352
3220363
3220375
3220380
3220391
3220407
3220410
3220428
3220435
3220444
3220456
3220461
3220472
3220483
3220499
3220503
3220511
3220522
3220536
3220545
3220558
3220567
3220574
3220589
3220590
3220605
3220618
3220620
3220637
3220643
3220651
3220666
3220684
3220692
3220708
3220714
3220727
3220739
3220740
3220753
3220762
3220771
3220786
3220795
3220806
3220812
3220821
3220833
3220849
3220857
3220868
3220901
3220919
3220926
3220934
3220942
3220960
3220987
3220993
3221008
3221014
3221039
3221040
3221053
3221062
3221071
3221086
3221095
3221109
3221124
3221138
3221146
3221163
3221175
3221180
3221191
3221202
3221215
3221223
3221230
3221241
3221264
3221277
3221288
3221296
3221303
3221311
3221322
3221336
3221345
3221358
3221367
3221374
3221389
3221390
3221401
3221419
3221426
3221434
3221442
3221455
3221460
3221478
3221487
3221493
3221507
3221510
3221528
3221535
3221544
3221556
3221561
3221572
3221583
3221599
3221604
3221616
3221629
3221631
3221647
3221650
3221665
3221673
3221682
3221698
3221706
3221712
3221721
3221733
3221749
3221757
3221768
3221770
3221785
3221794
3221805
3221818
3221820
3221837
3221843
3221851
3221866
3221879
3221884
3221892
3221900
3221913
3221925
3221932
3221948
3221954
3221976
3221981
3221997
3222009
3222017
3222024
3222038
3222046
3222052
3222063
3222075
3222114
3222127
3222139
3222140
3222153
3222162
3222186
3222195
3222203
3222211
3222222
3222236
3222245
3222258
3222267
3222274
3222289
3222290
3222302
3222323
3222330
3222341
3222359
3222377
3222388
3222396
3222405
3222418
3222420
3222437
3222443
3222451
3222466
3222479
3222484
3222492
3222504
3222516
3222529
3222531
3222547
3222550
3222565
3222582
3222598
3222607
3222628
3222644
3222656
3222661
3222672
3222683
3222699
3222725
3222732
3222748
3222754
3222769
3222776
3222781
3222797
3222801
3222819
3222826
3222834
3222842
3222860
3222878
3222887
3222893
3222906
3222912
3222921
3222933
3222949
3222957
3222968
3222970
3222985
3222994
3223005
3223018
3223020
3223037
3223051
3223066
3223079
3223084
3223092
3223107
3223110
3223135
3223144
3223156
3223161
3223172
3223183
3223199
3223206
3223221
3223249
3223257
3223268
3223285
3223301
3223319
3223326
3223334
3223342
3223360
3223378
3223387
3223393
3223409
3223417
3223424
3223438
3223446
3223452
3223463
3223480
3223491
3223500
3223525
3223532
3223548
3223554
3223569
3223581
3223608
3223614
3223627
3223639
3223640
3223653
3223662
3223686
3223695
3223704
3223716
3223729
3223731
3223747
3223750
3223765
3223773
3223782
3223798
3223815
3223823
3223830
3223841
3223859
3223864
3223877
3223888
3223896
3223911
3223922
3223936
3223945
3223958
3223967
3223974
3223989
3223990
3224000
3224013
3224025
3224032
3224048
3224054
3224069
3224076
3224081
3224097
3224102
3224115
3224123
3224130
3224141
3224159
3224164
3224188
3224196
3224209
3224217
3224224
3224238
3224246
3224263
3224275
3224280
3224291
3224304
3224316
3224329
3224331
3224347
3224350
3224365
3224373
3224382
3224406
3224412
3224421
3224433
3224449
3224457
3224468
3224470
3224485
3224494
3224505
3224518
3224520
3224537
3224543
3224551
3224566
3224579
3224584
3224592
3224603
3224611
3224622
3224636
3224658
3224667
3224674
3224689
3224690
3224701
3224719
3224726
3224734
3224755
3224760
3224778
3224787
3224793
3224807
3224828
3224835
3224844
3224856
3224861
3224872
3224883
3224899
3224908
3224914
3224927
3224939
3224940
3224962
3224986
3224995
3225001
3225019
3225026
3225034
3225042
3225060
3225078
3225087
3225093
3225104
3225116
3225129
3225147
3225150
3225165
3225173
3225182
3225198
3225200
3225213
3225225
3225232
3225248
3225254
3225269
3225276
3225281
3225297
3225305
3225318
3225320
3225337
3225343
3225351
3225366
3225379
3225384
3225414
3225427
3225439
3225440
3225453
3225471
3225486
3225495
3225506
3225512
3225521
3225533
3225549
3225557
3225568
3225570
3225585
3225594
3225609
3225617
3225624
3225638
3225646
3225652
3225663
3225675
3225680
3225691
3225707
3225710
3225744
3225756
3225761
3225772
3225799
3225803
3225811
3225822
3225836
3225845
3225858
3225867
3225874
3225889
3225890
3225902
3225915
3225923
3225930
3225959
3225964
3225977
3225988
3225996
3226007
3226010
3226028
3226035
3226056
3226061
3226083
3226099
3226105
3226118
3226120
3226137
3226143
3226151
3226166
3226179
3226184
3226192
3226201
3226219
3226226
3226234
3226242
3226260
3226278
3226287
3226293
3226306
3226312
3226321
3226333
3226349
3226357
3226368
3226370
3226385
3226394
3226415
3226423
3226430
3226441
3226459
3226488
3226496
3226508
3226514
3226527
3226539
3226540
3226553
3226562
3226571
3226586
3226595
3226600
3226613
3226632
3226648
3226654
3226669
3226681
3226697
3226703
3226711
3226736
3226745
3226758
3226767
3226774
3226789
3226790
3226809
3226817
3226824
3226838
3226846
3226852
3226863
3226875
3226904
3226916
3226929
3226931
3226947
3226950
3226965
3226982
3226998
3227006
3227012
3227021
3227033
3227049
3227057
3227070
3227085
3227094
3227103
3227111
3227136
3227145
3227167
3227174
3227189
3227190
3227208
3227214
3227227
3227239
3227240
3227262
3227271
3227286
3227295
3227307
3227310
3227328
3227335
3227344
3227356
3227361
3227372
3227383
3227399
3227400
3227413
3227425
3227448
3227454
3227469
3227476
3227497
3227501
3227519
3227526
3227534
3227542
3227555
3227560
3227578
3227587
3227593
3227602
3227615
3227623
3227630
3227641
3227659
3227664
3227677
3227688
3227696
3227705
3227718
3227720
3227737
3227743
3227751
3227766
3227779
3227784
3227792
3227804
3227816
3227829
3227831
3227847
3227850
3227865
3227873
3227898
3227909
3227917
3227924
3227938
3227946
3227952
3227963
3227975
3227991
3228003
3228022
3228036
3228045
3228058
3228067
3228074
3228089
3228090
3228106
3228112
3228121
3228133
3228149
3228157
3228168
3228170
3228185
3228194
3228207
3228210
3228228
3228235
3228244
3228256
3228261
3228272
3228283
3228299
3228308
3228314
3228327
3228339
3228353
3228362
3228371
3228386
3228395
3228404
3228416
3228429
3228431
3228447
3228450
3228473
3228482
3228498
3228515
3228523
3228530
3228541
3228559
3228564
3228577
3228588
3228596
3228601
3228619
3228626
3228634
3228642
3228655
3228678
3228687
3228693
3228709
3228717
3228724
3228738
3228746
3228752
3228763
3228775
3228800
3228813
3228825
3228832
3228848
3228854
3228869
3228897
3228905
3228918
3228920
3228937
3228943
3228951
3228966
3228979
3228984
3228992
3229004
3229016
3229029
3229031
3229047
3229050
3229065
3229073
3229082
3229098
3229119
3229134
3229142
3229155
3229160
3229178
3229187
3229205
3229218
3229220
3229237
3229266
3229279
3229284
3229292
3229300
3229325
3229332
3229354
3229369
3229381
3229397
3229403
3229411
3229422
3229436
3229445
3229458
3229467
3229474
3229489
3229490
3229509
3229517
3229524
3229538
3229546
3229552
3229563
3229575
3229580
3229591
3229606
3229621
3229649
3229657
3229668
3229670
3229694
3229702
3229715
3229723
3229730
3229741
3229759
3229764
3229777
3229788
3229796
3229808
3229814
3229827
3229839
3229840
3229853
3229862
3229886
3229895
3229907
3229928
3229935
3229944
3229956
3229961
3229972
3229983
3229999
3230005
3230018
3230020
3230037
3230043
3230051
3230079
3230084
3230092
3230107
3230110
3230128
3230144
3230156
3230161
3230172
3230183
3230199
3230212
3230221
3230233
3230257
3230268
3230270
3230285
3230294
3230301
3230319
3230326
3230334
3230342
3230355
3230360
3230378
3230387
3230393
3230409
3230417
3230424
3230446
3230452
3230463
3230475
3230480
3230491
3230500
3230513
3230525
3230532
3230548
3230554
3230569
3230576
3230581
3230597
3230608
3230614
3230627
3230639
3230640
3230653
3230662
3230671
3230686
3230695
3230704
3230716
3230729
3230731
3230747
3230750
3230773
3230798
3230802
3230815
3230823
3230830
3230841
3230859
3230864
3230877
3230888
3230896
3230911
3230922
3230936
3230945
3230958
3230967
3230974
3230990
3231004
3231016
3231029
3231031
3231047
3231050
3231073
3231082
3231098
3231119
3231134
3231142
3231155
3231160
3231178
3231187
3231193
3231205
3231218
3231220
3231237
3231243
3231251
3231266
3231279
3231292
3231300
3231325
3231348
3231354
3231369
3231376
3231381
3231397
3231403
3231411
3231422
3231436
3231445
3231458
3231467
3231474
3231489
3231490
3231509
3231517
3231524
3231538
3231546
3231552
3231563
3231575
3231580
3231612
3231621
3231633
3231649
3231657
3231668
3231670
3231685
3231702
3231715
3231723
3231730
3231741
3231764
3231777
3231796
3231808
3231814
3231827
3231839
3231840
3231853
3231862
3231871
3231886
3231895
3231907
3231910
3231935
3231944
3231961
3231972
3231983
3231999
3232001
3232019
3232026
3232042
3232055
3232060
3232078
3232087
3232093
3232104
3232116
3232129
3232131
3232147
3232150
3232165
3232173
3232182
3232198
3232200
3232213
3232225
3232232
3232248
3232254
3232269
3232276
3232281
3232297
3232305
3232318
3232320
3232337
3232343
3232351
3232366
3232379
3232384
3232392
3232408
3232414
3232427
3232439
3232440
3232453
3232462
3232471
3232486
3232495
3232506
3232512
3232521
3232533
3232549
3232557
3232568
3232570
3232585
3232594
3232609
3232617
3232624
3232646
3232652
3232663
3232675
3232680
3232691
3232707
3232710
3232728
3232735
3232744
3232756
3232772
3232783
3232799
3232803
3232811
3232822
3232836
3232858
3232867
3232874
3232890
3232902
3232915
3232923
3232930
3232941
3232959
3232964
3232977
3232996
3233008
3233014
3233027
3233039
3233040
3233053
3233062
3233071
3233086
3233095
3233109
3233117
3233124
3233138
3233146
3233152
3233163
3233175
3233180
3233191
3233202
3233215
3233223
3233230
3233241
3233259
3233264
3233277
3233288
3233296
3233303
3233311
3233322
3233336
3233345
3233358
3233367
3233389
3233390
3233401
3233426
3233434
3233442
3233455
3233460
3233478
3233487
3233493
3233507
3233510
3233528
3233535
3233544
3233556
3233561
3233572
3233599
3233604
3233616
3233629
3233631
3233647
3233650
3233665
3233673
3233682
3233698
3233706
3233712
3233721
3233733
3233757
3233768
3233770
3233785
3233794
3233805
3233818
3233820
3233837
3233843
3233851
3233866
3233879
3233884
3233892
3233900
3233913
3233925
3233932
3233948
3233954
3233969
3233976
3233981
3233997
3234007
3234010
3234028
3234044
3234056
3234061
3234083
3234099
3234105
3234118
3234120
3234137
3234143
3234166
3234179
3234184
3234192
3234201
3234219
3234226
3234234
3234242
3234255
3234260
3234278
3234287
3234306
3234312
3234321
3234333
3234349
3234357
3234368
3234370
3234385
3234402
3234415
3234423
3234430
3234441
3234459
3234477
3234488
3234496
3234508
3234514
3234527
3234539
3234553
3234562
3234586
3234595
3234600
3234613
3234625
3234632
3234648
3234654
3234669
3234676
3234681
3234703
3234711
3234722
3234736
3234745
3234758
3234767
3234774
3234789
3234790
3234809
3234817
3234824
3234838
3234846
3234852
3234863
3234875
3234880
3234891
3234904
3234916
3234929
3234931
3234947
3234965
3234973
3234982
3234998
3235003
3235011
3235022
3235036
3235045
3235058
3235067
3235074
3235089
3235090
3235106
3235112
3235121
3235133
3235149
3235157
3235168
3235170
3235185
3235194
3235207
3235210
3235228
3235235
3235244
3235256
3235261
3235272
3235283
3235299
3235308
3235314
3235327
3235339
3235340
3235353
3235362
3235371
3235386
3235395
3235404
3235416
3235429
3235431
3235450
3235465
3235473
3235498
3235515
3235523
3235530
3235541
3235559
3235564
3235588
3235596
3235601
3235619
3235626
3235634
3235642
3235655
3235660
3235678
3235687
3235693
3235709
3235717
3235724
3235738
3235746
3235752
3235763
3235780
3235791
3235800
3235813
3235825
3235832
3235848
3235854
3235869
3235876
3235881
3235897
3235905
3235918
3235920
3235943
3235966
3235979
3235984
3235992
3236009
3236017
3236024
3236038
3236046
3236052
3236063
3236075
3236080
3236091
3236108
3236114
3236139
3236140
3236153
3236162
3236186
3236195
3236203
3236211
3236222
3236236
3236245
3236258
3236267
3236274
3236289
3236290
3236302
3236315
3236323
3236330
3236341
3236359
3236364
3236377
3236388
3236396
3236405
3236418
3236420
3236437
3236443
3236451
3236479
3236484
3236492
3236504
3236516
3236529
3236531
3236547
3236550
3236565
3236582
3236607
3236610
3236628
3236635
3236644
3236656
3236661
3236672
3236683
3236699
3236700
3236713
3236725
3236732
3236748
3236754
3236769
3236776
3236781
3236797
3236801
3236819
3236826
3236834
3236842
3236855
3236878
3236887
3236893
3236906
3236912
3236933
3236949
3236957
3236970
3236985
3236994
3237002
3237015
3237023
3237030
3237041
3237059
3237064
3237077
3237088
3237096
3237100
3237113
3237125
3237132
3237148
3237154
3237169
3237176
3237181
3237197
3237204
3237216
3237229
3237231
3237247
3237265
3237273
3237282
3237298
3237309
3237317
3237324
3237338
3237346
3237352
3237363
3237375
3237380
3237391
3237407
3237410
3237428
3237435
3237444
3237456
3237461
3237472
3237483
3237499
3237511
3237522
3237545
3237558
3237567
3237574
3237589
3237590
3237605
3237620
3237637
3237643
3237651
3237666
3237679
3237684
3237692
3237708
3237714
3237739
3237740
3237762
3237771
3237786
3237795
3237806
3237821
3237833
3237849
3237857
3237868
3237870
3237885
3237894
3237901
3237919
3237934
3237942
3237955
3237960
3237978
3237987
3237993
3238000
3238025
3238032
3238048
3238054
3238069
3238076
3238081
3238097
3238102
3238115
3238123
3238130
3238141
3238159
3238164
3238188
3238196
3238209
3238217
3238224
3238238
3238246
3238252
3238263
3238275
3238280
3238291
3238304
3238316
3238329
3238331
3238347
3238350
3238365
3238373
3238382
3238398
3238406
3238412
3238421
3238433
3238449
3238457
3238468
3238470
3238485
3238494
3238505
3238518
3238520
3238537
3238543
3238566
3238579
3238584
3238592
3238611
3238622
3238636
3238658
3238667
3238674
3238689
3238690
3238719
3238726
3238734
3238742
3238755
3238760
3238778
3238787
3238793
3238807
3238810
3238828
3238835
3238844
3238861
3238872
3238883
3238899
3238908
3238914
3238927
3238939
3238940
3238953
3238962
3238971
3238986
3238995
3239006
3239012
3239021
3239033
3239049
3239057
3239068
3239070
3239085
3239094
3239103
3239111
3239136
3239145
3239158
3239167
3239174
3239189
3239208
3239214
3239227
3239239
3239240
3239262
3239271
3239286
3239295
3239307
3239310
3239328
3239335
3239344
3239356
3239361
3239372
3239383
3239399
3239400
3239413
3239425
3239432
3239448
3239454
3239469
3239476
3239481
3239497
3239501
3239519
3239526
3239534
3239542
3239555
3239560
3239578
3239587
3239593
3239602
3239615
3239623
3239630
3239641
3239659
3239664
3239677
3239705
3239720
3239737
3239743
3239751
3239766
3239779
3239784
3239792
3239804
3239816
3239829
3239831
3239847
3239850
3239865
3239873
3239882
3239898
3239909
3239917
3239924
3239938
3239946
3239952
3239963
3239975
3239980
3240001
3240019
3240026
3240034
3240042
3240055
3240060
3240078
3240087
3240093
3240104
3240116
3240129
3240131
3240165
3240173
3240182
3240198
3240200
3240225
3240232
3240248
3240254
3240269
3240276
3240281
3240297
3240305
3240318
3240320
3240337
3240343
3240351
3240366
3240379
3240384
3240392
3240408
3240414
3240427
3240439
3240440
3240453
3240462
3240471
3240486
3240495
3240506
3240512
3240521
3240533
3240549
3240557
3240568
3240570
3240585
3240594
3240609
3240617
3240624
3240638
3240646
3240652
3240663
3240675
3240680
3240691
3240707
3240728
3240735
3240744
3240761
3240772
3240783
3240799
3240803
3240811
3240822
3240836
3240845
3240858
3240867
3240874
3240889
3240890
3240902
3240915
3240923
3240930
3240941
3240959
3240964
3240977
3240988
3240996
3241007
3241010
3241028
3241035
3241044
3241056
3241061
3241072
3241083
3241099
3241105
3241118
3241120
3241137
3241143
3241151
3241166
3241179
3241184
3241192
3241201
3241219
3241226
3241234
3241242
3241260
3241293
3241306
3241312
3241321
3241333
3241349
3241357
3241368
3241370
3241385
3241394
3241402
3241415
3241423
3241430
3241441
3241459
3241464
3241477
3241496
3241508
3241514
3241527
3241539
3241540
3241562
3241571
3241586
3241595
3241600
3241613
3241625
3241632
3241648
3241654
3241669
3241676
3241681
3241697
3241703
3241711
3241736
3241745
3241758
3241767
3241774
3241790
3241809
3241817
3241824
3241838
3241846
3241863
3241875
3241880
3241904
3241916
3241929
3241931
3241947
3241950
3241965
3241973
3241982
3241998
3242005
3242018
3242020
3242037
3242043
3242051
3242066
3242079
3242084
3242092
3242107
3242110
3242128
3242135
3242156
3242161
3242172
3242183
3242199
3242206
3242212
3242221
3242233
3242257
3242268
3242270
3242285
3242326
3242334
3242342
3242355
3242360
3242378
3242387
3242393
3242409
3242417
3242424
3242438
3242452
3242463
3242475
3242480
3242491
3242500
3242513
3242525
3242532
3242548
3242554
3242569
3242576
3242581
3242597
3242608
3242614
3242627
3242639
3242640
3242653
3242662
3242671
3242686
3242695
3242704
3242716
3242729
3242731
3242747
3242750
3242765
3242773
3242782
3242798
3242802
3242815
3242823
3242830
3242841
3242859
3242864
3242877
3242888
3242896
3242903
3242911
3242922
3242936
3242945
3242958
3242967
3242974
3242989
3242990
3243009
3243017
3243024
3243038
3243046
3243063
3243075
3243080
3243091
3243108
3243114
3243127
3243139
3243140
3243153
3243162
3243171
3243186
3243195
3243203
3243211
3243245
3243258
3243267
3243274
3243289
3243302
3243315
3243323
3243330
3243341
3243359
3243364
3243377
3243388
3243396
3243405
3243418
3243420
3243437
3243443
3243451
3243466
3243484
3243504
3243516
3243529
3243531
3243547
3243565
3243573
3243582
3243607
3243610
3243628
3243635
3243644
3243656
3243672
3243683
3243699
3243700
3243713
3243725
3243732
3243748
3243754
3243769
3243776
3243781
3243801
3243819
3243826
3243834
3243842
3243855
3243860
3243878
3243887
3243893
3243906
3243912
3243921
3243933
3243949
3243957
3243968
3243970
3243985
3244004
3244016
3244029
3244031
3244050
3244065
3244073
3244082
3244098
3244119
3244126
3244134
3244155
3244178
3244187
3244220
3244237
3244243
3244251
3244266
3244279
3244284
3244292
3244300
3244313
3244325
3244332
3244354
3244369
3244376
3244381
3244397
3244403
3244411
3244422
3244436
3244445
3244458
3244467
3244474
3244489
3244490
3244509
3244517
3244524
3244538
3244552
3244580
3244591
3244606
3244612
3244621
3244633
3244649
3244657
3244668
3244670
3244685
3244694
3244702
3244715
3244730
3244741
3244759
3244764
3244777
3244796
3244808
3244814
3244827
3244839
3244840
3244853
3244862
3244871
3244886
3244895
3244907
3244910
3244928
3244935
3244944
3244956
3244961
3244972
3244983
3244999
3245002
3245015
3245030
3245041
3245059
3245064
3245077
3245088
3245096
3245100
3245125
3245132
3245148
3245154
3245169
3245176
3245181
3245204
3245216
3245229
3245231
3245247
3245250
3245265
3245273
3245282
3245298
3245309
3245317
3245324
3245346
3245352
3245363
3245375
3245380
3245391
3245407
3245410
3245428
3245435
3245444
3245456
3245461
3245472
3245483
3245499
3245503
3245511
3245522
3245536
3245545
3245558
3245567
3245574
3245589
3245605
3245618
3245620
3245637
3245643
3245666
3245679
3245684
3245692
3245708
3245714
3245727
3245739
3245740
3245753
3245762
3245771
3245795
3245806
3245812
3245821
3245833
3245849
3245857
3245868
3245870
3245885
3245894
3245901
3245919
3245926
3245934
3245942
3245960
3245978
3245987
3245993
3246008
3246014
3246027
3246039
3246040
3246053
3246062
3246071
3246086
3246095
3246109
3246117
3246124
3246138
3246146
3246152
3246163
3246180
3246191
3246202
3246215
3246223
3246230
3246241
3246259
3246264
3246277
3246288
3246296
3246303
3246311
3246322
3246336
3246345
3246358
3246367
3246374
3246389
3246401
3246419
3246426
3246434
3246442
3246455
3246487
3246493
3246507
3246510
3246528
3246535
3246544
3246556
3246561
3246572
3246583
3246599
3246604
3246616
3246631
3246647
3246650
3246665
3246673
3246698
3246712
3246721
3246733
3246749
3246757
3246768
3246770
3246785
3246794
3246805
3246818
3246820
3246837
3246843
3246851
3246866
3246879
3246900
3246913
3246925
3246932
3246948
3246954
3246969
3246976
3246981
3247003
3247011
3247022
3247036
3247045
3247058
3247074
3247089
3247090
3247106
3247112
3247121
3247133
3247149
3247168
3247170
3247194
3247207
3247210
3247235
3247244
3247256
3247272
3247283
3247299
3247308
3247314
3247327
3247339
3247340
3247353
3247362
3247371
3247386
3247395
3247404
3247416
3247429
3247431
3247447
3247450
3247465
3247473
3247482
3247498
3247502
3247515
3247523
3247530
3247541
3247559
3247564
3247577
3247588
3247596
3247601
3247619
3247626
3247655
3247660
3247678
3247687
3247693
3247709
3247717
3247724
3247738
3247746
3247752
3247763
3247775
3247780
3247791
3247813
3247825
3247832
3247848
3247854
3247869
3247876
3247881
3247905
3247918
3247920
3247937
3247943
3247951
3247966
3247979
3247984
3247992
3248006
3248012
3248021
3248033
3248049
3248057
3248068
3248070
3248085
3248103
3248111
3248122
3248136
3248145
3248158
3248167
3248174
3248189
3248208
3248214
3248227
3248240
3248253
3248262
3248271
3248286
3248295
3248307
3248310
3248328
3248335
3248344
3248356
3248361
3248383
3248399
3248400
3248413
3248425
3248432
3248448
3248454
3248469
3248476
3248481
3248497
3248501
3248519
3248526
3248534
3248542
3248555
3248578
3248587
3248593
3248602
3248615
3248623
3248630
3248641
3248659
3248664
3248677
3248688
3248696
3248705
3248718
3248720
3248737
3248743
3248751
3248766
3248779
3248784
3248792
3248804
3248816
3248829
3248831
3248847
3248850
3248865
3248873
3248882
3248898
3248909
3248917
3248924
3248938
3248946
3248952
3248975
3248980
3248991
3249000
3249013
3249025
3249032
3249048
3249054
3249069
3249076
3249081
3249102
3249115
3249130
3249141
3249164
3249177
3249188
3249196
3249209
3249217
3249246
3249252
3249263
3249275
3249280
3249291
3249304
3249316
3249329
3249331
3249347
3249350
3249365
3249373
3249382
3249398
3249406
3249412
3249421
3249433
3249449
3249457
3249468
3249470
3249485
3249494
3249518
3249520
3249543
3249551
3249566
3249579
3249584
3249592
3249603
3249611
3249622
3249636
3249645
3249658
3249667
3249674
3249689
3249690
3249701
3249719
3249726
3249734
3249742
3249755
3249760
3249778
3249787
3249793
3249807
3249810
3249828
3249835
3249844
3249856
3249861
3249872
3249883
3249908
3249914
3249927
3249939
3249940
3249953
3249962
3249971
3249995
3250009
3250024
3250038
3250046
3250052
3250063
3250075
3250080
3250091
3250108
3250114
3250127
3250139
3250140
3250153
3250171
3250186
3250195
3250203
3250211
3250236
3250245
3250258
3250267
3250274
3250289
3250290
3250302
3250315
3250323
3250330
3250341
3250359
3250364
3250377
3250388
3250396
3250405
3250418
3250420
3250437
3250451
3250466
3250479
3250484
3250492
3250504
3250516
3250529
3250547
3250550
3250565
3250582
3250607
3250610
3250628
3250635
3250656
3250661
3250672
3250683
3250699
3250700
3250713
3250725
3250732
3250748
3250754
3250769
3250776
3250781
3250801
3250819
3250826
3250834
3250842
3250855
3250860
3250878
3250887
3250893
3250906
3250912
3250921
3250949
3250968
3250970
3250985
3250994
3251000
3251013
3251048
3251054
3251069
3251076
3251081
3251097
3251102
3251115
3251123
3251159
3251188
3251196
3251217
3251224
3251238
3251246
3251252
3251263
3251275
3251280
3251291
3251304
3251316
3251329
3251331
3251347
3251350
3251365
3251373
3251382
3251398
3251406
3251412
3251421
3251433
3251449
3251457
3251468
3251470
3251485
3251494
3251505
3251520
3251537
3251543
3251551
3251566
3251579
3251584
3251603
3251611
3251636
3251645
3251658
3251667
3251674
3251689
3251690
3251701
3251719
3251726
3251742
3251755
3251760
3251778
3251787
3251793
3251807
3251810
3251835
3251844
3251856
3251861
3251872
3251883
3251899
3251908
3251927
3251939
3251940
3251953
3251962
3251971
3251986
3251995
3252002
3252015
3252023
3252030
3252041
3252059
3252064
3252077
3252088
3252096
3252100
3252113
3252125
3252132
3252148
3252154
3252169
3252176
3252181
3252197
3252204
3252216
3252229
3252231
3252247
3252250
3252265
3252273
3252282
3252298
3252309
3252317
3252324
3252338
3252346
3252352
3252363
3252375
3252380
3252407
3252410
3252428
3252435
3252444
3252456
3252461
3252472
3252499
3252503
3252511
3252522
3252536
3252545
3252558
3252574
3252589
3252590
3252605
3252618
3252620
3252637
3252643
3252651
3252666
3252679
3252684
3252692
3252708
3252714
3252727
3252739
3252753
3252762
3252786
3252795
3252806
3252812
3252821
3252833
3252849
3252857
3252868
3252870
3252885
3252894
3252901
3252919
3252926
3252934
3252942
3252955
3252978
3252987
3252993
3253007
3253010
3253028
3253035
3253056
3253061
3253083
3253099
3253105
3253118
3253120
3253137
3253143
3253151
3253166
3253184
3253192
3253201
3253226
3253234
3253242
3253255
3253260
3253278
3253287
3253293
3253306
3253312
3253321
3253333
3253349
3253357
3253368
3253370
3253385
3253394
3253402
3253415
3253423
3253430
3253441
3253459
3253477
3253488
3253496
3253508
3253514
3253527
3253539
3253540
3253553
3253562
3253571
3253586
3253595
3253600
3253613
3253625
3253632
3253648
3253669
3253676
3253681
3253697
3253703
3253711
3253722
3253736
3253745
3253758
3253767
3253789
3253790
3253809
3253824
3253838
3253846
3253863
3253875
3253880
3253891
3253904
3253929
3253931
3253947
3253965
3253973
3253982
3253998
3254008
3254014
3254039
3254040
3254053
3254062
3254071
3254086
3254095
3254109
3254124
3254138
3254152
3254163
3254175
3254180
3254191
3254202
3254215
3254223
3254230
3254241
3254259
3254277
3254288
3254296
3254303
3254311
3254322
3254336
3254345
3254358
3254367
3254374
3254389
3254390
3254401
3254419
3254442
3254455
3254460
3254478
3254487
3254493
3254507
3254510
3254535
3254544
3254556
3254583
3254599
3254604
3254616
3254629
3254647
3254665
3254682
3254698
3254706
3254712
3254721
3254733
3254749
3254757
3254768
3254770
3254785
3254794
3254805
3254818
3254837
3254843
3254851
3254866
3254879
3254884
3254892
3254900
3254913
3254925
3254932
3254948
3254954
3254969
3254976
3254981
3254997
3255006
3255021
3255033
3255049
3255057
3255070
3255085
3255094
3255103
3255111
3255122
3255136
3255145
3255158
3255167
3255174
3255189
3255190
3255208
3255214
3255227
3255239
3255240
3255271
3255286
3255295
3255307
3255328
3255335
3255356
3255361
3255372
3255383
3255399
3255400
3255413
3255432
3255448
3255454
3255469
3255481
3255497
3255501
3255519
3255526
3255534
3255542
3255555
3255560
3255578
3255587
3255593
3255602
3255615
3255623
3255659
3255664
3255677
3255696
3255705
3255718
3255720
3255737
3255743
3255751
3255766
3255779
3255784
3255792
3255804
3255816
3255829
3255831
3255847
3255850
3255865
3255873
3255882
3255898
3255909
3255917
3255938
3255946
3255952
3255963
3255975
3255980
3255991
3256020
3256037
3256043
3256051
3256066
3256079
3256084
3256092
3256128
3256135
3256144
3256161
3256172
3256183
3256206
3256212
3256233
3256249
3256268
3256270
3256285
3256294
3256301
3256319
3256326
3256334
3256342
3256355
3256360
3256387
3256393
3256409
3256417
3256424
3256438
3256446
3256452
3256463
3256475
3256480
3256491
3256500
3256513
3256525
3256548
3256554
3256569
3256576
3256608
3256614
3256627
3256639
3256640
3256653
3256662
3256671
3256686
3256695
3256704
3256716
3256729
3256731
3256747
3256750
3256765
3256773
3256782
3256798
3256815
3256823
3256830
3256841
3256864
3256888
3256896
3256903
3256911
3256922
3256936
3256945
3256958
3256967
3256974
3256989
3257001
3257019
3257026
3257034
3257042
3257055
3257060
3257078
3257087
3257093
3257104
3257116
3257131
3257150
3257165
3257173
3257182
3257198
3257200
3257213
3257232
3257248
3257254
3257269
3257276
3257281
3257297
3257305
3257318
3257337
3257343
3257351
3257366
3257379
3257384
3257392
3257408
3257414
3257427
3257439
3257440
3257453
3257462
3257471
3257486
3257495
3257506
3257512
3257521
3257549
3257557
3257568
3257570
3257585
3257594
3257609
3257617
3257624
3257638
3257646
3257652
3257663
3257675
3257680
3257707
3257710
3257728
3257735
3257744
3257756
3257761
3257783
3257799
3257803
3257811
3257822
3257836
3257874
3257889
3257890
3257902
3257915
3257923
3257930
3257941
3257959
3257964
3257977
3257988
3257996
3258004
3258029
3258031
3258047
3258065
3258073
3258082
3258098
3258101
3258119
3258126
3258134
3258142
3258155
3258160
3258178
3258187
3258193
3258205
3258218
3258220
3258237
3258251
3258266
3258279
3258284
3258292
3258300
3258313
3258325
3258332
3258348
3258354
3258369
3258376
3258381
3258397
3258411
3258422
3258436
3258445
3258458
3258467
3258474
3258489
3258490
3258509
3258517
3258524
3258538
3258546
3258552
3258563
3258575
3258591
3258612
3258621
3258633
3258649
3258657
3258668
3258670
3258685
3258694
3258702
3258715
3258723
3258730
3258741
3258759
3258764
3258777
3258788
3258796
3258808
3258814
3258827
3258853
3258862
3258871
3258886
3258895
3258907
3258910
3258928
3258935
3258944
3258956
3258961
3258972
3258983
3258999
3259003
3259011
3259022
3259036
3259045
3259058
3259067
3259074
3259089
3259090
3259106
3259112
3259121
3259133
3259149
3259157
3259168
3259170
3259185
3259194
3259207
3259210
3259228
3259235
3259244
3259256
3259272
3259299
3259308
3259314
3259327
3259339
3259340
3259353
3259362
3259386
3259395
3259416
3259429
3259431
3259447
3259450
3259465
3259473
3259482
3259498
3259502
3259523
3259530
3259541
3259559
3259564
3259577
3259588
3259596
3259601
3259619
3259626
3259642
3259655
3259660
3259678
3259687
3259693
3259709
3259717
3259724
3259738
3259746
3259752
3259763
3259775
3259780
3259791
3259800
3259813
3259825
3259832
3259848
3259854
3259869
3259897
3259905
3259918
3259920
3259937
3259943
3259951
3259966
3259979
3259992
3260007
3260028
3260044
3260056
3260061
3260072
3260083
3260099
3260105
3260118
3260120
3260137
3260143
3260151
3260179
3260184
3260192
3260201
3260226
3260234
3260242
3260255
3260260
3260278
3260287
3260293
3260306
3260312
3260321
3260333
3260349
3260368
3260370
3260385
3260394
3260402
3260415
3260423
3260430
3260441
3260459
3260477
3260488
3260496
3260508
3260514
3260527
3260539
3260540
3260553
3260562
3260571
3260586
3260595
3260600
3260613
3260625
3260632
3260648
3260654
3260669
3260676
3260681
3260697
3260703
3260711
3260722
3260736
3260745
3260758
3260767
3260774
3260789
3260790
3260809
3260817
3260824
3260838
3260846
3260852
3260863
3260875
3260880
3260891
3260904
3260916
3260929
3260931
3260947
3260965
3260973
3260982
3260998
3261011
3261022
3261036
3261045
3261058
3261067
3261089
3261090
3261106
3261121
3261133
3261149
3261157
3261168
3261170
3261194
3261207
3261210
3261228
3261235
3261244
3261256
3261261
3261283
3261299
3261308
3261314
3261327
3261339
3261340
3261353
3261362
3261371
3261386
3261395
3261404
3261429
3261431
3261447
3261450
3261473
3261482
3261498
3261502
3261515
3261523
3261530
3261559
3261564
3261577
3261588
3261596
3261601
3261619
3261626
3261634
3261642
3261660
3261678
3261687
3261693
3261709
3261717
3261724
3261738
3261746
3261752
3261763
3261775
3261780
3261800
3261825
3261832
3261848
3261854
3261869
3261876
3261881
3261897
3261905
3261918
3261920
3261937
3261943
3261951
3261966
3261979
3262006
3262012
3262021
3262033
3262049
3262057
3262068
3262070
3262085
3262094
3262103
3262111
3262122
3262145
3262158
3262167
3262174
3262189
3262190
3262208
3262214
3262227
3262240
3262253
3262262
3262271
3262286
3262295
3262307
3262310
3262328
3262335
3262344
3262356
3262361
3262372
3262383
3262399
3262400
3262413
3262425
3262432
3262448
3262454
3262469
3262476
3262481
3262497
3262501
3262519
3262526
3262534
3262555
3262560
3262587
3262593
3262602
3262615
3262623
3262630
3262641
3262659
3262664
3262688
3262696
3262705
3262718
3262720
3262737
3262743
3262751
3262766
3262779
3262784
3262792
3262804
3262816
3262829
3262831
3262847
3262850
3262865
3262873
3262882
3262898
3262909
3262917
3262924
3262938
3262946
3262975
3262991
3263013
3263025
3263032
3263048
3263054
3263069
3263076
3263081
3263097
3263102
3263115
3263123
3263130
3263159
3263164
3263188
3263196
3263209
3263217
3263224
3263238
3263246
3263252
3263263
3263275
3263280
3263291
3263304
3263316
3263329
3263331
3263347
3263350
3263365
3263373
3263382
3263398
3263406
3263412
3263421
3263433
3263449
3263457
3263468
3263470
3263494
3263505
3263518
3263520
3263537
3263551
3263566
3263579
3263584
3263592
3263603
3263611
3263636
3263658
3263667
3263674
3263689
3263690
3263701
3263719
3263726
3263734
3263742
3263755
3263760
3263778
3263787
3263793
3263807
3263828
3263844
3263856
3263861
3263872
3263883
3263899
3263908
3263914
3263927
3263939
3263953
3263962
3263971
3263986
3263995
3264005
3264018
3264020
3264037
3264051
3264079
3264084
3264092
3264107
3264110
3264128
3264144
3264156
3264161
3264183
3264206
3264212
3264221
3264233
3264249
3264257
3264268
3264270
3264285
3264294
3264301
3264319
3264326
3264334
3264342
3264355
3264378
3264387
3264409
3264417
3264438
3264446
3264452
3264463
3264475
3264480
3264500
3264513
3264525
3264548
3264554
3264569
3264576
3264581
3264597
3264608
3264627
3264640
3264653
3264662
3264671
3264695
3264704
3264716
3264729
3264731
3264747
3264750
3264765
3264782
3264798
3264802
3264815
3264823
3264830
3264859
3264864
3264877
3264888
3264896
3264903
3264911
3264922
3264936
3264945
3264958
3264967
3264974
3264989
3264990
3265016
3265031
3265047
3265050
3265065
3265073
3265082
3265098
3265101
3265119
3265126
3265134
3265142
3265155
3265160
3265187
3265193
3265205
3265218
3265220
3265237
3265243
3265251
3265266
3265279
3265284
3265292
3265300
3265313
3265325
3265332
3265348
3265354
3265369
3265381
3265397
3265403
3265411
3265422
3265436
3265445
3265458
3265474
3265490
3265509
3265517
3265524
3265538
3265552
3265563
3265575
3265580
3265606
3265612
3265621
3265633
3265649
3265657
3265668
3265670
3265685
3265694
3265702
3265715
3265723
3265730
3265741
3265759
3265764
3265777
3265788
3265796
3265808
3265814
3265827
3265840
3265853
3265862
3265871
3265886
3265895
3265907
3265910
3265928
3265944
3265956
3265961
3265972
3265983
3265999
3266015
3266030
3266041
3266064
3266077
3266088
3266096
3266100
3266113
3266125
3266132
3266148
3266154
3266176
3266181
3266197
3266204
3266216
3266229
3266231
3266247
3266250
3266273
3266282
3266298
3266309
3266324
3266338
3266346
3266352
3266363
3266375
3266380
3266391
3266407
3266410
3266428
3266435
3266444
3266456
3266472
3266483
3266499
3266503
3266511
3266522
3266536
3266545
3266558
3266567
3266574
3266589
3266590
3266605
3266637
3266643
3266651
3266666
3266679
3266684
3266692
3266708
3266714
3266727
3266739
3266740
3266753
3266762
3266771
3266786
3266795
3266806
3266812
3266821
3266849
3266857
3266868
3266870
3266885
3266894
3266901
3266919
3266926
3266942
3266960
3266978
3266987
3266993
3267009
3267017
3267024
3267038
3267046
3267052
3267063
3267080
3267091
3267108
3267127
3267139
3267140
3267153
3267162
3267171
3267186
3267195
3267203
3267211
3267222
3267236
3267245
3267258
3267267
3267274
3267289
3267290
3267302
3267315
3267323
3267330
3267341
3267359
3267364
3267377
3267388
3267405
3267418
3267420
3267437
3267443
3267451
3267466
3267479
3267484
3267492
3267504
3267516
3267529
3267531
3267547
3267550
3267565
3267573
3267582
3267598
3267607
3267610
3267635
3267644
3267656
3267661
3267683
3267699
3267700
3267713
3267725
3267732
3267748
3267754
3267769
3267776
3267781
3267801
3267826
3267834
3267842
3267855
3267878
3267887
3267893
3267912
3267921
3267933
3267957
3267968
3267985
3267994
3268014
3268027
3268039
3268040
3268053
3268062
3268071
3268095
3268109
3268117
3268124
3268138
3268146
3268152
3268163
3268175
3268180
3268202
3268215
3268223
3268230
3268241
3268259
3268264
3268277
3268288
3268296
3268303
3268311
3268322
3268336
3268345
3268358
3268367
3268374
3268389
3268390
3268401
3268419
3268426
3268434
3268442
3268455
3268460
3268478
3268487
3268493
3268507
3268510
3268528
3268535
3268544
3268556
3268561
3268572
3268583
3268599
3268604
3268616
3268629
3268631
3268647
3268650
3268665
3268673
3268682
3268698
3268706
3268712
3268721
3268757
3268768
3268770
3268785
3268794
3268805
3268818
3268820
3268837
3268843
3268851
3268866
3268879
3268884
3268892
3268900
3268913
3268925
3268932
3268948
3268969
3268976
3268981
3268997
3269001
3269019
3269026
3269042
3269055
3269060
3269078
3269087
3269093
3269104
3269129
3269147
3269150
3269165
3269173
3269182
3269198
3269200
3269213
3269225
3269232
3269248
3269254
3269269
3269276
3269281
3269297
3269305
3269318
3269320
3269337
3269343
3269351
3269366
3269379
3269384
3269392
3269408
3269427
3269439
3269440
3269453
3269462
3269471
3269486
3269495
3269506
3269512
3269521
3269533
3269549
3269557
3269568
3269570
3269585
3269594
3269609
3269617
3269624
3269638
3269646
3269652
3269663
3269675
3269680
3269691
3269707
3269710
3269728
3269735
3269744
3269756
3269761
3269772
3269783
3269799
3269803
3269822
3269836
3269858
3269867
3269874
3269889
3269890
3269902
3269915
3269930
3269941
3269959
3269964
3269977
3269988
3269996
3270008
3270014
3270027
3270039
3270040
3270053
3270062
3270071
3270086
3270095
3270117
3270124
3270138
3270175
3270180
3270202
3270215
3270223
3270241
3270259
3270264
3270277
3270288
3270296
3270303
3270311
3270322
3270336
3270345
3270358
3270367
3270374
3270389
3270390
3270401
3270419
3270426
3270434
3270442
3270455
3270460
3270478
3270487
3270493
3270507
3270510
3270535
3270556
3270561
3270572
3270583
3270599
3270604
3270631
3270647
3270650
3270665
3270673
3270682
3270698
3270706
3270712
3270721
3270733
3270749
3270768
3270770
3270785
3270794
3270805
3270818
3270820
3270843
3270851
3270866
3270879
3270884
3270892
3270900
3270913
3270925
3270932
3270948
3270954
3270969
3270976
3270981
3270997
3271006
3271012
3271021
3271033
3271049
3271057
3271068
3271070
3271085
3271094
3271103
3271111
3271122
3271136
3271145
3271158
3271167
3271174
3271189
3271190
3271208
3271214
3271227
3271239
3271240
3271253
3271262
3271271
3271286
3271295
3271307
3271310
3271328
3271335
3271344
3271356
3271361
3271372
3271383
3271399
3271400
3271413
3271425
3271432
3271448
3271454
3271469
3271476
3271481
3271497
3271501
3271519
3271526
3271534
3271542
3271555
3271560
3271578
3271587
3271593
3271602
3271615
3271623
3271630
3271641
3271659
3271664
3271677
3271688
3271696
3271705
3271720
3271737
3271743
3271751
3271766
3271779
3271784
3271792
3271804
3271816
3271829
3271831
3271847
3271850
3271865
3271873
3271882
3271898
3271909
3271917
3271924
3271938
3271946
3271952
3271963
3271975
3271980
3271991
3272003
3272011
3272022
3272036
3272045
3272067
3272074
3272089
3272090
3272106
3272112
3272121
3272149
3272157
3272168
3272170
3272185
3272194
3272207
3272210
3272228
3272235
3272244
3272256
3272261
3272272
3272283
3272299
3272308
3272314
3272327
3272339
3272353
3272362
3272371
3272386
3272395
3272404
3272416
3272429
3272447
3272450
3272465
3272473
3272482
3272498
3272502
3272515
3272523
3272530
3272541
3272559
3272564
3272577
3272588
3272596
3272601
3272619
3272634
3272642
3272655
3272660
3272678
3272687
3272693
3272709
3272717
3272724
3272738
3272752
3272763
3272775
3272780
3272791
3272800
3272813
3272825
3272832
3272848
3272854
3272869
3272876
3272897
3272918
3272920
3272937
3272943
3272951
3272966
3272979
3272984
3272992
3273004
3273016
3273029
3273031
3273047
3273050
3273065
3273073
3273082
3273098
3273101
3273134
3273142
3273155
3273160
3273178
3273187
3273193
3273205
3273218
3273220
3273237
3273243
3273251
3273266
3273279
3273284
3273292
3273300
3273313
3273325
3273332
3273348
3273354
3273376
3273381
3273397
3273403
3273411
3273422
3273436
3273445
3273458
3273467
3273474
3273489
3273490
3273509
3273517
3273524
3273538
3273546
3273552
3273563
3273575
3273580
3273591
3273606
3273612
3273621
3273633
3273649
3273657
3273668
3273670
3273685
3273702
3273715
3273723
3273730
3273741
3273759
3273764
3273777
3273788
3273796
3273808
3273827
3273839
3273840
3273853
3273871
3273886
3273895
3273907
3273910
3273928
3273935
3273956
3273961
3273972
3273983
3273999
3274009
3274017
3274024
3274038
3274046
3274063
3274075
3274080
3274091
3274108
3274114
3274127
3274139
3274153
3274162
3274186
3274195
3274203
3274211
3274222
3274236
3274258
3274267
3274274
3274289
3274290
3274302
3274315
3274323
3274330
3274341
3274359
3274364
3274377
3274388
3274396
3274405
3274418
3274420
3274437
3274451
3274466
3274479
3274484
3274504
3274516
3274529
3274531
3274547
3274550
3274565
3274582
3274607
3274610
3274628
3274635
3274644
3274656
3274661
3274672
3274683
3274700
3274713
3274725
3274732
3274748
3274754
3274769
3274776
3274781
3274797
3274801
3274819
3274826
3274834
3274842
3274855
3274860
3274878
3274887
3274893
3274906
3274912
3274921
3274933
3274949
3274957
3274968
3274970
3274985
3274994
3275000
3275013
3275025
3275032
3275048
3275069
3275076
3275081
3275097
3275115
3275123
3275130
3275141
3275159
3275164
3275177
3275188
3275196
3275209
3275217
3275224
3275246
3275252
3275263
3275275
3275280
3275291
3275304
3275316
3275329
3275347
3275350
3275365
3275373
3275382
3275406
3275412
3275433
3275449
3275457
3275468
3275470
3275485
3275505
3275518
3275520
3275537
3275543
3275551
3275566
3275579
3275584
3275592
3275603
3275611
3275636
3275645
3275658
3275667
3275674
3275689
3275690
3275701
3275719
3275726
3275734
3275742
3275755
3275778
3275793
3275807
3275810
3275828
3275835
3275844
3275856
3275861
3275872
3275883
3275899
3275908
3275914
3275927
3275940
3275953
3275962
3275971
3275986
3275995
3276001
3276019
3276026
3276034
3276042
3276055
3276060
3276087
3276093
3276104
3276116
3276129
3276131
3276147
3276150
3276173
3276182
3276198
3276200
3276225
3276248
3276254
3276269
3276276
3276281
3276297
3276305
3276320
3276337
3276343
3276351
3276366
3276379
3276384
3276392
3276408
3276414
3276427
3276440
3276453
3276462
3276471
3276486
3276495
3276506
3276512
3276521
3276533
3276549
3276557
3276568
3276570
3276585
3276594
3276624
3276646
3276652
3276663
3276675
3276680
3276691
3276707
3276728
3276735
3276744
3276756
3276761
3276772
3276783
3276803
3276811
3276822
3276836
3276845
3276858
3276867
3276874
3276889
3276890
3276902
3276915
3276923
3276930
3276941
3276959
3276964
3276977
3276988
3276996
3277005
3277018
3277020
3277037
3277043
3277051
3277066
3277079
3277084
3277092
3277107
3277128
3277135
3277144
3277156
3277161
3277172
3277183
3277199
3277206
3277212
3277221
3277233
3277249
3277268
3277270
3277294
3277301
3277319
3277326
3277334
3277342
3277355
3277360
3277378
3277387
3277393
3277409
3277424
3277438
3277446
3277452
3277463
3277475
3277480
3277491
3277500
3277513
3277525
3277532
3277548
3277554
3277569
3277576
3277581
3277608
3277614
3277627
3277639
3277640
3277653
3277662
3277671
3277686
3277695
3277704
3277716
3277729
3277731
3277747
3277750
3277765
3277773
3277782
3277802
3277815
3277823
3277841
3277859
3277864
3277877
3277888
3277896
3277903
3277911
3277922
3277936
3277945
3277958
3277967
3277974
3277989
3278007
3278010
3278028
3278035
3278044
3278056
3278061
3278072
3278083
3278099
3278105
3278118
3278120
3278137
3278143
3278151
3278166
3278179
3278184
3278192
3278201
3278219
3278226
3278234
3278242
3278255
3278260
3278278
3278287
3278306
3278312
3278321
3278333
3278349
3278357
3278368
3278370
3278385
3278402
3278415
3278423
3278430
3278441
3278459
3278464
3278477
3278488
3278508
3278514
3278527
3278539
3278540
3278553
3278571
3278595
3278600
3278613
3278625
3278632
3278648
3278654
3278669
3278676
3278681
3278697
3278703
3278711
3278722
3278736
3278758
3278767
3278774
3278789
3278790
3278809
3278817
3278824
3278838
3278846
3278852
3278863
3278875
3278880
3278891
3278904
3278916
3278931
3278947
3278950
3278965
3278973
3278982
3278998
3279002
3279015
3279023
3279030
3279041
3279059
3279064
3279077
3279088
3279096
3279100
3279113
3279125
3279132
3279154
3279169
3279176
3279181
3279204
3279216
3279231
3279247
3279250
3279265
3279273
3279282
3279298
3279309
3279324
3279338
3279346
3279352
3279363
3279375
3279407
3279410
3279435
3279444
3279461
3279472
3279483
3279499
3279511
3279522
3279536
3279545
3279558
3279567
3279574
3279589
3279590
3279618
3279620
3279637
3279643
3279651
3279666
3279679
3279684
3279692
3279708
3279714
3279727
3279739
3279740
3279753
3279762
3279771
3279786
3279795
3279806
3279812
3279821
3279833
3279849
3279857
3279868
3279870
3279885
3279901
3279919
3279926
3279934
3279942
3279955
3279960
3279978
3279987
3279993
3280004
3280016
3280029
3280031
3280047
3280050
3280073
3280082
3280098
3280101
3280119
3280126
3280134
3280142
3280155
3280160
3280178
3280187
3280193
3280205
3280220
3280237
3280251
3280266
3280279
3280284
3280292
3280300
3280313
3280325
3280332
3280354
3280369
3280376
3280381
3280397
3280403
3280411
3280422
3280436
3280445
3280458
3280467
3280474
3280489
3280490
3280517
3280524
3280552
3280563
3280575
3280580
3280591
3280606
3280612
3280621
3280633
3280649
3280657
3280668
3280670
3280685
3280694
3280702
3280715
3280723
3280730
3280741
3280764
3280777
3280788
3280796
3280808
3280814
3280827
3280839
3280840
3280853
3280862
3280871
3280886
3280895
3280907
3280910
3280928
3280935
3280944
3280956
3280961
3280983
3281002
3281015
3281023
3281030
3281041
3281059
3281064
3281077
3281088
3281096
3281100
3281113
3281125
3281132
3281148
3281154
3281169
3281181
3281197
3281204
3281216
3281229
3281247
3281265
3281273
3281298
3281309
3281317
3281324
3281338
3281346
3281352
3281363
3281375
3281380
3281391
3281407
3281410
3281428
3281435
3281444
3281456
3281461
3281472
3281483
3281499
3281503
3281522
3281536
3281545
3281558
3281567
3281589
3281590
3281605
3281618
3281620
3281637
3281651
3281666
3281679
3281684
3281692
3281708
3281714
3281727
3281739
3281740
3281753
3281762
3281771
3281786
3281795
3281806
3281812
3281821
3281833
3281849
3281857
3281868
3281870
3281894
3281901
3281919
3281926
3281934
3281942
3281955
3281960
3281978
3281987
3281993
3282000
3282013
3282025
3282048
3282054
3282069
3282076
3282081
3282097
3282102
3282123
3282130
3282141
3282159
3282164
3282177
3282188
3282209
3282217
3282224
3282238
3282246
3282252
3282275
3282280
3282291
3282304
3282316
3282329
3282331
3282347
3282350
3282365
3282373
3282382
3282398
3282406
3282421
3282433
3282449
3282457
3282468
3282470
3282485
3282494
3282505
3282518
3282520
3282537
3282543
3282551
3282566
3282584
3282603
3282611
3282622
3282636
3282645
3282667
3282674
3282689
3282690
3282701
3282719
3282726
3282734
3282742
3282760
3282778
3282787
3282793
3282807
3282810
3282828
3282835
3282844
3282856
3282861
3282872
3282883
3282908
3282914
3282927
3282939
3282940
3282953
3282962
3282971
3282986
3282995
3283006
3283012
3283021
3283033
3283049
3283057
3283068
3283070
3283085
3283094
3283103
3283111
3283122
3283136
3283145
3283158
3283167
3283174
3283189
3283190
3283208
3283214
3283227
3283239
3283240
3283253
3283262
3283271
3283286
3283295
3283310
3283328
3283335
3283356
3283361
3283372
3283383
3283399
3283400
3283413
3283425
3283432
3283448
3283454
3283469
3283476
3283481
3283497
3283501
3283526
3283534
3283542
3283555
3283560
3283578
3283587
3283593
3283602
3283615
3283623
3283630
3283641
3283659
3283664
3283677
3283688
3283705
3283718
3283720
3283737
3283743
3283751
3283766
3283779
3283792
3283804
3283816
3283829
3283831
3283847
3283850
3283865
3283873
3283882
3283898
3283909
3283917
3283924
3283938
3283946
3283952
3283963
3283975
3283980
3284001
3284019
3284026
3284034
3284042
3284055
3284060
3284078
3284087
3284093
3284104
3284116
3284129
3284131
3284147
3284150
3284165
3284173
3284182
3284198
3284200
3284213
3284225
3284232
3284254
3284269
3284276
3284281
3284297
3284305
3284320
3284337
3284343
3284351
3284366
3284384
3284392
3284408
3284414
3284427
3284439
3284440
3284453
3284471
3284486
3284495
3284506
3284512
3284521
3284533
3284549
3284557
3284568
3284570
3284585
3284609
3284617
3284646
3284652
3284663
3284675
3284680
3284691
3284707
3284728
3284744
3284756
3284761
3284772
3284783
3284799
3284803
3284811
3284822
3284836
3284845
3284858
3284874
3284890
3284902
3284915
3284923
3284930
3284941
3284959
3284964
3284977
3284988
3284996
3285007
3285010
3285028
3285035
3285056
3285061
3285072
3285099
3285105
3285118
3285120
3285137
3285143
3285151
3285166
3285179
3285184
3285192
3285201
3285219
3285226
3285234
3285242
3285255
3285278
3285287
3285293
3285306
3285312
3285321
3285333
3285349
3285357
3285370
3285385
3285394
3285402
3285415
3285423
3285430
3285441
3285459
3285477
3285488
3285508
3285514
3285527
3285539
3285540
3285553
3285562
3285586
3285595
3285600
3285613
3285625
3285632
3285654
3285669
3285676
3285681
3285697
3285703
3285711
3285722
3285736
3285745
3285758
3285767
3285774
3285789
3285790
3285809
3285817
3285824
3285838
3285846
3285863
3285880
3285891
3285904
3285916
3285929
3285931
3285947
3285950
3285965
3285973
3285982
3285998
3286003
3286011
3286022
3286036
3286045
3286058
3286067
3286074
3286089
3286090
3286106
3286112
3286121
3286133
3286149
3286168
3286170
3286185
3286194
3286207
3286210
3286228
3286235
3286244
3286261
3286272
3286283
3286299
3286308
3286314
3286327
3286339
3286340
3286353
3286362
3286371
3286386
3286395
3286404
3286416
3286429
3286431
3286447
3286450
3286465
3286473
3286482
3286498
3286515
3286523
3286530
3286541
3286559
3286564
3286596
3286601
3286619
3286626
3286634
3286655
3286660
3286678
3286687
3286693
3286717
3286724
3286746
3286752
3286763
3286775
3286780
3286791
3286800
3286813
3286825
3286832
3286848
3286854
3286869
3286876
3286881
3286897
3286905
3286918
3286920
3286937
3286943
3286951
3286966
3286979
3286984
3286992
3287008
3287014
3287027
3287039
3287040
3287053
3287062
3287071
3287086
3287095
3287109
3287117
3287124
3287138
3287146
3287152
3287163
3287175
3287180
3287191
3287202
3287215
3287223
3287230
3287241
3287264
3287277
3287288
3287303
3287311
3287322
3287336
3287345
3287358
3287367
3287374
3287389
3287390
3287401
3287419
3287426
3287434
3287455
3287460
3287478
3287487
3287493
3287507
3287510
3287528
3287535
3287544
3287556
3287561
3287572
3287583
3287599
3287604
3287616
3287629
3287631
3287647
3287650
3287665
3287673
3287682
3287698
3287706
3287712
3287721
3287733
3287749
3287757
3287768
3287770
3287785
3287794
3287805
3287818
3287820
3287837
3287843
3287851
3287866
3287879
3287884
3287892
3287900
3287913
3287925
3287948
3287954
3287969
3287976
3287981
3287997
3288009
3288017
3288024
3288038
3288046
3288052
3288063
3288075
3288080
3288091
3288108
3288114
3288127
3288139
3288153
3288162
3288171
3288195
3288203
3288211
3288222
3288245
3288258
3288267
3288274
3288289
3288290
3288315
3288323
3288330
3288341
3288359
3288364
3288377
3288388
3288396
3288405
3288418
3288420
3288437
3288443
3288451
3288466
3288479
3288484
3288492
3288516
3288529
3288531
3288547
3288550
3288565
3288573
3288582
3288598
3288607
3288610
3288628
3288635
3288644
3288656
3288661
3288672
3288699
3288713
3288725
3288732
3288748
3288754
3288769
3288776
3288781
3288797
3288801
3288819
3288826
3288834
3288842
3288855
3288878
3288887
3288893
3288906
3288912
3288933
3288957
3288968
3288970
3288985
3288994
3289005
3289018
3289020
3289037
3289043
3289066
3289079
3289084
3289092
3289107
3289110
3289128
3289135
3289144
3289156
3289172
3289183
3289199
3289206
3289212
3289221
3289233
3289249
3289257
3289268
3289270
3289285
3289294
3289301
3289319
3289326
3289334
3289342
3289355
3289360
3289378
3289387
3289393
3289409
3289424
3289438
3289446
3289452
3289463
3289475
3289480
3289491
3289500
3289513
3289525
3289532
3289548
3289554
3289569
3289576
3289581
3289597
3289608
3289614
3289627
3289639
3289640
3289653
3289662
3289671
3289686
3289695
3289704
3289716
3289729
3289731
3289747
3289750
3289765
3289773
3289798
3289802
3289830
3289841
3289859
3289864
3289877
3289888
3289896
3289903
3289911
3289922
3289936
3289945
3289958
3289967
3289974
3289989
3290006
3290012
3290021
3290033
3290049
3290057
3290068
3290070
3290085
3290094
3290103
3290111
3290122
3290136
3290145
3290158
3290167
3290174
3290189
3290190
3290208
3290214
3290227
3290239
3290240
3290253
3290262
3290286
3290307
3290328
3290335
3290344
3290356
3290361
3290372
3290383
3290399
3290400
3290413
3290425
3290432
3290448
3290454
3290469
3290476
3290481
3290497
3290501
3290519
3290542
3290560
3290578
3290587
3290593
3290602
3290615
3290623
3290630
3290641
3290659
3290664
3290677
3290705
3290718
3290720
3290737
3290743
3290751
3290779
3290784
3290792
3290804
3290816
3290829
3290831
3290847
3290850
3290865
3290873
3290882
3290898
3290909
3290917
3290924
3290938
3290946
3290952
3290963
3290975
3290980
3290991
3291018
3291020
3291037
3291043
3291051
3291066
3291079
3291084
3291092
3291107
3291110
3291135
3291144
3291156
3291161
3291172
3291183
3291221
3291233
3291249
3291257
3291268
3291270
3291285
3291294
3291301
3291319
3291334
3291342
3291355
3291360
3291378
3291393
3291409
3291417
3291424
3291438
3291446
3291452
3291463
3291475
3291480
3291491
3291500
3291513
3291525
3291532
3291548
3291554
3291569
3291576
3291581
3291597
3291608
3291614
3291627
3291639
3291640
3291653
3291662
3291671
3291686
3291695
3291704
3291716
3291729
3291731
3291747
3291750
3291773
3291782
3291798
3291802
3291815
3291823
3291830
3291841
3291859
3291864
3291877
3291888
3291896
3291903
3291911
3291922
3291936
3291945
3291958
3291967
3291974
3291989
3291990
3292007
3292010
3292028
3292035
3292044
3292056
3292061
3292072
3292083
3292105
3292120
3292137
3292143
3292151
3292166
3292179
3292192
3292201
3292219
3292226
3292234
3292242
3292255
3292260
3292278
3292287
3292293
3292306
3292312
3292321
3292333
3292349
3292357
3292368
3292370
3292385
3292394
3292402
3292415
3292423
3292430
3292441
3292459
3292464
3292477
3292496
3292508
3292514
3292527
3292539
3292540
3292553
3292562
3292571
3292586
3292595
3292600
3292613
3292625
3292648
3292654
3292676
3292681
3292697
3292703
3292711
3292722
3292736
3292745
3292758
3292767
3292774
3292789
3292790
3292809
3292817
3292824
3292838
3292846
3292852
3292863
3292880
3292891
3292904
3292916
3292929
3292931
3292947
3292950
3292965
3292973
3292982
3292998
3293015
3293023
3293059
3293064
3293077
3293088
3293096
3293100
3293113
3293125
3293132
3293148
3293154
3293169
3293176
3293181
3293197
3293204
3293216
3293229
3293247
3293250
3293265
3293273
3293282
3293298
3293309
3293317
3293324
3293338
3293346
3293352
3293363
3293375
3293380
3293391
3293407
3293428
3293435
3293444
3293456
3293461
3293472
3293483
3293499
3293503
3293511
3293522
3293536
3293545
3293567
3293574
3293590
3293605
3293618
3293620
3293637
3293643
3293651
3293666
3293679
3293692
3293708
3293714
3293740
3293753
3293762
3293771
3293786
3293795
3293812
3293821
3293833
3293857
3293868
3293870
3293885
3293894
3293919
3293926
3293934
3293942
3293955
3293960
3293978
3293987
3294003
3294011
3294022
3294036
3294045
3294058
3294067
3294074
3294089
3294090
3294106
3294112
3294121
3294149
3294157
3294168
3294170
3294185
3294194
3294207
3294210
3294228
3294235
3294244
3294272
3294283
3294299
3294308
3294314
3294327
3294340
3294353
3294362
3294371
3294386
3294395
3294404
3294416
3294429
3294447
3294450
3294465
3294473
3294502
3294515
3294530
3294541
3294559
3294564
3294577
3294588
3294596
3294601
3294619
3294626
3294634
3294642
3294655
3294660
3294678
3294693
3294709
3294717
3294724
3294738
3294746
3294752
3294763
3294775
3294780
3294791
3294800
3294813
3294825
3294832
3294848
3294854
3294869
3294876
3294881
3294905
3294918
3294920
3294937
3294943
3294951
3294966
3294984
3295009
3295017
3295024
3295038
3295046
3295052
3295063
3295075
3295080
3295091
3295114
3295127
3295139
3295140
3295153
3295162
3295186
3295195
3295203
3295211
3295222
3295236
3295245
3295258
3295267
3295289
3295290
3295302
3295315
3295323
3295330
3295341
3295359
3295364
3295388
3295396
3295405
3295418
3295420
3295437
3295443
3295451
3295466
3295479
3295484
3295492
3295504
3295516
3295529
3295531
3295550
3295565
3295573
3295582
3295598
3295607
3295610
3295628
3295635
3295644
3295656
3295661
3295672
3295683
3295699
3295713
3295725
3295732
3295754
3295769
3295776
3295781
3295797
3295801
3295819
3295826
3295834
3295842
3295855
3295860
3295878
3295887
3295893
3295912
3295921
3295933
3295949
3295968
3295970
3295994
3296000
3296025
3296032
3296048
3296054
3296076
3296081
3296097
3296102
3296115
3296130
3296141
3296159
3296164
3296177
3296188
3296196
3296209
3296217
3296224
3296238
3296246
3296252
3296263
3296275
3296280
3296291
3296304
3296316
3296329
3296331
3296347
3296350
3296365
3296373
3296398
3296406
3296412
3296421
3296433
3296449
3296457
3296468
3296470
3296485
3296494
3296505
3296518
3296520
3296537
3296543
3296551
3296566
3296579
3296584
3296592
3296603
3296611
3296622
3296636
3296645
3296658
3296667
3296674
3296689
3296690
3296701
3296719
3296734
3296742
3296755
3296760
3296778
3296787
3296793
3296810
3296828
3296835
3296856
3296861
3296872
3296883
3296899
3296908
3296914
3296927
3296939
3296940
3296953
3296962
3296971
3296986
3296995
3297004
3297016
3297029
3297031
3297050
3297065
3297073
3297082
3297098
3297101
3297126
3297134
3297142
3297155
3297160
3297178
3297187
3297193
3297205
3297218
3297220
3297237
3297243
3297251
3297266
3297279
3297284
3297300
3297313
3297325
3297332
3297348
3297354
3297369
3297376
3297381
3297397
3297403
3297411
3297436
3297445
3297458
3297467
3297474
3297489
3297490
3297509
3297517
3297524
3297538
3297546
3297552
3297563
3297575
3297591
3297606
3297612
3297621
3297633
3297649
3297657
3297668
3297670
3297685
3297694
3297702
3297715
3297723
3297730
3297741
3297759
3297764
3297777
3297788
3297796
3297808
3297814
3297827
3297839
3297840
3297853
3297862
3297871
3297886
3297895
3297907
3297910
3297928
3297935
3297944
3297956
3297961
3297972
3297983
3298001
3298019
3298026
3298034
3298042
3298055
3298060
3298078
3298087
3298116
3298129
3298131
3298147
3298150
3298165
3298173
3298182
3298198
3298200
3298213
3298225
3298232
3298248
3298269
3298276
3298281
3298297
3298305
3298320
3298337
3298343
3298351
3298366
3298379
3298392
3298408
3298414
3298427
3298439
3298440
3298453
3298462
3298471
3298486
3298495
3298506
3298512
3298521
3298533
3298549
3298557
3298568
3298570
3298585
3298594
3298609
3298617
3298624
3298638
3298646
3298652
3298663
3298675
3298680
3298691
3298707
3298710
3298728
3298735
3298744
3298772
3298783
3298799
3298803
3298811
3298822
3298836
3298845
3298858
3298867
3298874
3298889
3298890
3298915
3298930
3298941
3298959
3298964
3298988
3299008
3299014
3299027
3299039
3299040
3299053
3299071
3299086
3299095
3299109
3299117
3299138
3299146
3299152
3299175
3299180
3299191
3299202
3299223
3299230
3299241
3299259
3299264
3299277
3299288
3299296
3299311
3299322
3299358
3299367
3299374
3299389
3299390
3299401
3299419
3299426
3299434
3299442
3299455
3299460
3299478
3299487
3299493
3299507
3299510
3299528
3299535
3299544
3299556
3299561
3299572
3299583
3299599
3299604
3299616
3299629
3299631
3299647
3299650
3299665
3299673
3299682
3299698
3299706
3299712
3299721
3299733
3299749
3299757
3299768
3299770
3299785
3299794
3299818
3299820
3299837
3299843
3299851
3299866
3299879
3299884
3299892
3299900
3299913
3299925
3299932
3299976
3299981
3299997
