5301831
5318032
5318252
5318304
5319012
5319720
5319975
5320010
5320056
5320758
5321634
5321951
5322737
5325218
5325621
5325723
5326154
5326472
5326620
5326727
5327315
5327582
5327607
5328071
5328117
5328152
5328493
5329165
5329392
5330013
5330123
5330636
5332065
5332777
5332808
5332928
5333937
5334282
5334298
5334407
5334714
5334868
5335117
5335561
5335757
5336560
5336587
5337010
5337179
5337184
5337514
5338092
5338206
5338270
5338627
5338798
5338922
5338974
5339080
5339628
5340313
5341708
5342986
5343085
5343696
5344318
5344495
5345056
5345072
5345600
5345711
5345863
5345929
5346791
5346869
5347426
5347770
5347981
5348274
5348644
5349500
5350253
5350519
5350766
5351548
5351695
5351989
5353346
5353708
5353786
5353885
5354003
5354149
5354813
5354848
5354854
5355038
5355052
5355153
5355341
5356013
5357193
5357606
5357668
5357715
5358078
5358996
5359230
5359264
5359647
5359673
5360273
5361650
5361682
5361706
5362529
5362906
5363092
5363342
5363750
5363859
5364329
5364726
5364927
5365624
5365996
5366255
5366441
5367519
5367542
5367938
5368036
5368353
5368854
5369546
5370185
5370473
5370564
5370825
5371080
5372336
5372604
5372969
5373232
5374068
5374784
5374924
5375326
5375480
5375671
5376458
5376509
5376788
5376886
5377742
5378885
5379514
5379586
5379767
5380570
5380772
5381260
5381394
5381722
5381904
5381965
5382037
5383063
5383644
5383781
5384332
5384436
5384759
5385574
5385771
5385857
5385919
5386367
5386426
5386442
5387588
5387854
5388012
5388469
5388898
5389081
5389433
5389566
5389971
5390364
5391238
5391592
5391760
5392015
5392740
5392833
5392955
5393370
5393852
5393947
5394095
5394124
5394673
5395057
5396342
5396409
5397213
5397533
5397744
5398575
5399523
