5100002
5100015
5100030
5100059
5100088
5100125
5100132
5100148
5100176
5100204
5100231
5100247
5100265
5100273
5100298
5100324
5100338
5100346
5100352
5100363
5100375
5100407
5100410
5100435
5100456
5100461
5100472
5100511
5100522
5100545
5100567
5100651
5100692
5100727
5100786
5100806
5100821
5100849
5100857
5100868
5100870
5100885
5100901
5100942
5100993
5101014
5101040
5101062
5101086
5101095
5101124
5101152
5101163
5101175
5101191
5101202
5101215
5101223
5101241
5101259
5101264
5101303
5101336
5101345
5101367
5101390
5101401
5101426
5101434
5101455
5101487
5101507
5101510
5101556
5101572
5101599
5101604
5101629
5101647
5101650
5101665
5101673
5101712
5101721
5101757
5101770
5101820
5101837
5101851
5101866
5101892
5101913
5101954
5101969
5101997
5102009
5102024
5102046
5102052
5102075
5102091
5102108
5102127
5102139
5102140
5102186
5102203
5102222
5102258
5102267
5102290
5102323
5102330
5102377
5102388
5102396
5102420
5102437
5102484
5102547
5102550
5102565
5102582
5102598
5102607
5102635
5102661
5102683
5102725
5102748
5102754
5102797
5102826
5102855
5102893
5102906
5102957
5102985
5103018
5103020
5103037
5103051
5103079
5103084
5103107
5103128
5103135
5103206
5103221
5103249
5103285
5103301
5103342
5103355
5103360
5103387
5103409
5103438
5103446
5103475
5103480
5103513
5103532
5103554
5103581
5103597
5103608
5103639
5103640
5103653
5103662
5103686
5103695
5103729
5103731
5103765
5103782
5103830
5103841
5103864
5103896
5103903
5103911
5103967
5103989
5103990
5104000
5104032
5104069
5104159
5104164
5104177
5104196
5104217
5104238
5104252
5104263
5104280
5104329
5104331
5104347
5104373
5104406
5104470
5104494
5104518
5104584
5104592
5104603
5104611
5104645
5104674
5104719
5104755
5104778
5104787
5104828
5104835
5104844
5104856
5104872
5104883
5104899
5104940
5104953
5104995
5105034
5105078
5105093
5105104
5105213
5105248
5105269
5105276
5105281
5105318
5105320
5105337
5105351
5105366
5105379
5105439
5105453
5105471
5105486
5105495
5105512
5105549
5105594
5105617
5105624
5105675
5105680
5105691
5105710
5105744
5105772
5105783
5105836
5105858
5105889
5105890
5105923
5105930
5105941
5105977
5105988
5106035
5106072
5106120
5106143
5106166
5106179
5106184
5106226
5106260
5106321
5106357
5106441
5106464
5106477
5106488
5106508
5106527
5106539
5106571
5106613
5106625
5106648
5106669
5106722
5106736
5106758
5106789
5106852
5106875
5106916
5106931
5106950
5106973
5106982
5106998
5107006
5107049
5107068
5107085
5107094
5107103
5107189
5107190
5107227
5107240
5107253
5107262
5107271
5107310
5107372
5107413
5107425
5107454
5107469
5107497
5107519
5107555
5107560
5107587
5107593
5107623
5107677
5107705
5107718
5107751
5107766
5107829
5107850
5107865
5107898
5107938
5107952
5108003
5108089
5108106
5108112
5108133
5108149
5108168
5108235
5108244
5108261
5108272
5108308
5108314
5108327
5108353
5108371
5108404
5108416
5108429
5108447
5108450
5108465
5108473
5108523
5108541
5108559
5108564
5108588
5108601
5108626
5108693
5108738
5108763
5108791
5108800
5108813
5108848
5108869
5108876
5108918
5108992
5109029
5109047
5109073
5109098
5109101
5109119
5109134
5109142
5109160
5109178
5109218
5109220
5109237
5109266
5109279
5109284
5109300
5109313
5109348
5109376
5109381
5109397
5109403
5109411
5109436
5109445
5109458
5109467
5109474
5109489
5109490
5109517
5109524
5109575
5109580
5109612
5109649
5109685
5109694
5109702
5109723
5109741
5109759
5109777
5109827
5109839
5109853
5109862
5109871
5109910
5109935
5109956
5109999
5110068
5110070
5110085
5110103
5110145
5110158
5110167
5110262
5110271
5110286
5110328
5110372
5110400
5110432
5110476
5110481
5110501
5110519
5110526
5110555
5110587
5110623
5110664
5110737
5110751
5110784
5110804
5110816
5110850
5110865
5110873
5110898
5110909
5111020
5111037
5111043
5111051
5111084
5111092
5111144
5111161
5111172
5111199
5111285
5111294
5111301
5111334
5111342
5111355
5111393
5111417
5111424
5111438
5111446
5111463
5111480
5111491
5111548
5111554
5111569
5111576
5111608
5111627
5111653
5111716
5111731
5111747
5111765
5111798
5111802
5111841
5111888
5111903
5111936
5111945
5111958
5111990
5112007
5112010
5112035
5112044
5112056
5112061
5112083
5112099
5112137
5112143
5112166
5112201
5112219
5112234
5112287
5112293
5112333
5112349
5112402
5112430
5112477
5112496
5112514
5112553
5112600
5112648
5112676
5112681
5112703
5112722
5112745
5112767
5112809
5112852
5112863
5112875
5112891
5112904
5112947
5112965
5112973
5113015
5113023
5113041
5113059
5113064
5113088
5113113
5113148
5113176
5113181
5113197
5113229
5113247
5113250
5113265
5113309
5113338
5113363
5113391
5113407
5113456
5113461
5113472
5113499
5113567
5113574
5113605
5113620
5113637
5113651
5113679
5113692
5113708
5113740
5113753
5113812
5113868
5113901
5113960
5114003
5114058
5114106
5114121
5114185
5114207
5114228
5114244
5114299
5114308
5114314
5114339
5114362
5114386
5114404
5114429
5114447
5114473
5114482
5114498
5114515
5114530
5114541
5114564
5114596
5114619
5114678
5114717
5114724
5114752
5114876
5114897
5114905
5114918
5114920
5114943
5114951
5114966
5114979
5114984
5115024
5115038
5115063
5115075
5115080
5115127
5115139
5115153
5115203
5115211
5115222
5115245
5115290
5115364
5115377
5115420
5115443
5115484
5115492
5115547
5115550
5115582
5115598
5115607
5115610
5115661
5115683
5115699
5115700
5115713
5115769
5115797
5115819
5115842
5115855
5115887
5115893
5115906
5115933
5116013
5116025
5116069
5116115
5116123
5116130
5116209
5116217
5116246
5116252
5116280
5116291
5116347
5116412
5116421
5116449
5116470
5116543
5116584
5116622
5116645
5116658
5116674
5116690
5116726
5116742
5116807
5116828
5116856
5116861
5116883
5116899
5116940
5116953
5116962
5117004
5117016
5117031
5117047
5117050
5117065
5117073
5117082
5117119
5117155
5117160
5117220
5117237
5117243
5117266
5117279
5117300
5117313
5117354
5117381
5117397
5117403
5117411
5117436
5117524
5117538
5117552
5117563
5117575
5117606
5117649
5117685
5117694
5117702
5117723
5117777
5117788
5117796
5117814
5117839
5117853
5117907
5117928
5117935
5117944
5117961
5117983
5118019
5118055
5118087
5118093
5118150
5118165
5118173
5118182
5118198
5118200
5118213
5118225
5118232
5118269
5118297
5118318
5118337
5118343
5118351
5118379
5118408
5118427
5118440
5118521
5118533
5118557
5118570
5118594
5118638
5118646
5118663
5118675
5118707
5118728
5118756
5118772
5118783
5118799
5118874
5118890
5118915
5118941
5118959
5118977
5119014
5119053
5119071
5119138
5119152
5119163
5119191
5119215
5119230
5119241
5119264
5119322
5119401
5119442
5119478
5119487
5119493
5119510
5119561
5119572
5119583
5119599
5119604
5119631
5119647
5119650
5119665
5119682
5119706
5119712
5119721
5119733
5119749
5119785
5119794
5119820
5119837
5119900
5119913
5119925
5119932
5119948
5119954
5120003
5120022
5120036
5120058
5120067
5120106
5120112
5120121
5120133
5120157
5120168
5120207
5120272
5120299
5120308
5120314
5120327
5120340
5120353
5120371
5120386
5120395
5120431
5120482
5120502
5120523
5120530
5120564
5120601
5120634
5120693
5120738
5120746
5120791
5120848
5120854
5120897
5120918
5120920
5120943
5120951
5120992
5121009
5121024
5121038
5121046
5121075
5121108
5121140
5121171
5121195
5121203
5121245
5121267
5121274
5121289
5121302
5121315
5121323
5121330
5121359
5121388
5121405
5121418
5121437
5121466
5121479
5121484
5121504
5121547
5121550
5121582
5121598
5121672
5121683
5121699
5121700
5121732
5121801
5121819
5121834
5121855
5121860
5121878
5121887
5121893
5121957
5121985
5122008
5122039
5122040
5122062
5122086
5122095
5122146
5122175
5122180
5122215
5122223
5122288
5122303
5122336
5122358
5122374
5122389
5122390
5122455
5122510
5122535
5122561
5122572
5122604
5122616
5122631
5122647
5122650
5122749
5122757
5122770
5122805
5122818
5122820
5122837
5122851
5122892
5122913
5122976
5122981
5122997
5123019
5123042
5123093
5123104
5123131
5123150
5123173
5123200
5123232
5123269
5123318
5123320
5123351
5123379
5123384
5123392
5123408
5123414
5123440
5123453
5123462
5123471
5123495
5123506
5123512
5123533
5123568
5123570
5123594
5123609
5123617
5123624
5123638
5123663
5123675
5123680
5123691
5123707
5123710
5123728
5123772
5123783
5123803
5123836
5123858
5123890
5123902
5123923
5123930
5123964
5123977
5124006
5124068
5124103
5124145
5124158
5124174
5124189
5124239
5124271
5124295
5124310
5124335
5124372
5124432
5124481
5124534
5124560
5124593
5124602
5124630
5124659
5124664
5124705
5124718
5124737
5124816
5124829
5124850
5124865
5124882
5124917
5124946
5124952
5124963
5124975
5124991
5125005
5125037
5125051
5125066
5125079
5125084
5125092
5125135
5125144
5125156
5125221
5125233
5125249
5125268
5125270
5125285
5125301
5125334
5125342
5125360
5125424
5125463
5125475
5125513
5125532
5125548
5125569
5125597
5125614
5125639
5125662
5125695
5125704
5125731
5125747
5125750
5125765
5125802
5125815
5125888
5125922
5125945
5125958
5125974
5126016
5126029
5126065
5126073
5126119
5126126
5126142
5126155
5126187
5126193
5126218
5126220
5126237
5126251
5126284
5126332
5126381
5126411
5126458
5126489
5126509
5126517
5126538
5126552
5126575
5126580
5126612
5126621
5126670
5126723
5126741
5126808
5126814
5126827
5126853
5126862
5126871
5126907
5126910
5126956
5126999
5127013
5127025
5127048
5127054
5127076
5127115
5127141
5127224
5127316
5127329
5127331
5127365
5127421
5127449
5127457
5127468
5127494
5127520
5127537
5127566
5127579
5127636
5127667
5127734
5127755
5127778
5127787
5127793
5127807
5127828
5127835
5127856
5127908
5127953
5127962
5127971
5128015
5128041
5128077
5128100
5128113
5128176
5128181
5128231
5128282
5128298
5128324
5128352
5128380
5128407
5128428
5128444
5128522
5128589
5128605
5128643
5128692
5128727
5128740
5128786
5128795
5128812
5128833
5128868
5128885
5128978
5128987
5129007
5129028
5129056
5129072
5129118
5129137
5129151
5129166
5129184
5129219
5129234
5129242
5129260
5129312
5129333
5129368
5129415
5129441
5129464
5129477
5129527
5129540
5129553
5129586
5129595
5129613
5129648
5129654
5129697
5129703
5129722
5129736
5129745
5129758
5129767
5129809
5129817
5129838
5129852
5129880
5129891
5129904
5129929
5129931
5129950
5129965
5130042
5130055
5130060
5130078
5130093
5130116
5130129
5130131
5130147
5130165
5130173
5130225
5130232
5130281
5130337
5130351
5130366
5130392
5130439
5130462
5130495
5130506
5130533
5130557
5130585
5130609
5130638
5130646
5130728
5130761
5130772
5130803
5130822
5130836
5130845
5130858
5130867
5130889
5130890
5130941
5130959
5130977
5131010
5131099
5131105
5131118
5131120
5131137
5131151
5131166
5131219
5131306
5131333
5131349
5131357
5131394
5131423
5131441
5131459
5131514
5131527
5131562
5131600
5131613
5131648
5131669
5131676
5131722
5131758
5131774
5131817
5131824
5131880
5131891
5131916
5131929
5131950
5132005
5132020
5132037
5132051
5132092
5132135
5132156
5132183
5132199
5132212
5132233
5132249
5132294
5132342
5132355
5132378
5132387
5132409
5132446
5132463
5132475
5132500
5132513
5132525
5132532
5132554
5132569
5132581
5132597
5132614
5132640
5132653
5132671
5132729
5132750
5132765
5132782
5132798
5132823
5132841
5132859
5132864
5132911
5132967
5132989
5132990
5133052
5133186
5133245
5133274
5133289
5133315
5133323
5133418
5133420
5133443
5133492
5133531
5133565
5133573
5133598
5133607
5133610
5133635
5133644
5133700
5133732
5133748
5133754
5133776
5133797
5133834
5133842
5133878
5133912
5133921
5133933
5133949
5133957
5133968
5133985
5134016
5134029
5134065
5134134
5134142
5134205
5134218
5134220
5134243
5134284
5134325
5134332
5134354
5134369
5134381
5134403
5134436
5134509
5134563
5134612
5134649
5134694
5134702
5134741
5134764
5134808
5134839
5134853
5134862
5134871
5134910
5134928
5134972
5134999
5135015
5135023
5135077
5135132
5135148
5135176
5135197
5135204
5135247
5135250
5135265
5135282
5135317
5135352
5135363
5135375
5135380
5135407
5135435
5135444
5135456
5135472
5135483
5135503
5135511
5135522
5135536
5135574
5135590
5135637
5135643
5135666
5135708
5135739
5135753
5135795
5135806
5135849
5135870
5135894
5135901
5135978
5136027
5136039
5136040
5136053
5136062
5136071
5136086
5136109
5136124
5136138
5136146
5136163
5136202
5136241
5136303
5136336
5136345
5136358
5136367
5136374
5136389
5136390
5136434
5136442
5136460
5136507
5136510
5136535
5136556
5136561
5136599
5136629
5136647
5136698
5136706
5136712
5136749
5136768
5136805
5136843
5136925
5136948
5136954
5137011
5137045
5137067
5137089
5137090
5137106
5137112
5137121
5137168
5137185
5137207
5137228
5137235
5137272
5137299
5137327
5137339
5137340
5137353
5137429
5137465
5137498
5137502
5137588
5137601
5137642
5137687
5137693
5137746
5137752
5137800
5137881
5137920
5137937
5137951
5137984
5137992
5138012
5138068
5138070
5138085
5138094
5138111
5138167
5138208
5138239
5138328
5138454
5138481
5138497
5138542
5138555
5138602
5138623
5138630
5138677
5138718
5138737
5138743
5138779
5138804
5138847
5138865
5138917
5138938
5138952
5138963
5138991
5139000
5139054
5139069
5139076
5139081
5139097
5139115
5139123
5139177
5139188
5139217
5139224
5139238
5139252
5139291
5139316
5139331
5139347
5139373
5139485
5139505
5139520
5139537
5139543
5139592
5139622
5139636
5139689
5139726
5139734
5139742
5139755
5139810
5139835
5139861
5139908
5139914
5139939
5139971
5139986
5139995
5140020
5140107
5140128
5140144
5140183
5140206
5140233
5140249
5140268
5140294
5140301
5140326
5140334
5140355
5140387
5140409
5140417
5140525
5140532
5140548
5140554
5140581
5140608
5140627
5140639
5140695
5140716
5140729
5140731
5140750
5140773
5140802
5140830
5140841
5140859
5140864
5140877
5140888
5140903
5140911
5140936
5140958
5140990
5141029
5141065
5141101
5141119
5141126
5141134
5141178
5141187
5141193
5141251
5141266
5141279
5141284
5141300
5141313
5141348
5141369
5141397
5141403
5141411
5141422
5141489
5141490
5141546
5141633
5141649
5141657
5141668
5141685
5141694
5141764
5141788
5141796
5141814
5141827
5141886
5141928
5141935
5141956
5141972
5141983
5141999
5142001
5142026
5142078
5142087
5142104
5142129
5142131
5142150
5142165
5142198
5142337
5142343
5142379
5142384
5142392
5142453
5142506
5142512
5142570
5142585
5142594
5142663
5142691
5142728
5142744
5142756
5142772
5142803
5142822
5142836
5142858
5142867
5142874
5142902
5142915
5142923
5142964
5143008
5143014
5143040
5143062
5143086
5143109
5143124
5143146
5143163
5143180
5143202
5143215
5143223
5143259
5143264
5143336
5143345
5143367
5143389
5143390
5143419
5143455
5143487
5143493
5143544
5143561
5143572
5143599
5143616
5143665
5143706
5143721
5143733
5143818
5143843
5143851
5143866
5143913
5143925
5143976
5144007
5144028
5144035
5144061
5144072
5144099
5144120
5144151
5144184
5144201
5144255
5144260
5144287
5144306
5144321
5144349
5144394
5144430
5144459
5144464
5144477
5144496
5144508
5144514
5144527
5144562
5144571
5144586
5144648
5144676
5144745
5144824
5144852
5144875
5144904
5144973
5144982
5145022
5145058
5145089
5145106
5145112
5145133
5145157
5145168
5145185
5145207
5145210
5145261
5145272
5145327
5145339
5145340
5145353
5145362
5145371
5145416
5145429
5145431
5145447
5145465
5145502
5145515
5145559
5145588
5145642
5145655
5145678
5145687
5145693
5145709
5145746
5145775
5145800
5145813
5145825
5145854
5145869
5145943
5145951
5145984
5146046
5146052
5146075
5146080
5146091
5146108
5146127
5146162
5146203
5146236
5146245
5146290
5146341
5146359
5146388
5146443
5146484
5146492
5146516
5146529
5146628
5146661
5146672
5146732
5146748
5146769
5146776
5146797
5146855
5146860
5146878
5146906
5146912
5146921
5146970
5147002
5147023
5147030
5147077
5147088
5147113
5147154
5147169
5147204
5147247
5147250
5147265
5147273
5147298
5147309
5147324
5147380
5147391
5147444
5147456
5147511
5147536
5147545
5147558
5147567
5147643
5147714
5147727
5147739
5147740
5147762
5147786
5147795
5147821
5147833
5147849
5147857
5147894
5147901
5147919
5147934
5147960
5147987
5148013
5148048
5148054
5148069
5148102
5148115
5148123
5148141
5148188
5148196
5148217
5148224
5148275
5148304
5148331
5148365
5148398
5148433
5148457
5148494
5148505
5148584
5148603
5148636
5148690
5148734
5148742
5148755
5148807
5148844
5148856
5148872
5148899
5148953
5148995
5149006
5149012
5149057
5149068
5149103
5149145
5149167
5149189
5149208
5149227
5149253
5149286
5149307
5149310
5149356
5149383
5149413
5149425
5149432
5149448
5149497
5149519
5149560
5149578
5149593
5149615
5149677
5149688
5149766
5149784
5149792
5149804
5149816
5149829
5149831
5149850
5149865
5149909
5149952
5149991
5150008
5150014
5150040
5150062
5150086
5150124
5150138
5150152
5150163
5150202
5150223
5150230
5150277
5150296
5150311
5150345
5150367
5150374
5150389
5150390
5150401
5150426
5150442
5150455
5150478
5150487
5150493
5150507
5150556
5150650
5150665
5150706
5150712
5150721
5150757
5150794
5150820
5150837
5150851
5150884
5150913
5150932
5150969
5150997
5151033
5151049
5151070
5151085
5151094
5151103
5151111
5151136
5151174
5151190
5151208
5151214
5151227
5151239
5151240
5151253
5151262
5151271
5151307
5151310
5151335
5151356
5151400
5151425
5151448
5151469
5151497
5151519
5151555
5151578
5151593
5151664
5151677
5151688
5151718
5151720
5151743
5151779
5151792
5151804
5151816
5151831
5151850
5151865
5151882
5151898
5151909
5151917
5151924
5151938
5151952
5151975
5151991
5152003
5152022
5152036
5152045
5152058
5152074
5152089
5152090
5152106
5152112
5152149
5152170
5152194
5152210
5152228
5152235
5152244
5152261
5152299
5152308
5152340
5152362
5152386
5152465
5152473
5152482
5152498
5152502
5152515
5152523
5152541
5152564
5152588
5152619
5152642
5152660
5152678
5152687
5152693
5152717
5152724
5152738
5152813
5152832
5152881
5152897
5152943
5152979
5153004
5153016
5153031
5153047
5153050
5153073
5153119
5153126
5153134
5153160
5153178
5153220
5153237
5153243
5153251
5153279
5153284
5153292
5153300
5153313
5153376
5153509
5153517
5153546
5153580
5153621
5153649
5153657
5153670
5153715
5153723
5153730
5153759
5153808
5153827
5153840
5153853
5153862
5153886
5153935
5153983
5154009
5154017
5154038
5154063
5154108
5154203
5154267
5154302
5154420
5154531
5154547
5154573
5154598
5154607
5154610
5154628
5154635
5154644
5154661
5154672
5154732
5154754
5154781
5154797
5154801
5154819
5154826
5154860
5154878
5154912
5154933
5155025
5155048
5155054
5155076
5155097
5155115
5155123
5155177
5155209
5155217
5155252
5155263
5155275
5155316
5155365
5155382
5155412
5155433
5155470
5155485
5155494
5155543
5155584
5155592
5155603
5155611
5155636
5155667
5155674
5155690
5155701
5155726
5155778
5155787
5155810
5155828
5155835
5155844
5155872
5155883
5155899
5155939
5155962
5155971
5156001
5156087
5156116
5156131
5156150
5156173
5156198
5156200
5156248
5156254
5156305
5156320
5156337
5156343
5156366
5156379
5156392
5156439
5156462
5156486
5156506
5156521
5156549
5156568
5156570
5156652
5156707
5156728
5156735
5156744
5156756
5156761
5156811
5156867
5156890
5156915
5156923
5156964
5156996
5157018
5157037
5157066
5157079
5157084
5157092
5157128
5157135
5157144
5157172
5157183
5157233
5157249
5157257
5157294
5157301
5157319
5157342
5157360
5157387
5157409
5157417
5157452
5157491
5157513
5157548
5157554
5157597
5157640
5157653
5157662
5157686
5157716
5157747
5157750
5157782
5157802
5157815
5157830
5157877
5157896
5157903
5157936
5157974
5157989
5158007
5158056
5158061
5158099
5158105
5158137
5158143
5158151
5158201
5158219
5158226
5158242
5158278
5158306
5158357
5158402
5158415
5158441
5158459
5158527
5158586
5158600
5158654
5158669
5158711
5158722
5158745
5158809
5158817
5158824
5158838
5158875
5158904
5158916
5158929
5158931
5158950
5158965
5158998
5159023
5159030
5159041
5159059
5159088
5159100
5159132
5159154
5159169
5159176
5159216
5159229
5159231
5159247
5159273
5159309
5159324
5159346
5159375
5159410
5159428
5159435
5159444
5159472
5159536
5159558
5159574
5159589
5159590
5159618
5159643
5159666
5159714
5159727
5159771
5159795
5159806
5159812
5159821
5159833
5159849
5159857
5159868
5159885
5159926
5159934
5159987
5160016
5160029
5160031
5160047
5160050
5160073
5160082
5160098
5160126
5160134
5160142
5160251
5160266
5160284
5160292
5160300
5160325
5160354
5160381
5160397
5160403
5160445
5160474
5160490
5160509
5160517
5160524
5160546
5160575
5160591
5160606
5160612
5160657
5160668
5160670
5160715
5160723
5160788
5160796
5160814
5160827
5160839
5160853
5160862
5160871
5160886
5160895
5160907
5160944
5160999
5161059
5161064
5161088
5161096
5161148
5161154
5161216
5161229
5161231
5161265
5161273
5161317
5161324
5161428
5161435
5161456
5161472
5161503
5161511
5161522
5161545
5161589
5161590
5161643
5161666
5161684
5161708
5161727
5161740
5161753
5161762
5161786
5161795
5161806
5161821
5161849
5161857
5161868
5161870
5161885
5161901
5161919
5161926
5161934
5161942
5161955
5161978
5162032
5162069
5162097
5162115
5162123
5162130
5162141
5162159
5162177
5162209
5162217
5162280
5162291
5162350
5162373
5162382
5162421
5162505
5162537
5162603
5162622
5162658
5162690
5162726
5162807
5162835
5162856
5162861
5162872
5162899
5162953
5162962
5163021
5163049
5163068
5163070
5163094
5163103
5163111
5163158
5163167
5163190
5163208
5163227
5163253
5163271
5163295
5163372
5163383
5163399
5163432
5163454
5163501
5163519
5163534
5163542
5163555
5163578
5163587
5163602
5163615
5163623
5163677
5163720
5163737
5163743
5163751
5163784
5163792
5163829
5163831
5163847
5163865
5163882
5163924
5164042
5164055
5164078
5164093
5164116
5164131
5164147
5164198
5164225
5164232
5164254
5164297
5164320
5164343
5164366
5164384
5164392
5164414
5164427
5164453
5164462
5164495
5164512
5164533
5164557
5164570
5164585
5164594
5164609
5164617
5164646
5164652
5164680
5164735
5164756
5164772
5164811
5164822
5164836
5164845
5164867
5164874
5164890
5164902
5164915
5164923
5165028
5165035
5165083
5165105
5165118
5165179
5165192
5165219
5165234
5165260
5165278
5165287
5165293
5165306
5165312
5165333
5165357
5165402
5165415
5165423
5165430
5165459
5165464
5165488
5165508
5165527
5165539
5165540
5165586
5165595
5165613
5165648
5165654
5165676
5165697
5165711
5165745
5165758
5165767
5165790
5165809
5165817
5165852
5165875
5165880
5165931
5165965
5166011
5166022
5166045
5166058
5166089
5166106
5166112
5166121
5166133
5166149
5166157
5166185
5166194
5166210
5166228
5166244
5166256
5166272
5166314
5166362
5166395
5166404
5166429
5166431
5166450
5166498
5166515
5166523
5166541
5166564
5166577
5166588
5166619
5166626
5166634
5166642
5166655
5166693
5166717
5166724
5166738
5166746
5166752
5166825
5166832
5166876
5166897
5166951
5166966
5167027
5167062
5167095
5167109
5167124
5167163
5167191
5167230
5167264
5167296
5167358
5167374
5167419
5167442
5167455
5167487
5167510
5167556
5167572
5167583
5167599
5167631
5167650
5167706
5167733
5167757
5167768
5167785
5167818
5167820
5167837
5167851
5167892
5167900
5167948
5167976
5167997
5168063
5168075
5168080
5168091
5168114
5168127
5168140
5168171
5168203
5168211
5168245
5168330
5168437
5168443
5168451
5168479
5168484
5168492
5168516
5168529
5168565
5168573
5168598
5168628
5168672
5168699
5168700
5168713
5168725
5168732
5168769
5168776
5168860
5168878
5168912
5168933
5168985
5169037
5169107
5169110
5169135
5169156
5169161
5169206
5169212
5169233
5169249
5169268
5169294
5169301
5169319
5169334
5169378
5169393
5169424
5169446
5169452
5169463
5169480
5169491
5169500
5169532
5169548
5169576
5169653
5169729
5169765
5169773
5169798
5169859
5169877
5169911
5169945
5169958
5169974
5170009
5170046
5170075
5170080
5170114
5170127
5170139
5170171
5170195
5170211
5170236
5170289
5170290
5170302
5170323
5170341
5170364
5170377
5170388
5170418
5170420
5170437
5170443
5170466
5170547
5170598
5170607
5170635
5170644
5170661
5170683
5170699
5170700
5170732
5170748
5170754
5170797
5170801
5170819
5170860
5170893
5171000
5171025
5171032
5171048
5171069
5171097
5171102
5171115
5171123
5171130
5171141
5171164
5171188
5171209
5171217
5171238
5171291
5171304
5171316
5171347
5171365
5171382
5171398
5171412
5171449
5171468
5171505
5171520
5171551
5171566
5171579
5171636
5171658
5171667
5171674
5171690
5171793
5171807
5171835
5171844
5171927
5171939
5171940
5171953
5172002
5172030
5172077
5172096
5172113
5172148
5172176
5172181
5172231
5172247
5172250
5172265
5172273
5172298
5172317
5172338
5172346
5172352
5172375
5172391
5172407
5172428
5172499
5172511
5172536
5172574
5172590
5172637
5172643
5172651
5172692
5172714
5172739
5172821
5172833
5172868
5172901
5172919
5172926
5172955
5173007
5173010
5173035
5173056
5173083
5173118
5173143
5173192
5173201
5173226
5173234
5173242
5173278
5173287
5173293
5173423
5173477
5173496
5173539
5173553
5173571
5173632
5173703
5173722
5173745
5173774
5173809
5173838
5173863
5173875
5173880
5173891
5173904
5173916
5173982
5174008
5174039
5174040
5174086
5174109
5174152
5174180
5174191
5174202
5174241
5174259
5174264
5174277
5174311
5174322
5174336
5174374
5174389
5174390
5174419
5174426
5174460
5174478
5174507
5174510
5174535
5174556
5174583
5174599
5174616
5174631
5174682
5174733
5174768
5174770
5174818
5174820
5174837
5174843
5174866
5174913
5174932
5174948
5174981
5174997
5175049
5175070
5175085
5175094
5175158
5175190
5175239
5175262
5175307
5175310
5175328
5175372
5175383
5175399
5175400
5175413
5175432
5175448
5175454
5175476
5175481
5175501
5175519
5175542
5175560
5175587
5175593
5175602
5175615
5175623
5175641
5175659
5175664
5175677
5175688
5175720
5175751
5175779
5175792
5175829
5175831
5175847
5175865
5175909
5175924
5175952
5175963
5175980
5176037
5176066
5176110
5176156
5176183
5176233
5176342
5176360
5176409
5176452
5176463
5176475
5176480
5176491
5176576
5176608
5176614
5176704
5176747
5176782
5176798
5176815
5176823
5176859
5176864
5176896
5176903
5176911
5176922
5176936
5176958
5176990
5177026
5177147
5177165
5177173
5177200
5177276
5177318
5177379
5177408
5177427
5177453
5177462
5177512
5177557
5177568
5177570
5177585
5177609
5177617
5177624
5177646
5177652
5177663
5177680
5177691
5177707
5177710
5177756
5177783
5177803
5177811
5177822
5177845
5177867
5177874
5177915
5177923
5177941
5177959
5177964
5178047
5178050
5178082
5178119
5178237
5178243
5178251
5178284
5178292
5178300
5178354
5178369
5178397
5178422
5178445
5178458
5178489
5178517
5178575
5178606
5178612
5178633
5178649
5178657
5178670
5178723
5178730
5178759
5178764
5178777
5178796
5178827
5178839
5178840
5178886
5178910
5178928
5178956
5178961
5178972
5179074
5179106
5179112
5179149
5179210
5179256
5179272
5179339
5179353
5179416
5179429
5179450
5179482
5179498
5179502
5179515
5179530
5179559
5179588
5179596
5179619
5179655
5179660
5179678
5179687
5179693
5179717
5179724
5179746
5179752
5179763
5179800
5179825
5179832
5179854
5179881
5179897
5179905
5179943
5179951
5179966
5179984
5179992
5180007
5180010
5180035
5180056
5180061
5180083
5180120
5180137
5180151
5180166
5180184
5180192
5180201
5180278
5180293
5180321
5180333
5180349
5180368
5180488
5180496
5180514
5180539
5180540
5180595
5180625
5180632
5180648
5180654
5180669
5180676
5180681
5180697
5180711
5180722
5180745
5180774
5180838
5180846
5180891
5180904
5180916
5180929
5180931
5180973
5180982
5180998
5181022
5181036
5181045
5181106
5181168
5181256
5181272
5181308
5181327
5181371
5181386
5181395
5181429
5181465
5181482
5181502
5181523
5181530
5181559
5181577
5181626
5181660
5181687
5181693
5181709
5181763
5181780
5181791
5181848
5181854
5181905
5181920
5181937
5181979
5182006
5182021
5182049
5182094
5182103
5182111
5182136
5182167
5182174
5182189
5182214
5182253
5182286
5182335
5182344
5182372
5182399
5182432
5182448
5182476
5182519
5182542
5182555
5182593
5182623
5182630
5182641
5182718
5182720
5182743
5182766
5182850
5182882
5182898
5182946
5182975
5183000
5183013
5183032
5183054
5183069
5183076
5183097
5183102
5183130
5183159
5183164
5183177
5183188
5183196
5183217
5183224
5183238
5183246
5183280
5183291
5183329
5183347
5183382
5183398
5183406
5183421
5183433
5183449
5183520
5183566
5183584
5183603
5183611
5183622
5183636
5183645
5183658
5183689
5183734
5183787
5183793
5183810
5183828
5183835
5183844
5183856
5183861
5183899
5183908
5183953
5183995
5184018
5184020
5184084
5184107
5184110
5184144
5184156
5184172
5184183
5184199
5184249
5184326
5184334
5184355
5184360
5184393
5184417
5184475
5184500
5184548
5184554
5184569
5184608
5184614
5184695
5184716
5184747
5184750
5184773
5184782
5184859
5184903
5184967
5184974
5184989
5185016
5185065
5185098
5185119
5185134
5185155
5185160
5185187
5185220
5185237
5185266
5185279
5185284
5185292
5185300
5185325
5185376
5185397
5185436
5185458
5185538
5185546
5185563
5185612
5185621
5185649
5185657
5185670
5185685
5185730
5185788
5185796
5185808
5185871
5185886
5185907
5185910
5185928
5185961
5185972
5186002
5186030
5186088
5186132
5186148
5186250
5186265
5186298
5186324
5186338
5186346
5186352
5186375
5186428
5186435
5186483
5186522
5186545
5186574
5186589
5186590
5186605
5186618
5186637
5186679
5186692
5186708
5186753
5186762
5186806
5186821
5186857
5186894
5186919
5186955
5186960
5186993
5187009
5187024
5187038
5187052
5187075
5187080
5187140
5187162
5187171
5187195
5187222
5187267
5187274
5187302
5187315
5187323
5187359
5187396
5187405
5187479
5187484
5187529
5187550
5187573
5187598
5187610
5187628
5187635
5187644
5187672
5187700
5187732
5187748
5187776
5187819
5187834
5187887
5187912
5187957
5187968
5188008
5188027
5188039
5188040
5188071
5188086
5188095
5188191
5188215
5188259
5188303
5188311
5188322
5188367
5188374
5188401
5188426
5188478
5188487
5188493
5188507
5188510
5188528
5188561
5188572
5188599
5188604
5188650
5188665
5188698
5188706
5188770
5188818
5188866
5188879
5188892
5188900
5188913
5188925
5188948
5188981
5189001
5189019
5189042
5189060
5189078
5189093
5189129
5189165
5189248
5189254
5189337
5189343
5189351
5189392
5189427
5189440
5189453
5189506
5189521
5189533
5189624
5189652
5189663
5189680
5189691
5189707
5189710
5189728
5189735
5189772
5189783
5189799
5189803
5189845
5189858
5189867
5189915
5189923
5189959
5189988
5189996
5190054
5190076
5190081
5190097
5190130
5190159
5190188
5190196
5190238
5190252
5190263
5190280
5190291
5190316
5190329
5190331
5190350
5190406
5190421
5190449
5190457
5190468
5190494
5190505
5190543
5190566
5190579
5190584
5190636
5190645
5190667
5190674
5190690
5190719
5190726
5190755
5190760
5190807
5190810
5190835
5190861
5190883
5190914
5190927
5190939
5190940
5190962
5190971
5191078
5191116
5191150
5191173
5191213
5191232
5191248
5191276
5191281
5191297
5191318
5191320
5191351
5191427
5191439
5191471
5191486
5191495
5191506
5191512
5191521
5191533
5191549
5191557
5191570
5191585
5191594
5191609
5191652
5191680
5191691
5191735
5191756
5191761
5191772
5191783
5191803
5191845
5191867
5191889
5191890
5191902
5191923
5191964
5191996
5192031
5192050
5192098
5192101
5192119
5192134
5192284
5192300
5192325
5192332
5192348
5192369
5192376
5192403
5192411
5192474
5192489
5192524
5192552
5192580
5192606
5192657
5192668
5192670
5192694
5192741
5192796
5192814
5192827
5192839
5192853
5192886
5192910
5192935
5192956
5192961
5192972
5192999
5193003
5193067
5193089
5193121
5193168
5193170
5193185
5193228
5193244
5193256
5193283
5193314
5193339
5193340
5193395
5193416
5193482
5193502
5193515
5193523
5193541
5193564
5193596
5193601
5193619
5193634
5193642
5193660
5193678
5193687
5193693
5193746
5193752
5193800
5193825
5193869
5193876
5193979
5194030
5194059
5194064
5194088
5194100
5194132
5194154
5194176
5194197
5194204
5194216
5194229
5194250
5194273
5194282
5194317
5194346
5194352
5194363
5194375
5194380
5194407
5194410
5194472
5194499
5194503
5194511
5194536
5194545
5194574
5194589
5194590
5194605
5194618
5194666
5194679
5194684
5194727
5194771
5194786
5194812
5194821
5194849
5194857
5194885
5195008
5195014
5195053
5195071
5195095
5195117
5195138
5195146
5195152
5195163
5195175
5195191
5195202
5195215
5195223
5195230
5195241
5195277
5195374
5195389
5195401
5195426
5195434
5195487
5195556
5195604
5195682
5195706
5195712
5195733
5195757
5195770
5195785
5195820
5195892
5195913
5195925
5196006
5196103
5196122
5196158
5196286
5196295
5196310
5196335
5196344
5196399
5196432
5196448
5196476
5196481
5196501
5196519
5196542
5196555
5196560
5196578
5196593
5196602
5196615
5196659
5196688
5196696
5196705
5196718
5196720
5196737
5196743
5196766
5196779
5196804
5196829
5196831
5196850
5196873
5196909
5196917
5196991
5197007
5197028
5197044
5197056
5197072
5197105
5197118
5197143
5197184
5197201
5197234
5197242
5197321
5197333
5197402
5197423
5197430
5197441
5197477
5197508
5197539
5197540
5197553
5197586
5197595
5197632
5197681
5197722
5197745
5197789
5197817
5197824
5197846
5197852
5197875
5197904
5197916
5197929
5197950
5197998
5198018
5198128
5198135
5198144
5198161
5198199
5198212
5198233
5198342
5198378
5198393
5198424
5198446
5198463
5198525
5198627
5198671
5198704
5198716
5198750
5198773
5198802
5198815
5198877
5198911
5198922
5198974
5199017
5199038
5199063
5199080
5199114
5199139
5199153
5199171
5199195
5199302
5199323
5199377
5199396
5199418
5199420
5199479
5199484
5199531
5199550
5199573
5199610
5199628
5199644
5199699
5199725
5199781
5199834
5199893
5199906
5199912
5199921
