4600144
4600285
4600326
4600569
4600627
4600765
4601031
4601266
4601325
4601403
4601764
4601853
4602019
4602182
4602366
4602471
4603095
4603124
4603180
4603264
4603311
4603322
4603389
4603478
4603535
4603805
4603884
4604242
4604625
4604676
4604789
4604863
4604982
4605089
4605272
4605502
4605601
4605813
4606080
4606162
4606531
4606672
4606893
4606933
4607030
4607247
4607317
4607338
4607637
4607708
4607821
4607934
4607942
4607955
4608069
4608164
4608584
4609049
4609167
4609271
4609361
4609383
4609425
4609519
4609602
4609865
4609946
4609975
4610002
4610231
4610247
4610317
4610352
4610483
4610499
4610637
4610643
4610684
4610762
4611086
4611223
4611264
4611296
4611572
4611631
4612009
4612075
4612211
4612547
4612610
4612801
4612826
4612906
4612912
4613020
4613043
4613257
4613446
4613463
4613608
4614032
4614177
4614316
4614382
4614406
4614636
4614658
4614674
4614742
4614835
4614953
4615213
4615254
4615320
4615337
4615439
4615440
4615506
4615691
4615735
4615756
4615803
4615867
4615977
4616010
4616349
4616496
4616540
4616613
4616648
4617057
4617190
4617361
4617534
4617850
4617865
4617909
4618207
4618256
4618577
4618693
4618717
4618746
4618813
4618869
4619047
4619445
4619621
4619723
4619788
4619862
4620048
4620097
4620177
4620398
4620551
4620701
4620755
4621060
4621343
4621366
4621427
4621638
4621646
4621691
4621707
4621728
4622142
4622266
4622445
4622509
4622685
4622759
4622796
4622935
4623168
4623386
4623429
4623502
4623523
4623979
4624298
4624346
4624499
4624679
4624857
4624868
4624960
4625086
4625223
4625264
4625303
4625419
4625583
4625616
4625749
4625794
4625884
4625932
4625997
4626033
4626158
4626167
4626208
4626623
4626664
4626720
4626804
4626873
4626924
4626963
4627035
4627056
4627179
4627226
4627600
4627632
4627722
4627736
4627774
4627846
4627852
4627929
4627947
4627950
4628092
4628285
4628355
4628695
4628716
4628798
4628990
4629451
4629607
4629656
4629754
4629906
4629933
4629985
4630308
4630327
4630395
4630564
4630596
4630660
4630738
4630813
4630832
4631091
4631656
4631912
4632146
4632288
4632358
4632389
4632455
4632535
4632879
4633026
4633297
4633439
4633486
4633512
4634057
4634111
4634167
4634214
4634295
4634448
4634476
4634560
4634593
4634779
4635084
4635491
4635500
4635569
4635662
4636016
4636101
4636126
4636279
4636517
4636606
4636668
4636944
4637164
4637433
4637689
4637719
4638169
4638739
4638795
4639044
4639072
4639255
4639293
4639488
4639681
4639929
4640259
4640303
4640311
4640390
4640434
4640528
4640556
4640631
4640768
4640818
4640932
4641122
4641136
4641158
4641227
4641239
4641328
4641356
4641400
4641501
4641526
4641578
4641792
4641829
4641991
4642074
4642090
4642404
4642577
4642634
4642791
4642881
4643101
4643193
4643251
4643266
4643403
4643458
4643552
4643670
4643694
4644236
4644451
4644531
4644565
4644582
4644610
4644949
4644994
4645238
4645252
4645280
4645658
4645755
4646001
4646104
4646254
4646351
4646384
4646811
4646915
4647183
4647491
4647640
4647716
4647798
4647911
4647989
4648028
4648044
4648072
4648260
4648423
4648477
4648562
4648676
4648767
4648846
4648891
4649096
4649169
4649338
4649391
4649618
4649666
4649762
4649901
4650134
4650218
4650237
4650354
4650612
4650730
4650871
4651023
4651077
4651204
4651511
4651589
4651926
4652000
4652081
4652164
4652224
4652275
4652304
4652316
4652350
4652457
4652551
4652658
4652726
4652828
4653006
4653094
4653190
4653829
4653963
4653975
4654019
4654320
4654439
4654506
4654521
4654533
4654646
4654675
4654858
4654964
4655143
4655496
4655676
4655681
4656170
4656429
4656564
4656724
4656813
4656920
4657117
4657202
4657493
4658009
4658017
4658024
4658153
4658504
4658573
4658754
4658826
4658985
4659043
4659409
4659513
4659729
4659765
4659945
4660615
4660677
4660766
4660865
4661037
4661107
4661156
4661206
4661221
4661257
4661342
4661446
4661608
4661686
4661750
4662061
4662099
4662151
4662676
4662875
4662891
4663154
4663169
4663338
4663346
4663380
4663444
4663461
4663740
4663926
4663960
4664036
4664058
4664299
4664450
4664619
4664660
4664775
4665108
4665153
4665171
4665236
4665405
4665516
4665531
4665565
4665573
4665635
4665801
4665893
4665970
4666217
4666398
4666537
4666667
4666883
4666899
4666914
4666939
4667101
4667160
4667369
4667517
4667633
4667730
4667741
4667759
4667871
4668173
4668366
4668495
4668570
4668585
4668735
4668889
4668930
4668977
4669191
4669390
4669507
4669556
4669768
4669794
4669851
4669948
4670055
4670343
4670351
4670439
4670638
4670646
4670783
4670799
4670803
4670959
4671044
4671061
4671105
4671242
4671293
4671321
4671385
4671394
4671553
4671681
4672452
4672747
4672989
4673114
4673484
4673607
4673635
4674160
4674218
4674445
4674458
4674489
4674509
4674517
4674580
4674591
4674814
4674840
4674853
4674862
4674910
4675015
4675229
4675298
4675346
4675456
4675643
4675684
4675870
4675926
4676191
4676259
4676296
4676561
4676794
4677090
4677235
4677340
4677482
4677596
4677752
4677897
4677943
4677966
4677984
4678136
4678271
4678286
4678383
4678501
4678519
4678946
4679076
4679097
4679238
4679406
4679421
4679537
4679636
4679742
4679899
4680046
4680080
4680323
4680377
4680516
4680550
4680582
4680628
4680970
4681069
4681209
4681690
4681939
4682181
4682231
4682250
4682456
4682684
4682739
4682987
4683061
4683287
4683293
4683306
4683423
4683950
4684014
4684191
4684460
4684487
4684556
4684599
4684629
4684650
4684673
4684721
4684794
4684925
4684981
4685158
4685432
4685587
4685737
4685882
4686206
4686301
4686334
4686765
4686815
4687165
4687318
4687351
4687521
4687624
4687772
4687783
4688004
4688050
4688065
4688073
4688098
4688155
4688284
4688332
4688458
4688575
4688730
4689089
4689121
4689149
4689157
4689194
4689283
4689339
4689395
4689523
4689577
4689876
4689979
4690242
4690312
4690333
4690349
4690553
4690648
4690703
4690789
4691106
4691133
4691170
4691228
4691256
4691272
4691655
4691660
4691800
4692328
4692476
4692677
4692720
4692946
4692952
4693238
4693246
4693636
4693690
4693778
4694018
4694144
4694249
4694491
4694554
4694608
4694729
4694967
4694989
4695187
4695243
4695284
4695397
4695422
4695764
4695886
4695944
4696375
4696472
4696574
4696901
4696993
4697009
4697140
4697186
4697302
4697443
4697492
4697565
4697582
4697635
4697801
4697957
4697968
4698008
4698053
4698124
4698460
4698583
4698673
4698721
4698879
4698969
4699042
4699486
4699506
4699646
