4600285
4603180
4604625
4607821
4607942
4609271
4609975
4610231
4610643
4611264
4612906
4613020
4613257
4613608
4614658
4614742
4615320
4615867
4617361
4617865
4618717
4618813
4620097
4621638
4621707
4625086
4626924
4627846
4628092
4632879
4633026
4634295
4634476
4634560
4635491
4635569
4636279
4639681
4640434
4640528
4641578
4641829
4643552
4646254
4648891
4649618
4652164
4654521
4656724
4656920
4658504
4659945
4661037
4661608
4662676
4663740
4664450
4665573
4668570
4668930
4670439
4670638
4671044
4671061
4671553
4673635
4677235
4677340
4677596
4678286
4678946
4679406
4681069
4682250
4683061
4684629
4685737
4688065
4688730
4689979
4691170
4692946
4693778
4694491
4696901
4697186
4697968
4698460
4698721
4699506
