4600005
4600018
4600037
4600051
4600079
4600092
4600107
4600110
4600128
4600135
4600144
4600156
4600161
4600172
4600183
4600199
4600206
4600212
4600221
4600233
4600249
4600257
4600268
4600270
4600285
4600294
4600301
4600319
4600326
4600334
4600342
4600355
4600360
4600378
4600387
4600393
4600409
4600417
4600424
4600438
4600446
4600463
4600491
4600500
4600513
4600532
4600548
4600554
4600569
4600576
4600597
4600608
4600614
4600627
4600639
4600640
4600653
4600662
4600671
4600686
4600695
4600704
4600716
4600729
4600731
4600750
4600765
4600773
4600782
4600798
4600802
4600815
4600823
4600830
4600841
4600864
4600877
4600888
4600896
4600903
4600911
4600922
4600936
4600958
4600967
4600974
4600989
4601004
4601016
4601029
4601031
4601047
4601050
4601065
4601073
4601082
4601098
4601101
4601119
4601126
4601134
4601142
4601155
4601160
4601187
4601193
4601205
4601218
4601220
4601237
4601243
4601251
4601266
4601279
4601284
4601292
4601300
4601313
4601325
4601332
4601348
4601369
4601376
4601381
4601397
4601403
4601411
4601422
4601436
4601445
4601458
4601467
4601474
4601489
4601490
4601509
4601517
4601524
4601546
4601552
4601563
4601575
4601580
4601606
4601612
4601621
4601633
4601649
4601657
4601668
4601670
4601685
4601694
4601702
4601715
4601723
4601730
4601741
4601759
4601764
4601777
4601788
4601796
4601808
4601814
4601827
4601839
4601840
4601853
4601862
4601871
4601886
4601895
4601907
4601910
4601928
4601935
4601944
4601956
4601961
4601972
4601983
4601999
4602001
4602019
4602026
4602034
4602042
4602055
4602060
4602078
4602087
4602093
4602104
4602116
4602129
4602131
4602147
4602150
4602173
4602182
4602198
4602200
4602213
4602225
4602232
4602248
4602254
4602269
4602276
4602281
4602297
4602305
4602318
4602320
4602337
4602351
4602366
4602379
4602384
4602414
4602427
4602439
4602440
4602453
4602462
4602471
4602495
4602506
4602512
4602521
4602533
4602549
4602557
4602570
4602585
4602594
4602609
4602617
4602624
4602638
4602652
4602663
4602675
4602680
4602707
4602710
4602728
4602735
4602744
4602756
4602772
4602783
4602799
4602803
4602822
4602836
4602845
4602858
4602867
4602874
4602890
4602902
4602915
4602923
4602959
4602964
4602988
4602996
4603008
4603027
4603040
4603053
4603062
4603071
4603086
4603095
4603109
4603117
4603124
4603152
4603163
4603175
4603180
4603191
4603215
4603223
4603230
4603241
4603259
4603264
4603288
4603296
4603303
4603311
4603322
4603345
4603358
4603367
4603374
4603389
4603401
4603419
4603426
4603434
4603442
4603460
4603478
4603493
4603510
4603528
4603535
4603544
4603556
4603561
4603572
4603583
4603604
4603616
4603629
4603631
4603647
4603650
4603665
4603673
4603682
4603698
4603706
4603712
4603721
4603733
4603749
4603757
4603768
4603770
4603785
4603794
4603805
4603818
4603820
4603837
4603851
4603866
4603879
4603884
4603900
4603913
4603925
4603932
4603948
4603954
4603969
4603976
4603997
4604007
4604010
4604028
4604035
4604044
4604061
4604072
4604083
4604099
4604105
4604118
4604120
4604143
4604151
4604166
4604179
4604184
4604192
4604201
4604219
4604226
4604234
4604242
4604255
4604260
4604287
4604293
4604306
4604312
4604321
4604333
4604357
4604368
4604370
4604385
4604394
4604402
4604415
4604423
4604430
4604441
4604459
4604464
4604477
4604488
4604496
4604508
4604514
4604527
4604539
4604540
4604553
4604562
4604571
4604586
4604595
4604600
4604613
4604625
4604632
4604648
4604654
4604669
4604676
4604681
4604697
4604703
4604711
4604722
4604736
4604758
4604767
4604774
4604789
4604790
4604809
4604817
4604824
4604838
4604846
4604852
4604863
4604875
4604891
4604904
4604916
4604929
4604931
4604947
4604950
4604965
4604973
4604982
4604998
4605003
4605011
4605022
4605036
4605045
4605058
4605067
4605074
4605089
4605090
4605106
4605112
4605121
4605133
4605157
4605168
4605170
4605185
4605194
4605207
4605210
4605228
4605235
4605244
4605256
4605272
4605283
4605299
4605308
4605314
4605327
4605339
4605340
4605353
4605362
4605371
4605386
4605395
4605416
4605429
4605431
4605450
4605465
4605473
4605482
4605498
4605502
4605515
4605523
4605530
4605541
4605559
4605564
4605577
4605588
4605596
4605601
4605619
4605626
4605634
4605642
4605655
4605660
4605678
4605687
4605693
4605709
4605717
4605724
4605738
4605746
4605752
4605763
4605775
4605780
4605791
4605800
4605813
4605825
4605832
4605848
4605854
4605869
4605876
4605897
4605905
4605918
4605920
4605937
4605943
4605951
4605966
4605979
4605984
4605992
4606009
4606017
4606024
4606038
4606046
4606052
4606063
4606075
4606080
4606091
4606108
4606114
4606127
4606139
4606140
4606153
4606162
4606186
4606203
4606211
4606222
4606236
4606245
4606258
4606267
4606274
4606289
4606290
4606302
4606323
4606330
4606341
4606359
4606377
4606396
4606418
4606420
4606437
4606443
4606451
4606466
4606479
4606484
4606492
4606504
4606516
4606529
4606531
4606547
4606550
4606565
4606573
4606582
4606598
4606607
4606610
4606635
4606644
4606656
4606661
4606672
4606683
4606700
4606713
4606725
4606732
4606748
4606754
4606769
4606776
4606781
4606797
4606801
4606819
4606826
4606834
4606855
4606860
4606878
4606887
4606893
4606906
4606912
4606921
4606933
4606949
4606957
4606968
4606970
4606994
4607002
4607015
4607023
4607030
4607041
4607059
4607064
4607077
4607096
4607100
4607113
4607125
4607132
4607148
4607169
4607176
4607181
4607197
4607204
4607216
4607229
4607231
4607247
4607265
4607273
4607282
4607298
4607309
4607317
4607324
4607338
4607346
4607352
4607363
4607380
4607391
4607407
4607410
4607428
4607435
4607456
4607461
4607472
4607483
4607499
4607503
4607511
4607522
4607545
4607558
4607567
4607574
4607589
4607590
4607605
4607618
4607620
4607637
4607643
4607651
4607666
4607679
4607684
4607708
4607714
4607727
4607739
4607740
4607753
4607762
4607771
4607786
4607795
4607806
4607812
4607821
4607833
4607849
4607857
4607868
4607870
4607885
4607894
4607901
4607919
4607926
4607934
4607942
4607955
4607960
4607978
4607987
4607993
4608000
4608025
4608048
4608054
4608069
4608076
4608081
4608097
4608102
4608115
4608123
4608130
4608141
4608159
4608164
4608188
4608196
4608209
4608224
4608238
4608246
4608252
4608275
4608280
4608291
4608304
4608316
4608329
4608331
4608347
4608350
4608365
4608373
4608382
4608398
4608406
4608412
4608421
4608433
4608449
4608457
4608468
4608470
4608485
4608494
4608505
4608518
4608520
4608537
4608543
4608551
4608566
4608579
4608584
4608592
4608603
4608611
4608622
4608636
4608658
4608667
4608674
4608689
4608690
4608701
4608719
4608726
4608734
4608742
4608755
4608760
4608778
4608787
4608793
4608807
4608810
4608828
4608835
4608844
4608856
4608861
4608872
4608883
4608899
4608908
4608914
4608927
4608939
4608940
4608953
4608962
4608971
4608986
4608995
4609006
4609012
4609021
4609033
4609049
4609057
4609068
4609070
4609085
4609094
4609103
4609122
4609136
4609145
4609167
4609174
4609189
4609208
4609214
4609227
4609240
4609262
4609271
4609286
4609295
4609307
4609310
4609328
4609335
4609344
4609356
4609361
4609372
4609383
4609399
4609400
4609413
4609425
4609432
4609454
4609469
4609476
4609481
4609497
4609501
4609519
4609526
4609534
4609542
4609555
4609560
4609578
4609587
4609602
4609615
4609623
4609630
4609641
4609659
4609664
4609677
4609688
4609696
4609705
4609718
4609720
4609737
4609743
4609751
4609766
4609779
4609784
4609804
4609816
4609829
4609831
4609847
4609850
4609865
4609873
4609882
4609898
4609909
4609917
4609924
4609938
4609946
4609952
4609975
4609980
4609991
4610002
4610015
4610023
4610041
4610059
4610077
4610096
4610100
4610113
4610125
4610132
4610148
4610154
4610169
4610176
4610204
4610216
4610229
4610231
4610247
4610250
4610265
4610273
4610298
4610309
4610317
4610324
4610338
4610346
4610352
4610363
4610375
4610380
4610391
4610410
4610428
4610435
4610444
4610456
4610461
4610472
4610483
4610499
4610503
4610511
4610522
4610536
4610545
4610558
4610567
4610574
4610589
4610590
4610605
4610618
4610637
4610643
4610651
4610666
4610684
4610692
4610708
4610714
4610727
4610740
4610753
4610762
4610771
4610786
4610795
4610806
4610812
4610833
4610849
4610857
4610868
4610870
4610885
4610894
4610901
4610919
4610926
4610934
4610942
4610955
4610960
4610978
4610987
4610993
4611008
4611027
4611039
4611040
4611053
4611062
4611071
4611086
4611095
4611109
4611124
4611138
4611146
4611152
4611163
4611175
4611180
4611191
4611215
4611223
4611230
4611241
4611259
4611264
4611277
4611288
4611296
4611303
4611311
4611322
4611336
4611345
4611367
4611374
4611389
4611390
4611401
4611419
4611426
4611434
4611442
4611455
4611478
4611487
4611493
4611507
4611510
4611528
4611535
4611544
4611556
4611561
4611572
4611583
4611599
4611604
4611616
4611629
4611631
4611647
4611650
4611665
4611673
4611682
4611698
4611706
4611712
4611721
4611733
4611749
4611768
4611770
4611785
4611805
4611818
4611837
4611843
4611851
4611866
4611879
4611884
4611892
4611913
4611925
4611932
4611954
4611969
4611976
4611981
4612009
4612017
4612024
4612038
4612046
4612052
4612063
4612075
4612080
4612091
4612108
4612114
4612127
4612139
4612140
4612153
4612162
4612171
4612186
4612195
4612203
4612211
4612222
4612236
4612245
4612258
4612267
4612274
4612289
4612290
4612302
4612315
4612323
4612341
4612359
4612364
4612377
4612388
4612396
4612405
4612418
4612420
4612437
4612443
4612451
4612466
4612479
4612484
4612492
4612504
4612516
4612529
4612531
4612547
4612550
4612565
4612573
4612582
4612598
4612607
4612610
4612628
4612635
4612644
4612656
4612672
4612683
4612699
4612700
4612713
4612725
4612732
4612748
4612754
4612769
4612776
4612781
4612797
4612801
4612819
4612826
4612834
4612842
4612855
4612860
4612878
4612887
4612893
4612906
4612912
4612921
4612933
4612949
4612957
4612968
4612970
4612985
4612994
4613005
4613018
4613020
4613037
4613043
4613051
4613066
4613079
4613092
4613107
4613110
4613128
4613135
4613144
4613156
4613172
4613183
4613199
4613206
4613212
4613221
4613233
4613257
4613268
4613270
4613285
4613294
4613301
4613319
4613334
4613342
4613360
4613378
4613387
4613393
4613409
4613424
4613438
4613446
4613452
4613463
4613475
4613480
4613491
4613500
4613513
4613525
4613532
4613569
4613576
4613581
4613597
4613608
4613614
4613627
4613639
4613640
4613653
4613671
4613686
4613695
4613704
4613716
4613729
4613731
4613747
4613750
4613765
4613782
4613798
4613802
4613815
4613823
4613830
4613841
4613859
4613864
4613877
4613888
4613896
4613903
4613911
4613922
4613936
4613945
4613958
4613967
4613974
4613989
4613990
4614000
4614013
4614025
4614032
4614048
4614054
4614076
4614081
4614097
4614102
4614115
4614123
4614130
4614141
4614159
4614164
4614177
4614188
4614196
4614209
4614217
4614224
4614238
4614246
4614263
4614275
4614280
4614291
4614304
4614316
4614329
4614331
4614347
4614350
4614365
4614373
4614382
4614398
4614406
4614421
4614433
4614449
4614457
4614470
4614485
4614494
4614505
4614518
4614520
4614537
4614543
4614551
4614579
4614584
4614592
4614603
4614611
4614622
4614636
4614645
4614658
4614667
4614674
4614689
4614690
4614701
4614719
4614726
4614734
4614742
4614755
4614760
4614778
4614787
4614793
4614807
4614810
4614828
4614835
4614844
4614861
4614872
4614883
4614899
4614908
4614927
4614939
4614940
4614953
4614962
4614971
4614986
4614995
4615001
4615019
4615026
4615034
4615042
4615055
4615060
4615078
4615087
4615093
4615104
4615116
4615129
4615131
4615147
4615150
4615165
4615173
4615182
4615198
4615200
4615213
4615225
4615232
4615248
4615254
4615269
4615276
4615281
4615297
4615305
4615318
4615320
4615337
4615343
4615351
4615366
4615379
4615384
4615392
4615408
4615414
4615427
4615439
4615440
4615453
4615462
4615471
4615486
4615495
4615506
4615512
4615521
4615533
4615549
4615557
4615570
4615594
4615609
4615617
4615624
4615638
4615652
4615663
4615675
4615680
4615691
4615707
4615728
4615735
4615744
4615756
4615761
4615772
4615783
4615799
4615803
4615811
4615822
4615836
4615845
4615867
4615874
4615889
4615890
4615915
4615923
4615930
4615941
4615959
4615964
4615977
4615988
4615996
4616007
4616010
4616028
4616035
4616044
4616056
4616072
4616083
4616099
4616105
4616118
4616120
4616137
4616143
4616151
4616166
4616179
4616184
4616192
4616201
4616219
4616226
4616234
4616242
4616255
4616278
4616287
4616293
4616306
4616312
4616321
4616333
4616349
4616357
4616370
4616385
4616394
4616402
4616415
4616423
4616441
4616459
4616477
4616488
4616496
4616508
4616514
4616527
4616539
4616540
4616553
4616562
4616571
4616586
4616595
4616600
4616613
4616625
4616632
4616648
4616654
4616669
4616676
4616681
4616697
4616711
4616722
4616736
4616745
4616758
4616767
4616774
4616789
4616790
4616809
4616817
4616824
4616838
4616846
4616852
4616863
4616875
4616880
4616891
4616904
4616929
4616931
4616947
4616950
4616965
4616973
4616982
4616998
4617006
4617012
4617021
4617033
4617049
4617057
4617068
4617070
4617094
4617103
4617136
4617145
4617158
4617174
4617189
4617190
4617208
4617214
4617227
4617239
4617240
4617253
4617262
4617286
4617295
4617307
4617310
4617328
4617335
4617344
4617356
4617361
4617372
4617383
4617399
4617400
4617413
4617425
4617454
4617469
4617476
4617481
4617497
4617519
4617526
4617534
4617542
4617555
4617560
4617578
4617587
4617593
4617602
4617623
4617630
4617641
4617659
4617664
4617677
4617688
4617696
4617718
4617720
4617737
4617743
4617751
4617766
4617779
4617784
4617792
4617804
4617816
4617829
4617831
4617847
4617850
4617865
4617873
4617898
4617909
4617917
4617924
4617938
4617946
4617952
4617963
4617975
4617980
4617991
4618011
4618022
4618036
4618045
4618058
4618067
4618074
4618090
4618106
4618121
4618133
4618149
4618157
4618168
4618170
4618185
4618194
4618207
4618210
4618228
4618235
4618244
4618256
4618261
4618272
4618283
4618299
4618308
4618314
4618327
4618340
4618353
4618362
4618386
4618395
4618404
4618416
4618429
4618431
4618447
4618450
4618465
4618473
4618482
4618498
4618515
4618523
4618530
4618541
4618559
4618564
4618577
4618588
4618601
4618619
4618626
4618634
4618655
4618660
4618678
4618687
4618693
4618709
4618717
4618724
4618738
4618746
4618763
4618775
4618780
4618791
4618800
4618813
4618825
4618832
4618848
4618854
4618869
4618876
4618881
4618905
4618918
4618920
4618937
4618943
4618951
4618966
4618979
4618984
4618992
4619004
4619016
4619029
4619031
4619047
4619050
4619065
4619073
4619082
4619098
4619101
4619119
4619126
4619134
4619142
4619155
4619160
4619178
4619187
4619193
4619205
4619220
4619237
4619243
4619251
4619279
4619284
4619292
4619300
4619313
4619325
4619332
4619348
4619354
4619376
4619381
4619403
4619411
4619422
4619436
4619445
4619458
4619467
4619474
4619490
4619509
4619517
4619524
4619538
4619546
4619552
4619563
4619575
4619580
4619591
4619606
4619612
4619621
4619633
4619649
4619657
4619668
4619670
4619685
4619694
4619702
4619715
4619723
4619730
4619741
4619759
4619764
4619777
4619788
4619796
4619814
4619827
4619839
4619840
4619862
4619871
4619886
4619895
4619907
4619910
4619928
4619935
4619956
4619961
4619972
4619983
4619999
4620000
4620025
4620048
4620054
4620069
4620076
4620081
4620097
4620102
4620115
4620123
4620130
4620141
4620159
4620164
4620177
4620188
4620196
4620209
4620217
4620224
4620238
4620275
4620280
4620291
4620304
4620316
4620329
4620331
4620347
4620350
4620365
4620373
4620382
4620398
4620406
4620412
4620433
4620457
4620468
4620470
4620485
4620494
4620505
4620518
4620520
4620537
4620543
4620551
4620579
4620584
4620603
4620611
4620636
4620645
4620658
4620667
4620674
4620689
4620690
4620701
4620719
4620734
4620742
4620755
4620760
4620778
4620787
4620793
4620807
4620810
4620828
4620835
4620844
4620856
4620872
4620883
4620899
4620908
4620914
4620927
4620939
4620940
4620953
4620962
4620971
4620986
4620995
4621001
4621019
4621026
4621034
4621042
4621055
4621060
4621078
4621087
4621093
4621116
4621129
4621131
4621147
4621150
4621165
4621173
4621182
4621198
4621200
4621213
4621225
4621232
4621248
4621254
4621269
4621276
4621281
4621297
4621305
4621318
4621320
4621337
4621343
4621351
4621366
4621379
4621392
4621408
4621414
4621427
4621439
4621440
4621453
4621462
4621471
4621486
4621495
4621506
4621512
4621521
4621533
4621549
4621557
4621568
4621570
4621585
4621594
4621617
4621624
4621638
4621646
4621652
4621675
4621680
4621691
4621707
4621710
4621728
4621735
4621744
4621761
4621772
4621803
4621811
4621822
4621836
4621845
4621858
4621874
4621890
4621902
4621915
4621923
4621941
4621959
4621964
4621977
4621988
4621996
4622004
4622016
4622029
4622031
4622050
4622065
4622073
4622082
4622098
4622119
4622126
4622134
4622142
4622155
4622178
4622187
4622193
4622205
4622218
4622220
4622237
4622243
4622251
4622266
4622279
4622284
4622292
4622300
4622313
4622325
4622332
4622348
4622369
4622376
4622381
4622397
4622403
4622411
4622422
4622436
4622445
4622458
4622467
4622489
4622490
4622509
4622517
4622524
4622538
4622546
4622552
4622563
4622575
4622580
4622591
4622606
4622612
4622621
4622633
4622649
4622657
4622670
4622685
4622694
4622702
4622723
4622741
4622759
4622764
4622777
4622788
4622796
4622808
4622814
4622827
4622839
4622840
4622853
4622862
4622871
4622886
4622895
4622907
4622910
4622928
4622935
4622956
4622961
4622972
4622983
4622999
4623003
4623011
4623022
4623036
4623045
4623058
4623067
4623074
4623089
4623090
4623106
4623112
4623121
4623133
4623157
4623168
4623170
4623185
4623194
4623210
4623228
4623235
4623256
4623261
4623272
4623308
4623314
4623327
4623339
4623340
4623362
4623371
4623386
4623395
4623404
4623416
4623429
4623431
4623447
4623450
4623465
4623473
4623482
4623498
4623502
4623515
4623523
4623530
4623541
4623559
4623564
4623577
4623596
4623601
4623619
4623626
4623634
4623642
4623655
4623660
4623678
4623687
4623693
4623709
4623717
4623738
4623746
4623752
4623763
4623775
4623780
4623791
4623800
4623813
4623825
4623832
4623848
4623881
4623897
4623905
4623918
4623920
4623937
4623943
4623951
4623966
4623979
4623992
4624002
4624015
4624023
4624030
4624041
4624059
4624064
4624077
4624088
4624100
4624113
4624125
4624132
4624148
4624154
4624169
4624176
4624181
4624197
4624204
4624216
4624229
4624247
4624250
4624265
4624273
4624282
4624298
4624309
4624317
4624324
4624338
4624346
4624363
4624375
4624380
4624391
4624407
4624410
4624428
4624435
4624444
4624456
4624461
4624472
4624483
4624499
4624503
4624511
4624522
4624536
4624545
4624558
4624589
4624590
4624605
4624618
4624620
4624637
4624643
4624651
4624666
4624679
4624684
4624692
4624708
4624714
4624727
4624739
4624740
4624753
4624762
4624771
4624795
4624806
4624812
4624821
4624833
4624849
4624857
4624868
4624870
4624885
4624894
4624901
4624919
4624926
4624934
4624942
4624955
4624960
4624978
4624987
4624993
4625008
4625014
4625027
4625039
4625040
4625053
4625062
4625071
4625086
4625095
4625109
4625117
4625124
4625138
4625146
4625152
4625163
4625175
4625180
4625191
4625202
4625215
4625223
4625230
4625241
4625259
4625264
4625277
4625288
4625296
4625303
4625311
4625322
4625345
4625358
4625367
4625389
4625390
4625401
4625419
4625426
4625434
4625442
4625455
4625460
4625478
4625487
4625493
4625507
4625510
4625528
4625544
4625556
4625561
4625572
4625583
4625599
4625604
4625616
4625629
4625631
4625647
4625650
4625665
4625673
4625682
4625698
4625706
4625712
4625721
4625733
4625749
4625757
4625768
4625770
4625794
4625805
4625818
4625820
4625837
4625843
4625866
4625879
4625884
4625892
4625900
4625913
4625925
4625932
4625954
4625969
4625981
4625997
4626006
4626012
4626021
4626033
4626049
4626057
4626068
4626070
4626085
4626094
4626103
4626111
4626122
4626136
4626158
4626167
4626174
4626189
4626190
4626208
4626214
4626227
4626239
4626240
4626253
4626262
4626271
4626286
4626295
4626310
4626328
4626335
4626344
4626361
4626372
4626383
4626399
4626400
4626413
4626425
4626432
4626448
4626454
4626469
4626481
4626497
4626501
4626519
4626526
4626534
4626542
4626555
4626560
4626578
4626602
4626623
4626630
4626641
4626659
4626664
4626696
4626705
4626718
4626720
4626737
4626743
4626751
4626766
4626779
4626784
4626792
4626804
4626816
4626829
4626831
4626847
4626850
4626865
4626873
4626882
4626898
4626909
4626924
4626938
4626946
4626963
4626975
4626991
4627007
4627010
4627028
4627035
4627044
4627056
4627061
4627072
4627083
4627099
4627105
4627118
4627120
4627137
4627151
4627166
4627179
4627184
4627192
4627201
4627219
4627226
4627234
4627242
4627255
4627260
4627278
4627287
4627306
4627312
4627333
4627349
4627357
4627370
4627385
4627394
4627402
4627415
4627423
4627430
4627441
4627459
4627477
4627488
4627496
4627508
4627514
4627527
4627539
4627553
4627562
4627571
4627586
4627595
4627600
4627613
4627625
4627632
4627648
4627654
4627669
4627676
4627681
4627697
4627703
4627711
4627722
4627736
4627745
4627758
4627767
4627774
4627789
4627790
4627809
4627817
4627824
4627838
4627846
4627852
4627863
4627875
4627880
4627891
4627904
4627916
4627929
4627931
4627947
4627950
4627965
4627973
4627982
4627998
4628005
4628018
4628020
4628037
4628043
4628066
4628079
4628092
4628107
4628110
4628128
4628135
4628144
4628156
4628161
4628172
4628183
4628199
4628206
4628212
4628221
4628233
4628249
4628257
4628268
4628270
4628285
4628294
4628301
4628319
4628326
4628342
4628355
4628360
4628378
4628387
4628393
4628409
4628417
4628424
4628438
4628446
4628452
4628463
4628480
4628491
4628513
4628525
4628532
4628548
4628554
4628569
4628576
4628581
4628597
4628608
4628614
4628627
4628639
4628640
4628653
4628662
4628671
4628686
4628695
4628704
4628716
4628729
4628731
4628747
4628750
4628773
4628782
4628798
4628802
4628815
4628823
4628830
4628841
4628859
4628864
4628877
4628888
4628896
4628903
4628911
4628922
4628936
4628945
4628958
4628967
4628974
4628989
4628990
4629009
4629017
4629024
4629038
4629046
4629052
4629063
4629075
4629091
4629114
4629127
4629139
4629140
4629153
4629171
4629186
4629203
4629211
4629222
4629236
4629245
4629258
4629267
4629274
4629289
4629315
4629323
4629330
4629341
4629359
4629377
4629388
4629396
4629405
4629418
4629420
4629437
4629443
4629451
4629466
4629479
4629484
4629492
4629504
4629516
4629529
4629531
4629565
4629573
4629582
4629598
4629607
4629628
4629635
4629644
4629656
4629672
4629683
4629700
4629713
4629725
4629732
4629748
4629754
4629769
4629781
4629797
4629801
4629819
4629842
4629855
4629860
4629878
4629887
4629893
4629906
4629912
4629921
4629933
4629949
4629968
4629985
4629994
4630003
4630011
4630022
4630036
4630045
4630058
4630067
4630074
4630089
4630090
4630106
4630112
4630121
4630133
4630149
4630157
4630168
4630170
4630185
4630194
4630207
4630210
4630235
4630244
4630256
4630261
4630272
4630299
4630308
4630314
4630327
4630339
4630340
4630353
4630362
4630371
4630386
4630395
4630404
4630416
4630429
4630431
4630450
4630465
4630482
4630498
4630502
4630515
4630523
4630541
4630559
4630564
4630588
4630596
4630601
4630619
4630626
4630634
4630642
4630655
4630660
4630687
4630693
4630709
4630717
4630724
4630738
4630746
4630752
4630763
4630775
4630780
4630791
4630813
4630825
4630832
4630848
4630854
4630869
4630876
4630881
4630897
4630905
4630918
4630920
4630937
4630943
4630966
4630979
4630984
4630992
4631009
4631017
4631024
4631038
4631046
4631052
4631063
4631075
4631080
4631091
4631108
4631114
4631127
4631140
4631153
4631171
4631186
4631195
4631203
4631211
4631222
4631236
4631245
4631258
4631267
4631274
4631289
4631302
4631315
4631323
4631330
4631359
4631364
4631377
4631396
4631405
4631418
4631420
4631437
4631443
4631451
4631479
4631484
4631492
4631504
4631516
4631529
4631531
4631547
4631550
4631565
4631573
4631582
4631598
4631607
4631610
4631628
4631635
4631644
4631656
4631661
4631672
4631700
4631713
4631725
4631732
4631754
4631769
4631776
4631781
4631797
4631819
4631826
4631834
4631842
4631860
4631878
4631887
4631906
4631912
4631921
4631933
4631949
4631957
4631968
4631970
4631985
4631994
4632008
4632014
4632027
4632039
4632053
4632062
4632071
4632086
4632095
4632109
4632117
4632124
4632138
4632146
4632152
4632163
4632175
4632180
4632191
4632202
4632215
4632223
4632230
4632241
4632259
4632264
4632277
4632288
4632296
4632303
4632311
4632322
4632336
4632345
4632358
4632367
4632374
4632389
4632390
4632401
4632419
4632426
4632434
4632455
4632460
4632478
4632487
4632507
4632510
4632535
4632544
4632556
4632561
4632572
4632583
4632599
4632604
4632616
4632629
4632647
4632650
4632665
4632673
4632682
4632698
4632706
4632712
4632721
4632733
4632749
4632757
4632770
4632785
4632805
4632818
4632820
4632837
4632843
4632851
4632866
4632879
4632884
4632892
4632900
4632913
4632925
4632932
4632948
4632954
4632969
4632976
4632981
4632997
4633001
4633019
4633026
4633034
4633042
4633055
4633078
4633087
4633093
4633104
4633116
4633129
4633131
4633147
4633150
4633165
4633173
4633182
4633198
4633200
4633213
4633232
4633248
4633254
4633269
4633276
4633281
4633297
4633305
4633318
4633320
4633337
4633343
4633351
4633366
4633384
4633392
4633408
4633414
4633427
4633439
4633440
4633462
4633471
4633486
4633495
4633506
4633512
4633521
4633533
4633549
4633557
4633568
4633570
4633585
4633594
4633609
4633617
4633624
4633638
4633646
4633652
4633663
4633675
4633680
4633691
4633707
4633710
4633728
4633735
4633744
4633756
4633761
4633772
4633783
4633799
4633822
4633836
4633845
4633858
4633867
4633874
4633889
4633890
4633902
4633915
4633923
4633930
4633959
4633964
4633977
4633988
4633996
4634006
4634012
4634021
4634033
4634049
4634057
4634070
4634085
4634094
4634103
4634111
4634122
4634136
4634145
4634167
4634174
4634189
4634190
4634208
4634214
4634227
4634239
4634240
4634253
4634262
4634271
4634286
4634295
4634307
4634310
4634328
4634335
4634344
4634356
4634361
4634372
4634383
4634399
4634400
4634413
4634425
4634432
4634448
4634454
4634469
4634476
4634481
4634497
4634501
4634519
4634526
4634534
4634542
4634555
4634560
4634578
4634587
4634593
4634615
4634623
4634630
4634641
4634659
4634664
4634677
4634688
4634696
4634705
4634718
4634720
4634737
4634743
4634751
4634766
4634779
4634784
4634792
4634804
4634816
4634829
4634831
4634847
4634850
4634865
4634873
4634882
4634898
4634909
4634917
4634924
4634938
4634946
4634952
4634963
4634975
4634980
4634991
4635005
4635018
4635020
4635037
4635043
4635051
4635066
4635079
4635084
4635092
4635110
4635128
4635135
4635144
4635156
4635161
4635172
4635183
4635199
4635206
4635212
4635233
4635249
4635257
4635268
4635270
4635285
4635294
4635301
4635319
4635326
4635334
4635342
4635355
4635360
4635378
4635387
4635393
4635417
4635424
4635438
4635452
4635463
4635475
4635480
4635491
4635500
4635513
4635525
4635532
4635548
4635554
4635569
4635576
4635581
4635597
4635614
4635627
4635639
4635640
4635653
4635662
4635671
4635686
4635695
4635704
4635716
4635729
4635731
4635747
4635750
4635765
4635773
4635798
4635802
4635815
4635823
4635830
4635859
4635864
4635877
4635888
4635903
4635922
4635936
4635945
4635958
4635967
4635974
4635989
4635990
4636004
4636016
4636029
4636031
4636047
4636050
4636065
4636073
4636082
4636098
4636101
4636119
4636126
4636134
4636142
4636155
4636160
4636178
4636187
4636193
4636205
4636218
4636220
4636237
4636243
4636251
4636266
4636279
4636284
4636300
4636313
4636325
4636348
4636354
4636369
4636376
4636381
4636397
4636411
4636422
4636436
4636445
4636458
4636467
4636474
4636489
4636490
4636509
4636517
4636524
4636538
4636546
4636552
4636575
4636580
4636591
4636606
4636612
4636621
4636633
4636649
4636657
4636668
4636670
4636685
4636694
4636702
4636715
4636723
4636730
4636741
4636759
4636764
4636777
4636788
4636796
4636808
4636814
4636827
4636839
4636840
4636853
4636862
4636871
4636886
4636895
4636907
4636910
4636928
4636935
4636944
4636956
4636961
4636972
4636983
4636999
4637000
4637025
4637032
4637048
4637054
4637069
4637076
4637081
4637097
4637102
4637115
4637123
4637130
4637141
4637159
4637164
4637188
4637196
4637209
4637217
4637224
4637238
4637252
4637263
4637275
4637291
4637304
4637316
4637329
4637331
4637347
4637350
4637365
4637398
4637406
4637412
4637421
4637433
4637449
4637457
4637468
4637470
4637485
4637494
4637505
4637518
4637520
4637537
4637543
4637551
4637566
4637579
4637592
4637603
4637622
4637636
4637645
4637658
4637667
4637689
4637690
4637701
4637719
4637726
4637755
4637760
4637778
4637793
4637807
4637810
4637828
4637835
4637856
4637861
4637872
4637883
4637899
4637908
4637939
4637940
4637953
4637962
4637971
4637986
4637995
4638015
4638023
4638030
4638041
4638059
4638064
4638088
4638096
4638100
4638113
4638125
4638148
4638154
4638169
4638181
4638197
4638204
4638216
4638229
4638250
4638265
4638273
4638298
4638309
4638317
4638324
4638338
4638346
4638352
4638375
4638391
4638407
4638410
4638428
4638435
4638444
4638461
4638472
4638483
4638499
4638503
4638511
4638522
4638536
4638545
4638558
4638567
4638574
4638589
4638605
4638618
4638620
4638637
4638643
4638651
4638666
4638679
4638684
4638692
4638708
4638714
4638727
4638739
4638740
4638753
4638762
4638771
4638795
4638806
4638812
4638821
4638833
4638849
4638868
4638870
4638885
4638894
4638901
4638919
4638926
4638934
4638942
4638955
4638960
4638978
4638987
4638993
4639007
4639010
4639028
4639035
4639044
4639056
4639061
4639072
4639083
4639099
4639105
4639118
4639120
4639137
4639151
4639166
4639179
4639184
4639192
4639201
4639219
4639226
4639234
4639242
4639255
4639260
4639278
4639287
4639293
4639306
4639312
4639321
4639333
4639357
4639368
4639370
4639385
4639394
4639423
4639430
4639441
4639459
4639477
4639488
4639496
4639508
4639514
4639527
4639539
4639553
4639562
4639571
4639586
4639595
4639600
4639613
4639625
4639632
4639648
4639669
4639676
4639681
4639697
4639703
4639722
4639736
4639745
4639758
4639767
4639789
4639790
4639809
4639817
4639824
4639838
4639846
4639852
4639863
4639875
4639891
4639904
4639916
4639929
4639931
4639947
4639950
4639965
4639973
4639998
4640008
4640014
4640027
4640039
4640040
4640053
4640062
4640071
4640086
4640095
4640109
4640117
4640138
4640146
4640152
4640175
4640180
4640202
4640215
4640223
4640230
4640259
4640264
4640277
4640288
4640303
4640311
4640322
4640336
4640345
4640358
4640367
4640374
4640389
4640390
4640419
4640426
4640434
4640442
4640455
4640460
4640478
4640487
4640493
4640507
4640510
4640528
4640535
4640544
4640556
4640561
4640572
4640583
4640599
4640604
4640616
4640629
4640631
4640647
4640650
4640673
4640682
4640698
4640706
4640712
4640721
4640733
4640749
4640757
4640768
4640770
4640785
4640794
4640805
4640818
4640820
4640837
4640843
4640851
4640866
4640879
4640884
4640892
4640900
4640913
4640925
4640932
4640948
4640954
4640969
4640976
4640981
4640997
4641006
4641012
4641021
4641033
4641049
4641057
4641068
4641070
4641085
4641094
4641111
4641122
4641136
4641145
4641158
4641167
4641174
4641189
4641190
4641208
4641214
4641227
4641239
4641240
4641253
4641262
4641271
4641286
4641295
4641307
4641310
4641328
4641335
4641356
4641361
4641399
4641400
4641425
4641432
4641448
4641469
4641476
4641481
4641497
4641501
4641519
4641526
4641534
4641542
4641555
4641560
4641578
4641587
4641593
4641602
4641615
4641623
4641641
4641659
4641664
4641677
4641688
4641696
4641705
4641718
4641720
4641737
4641743
4641766
4641779
4641784
4641792
4641804
4641816
4641829
4641831
4641847
4641850
4641873
4641882
4641898
4641909
4641917
4641938
4641946
4641952
4641963
4641975
4641980
4641991
4642003
4642011
4642022
4642036
4642045
4642058
4642067
4642074
4642089
4642090
4642106
4642112
4642121
4642133
4642149
4642157
4642168
4642185
4642207
4642210
4642228
4642235
4642244
4642261
4642272
4642283
4642299
4642308
4642314
4642327
4642339
4642340
4642353
4642362
4642371
4642386
4642395
4642404
4642416
4642431
4642447
4642450
4642465
4642473
4642482
4642498
4642502
4642515
4642523
4642530
4642541
4642559
4642577
4642588
4642596
4642601
4642619
4642626
4642634
4642642
4642655
4642660
4642678
4642687
4642693
4642709
4642717
4642724
4642738
4642746
4642752
4642775
4642780
4642791
4642800
4642813
4642825
4642832
4642848
4642854
4642876
4642881
4642918
4642920
4642937
4642943
4642951
4642966
4642984
4642992
4643004
4643016
4643029
4643031
4643047
4643050
4643065
4643073
4643082
4643098
4643101
4643119
4643126
4643134
4643142
4643155
4643187
4643193
4643205
4643218
4643220
4643243
4643251
4643266
4643279
4643284
4643292
4643300
4643313
4643332
4643348
4643369
4643376
4643397
4643403
4643411
4643422
4643436
4643445
4643458
4643467
4643474
4643489
4643490
4643509
4643517
4643524
4643538
4643546
4643552
4643575
4643580
4643591
4643606
4643612
4643621
4643633
4643649
4643657
4643668
4643670
4643685
4643694
4643702
4643715
4643730
4643741
4643759
4643764
4643777
4643796
4643808
4643814
4643827
4643839
4643853
4643862
4643871
4643886
4643895
4643907
4643910
4643928
4643956
4643961
4643972
4643983
4644017
4644024
4644038
4644046
4644052
4644063
4644080
4644108
4644114
4644127
4644139
4644140
4644153
4644162
4644171
4644186
4644203
4644211
4644236
4644245
4644258
4644267
4644274
4644289
4644290
4644302
4644315
4644323
4644330
4644341
4644359
4644364
4644377
4644388
4644418
4644420
4644437
4644443
4644451
4644466
4644479
4644484
4644492
4644504
4644531
4644547
4644550
4644565
4644573
4644582
4644598
4644607
4644610
4644628
4644635
4644644
4644656
4644661
4644672
4644683
4644699
4644700
4644713
4644725
4644732
4644754
4644769
4644776
4644797
4644801
4644819
4644826
4644834
4644842
4644855
4644860
4644878
4644887
4644893
4644906
4644921
4644933
4644949
4644957
4644968
4644970
4644985
4644994
4645000
4645013
4645025
4645032
4645048
4645054
4645069
4645076
4645097
4645102
4645115
4645123
4645141
4645164
4645177
4645188
4645196
4645209
4645217
4645238
4645246
4645252
4645263
4645275
4645280
4645304
4645316
4645331
4645347
4645350
4645365
4645373
4645382
4645398
4645406
4645412
4645421
4645457
4645468
4645470
4645485
4645494
4645505
4645518
4645520
4645537
4645543
4645566
4645579
4645584
4645592
4645603
4645611
4645622
4645636
4645645
4645658
4645667
4645674
4645689
4645690
4645701
4645719
4645726
4645734
4645742
4645755
4645760
4645778
4645787
4645807
4645810
4645828
4645835
4645844
4645856
4645861
4645872
4645899
4645908
4645914
4645939
4645940
4645953
4645962
4645971
4645986
4645995
4646001
4646019
4646026
4646034
4646055
4646060
4646078
4646087
4646093
4646104
4646116
4646129
4646131
4646147
4646150
4646165
4646173
4646182
4646198
4646200
4646213
4646225
4646232
4646248
4646254
4646269
4646276
4646281
4646297
4646305
4646320
4646343
4646351
4646366
4646379
4646384
4646392
4646408
4646414
4646427
4646440
4646453
4646462
4646471
4646486
4646495
4646506
4646512
4646521
4646533
4646549
4646557
4646570
4646594
4646609
4646617
4646624
4646646
4646652
4646675
4646691
4646707
4646710
4646728
4646744
4646761
4646772
4646783
4646799
4646811
4646822
4646836
4646845
4646858
4646867
4646874
4646889
4646890
4646915
4646923
4646930
4646941
4646959
4646964
4646977
4646988
4646996
4647018
4647020
4647037
4647043
4647051
4647066
4647079
4647084
4647092
4647107
4647110
4647144
4647156
4647161
4647172
4647183
4647199
4647212
4647221
4647233
4647249
4647257
4647268
4647270
4647285
4647294
4647301
4647319
4647326
4647334
4647342
4647355
4647360
4647378
4647387
4647393
4647409
4647417
4647424
4647438
4647446
4647452
4647463
4647475
4647480
4647491
4647500
4647513
4647532
4647548
4647554
4647569
4647576
4647597
4647608
4647614
4647627
4647639
4647640
4647653
4647662
4647671
4647686
4647704
4647716
4647729
4647747
4647765
4647773
4647782
4647798
4647802
4647815
4647823
4647830
4647841
4647859
4647864
4647877
4647888
4647896
4647911
4647922
4647936
4647945
4647958
4647967
4647989
4648007
4648010
4648028
4648035
4648044
4648061
4648072
4648083
4648099
4648105
4648118
4648120
4648137
4648143
4648151
4648166
4648179
4648184
4648192
4648201
4648219
4648226
4648234
4648242
4648255
4648260
4648278
4648293
4648306
4648312
4648321
4648333
4648349
4648357
4648368
4648370
4648385
4648394
4648415
4648423
4648430
4648441
4648459
4648477
4648488
4648508
4648514
4648527
4648539
4648540
4648553
4648562
4648571
4648586
4648600
4648613
4648625
4648632
4648669
4648676
4648681
4648697
4648703
4648711
4648722
4648745
4648758
4648767
4648774
4648789
4648790
4648809
4648817
4648824
4648838
4648846
4648852
4648863
4648875
4648880
4648891
4648904
4648916
4648929
4648931
4648950
4648965
4648973
4648982
4648998
4649002
4649015
4649023
4649030
4649041
4649059
4649064
4649077
4649088
4649096
4649100
4649113
4649125
4649132
4649148
4649154
4649169
4649176
4649181
4649197
4649204
4649216
4649231
4649247
4649265
4649273
4649282
4649298
4649309
4649317
4649338
4649346
4649352
4649363
4649375
4649380
4649391
4649407
4649410
4649428
4649435
4649444
4649456
4649461
4649483
4649499
4649503
4649511
4649536
4649545
4649558
4649567
4649574
4649589
4649590
4649605
4649618
4649620
4649637
4649643
4649651
4649666
4649679
4649684
4649692
4649708
4649714
4649727
4649739
4649753
4649762
4649771
4649786
4649795
4649806
4649812
4649833
4649849
4649857
4649868
4649885
4649894
4649901
4649919
4649926
4649934
4649942
4649955
4649960
4649978
4649987
4649993
4650004
4650029
4650031
4650047
4650050
4650065
4650073
4650082
4650098
4650101
4650119
4650126
4650134
4650142
4650155
4650160
4650178
4650187
4650205
4650218
4650220
4650237
4650243
4650251
4650266
4650279
4650284
4650300
4650313
4650325
4650332
4650348
4650354
4650369
4650376
4650381
4650397
4650403
4650411
4650422
4650458
4650467
4650474
4650489
4650490
4650509
4650517
4650524
4650538
4650546
4650552
4650563
4650575
4650591
4650606
4650612
4650621
4650633
4650649
4650657
4650668
4650670
4650694
4650715
4650723
4650730
4650741
4650759
4650764
4650788
4650796
4650808
4650827
4650839
4650840
4650862
4650871
4650886
4650910
4650928
4650935
4650944
4650956
4650961
4650972
4650983
4650999
4651002
4651015
4651023
4651030
4651041
4651059
4651064
4651077
4651088
4651096
4651100
4651113
4651125
4651148
4651154
4651169
4651176
4651181
4651197
4651204
4651216
4651229
4651231
4651247
4651250
4651265
4651273
4651282
4651298
4651309
4651317
4651324
4651338
4651352
4651363
4651375
4651380
4651391
4651410
4651428
4651435
4651444
4651456
4651472
4651483
4651499
4651503
4651511
4651522
4651536
4651545
4651558
4651567
4651574
4651589
4651590
4651605
4651618
4651620
4651637
4651643
4651684
4651692
4651708
4651714
4651727
4651739
4651740
4651753
4651762
4651771
4651786
4651806
4651812
4651821
4651849
4651868
4651870
4651885
4651894
4651901
4651919
4651926
4651934
4651942
4651955
4651960
4651978
4651987
4651993
4652000
4652013
4652025
4652032
4652048
4652054
4652069
4652076
4652081
4652097
4652102
4652115
4652123
4652159
4652164
4652177
4652196
4652209
4652217
4652224
4652238
4652246
4652252
4652263
4652275
4652280
4652304
4652316
4652329
4652331
4652347
4652350
4652365
4652373
4652382
4652398
4652406
4652412
4652421
4652433
4652449
4652457
4652470
4652485
4652494
4652505
4652518
4652520
4652543
4652551
4652579
4652592
4652603
4652611
4652622
4652636
4652645
4652658
4652667
4652689
4652690
4652701
4652726
4652734
4652742
4652755
4652760
4652778
4652787
4652807
4652810
4652828
4652835
4652844
4652861
4652872
4652883
4652899
4652908
4652914
4652927
4652939
4652940
4652953
4652962
4652971
4652986
4652995
4653006
4653012
4653021
4653033
4653049
4653057
4653068
4653070
4653085
4653094
4653103
4653111
4653122
4653136
4653145
4653158
4653174
4653189
4653190
4653208
4653214
4653227
4653239
4653240
4653253
4653262
4653286
4653295
4653307
4653310
4653328
4653344
4653361
4653372
4653383
4653399
4653400
4653413
4653425
4653432
4653448
4653454
4653469
4653476
4653497
4653501
4653519
4653526
4653534
4653542
4653555
4653560
4653578
4653587
4653593
4653615
4653623
4653630
4653641
4653659
4653664
4653677
4653688
4653696
4653705
4653718
4653720
4653737
4653743
4653751
4653779
4653784
4653792
4653804
4653816
4653829
4653831
4653847
4653850
4653865
4653873
4653882
4653898
4653909
4653917
4653938
4653946
4653952
4653963
4653975
4653980
4654001
4654019
4654026
4654042
4654055
4654060
4654078
4654087
4654093
4654104
4654116
4654129
4654131
4654147
4654150
4654165
4654182
4654198
4654200
4654213
4654225
4654232
4654248
4654254
4654269
4654276
4654281
4654297
4654318
4654320
4654337
4654343
4654351
4654366
4654379
4654384
4654392
4654408
4654414
4654427
4654439
4654440
4654453
4654462
4654471
4654486
4654495
4654506
4654512
4654521
4654533
4654549
4654557
4654570
4654585
4654594
4654609
4654617
4654624
4654638
4654646
4654652
4654675
4654680
4654691
4654710
4654735
4654744
4654756
4654761
4654772
4654783
4654799
4654803
4654822
4654836
4654845
4654858
4654867
4654874
4654889
4654890
4654902
4654915
4654923
4654930
4654941
4654959
4654964
4654977
4654988
4655007
4655010
4655028
4655035
4655056
4655061
4655072
4655083
4655099
4655105
4655118
4655120
4655137
4655143
4655151
4655166
4655179
4655184
4655192
4655201
4655219
4655226
4655234
4655242
4655255
4655260
4655278
4655287
4655306
4655312
4655321
4655333
4655349
4655357
4655368
4655370
4655385
4655394
4655402
4655415
4655423
4655441
4655459
4655464
4655477
4655488
4655496
4655508
4655527
4655539
4655540
4655553
4655562
4655571
4655586
4655595
4655600
4655613
4655625
4655648
4655654
4655676
4655681
4655697
4655703
4655711
4655722
4655736
4655745
4655758
4655767
4655774
4655789
4655790
4655809
4655817
4655824
4655838
4655846
4655852
4655863
4655875
4655880
4655891
4655904
4655916
4655929
4655931
4655947
4655965
4655973
4655982
4656003
4656011
4656022
4656036
4656045
4656058
4656067
4656074
4656089
4656090
4656106
4656112
4656121
4656149
4656157
4656168
4656170
4656185
4656194
4656228
4656235
4656244
4656261
4656272
4656283
4656308
4656314
4656327
4656339
4656353
4656362
4656371
4656395
4656404
4656416
4656429
4656431
4656447
4656450
4656465
4656473
4656482
4656498
4656502
4656530
4656541
4656559
4656564
4656577
4656588
4656596
4656601
4656619
4656626
4656634
4656642
4656655
4656660
4656678
4656687
4656693
4656709
4656717
4656724
4656738
4656752
4656763
4656775
4656800
4656813
4656825
4656832
4656848
4656854
4656869
4656876
4656881
4656897
4656918
4656920
4656937
4656943
4656966
4656979
4656984
4656992
4657008
4657014
4657027
4657039
4657040
4657053
4657062
4657071
4657086
4657109
4657117
4657124
4657138
4657146
4657163
4657175
4657180
4657191
4657202
4657215
4657223
4657259
4657264
4657277
4657288
4657296
4657303
4657311
4657322
4657345
4657358
4657374
4657389
4657390
4657401
4657419
4657426
4657434
4657442
4657455
4657460
4657478
4657487
4657493
4657507
4657510
4657528
4657535
4657544
4657556
4657561
4657572
4657583
4657599
4657604
4657616
4657629
4657631
4657647
4657650
4657665
4657673
4657682
4657698
4657712
4657721
4657733
4657749
4657757
4657768
4657770
4657785
4657794
4657805
4657818
4657837
4657851
4657866
4657879
4657884
4657892
4657900
4657913
4657925
4657932
4657976
4657981
4657997
4658009
4658017
4658024
4658046
4658052
4658063
4658075
4658080
4658091
4658114
4658127
4658139
4658140
4658153
4658162
4658171
4658186
4658195
4658203
4658222
4658236
4658245
4658267
4658274
4658289
4658290
4658302
4658315
4658330
4658341
4658359
4658364
4658377
4658388
4658396
4658405
4658418
4658437
4658443
4658451
4658466
4658479
4658484
4658492
4658504
4658516
4658529
4658531
4658547
4658550
4658565
4658573
4658582
4658598
4658607
4658610
4658628
4658635
4658644
4658656
4658661
4658672
4658683
4658699
4658725
4658732
4658748
4658754
4658769
4658776
4658781
4658797
4658801
4658819
4658826
4658834
4658842
4658855
4658878
4658887
4658893
4658906
4658912
4658921
4658933
4658949
4658968
4658970
4658985
4658994
4659005
4659018
4659020
4659037
4659043
4659051
4659066
4659079
4659084
4659092
4659107
4659110
4659128
4659135
4659156
4659172
4659183
4659206
4659212
4659233
4659249
4659257
4659268
4659270
4659285
4659294
4659301
4659326
4659334
4659342
4659355
4659360
4659378
4659387
4659393
4659409
4659417
4659424
4659446
4659452
4659463
4659475
4659480
4659500
4659513
4659525
4659532
4659548
4659554
4659569
4659576
4659581
4659597
4659608
4659614
4659627
4659639
4659640
4659671
4659686
4659695
4659704
4659729
4659731
4659750
4659765
4659773
4659782
4659798
4659802
4659815
4659823
4659830
4659841
4659859
4659864
4659877
4659888
4659896
4659911
4659922
4659936
4659945
4659958
4659967
4659974
4659989
4659990
4660006
4660012
4660021
4660033
4660049
4660057
4660068
4660070
4660094
4660111
4660122
4660136
4660145
4660158
4660167
4660174
4660189
4660190
4660208
4660214
4660227
4660239
4660240
4660253
4660271
4660286
4660295
4660307
4660310
4660328
4660335
4660344
4660356
4660361
4660372
4660383
4660399
4660400
4660413
4660425
4660432
4660448
4660469
4660476
4660481
4660519
4660526
4660542
4660560
4660578
4660587
4660593
4660602
4660615
4660623
4660630
4660641
4660659
4660664
4660677
4660688
4660696
4660705
4660718
4660720
4660737
4660743
4660751
4660766
4660779
4660784
4660792
4660804
4660816
4660829
4660831
4660847
4660865
4660873
4660882
4660909
4660917
4660924
4660938
4660946
4660952
4660963
4660975
4660980
4661005
4661018
4661037
4661043
4661051
4661066
4661079
4661084
4661092
4661107
4661110
4661128
4661135
4661144
4661156
4661161
4661172
4661183
4661199
4661206
4661212
4661221
4661233
4661249
4661257
4661268
4661270
4661285
4661294
4661301
4661319
4661326
4661334
4661342
4661360
4661378
4661387
4661409
4661424
4661438
4661446
4661452
4661463
4661475
4661480
4661491
4661500
4661513
4661525
4661532
4661548
4661554
4661569
4661576
4661581
4661597
4661608
4661614
4661627
4661639
4661640
4661653
4661662
4661671
4661686
4661695
4661704
4661716
4661729
4661731
4661747
4661750
4661765
4661773
4661782
4661798
4661802
4661815
4661823
4661830
4661841
4661859
4661864
4661877
4661888
4661896
4661903
4661911
4661922
4661936
4661945
4661958
4661967
4661974
4661989
4661990
4662010
4662028
4662035
4662061
4662072
4662083
4662099
4662105
4662118
4662120
4662137
4662143
4662151
4662166
4662179
4662184
4662192
4662201
4662219
4662226
4662234
4662242
4662255
4662260
4662278
4662287
4662293
4662312
4662321
4662333
4662349
4662357
4662368
4662370
4662385
4662394
4662402
4662415
4662423
4662430
4662441
4662459
4662464
4662477
4662488
4662496
4662508
4662514
4662539
4662540
4662553
4662562
4662571
4662586
4662595
4662600
4662613
4662625
4662632
4662648
4662654
4662669
4662676
4662681
4662697
4662703
4662711
4662722
4662736
4662745
4662758
4662767
4662774
4662789
4662790
4662809
4662817
4662824
4662838
4662846
4662863
4662875
4662880
4662891
4662904
4662916
4662929
4662947
4662950
4662965
4662973
4662982
4662998
4663002
4663015
4663030
4663041
4663059
4663064
4663077
4663088
4663096
4663100
4663113
4663125
4663132
4663148
4663154
4663169
4663176
4663181
4663197
4663204
4663216
4663229
4663247
4663250
4663265
4663273
4663282
4663298
4663309
4663317
4663324
4663338
4663346
4663352
4663363
4663375
4663380
4663407
4663410
4663428
4663435
4663444
4663456
4663461
4663472
4663483
4663499
4663503
4663522
4663558
4663567
4663574
4663589
4663605
4663618
4663620
4663637
4663643
4663651
4663666
4663679
4663684
4663692
4663708
4663714
4663739
4663740
4663753
4663762
4663771
4663786
4663795
4663806
4663812
4663821
4663833
4663849
4663868
4663870
4663885
4663901
4663919
4663926
4663942
4663955
4663960
4663978
4663987
4663993
4664003
4664022
4664036
4664045
4664058
4664067
4664089
4664106
4664112
4664133
4664149
4664157
4664168
4664170
4664185
4664194
4664207
4664210
4664228
4664235
4664244
4664256
4664261
4664272
4664283
4664299
4664308
4664314
4664327
4664340
4664353
4664362
4664371
4664386
4664404
4664416
4664429
4664431
4664450
4664465
4664473
4664482
4664498
4664515
4664523
4664530
4664541
4664559
4664564
4664588
4664596
4664601
4664619
4664626
4664634
4664642
4664655
4664660
4664678
4664693
4664709
4664717
4664724
4664738
4664746
4664752
4664763
4664775
4664780
4664800
4664813
4664825
4664832
4664848
4664876
4664881
4664897
4664905
4664918
4664920
4664937
4664943
4664951
4664966
4664979
4664992
4665009
4665017
4665024
4665038
4665046
4665052
4665063
4665075
4665091
4665108
4665114
4665127
4665139
4665140
4665153
4665162
4665171
4665186
4665195
4665203
4665211
4665222
4665236
4665245
4665258
4665267
4665274
4665302
4665315
4665323
4665330
4665341
4665359
4665377
4665388
4665396
4665405
4665418
4665437
4665443
4665451
4665466
4665479
4665484
4665492
4665504
4665516
4665529
4665531
4665547
4665550
4665565
4665573
4665582
4665598
4665607
4665610
4665628
4665635
4665644
4665656
4665661
4665672
4665683
4665699
4665700
4665713
4665725
4665732
4665748
4665754
4665769
4665776
4665781
4665797
4665801
4665819
4665834
4665842
4665855
4665860
4665878
4665887
4665893
4665906
4665912
4665921
4665933
4665949
4665957
4665968
4665970
4665985
4665994
4666013
4666025
4666032
4666048
4666069
4666076
4666081
4666097
4666102
4666115
4666123
4666130
4666141
4666159
4666164
4666177
4666188
4666196
4666209
4666217
4666224
4666238
4666246
4666252
4666263
4666275
4666280
4666291
4666304
4666316
4666329
4666331
4666347
4666350
4666365
4666373
4666382
4666398
4666406
4666412
4666421
4666433
4666449
4666457
4666468
4666470
4666485
4666494
4666505
4666518
4666520
4666537
4666551
4666566
4666579
4666584
4666592
4666603
4666611
4666622
4666636
4666645
4666658
4666667
4666674
4666689
4666690
4666701
4666719
4666726
4666734
4666742
4666755
4666760
4666778
4666787
4666793
4666807
4666810
4666828
4666835
4666844
4666856
4666861
4666872
4666883
4666899
4666908
4666914
4666927
4666939
4666940
4666962
4666971
4666986
4666995
4667004
4667016
4667029
4667031
4667047
4667050
4667065
4667073
4667082
4667101
4667119
4667126
4667134
4667142
4667155
4667160
4667178
4667187
4667193
4667205
4667218
4667220
4667237
4667243
4667251
4667266
4667279
4667284
4667292
4667300
4667313
4667325
4667332
4667354
4667369
4667381
4667397
4667403
4667411
4667422
4667445
4667458
4667467
4667474
4667489
4667490
4667509
4667517
4667538
4667546
4667552
4667575
4667580
4667591
4667606
4667612
4667621
4667633
4667649
4667657
4667668
4667670
4667694
4667702
4667715
4667723
4667730
4667741
4667759
4667764
4667777
4667796
4667808
4667814
4667827
4667839
4667840
4667853
4667862
4667871
4667886
4667895
4667907
4667910
4667928
4667935
4667944
4667961
4667972
4667983
4667999
4668001
4668026
4668042
4668055
4668060
4668087
4668093
4668104
4668116
4668129
4668131
4668147
4668150
4668165
4668173
4668182
4668198
4668200
4668213
4668225
4668232
4668248
4668254
4668269
4668276
4668281
4668297
4668305
4668318
4668320
4668337
4668343
4668351
4668366
4668379
4668384
4668392
4668408
4668414
4668427
4668439
4668440
4668453
4668462
4668471
4668486
4668495
4668506
4668512
4668521
4668533
4668549
4668568
4668570
4668585
4668594
4668609
4668617
4668624
4668638
4668652
4668663
4668675
4668680
4668691
4668707
4668710
4668728
4668735
4668744
4668756
4668761
4668772
4668783
4668799
4668811
4668836
4668858
4668867
4668874
4668889
4668890
4668902
4668915
4668923
4668930
4668941
4668959
4668964
4668977
4668988
4668996
4669008
4669014
4669027
4669039
4669040
4669062
4669071
4669086
4669095
4669109
4669117
4669124
4669138
4669146
4669152
4669163
4669175
4669180
4669191
4669202
4669215
4669223
4669230
4669241
4669259
4669264
4669277
4669288
4669303
4669311
4669322
4669336
4669345
4669358
4669367
4669374
4669389
4669390
4669401
4669419
4669426
4669434
4669442
4669460
4669478
4669487
4669493
4669507
4669510
4669528
4669535
4669544
4669556
4669561
4669572
4669583
4669599
4669604
4669616
4669629
4669631
4669647
4669650
4669665
4669673
4669682
4669698
4669706
4669712
4669721
4669733
4669749
4669757
4669768
4669770
4669785
4669794
4669805
4669818
4669820
4669843
4669851
4669866
4669879
4669884
4669892
4669900
4669913
4669925
4669948
4669954
4669969
4669976
4669981
4669997
4670001
4670019
4670026
4670034
4670042
4670055
4670060
4670078
4670087
4670093
4670104
4670116
4670129
4670131
4670147
4670150
4670182
4670198
4670200
4670213
4670225
4670232
4670248
4670254
4670269
4670276
4670281
4670297
4670305
4670318
4670320
4670337
4670343
4670351
4670366
4670379
4670384
4670392
4670408
4670414
4670427
4670439
4670440
4670453
4670462
4670471
4670486
4670495
4670512
4670521
4670533
4670549
4670557
4670568
4670585
4670594
4670609
4670617
4670624
4670638
4670646
4670652
4670663
4670675
4670680
4670691
4670707
4670728
4670744
4670756
4670761
4670772
4670783
4670799
4670803
4670811
4670822
4670836
4670845
4670858
4670874
4670889
4670890
4670902
4670915
4670923
4670930
4670941
4670959
4670964
4670977
4670988
4671007
4671010
4671028
4671035
4671044
4671056
4671061
4671072
4671083
4671099
4671105
4671118
4671120
4671137
4671143
4671166
4671179
4671184
4671192
4671201
4671219
4671226
4671234
4671242
4671260
4671278
4671287
4671293
4671306
4671312
4671321
4671333
4671349
4671357
4671368
4671370
4671385
4671394
4671402
4671415
4671423
4671441
4671459
4671464
4671477
4671488
4671496
4671508
4671514
4671527
4671539
4671540
4671553
4671571
4671600
4671613
4671625
4671632
4671648
4671654
4671669
4671676
4671681
4671697
4671703
4671711
4671722
4671736
4671745
4671758
4671767
4671774
4671789
4671790
4671817
4671824
4671838
4671852
4671863
4671875
4671880
4671891
4671904
4671916
4671929
4671931
4671947
4671950
4671973
4671998
4672005
4672018
4672037
4672043
4672051
4672066
4672079
4672092
4672107
4672110
4672128
4672135
4672144
4672156
4672161
4672172
4672183
4672199
4672206
4672221
4672249
4672257
4672268
4672270
4672285
4672294
4672301
4672319
4672326
4672334
4672342
4672360
4672378
4672387
4672393
4672417
4672424
4672438
4672446
4672452
4672463
4672475
4672491
4672500
4672513
4672525
4672532
4672548
4672554
4672569
4672576
4672581
4672597
4672608
4672614
4672627
4672639
4672640
4672653
4672671
4672686
4672695
4672704
4672716
4672729
4672747
4672765
4672773
4672782
4672798
4672802
4672823
4672830
4672859
4672864
4672877
4672888
4672896
4672903
4672911
4672922
4672936
4672945
4672958
4672967
4672989
4672990
4673009
4673017
4673024
4673038
4673046
4673052
4673063
4673080
4673091
4673108
4673114
4673127
4673139
4673153
4673162
4673171
4673186
4673195
4673203
4673211
4673222
4673236
4673245
4673258
4673267
4673274
4673289
4673290
4673302
4673315
4673323
4673330
4673364
4673377
4673388
4673396
4673405
4673418
4673420
4673437
4673443
4673466
4673479
4673484
4673492
4673504
4673516
4673529
4673547
4673550
4673565
4673573
4673582
4673598
4673607
4673610
4673635
4673644
4673656
4673672
4673683
4673699
4673700
4673713
4673725
4673732
4673748
4673754
4673769
4673776
4673781
4673797
4673801
4673834
4673842
4673860
4673878
4673887
4673893
4673906
4673912
4673921
4673933
4673949
4673968
4673970
4673985
4673994
4674004
4674016
4674029
4674031
4674047
4674050
4674073
4674082
4674098
4674101
4674119
4674126
4674134
4674142
4674155
4674160
4674178
4674187
4674193
4674205
4674218
4674220
4674237
4674243
4674251
4674266
4674279
4674284
4674292
4674300
4674313
4674325
4674332
4674348
4674354
4674376
4674381
4674397
4674403
4674422
4674436
4674445
4674458
4674467
4674474
4674489
4674509
4674517
4674524
4674538
4674546
4674563
4674575
4674580
4674591
4674606
4674612
4674621
4674633
4674649
4674657
4674668
4674670
4674685
4674694
4674702
4674723
4674730
4674741
4674759
4674764
4674777
4674788
4674796
4674808
4674814
4674827
4674839
4674840
4674853
4674862
4674871
4674886
4674895
4674907
4674910
4674928
4674935
4674944
4674956
4674972
4674983
4674999
4675002
4675015
4675023
4675030
4675041
4675064
4675077
4675088
4675096
4675113
4675125
4675132
4675148
4675154
4675176
4675181
4675204
4675216
4675229
4675231
4675250
4675265
4675273
4675282
4675298
4675309
4675324
4675338
4675346
4675352
4675363
4675375
4675380
4675391
4675407
4675410
4675428
4675456
4675461
4675483
4675499
4675503
4675511
4675522
4675536
4675545
4675558
4675567
4675574
4675589
4675590
4675605
4675618
4675620
4675637
4675643
4675651
4675666
4675679
4675684
4675692
4675708
4675714
4675727
4675739
4675740
4675753
4675762
4675771
4675786
4675795
4675812
4675833
4675849
4675857
4675868
4675870
4675885
4675894
4675901
4675919
4675926
4675934
4675942
4675955
4675978
4675987
4675993
4676008
4676014
4676027
4676039
4676040
4676053
4676062
4676071
4676086
4676095
4676109
4676117
4676124
4676146
4676152
4676175
4676180
4676191
4676215
4676223
4676230
4676241
4676259
4676264
4676277
4676288
4676296
4676303
4676311
4676322
4676336
4676345
4676358
4676367
4676374
4676390
4676401
4676419
4676426
4676434
4676442
4676455
4676460
4676478
4676487
4676507
4676510
4676528
4676535
4676544
4676556
4676561
4676572
4676583
4676599
4676616
4676629
4676631
4676647
4676650
4676665
4676673
4676682
4676698
4676706
4676712
4676721
4676733
4676749
4676757
4676768
4676770
4676785
4676794
4676805
4676818
4676820
4676837
4676843
4676851
4676866
4676879
4676884
4676900
4676913
4676925
4676932
4676954
4676969
4676976
4676981
4676997
4677003
4677011
4677022
4677036
4677058
4677067
4677074
4677089
4677090
4677106
4677112
4677121
4677133
4677149
4677157
4677168
4677170
4677185
4677194
4677207
4677228
4677235
4677244
4677256
4677272
4677283
4677299
4677308
4677314
4677327
4677339
4677340
4677353
4677362
4677371
4677386
4677395
4677404
4677429
4677431
4677450
4677465
4677482
4677498
4677502
4677515
4677523
4677541
4677559
4677564
4677577
4677588
4677596
4677601
4677619
4677626
4677634
4677642
4677655
4677660
4677678
4677687
4677693
4677709
4677717
4677724
4677738
4677746
4677752
4677763
4677775
4677780
4677800
4677813
4677825
4677832
4677848
4677854
4677869
4677876
4677881
4677897
4677905
4677918
4677920
4677937
4677943
4677951
4677966
4677979
4677984
4678006
4678012
4678021
4678033
4678049
4678057
4678068
4678070
4678085
4678094
4678103
4678122
4678136
4678145
4678158
4678167
4678189
4678190
4678208
4678214
4678227
4678239
4678240
4678253
4678271
4678286
4678295
4678307
4678310
4678328
4678344
4678356
4678361
4678372
4678383
4678399
4678400
4678413
4678425
4678432
4678448
4678454
4678476
4678481
4678497
4678501
4678519
4678526
4678534
4678542
4678555
4678560
4678578
4678593
4678602
4678615
4678623
4678659
4678664
4678677
4678688
4678696
4678705
4678737
4678743
4678751
4678766
4678779
4678784
4678792
4678804
4678829
4678847
4678850
4678865
4678873
4678882
4678898
4678909
4678924
4678946
4678952
4678963
4678975
4678980
4678991
4679000
4679025
4679048
4679054
4679069
4679076
4679081
4679097
4679115
4679123
4679130
4679141
4679159
4679164
4679177
4679188
4679196
4679209
4679217
4679224
4679238
4679246
4679252
4679263
4679275
4679280
4679291
4679316
4679329
4679331
4679347
4679365
4679373
4679382
4679398
4679406
4679412
4679421
4679433
4679457
4679468
4679470
4679485
4679494
4679505
4679518
4679537
4679543
4679551
4679566
4679579
4679584
4679592
4679603
4679611
4679622
4679636
4679645
4679658
4679667
4679674
4679689
4679690
4679701
4679719
4679726
4679734
4679742
4679755
4679760
4679778
4679787
4679793
4679807
4679810
4679828
4679835
4679844
4679856
4679861
4679872
4679899
4679908
4679914
4679927
4679940
4679953
4679971
4679986
4679995
4680009
4680017
4680024
4680038
4680046
4680052
4680063
4680075
4680080
4680091
4680108
4680114
4680127
4680139
4680140
4680153
4680171
4680186
4680195
4680203
4680211
4680222
4680236
4680245
4680258
4680274
4680289
4680290
4680302
4680315
4680323
4680330
4680341
4680359
4680364
4680377
4680388
4680405
4680418
4680420
4680437
4680443
4680451
4680466
4680479
4680484
4680492
4680504
4680516
4680529
4680531
4680547
4680550
4680565
4680573
4680582
4680598
4680607
4680610
4680628
4680635
4680644
4680656
4680661
4680672
4680699
4680700
4680725
4680732
4680748
4680754
4680769
4680776
4680781
4680797
4680801
4680819
4680826
4680834
4680842
4680855
4680860
4680878
4680887
4680893
4680912
4680921
4680933
4680949
4680957
4680968
4680970
4680985
4680994
4681000
4681025
4681032
4681048
4681054
4681069
4681076
4681081
4681097
4681102
4681115
4681123
4681130
4681141
4681159
4681164
4681177
4681188
4681196
4681209
4681217
4681224
4681238
4681246
4681252
4681263
4681275
4681291
4681304
4681316
4681329
4681331
4681347
4681350
4681365
4681373
4681382
4681398
4681433
4681449
4681457
4681468
4681470
4681485
4681494
4681518
4681520
4681537
4681551
4681566
4681584
4681592
4681603
4681611
4681622
4681636
4681645
4681658
4681667
4681674
4681689
4681690
4681701
4681719
4681726
4681734
4681742
4681755
4681760
4681778
4681787
4681793
4681810
4681828
4681835
4681844
4681856
4681861
4681872
4681883
4681908
4681914
4681927
4681939
4681940
4681953
4681971
4681986
4681995
4682002
4682015
4682023
4682030
4682041
4682059
4682064
4682077
4682088
4682096
4682100
4682113
4682125
4682132
4682148
4682154
4682169
4682176
4682181
4682197
4682204
4682216
4682229
4682231
4682247
4682250
4682265
4682273
4682282
4682298
4682309
4682317
4682338
4682352
4682375
4682380
4682391
4682407
4682410
4682428
4682435
4682444
4682456
4682461
4682483
4682499
4682503
4682522
4682536
4682545
4682558
4682567
4682574
4682590
4682605
4682618
4682620
4682637
4682643
4682651
4682666
4682679
4682684
4682727
4682739
4682740
4682753
4682762
4682771
4682786
4682795
4682806
4682812
4682821
4682833
4682857
4682868
4682885
4682901
4682926
4682934
4682942
4682955
4682960
4682978
4682987
4682993
4683007
4683010
4683028
4683035
4683056
4683061
4683072
4683083
4683099
4683105
4683118
4683120
4683137
4683143
4683151
4683166
4683179
4683192
4683201
4683226
4683234
4683242
4683255
4683260
4683278
4683287
4683293
4683306
4683312
4683321
4683333
4683357
4683368
4683370
4683385
4683394
4683402
4683415
4683423
4683430
4683441
4683464
4683477
4683488
4683496
4683508
4683514
4683527
4683539
4683540
4683562
4683571
4683595
4683600
4683613
4683625
4683648
4683669
4683676
4683681
4683697
4683703
4683711
4683722
4683736
4683745
4683758
4683767
4683774
4683789
4683817
4683824
4683838
4683846
4683863
4683875
4683880
4683891
4683904
4683916
4683929
4683931
4683950
4683965
4683973
4683982
4683998
4684014
4684039
4684040
4684053
4684062
4684071
4684086
4684109
4684117
4684124
4684138
4684146
4684152
4684163
4684175
4684180
4684191
4684202
4684215
4684223
4684230
4684241
4684259
4684264
4684277
4684288
4684296
4684303
4684311
4684322
4684336
4684345
4684358
4684367
4684374
4684389
4684390
4684401
4684419
4684426
4684434
4684442
4684455
4684460
4684478
4684487
4684493
4684507
4684510
4684528
4684535
4684544
4684556
4684561
4684572
4684583
4684599
4684604
4684629
4684631
4684647
4684650
4684665
4684673
4684682
4684698
4684706
4684712
4684721
4684733
4684749
4684757
4684768
4684770
4684785
4684794
4684818
4684820
4684837
4684851
4684866
4684879
4684884
4684892
4684913
4684925
4684932
4684948
4684969
4684976
4684981
4684997
4685006
4685012
4685021
4685033
4685049
4685057
4685068
4685070
4685085
4685103
4685122
4685136
4685145
4685158
4685167
4685174
4685189
4685190
4685214
4685227
4685239
4685240
4685262
4685271
4685286
4685295
4685307
4685310
4685328
4685335
4685344
4685356
4685361
4685372
4685383
4685400
4685413
4685425
4685432
4685448
4685469
4685476
4685481
4685501
4685519
4685526
4685534
4685542
4685555
4685560
4685578
4685587
4685593
4685602
4685615
4685623
4685630
4685641
4685688
4685696
4685705
4685718
4685720
4685737
4685743
4685751
4685766
4685779
4685784
4685792
4685804
4685816
4685829
4685831
4685847
4685850
4685865
4685873
4685882
4685909
4685917
4685924
4685938
4685946
4685952
4685963
4685975
4685980
4685991
4686005
4686018
4686037
4686043
4686051
4686066
4686079
4686084
4686092
4686107
4686110
4686128
4686135
4686144
4686156
4686161
4686172
4686183
4686199
4686206
4686212
4686221
4686233
4686249
4686257
4686268
4686270
4686285
4686294
4686301
4686319
4686326
4686334
4686342
4686355
4686360
4686378
4686387
4686393
4686409
4686417
4686424
4686438
4686446
4686452
4686463
4686475
4686480
4686491
4686500
4686513
4686525
4686532
4686548
4686554
4686569
4686576
4686581
4686608
4686614
4686627
4686639
4686640
4686653
4686662
4686671
4686686
4686695
4686704
4686716
4686731
4686765
4686773
4686782
4686798
4686802
4686815
4686830
4686841
4686859
4686864
4686877
4686888
4686896
4686903
4686911
4686922
4686936
4686958
4686967
4686974
4686989
4686990
4687001
4687019
4687026
4687034
4687042
4687055
4687060
4687078
4687087
4687093
4687104
4687116
4687131
4687147
4687165
4687198
4687200
4687213
4687225
4687232
4687248
4687254
4687269
4687276
4687281
4687305
4687318
4687337
4687343
4687351
4687366
4687379
4687384
4687392
4687414
4687427
4687439
4687440
4687462
4687471
4687486
4687506
4687512
4687521
4687533
4687549
4687557
4687568
4687570
4687585
4687617
4687624
4687638
4687646
4687652
4687663
4687675
4687680
4687691
4687707
4687710
4687728
4687735
4687744
4687756
4687761
4687772
4687783
4687799
4687803
4687811
4687822
4687836
4687845
4687867
4687874
4687889
4687890
4687915
4687923
4687930
4687941
4687959
4687964
4687977
4687988
4687996
4688004
4688016
4688029
4688031
4688047
4688050
4688065
4688073
4688082
4688098
4688101
4688119
4688126
4688134
4688142
4688155
4688160
4688178
4688187
4688205
4688220
4688237
4688243
4688251
4688266
4688279
4688284
4688292
4688313
4688325
4688332
4688348
4688354
4688369
4688376
4688381
4688397
4688403
4688422
4688436
4688445
4688458
4688467
4688474
4688489
4688490
4688517
4688524
4688538
4688546
4688552
4688563
4688575
4688580
4688591
4688606
4688612
4688621
4688633
4688649
4688657
4688668
4688670
4688685
4688694
4688702
4688715
4688723
4688730
4688741
4688759
4688764
4688777
4688788
4688796
4688808
4688814
4688827
4688839
4688840
4688862
4688886
4688895
4688910
4688928
4688935
4688944
4688961
4688972
4688999
4689003
4689011
4689022
4689036
4689045
4689058
4689067
4689074
4689089
4689090
4689106
4689112
4689121
4689133
4689149
4689157
4689168
4689170
4689185
4689194
4689207
4689228
4689244
4689256
4689261
4689272
4689283
4689299
4689314
4689327
4689339
4689340
4689353
4689362
4689371
4689395
4689404
4689416
4689429
4689431
4689447
4689450
4689465
4689473
4689482
4689502
4689515
4689523
4689530
4689541
4689559
4689564
4689577
4689588
4689596
4689601
4689619
4689626
4689634
4689642
4689655
4689660
4689678
4689687
4689693
4689717
4689724
4689738
4689746
4689752
4689763
4689775
4689780
4689791
4689800
4689813
4689825
4689832
4689848
4689854
4689869
4689876
4689881
4689897
4689905
4689918
4689920
4689937
4689951
4689966
4689979
4689984
4689992
4690007
4690010
4690028
4690035
4690044
4690056
4690061
4690072
4690083
4690099
4690105
4690118
4690120
4690137
4690143
4690151
4690166
4690179
4690184
4690192
4690201
4690219
4690234
4690242
4690255
4690260
4690278
4690287
4690293
4690306
4690312
4690321
4690333
4690349
4690357
4690368
4690370
4690385
4690394
4690402
4690415
4690423
4690430
4690441
4690459
4690464
4690477
4690488
4690496
4690508
4690514
4690527
4690539
4690553
4690562
4690571
4690586
4690595
4690600
4690613
4690625
4690632
4690648
4690654
4690669
4690681
4690697
4690703
4690711
4690736
4690745
4690758
4690767
4690774
4690789
4690790
4690809
4690817
4690824
4690838
4690846
4690852
4690863
4690875
4690891
4690904
4690916
4690929
4690931
4690947
4690950
4690965
4690973
4690982
4690998
4691003
4691011
4691022
4691036
4691045
4691058
4691074
4691089
4691090
4691106
4691112
4691121
4691133
4691149
4691157
4691168
4691170
4691194
4691210
4691228
4691235
4691244
4691256
4691261
4691272
4691283
4691299
4691308
4691314
4691327
4691339
4691340
4691353
4691362
4691386
4691395
4691404
4691416
4691429
4691431
4691447
4691450
4691465
4691473
4691482
4691498
4691502
4691515
4691523
4691530
4691541
4691559
4691564
4691577
4691588
4691596
4691601
4691619
4691626
4691634
4691642
4691655
4691660
4691678
4691687
4691693
4691717
4691724
4691738
4691752
4691763
4691775
4691791
4691800
4691825
4691848
4691869
4691876
4691881
4691905
4691918
4691937
4691943
4691951
4691966
4691979
4691984
4691992
4692006
4692012
4692021
4692033
4692049
4692057
4692068
4692070
4692085
4692094
4692103
4692111
4692122
4692136
4692145
4692158
4692174
4692189
4692190
4692208
4692214
4692227
4692239
4692240
4692253
4692262
4692271
4692286
4692295
4692307
4692328
4692335
4692344
4692356
4692361
4692372
4692383
4692399
4692400
4692413
4692425
4692432
4692448
4692454
4692469
4692476
4692481
4692519
4692526
4692534
4692542
4692555
4692578
4692587
4692593
4692602
4692615
4692623
4692630
4692659
4692664
4692677
4692688
4692696
4692718
4692720
4692737
4692743
4692751
4692779
4692784
4692804
4692816
4692829
4692831
4692847
4692850
4692865
4692873
4692882
4692909
4692917
4692938
4692946
4692952
4692963
4692975
4692980
4692991
4693000
4693013
4693025
4693032
4693048
4693054
4693081
4693097
4693115
4693123
4693130
4693159
4693164
4693177
4693188
4693196
4693209
4693217
4693224
4693238
4693246
4693252
4693263
4693275
4693280
4693291
4693304
4693329
4693331
4693347
4693365
4693373
4693382
4693398
4693406
4693412
4693421
4693433
4693449
4693457
4693468
4693470
4693485
4693494
4693505
4693518
4693520
4693537
4693543
4693551
4693566
4693579
4693584
4693603
4693611
4693622
4693636
4693658
4693667
4693674
4693689
4693690
4693701
4693719
4693726
4693734
4693742
4693755
4693760
4693778
4693787
4693793
4693807
4693810
4693828
4693835
4693856
4693861
4693872
4693883
4693899
4693908
4693914
4693927
4693939
4693940
4693953
4693962
4693971
4693986
4693995
4694005
4694018
4694020
4694037
4694043
4694051
4694066
4694084
4694092
4694107
4694128
4694144
4694156
4694161
4694172
4694183
4694199
4694206
4694212
4694221
4694233
4694249
4694257
4694268
4694270
4694285
4694294
4694301
4694319
4694326
4694342
4694355
4694378
4694387
4694409
4694417
4694424
4694438
4694452
4694463
4694475
4694480
4694491
4694500
4694513
4694525
4694532
4694554
4694569
4694581
4694597
4694608
4694614
4694627
4694639
4694640
4694653
4694662
4694671
4694686
4694695
4694704
4694716
4694729
4694731
4694747
4694750
4694765
4694773
4694782
4694798
4694802
4694815
4694830
4694841
4694859
4694877
4694888
4694896
4694903
4694911
4694922
4694936
4694945
4694958
4694967
4694974
4694989
4694990
4695004
4695016
4695031
4695047
4695050
4695073
4695082
4695098
4695101
4695119
4695126
4695134
4695142
4695160
4695178
4695187
4695205
4695220
4695237
4695243
4695251
4695266
4695279
4695284
4695292
4695300
4695313
4695332
4695348
4695354
4695369
4695376
4695381
4695397
4695403
4695411
4695422
4695436
4695445
4695458
4695467
4695474
4695489
4695490
4695509
4695517
4695524
4695538
4695546
4695575
4695591
4695606
4695612
4695633
4695649
4695657
4695668
4695670
4695685
4695694
4695702
4695715
4695723
4695730
4695741
4695759
4695764
4695777
4695788
4695796
4695808
4695814
4695839
4695840
4695853
4695862
4695871
4695886
4695895
4695907
4695910
4695928
4695935
4695944
4695956
4695961
4695972
4695983
4695999
4696002
4696015
4696030
4696041
4696059
4696064
4696077
4696096
4696100
4696113
4696132
4696148
4696154
4696169
4696176
4696181
4696197
4696204
4696216
4696231
4696250
4696265
4696273
4696282
4696298
4696309
4696317
4696324
4696338
4696346
4696352
4696375
4696380
4696391
4696407
4696428
4696435
4696444
4696456
4696461
4696472
4696483
4696499
4696503
4696511
4696522
4696536
4696545
4696558
4696567
4696574
4696589
4696590
4696605
4696618
4696620
4696637
4696643
4696651
4696666
4696679
4696684
4696692
4696714
4696727
4696739
4696740
4696753
4696762
4696771
4696786
4696795
4696806
4696812
4696821
4696833
4696849
4696857
4696868
4696870
4696885
4696894
4696901
4696919
4696926
4696942
4696955
4696960
4696987
4696993
4697009
4697017
4697024
4697038
4697046
4697052
4697063
4697075
4697080
4697114
4697127
4697139
4697140
4697153
4697162
4697171
4697186
4697195
4697203
4697211
4697222
4697236
4697245
4697258
4697267
4697290
4697302
4697315
4697323
4697330
4697341
4697359
4697364
4697377
4697388
4697396
4697405
4697418
4697443
4697451
4697466
4697479
4697484
4697492
4697504
4697516
4697529
4697531
4697547
4697550
4697565
4697573
4697582
4697598
4697607
4697610
4697628
4697635
4697644
4697656
4697661
4697672
4697683
4697699
4697700
4697713
4697725
4697732
4697748
4697754
4697769
4697776
4697781
4697797
4697801
4697819
4697826
4697834
4697842
4697860
4697878
4697887
4697893
4697912
4697921
4697933
4697949
4697957
4697968
4697970
4697985
4697994
4698008
4698014
4698039
4698040
4698053
4698062
4698086
4698109
4698117
4698124
4698138
4698146
4698152
4698163
4698175
4698180
4698191
4698202
4698215
4698223
4698230
4698259
4698264
4698277
4698288
4698296
4698303
4698311
4698322
4698336
4698345
4698367
4698374
4698389
4698390
4698401
4698419
4698426
4698434
4698442
4698455
4698460
4698478
4698487
4698510
4698528
4698535
4698544
4698556
4698561
4698572
4698583
4698599
4698604
4698616
4698629
4698631
4698647
4698650
4698665
4698673
4698682
4698698
4698712
4698721
4698733
4698749
4698757
4698768
4698770
4698785
4698794
4698805
4698818
4698820
4698837
4698843
4698866
4698879
4698884
4698892
4698900
4698925
4698932
4698948
4698954
4698969
4698976
4698981
4698997
4699001
4699019
4699034
4699042
4699060
4699078
4699087
4699093
4699104
4699116
4699129
4699131
4699147
4699150
4699165
4699173
4699182
4699198
4699200
4699213
4699232
4699248
4699254
4699269
4699276
4699281
4699297
4699305
4699318
4699320
4699337
4699343
4699351
4699366
4699379
4699384
4699392
4699414
4699427
4699439
4699440
4699462
4699471
4699486
4699495
4699506
4699521
4699533
4699549
4699557
4699568
4699570
4699585
4699594
4699609
4699624
4699638
4699646
4699652
4699663
4699675
4699680
4699691
4699707
4699710
4699728
4699735
4699744
4699756
4699772
4699783
4699799
4699803
4699811
4699822
4699836
4699845
4699858
4699867
4699874
4699889
4699890
4699902
4699923
4699941
4699959
4699964
4699977
4699988
4699996
