3001593
3002724
3002881
3002979
3003004
3003764
3005872
3005883
3006232
3006512
3007452
3008863
3009181
3009282
3009309
3009536
3009567
3009574
3010037
3010051
3010128
3010716
3011862
3012305
3012521
3012811
3013191
3013277
3013390
3013997
3014184
3014745
3015022
3015596
3015869
3015984
3016203
3016906
3017708
3018217
3018760
3018927
3019873
3019909
3019980
3020007
3020010
3020201
3020287
3020838
3021717
3022049
3023130
3023331
3023551
3024066
3024199
3024334
3024438
3024475
3024513
3024830
3024877
3025029
3025243
3025284
3025910
3026002
3026407
3026522
3027396
3027607
3027628
3028288
3028913
3028925
3029941
3030579
3030636
3030667
3030908
3030914
3031269
3031305
3031453
3031923
3032016
3032292
3032839
3034100
3034229
3034247
3035296
3035487
3036413
3036555
3036593
3036688
3036743
3037192
3037681
3038326
3038532
3038765
3038903
3039323
3039582
3040348
3040796
3040956
3041015
3041428
3041483
3041618
3041727
3042787
3042807
3043021
3043253
3044131
3044889
3046089
3046920
3047040
3047712
3047879
3049747
3049765
3050344
3050792
3051342
3052242
3052965
3053679
3054450
3054951
3055258
3055289
3055418
3055565
3055610
3056350
3056726
3056793
3057004
3057187
3057524
3057741
3058150
3058772
3059163
3059175
3059434
3059843
3059997
3060795
3060901
3060955
3061138
3061507
3061866
3062195
3062289
3062912
3063066
3063475
3063513
3063554
3063581
3064470
3064543
3064719
3065557
3067239
3068157
3068314
3068339
3068984
3069279
3069538
3070133
3070502
3070918
3071388
3071855
3071893
3072358
3075765
3075841
3076193
3076205
3076279
3076284
3076411
3077188
3077449
3077603
3077689
3078456
3078684
3078987
3079143
3079562
3079965
3080680
3080822
3081488
3082653
3082765
3083139
3084871
3085273
3085456
3085536
3085955
3086805
3087881
3089537
3089690
3090052
3090451
3090700
3090842
3091177
3092483
3092590
3092740
3093028
3093402
3093527
3093586
3093929
3093950
3094673
3094712
3095432
3097026
3097093
3097707
3098467
3099089
3099235
