1700016
1700031
1700065
1700082
1700098
1700119
1700155
1700193
1700205
1700218
1700220
1700237
1700251
1700279
1700292
1700313
1700348
1700354
1700376
1700397
1700403
1700436
1700445
1700458
1700467
1700489
1700490
1700563
1700575
1700591
1700612
1700621
1700668
1700670
1700685
1700730
1700741
1700764
1700777
1700788
1700796
1700808
1700839
1700840
1700853
1700886
1700907
1700935
1700972
1700983
1701002
1701015
1701041
1701064
1701077
1701088
1701100
1701113
1701125
1701132
1701148
1701176
1701197
1701204
1701216
1701265
1701273
1701298
1701324
1701352
1701363
1701380
1701407
1701444
1701511
1701522
1701558
1701589
1701590
1701605
1701618
1701643
1701666
1701679
1701692
1701727
1701740
1701753
1701762
1701771
1701786
1701806
1701812
1701857
1701868
1701955
1701960
1701978
1701987
1701993
1702032
1702054
1702097
1702115
1702123
1702141
1702159
1702164
1702217
1702246
1702252
1702263
1702275
1702280
1702331
1702373
1702382
1702398
1702412
1702421
1702470
1702485
1702494
1702520
1702537
1702566
1702584
1702592
1702636
1702645
1702689
1702701
1702719
1702726
1702742
1702787
1702807
1702828
1702856
1702861
1702872
1702883
1702927
1702953
1702962
1702971
1702986
1702995
1703006
1703012
1703033
1703049
1703057
1703103
1703111
1703122
1703136
1703158
1703174
1703208
1703227
1703239
1703240
1703262
1703271
1703286
1703295
1703307
1703328
1703344
1703356
1703361
1703383
1703399
1703400
1703413
1703425
1703432
1703469
1703476
1703497
1703519
1703526
1703534
1703542
1703560
1703578
1703593
1703630
1703641
1703677
1703696
1703705
1703737
1703743
1703784
1703804
1703816
1703829
1703831
1703847
1703865
1703873
1703882
1703898
1703909
1703917
1703924
1703938
1703946
1703980
1704019
1704034
1704055
1704060
1704087
1704116
1704129
1704150
1704182
1704198
1704213
1704225
1704232
1704248
1704281
1704297
1704318
1704343
1704351
1704384
1704392
1704408
1704427
1704439
1704440
1704512
1704521
1704557
1704568
1704585
1704609
1704624
1704638
1704663
1704675
1704680
1704707
1704710
1704761
1704803
1704811
1704822
1704836
1704858
1704867
1704890
1704902
1704941
1704964
1704988
1705028
1705035
1705061
1705099
1705105
1705120
1705137
1705143
1705151
1705179
1705184
1705192
1705219
1705234
1705255
1705260
1705278
1705293
1705321
1705333
1705349
1705357
1705385
1705423
1705430
1705441
1705464
1705477
1705508
1705514
1705527
1705539
1705540
1705553
1705562
1705600
1705613
1705669
1705676
1705681
1705703
1705745
1705758
1705790
1705817
1705838
1705846
1705852
1705863
1705880
1705904
1705931
1705947
1705965
1705982
1706003
1706011
1706036
1706058
1706067
1706106
1706112
1706121
1706133
1706168
1706170
1706194
1706207
1706210
1706256
1706261
1706299
1706308
1706314
1706339
1706340
1706362
1706404
1706416
1706429
1706450
1706465
1706473
1706482
1706498
1706523
1706541
1706559
1706588
1706596
1706601
1706619
1706626
1706634
1706642
1706693
1706724
1706738
1706746
1706752
1706775
1706780
1706791
1706800
1706813
1706848
1706854
1706881
1706897
1706905
1706918
1706920
1706937
1706951
1706966
1706979
1706984
1706992
1707027
1707039
1707040
1707053
1707071
1707117
1707138
1707163
1707215
1707223
1707230
1707241
1707259
1707264
1707277
1707296
1707303
1707345
1707374
1707389
1707426
1707442
1707455
1707460
1707478
1707493
1707507
1707556
1707561
1707572
1707599
1707604
1707616
1707650
1707665
1707682
1707698
1707706
1707757
1707794
1707820
1707837
1707843
1707851
1707866
1707892
1707913
1707954
1707976
1708024
1708046
1708075
1708127
1708162
1708171
1708186
1708203
1708222
1708236
1708245
1708258
1708274
1708315
1708359
1708396
1708420
1708437
1708443
1708466
1708479
1708492
1708504
1708529
1708547
1708550
1708565
1708573
1708598
1708607
1708628
1708635
1708699
1708732
1708748
1708754
1708801
1708834
1708842
1708878
1708893
1708906
1708949
1709005
1709018
1709037
1709043
1709079
1709092
1709107
1709128
1709135
1709144
1709161
1709183
1709199
1709212
1709270
1709294
1709360
1709378
1709387
1709417
1709424
1709452
1709463
1709491
1709513
1709525
1709548
1709576
1709581
1709608
1709627
1709639
1709640
1709653
1709662
1709686
1709704
1709729
1709747
1709765
1709773
1709802
1709823
1709859
1709864
1709877
1709888
1709903
1709945
1709958
1709967
1709989
1709990
1710014
1710027
1710039
1710062
1710124
1710163
1710175
1710180
1710191
1710202
1710215
1710277
1710296
1710322
1710336
1710345
1710367
1710374
1710389
1710419
1710426
1710478
1710487
1710493
1710507
1710510
1710528
1710535
1710544
1710556
1710561
1710572
1710583
1710604
1710616
1710647
1710650
1710665
1710673
1710682
1710733
1710757
1710768
1710785
1710794
1710805
1710843
1710851
1710866
1710879
1710925
1710932
1710948
1710954
1710969
1710976
1710981
1710997
1711006
1711012
1711033
1711049
1711057
1711068
1711085
1711136
1711145
1711174
1711227
1711253
1711286
1711307
1711328
1711335
1711344
1711356
1711361
1711425
1711448
1711454
1711501
1711519
1711526
1711542
1711560
1711602
1711615
1711630
1711688
1711696
1711705
1711743
1711751
1711766
1711816
1711829
1711831
1711847
1711850
1711882
1711909
1711917
1711924
1711938
1711946
1711952
1711963
1711991
1712003
1712022
1712036
1712067
1712074
1712090
1712106
1712112
1712149
1712168
1712170
1712210
1712228
1712256
1712283
1712299
1712327
1712340
1712395
1712404
1712429
1712431
1712465
1712482
1712502
1712515
1712541
1712559
1712564
1712577
1712619
1712642
1712660
1712678
1712724
1712746
1712752
1712763
1712775
1712791
1712800
1712876
1712881
1712897
1712918
1712920
1712951
1712966
1712992
1713016
1713029
1713031
1713047
1713065
1713073
1713082
1713119
1713126
1713142
1713155
1713160
1713193
1713205
1713220
1713266
1713279
1713284
1713292
1713381
1713397
1713422
1713436
1713467
1713474
1713490
1713509
1713538
1713546
1713552
1713575
1713580
1713606
1713657
1713670
1713694
1713723
1713730
1713788
1713796
1713839
1713840
1713862
1713871
1713907
1713910
1713928
1713935
1713944
1713956
1713972
1713983
1713999
1714038
1714046
1714075
1714091
1714108
1714140
1714153
1714162
1714186
1714195
1714211
1714267
1714274
1714289
1714341
1714359
1714377
1714388
1714396
1714405
1714418
1714437
1714451
1714466
1714484
1714516
1714529
1714547
1714550
1714628
1714635
1714644
1714661
1714672
1714683
1714713
1714725
1714732
1714748
1714769
1714776
1714797
1714801
1714842
1714855
1714860
1714906
1714921
1714949
1714968
1714994
1715000
1715032
1715081
1715102
1715123
1715130
1715159
1715188
1715238
1715246
1715252
1715291
1715304
1715329
1715347
1715350
1715365
1715382
1715398
1715406
1715412
1715421
1715433
1715449
1715494
1715505
1715520
1715537
1715543
1715584
1715636
1715658
1715667
1715726
1715742
1715755
1715760
1715787
1715844
1715872
1715899
1715908
1715927
1715939
1715940
1715953
1715962
1715986
1715995
1716019
1716026
1716060
1716078
1716093
1716104
1716116
1716131
1716165
1716173
1716198
1716213
1716269
1716276
1716281
1716297
1716305
1716343
1716414
1716427
1716462
1716486
1716512
1716557
1716568
1716570
1716609
1716624
1716652
1716691
1716728
1716756
1716761
1716772
1716803
1716822
1716889
1716890
1716930
1716959
1716977
1716988
1716996
1717005
1717018
1717037
1717066
1717079
1717084
1717107
1717110
1717144
1717156
1717183
1717199
1717221
1717233
1717270
1717319
1717334
1717342
1717355
1717360
1717378
1717387
1717409
1717424
1717452
1717463
1717475
1717500
1717513
1717525
1717532
1717548
1717576
1717597
1717608
1717640
1717653
1717662
1717671
1717695
1717704
1717716
1717731
1717750
1717765
1717782
1717798
1717823
1717830
1717841
1717877
1717896
1717903
1717911
1717922
1717967
1717989
1718007
1718010
1718028
1718035
1718056
1718061
1718072
1718118
1718137
1718143
1718151
1718166
1718179
1718184
1718201
1718226
1718234
1718255
1718260
1718278
1718287
1718306
1718333
1718349
1718357
1718370
1718385
1718394
1718402
1718441
1718464
1718477
1718514
1718527
1718540
1718553
1718562
1718571
1718586
1718625
1718632
1718669
1718676
1718697
1718703
1718722
1718758
1718774
1718790
1718817
1718824
1718852
1718875
1718891
1718904
1718916
1718929
1718931
1718965
1718982
1718998
1719002
1719015
1719023
1719030
1719059
1719064
1719077
1719088
1719100
1719113
1719125
1719148
1719154
1719169
1719197
1719204
1719216
1719229
1719231
1719247
1719250
1719298
1719309
1719324
1719346
1719352
1719391
1719407
1719428
1719435
1719456
1719461
1719483
1719499
1719522
1719590
1719643
1719666
1719684
1719692
1719708
1719714
1719727
1719753
1719762
1719786
1719806
1719833
1719868
1719870
1719894
1719901
1719919
1719926
1719934
1719978
1719993
1720009
1720017
1720024
1720038
1720075
1720091
1720108
1720114
1720139
1720186
1720195
1720203
1720236
1720290
1720302
1720330
1720359
1720377
1720405
1720418
1720437
1720492
1720531
1720565
1720582
1720598
1720628
1720635
1720644
1720661
1720699
1720713
1720732
1720754
1720797
1720842
1720860
1720887
1720893
1720906
1720912
1720933
1720968
1721000
1721013
1721025
1721048
1721069
1721115
1721130
1721164
1721188
1721209
1721217
1721263
1721280
1721291
1721304
1721316
1721331
1721350
1721365
1721406
1721412
1721449
1721457
1721470
1721485
1721494
1721505
1721518
1721520
1721537
1721551
1721566
1721579
1721622
1721636
1721667
1721701
1721719
1721742
1721760
1721787
1721793
1721807
1721810
1721835
1721861
1721883
1721899
1721908
1721940
1721995
1722002
1722015
1722023
1722100
1722113
1722125
1722148
1722169
1722176
1722181
1722216
1722231
1722250
1722265
1722273
1722282
1722309
1722324
1722338
1722352
1722363
1722380
1722391
1722428
1722435
1722456
1722483
1722499
1722503
1722511
1722522
1722567
1722574
1722589
1722618
1722620
1722643
1722651
1722684
1722714
1722739
1722762
1722795
1722812
1722857
1722870
1722894
1722926
1722942
1722978
1722987
1723007
1723028
1723056
1723061
1723137
1723143
1723151
1723166
1723184
1723201
1723226
1723278
1723293
1723306
1723321
1723357
1723394
1723415
1723423
1723430
1723464
1723477
1723488
1723539
1723540
1723562
1723571
1723613
1723625
1723632
1723648
1723654
1723669
1723676
1723697
1723722
1723736
1723758
1723767
1723774
1723789
1723790
1723817
1723846
1723875
1723891
1723947
1723950
1723982
1723998
1724027
1724039
1724040
1724062
1724124
1724146
1724152
1724175
1724202
1724223
1724241
1724259
1724303
1724322
1724358
1724374
1724389
1724401
1724419
1724460
1724478
1724487
1724493
1724507
1724528
1724535
1724544
1724561
1724583
1724629
1724647
1724650
1724665
1724673
1724682
1724698
1724706
1724712
1724721
1724733
1724749
1724757
1724837
1724843
1724884
1724892
1724900
1724948
1724954
1724981
1724997
1725006
1725049
1725070
1725103
1725111
1725122
1725158
1725208
1725214
1725240
1725253
1725262
1725295
1725307
1725310
1725344
1725361
1725383
1725400
1725454
1725534
1725542
1725555
1725593
1725602
1725630
1725664
1725688
1725743
1725766
1725779
1725804
1725816
1725829
1725847
1725882
1725917
1725952
1725975
1725991
1726018
1726020
1726037
1726051
1726079
1726084
1726107
1726110
1726128
1726161
1726172
1726183
1726199
1726206
1726212
1726257
1726268
1726294
1726319
1726360
1726378
1726387
1726409
1726424
1726438
1726446
1726463
1726532
1726548
1726554
1726569
1726576
1726581
1726597
1726608
1726639
1726653
1726671
1726704
1726729
1726731
1726750
1726765
1726773
1726782
1726802
1726815
1726823
1726859
1726864
1726888
1726911
1726922
1726945
1726958
1726967
1727019
1727060
1727087
1727104
1727129
1727147
1727150
1727182
1727198
1727200
1727213
1727248
1727254
1727297
1727305
1727337
1727366
1727408
1727414
1727440
1727462
1727486
1727521
1727570
1727585
1727594
1727609
1727638
1727646
1727663
1727680
1727691
1727710
1727728
1727735
1727772
1727822
1727836
1727845
1727858
1727867
1727874
1727890
1727915
1727930
1727959
1727977
1727988
1728031
1728065
1728098
1728101
1728178
1728243
1728251
1728279
1728292
1728300
1728325
1728348
1728354
1728376
1728381
1728397
1728403
1728411
1728445
1728458
1728467
1728489
1728524
1728538
1728546
1728552
1728563
1728591
1728612
1728621
1728694
1728702
1728715
1728723
1728741
1728759
1728777
1728788
1728827
1728839
1728871
1728886
1728895
1728907
1728910
1728928
1728935
1728944
1728961
1728972
1728983
1728999
1729011
1729036
1729045
1729067
1729089
1729090
1729106
1729133
1729149
1729194
1729207
1729235
1729244
1729256
1729272
1729339
1729353
1729386
1729404
1729431
1729447
1729450
1729498
1729502
1729523
1729530
1729541
1729577
1729601
1729626
1729634
1729642
1729660
1729678
1729709
1729752
1729763
1729780
1729800
1729813
1729825
1729832
1729848
1729869
1729876
1729881
1729897
1729920
1729943
1729951
1729966
1729984
1730010
1730028
1730056
1730061
1730099
1730120
1730137
1730151
1730179
1730201
1730260
1730278
1730293
1730349
1730370
1730385
1730415
1730441
1730459
1730488
1730527
1730553
1730595
1730613
1730632
1730654
1730669
1730676
1730681
1730697
1730722
1730758
1730767
1730790
1730817
1730875
1730891
1730904
1730929
1730931
1730947
1730965
1730973
1731022
1731036
1731067
1731074
1731090
1731106
1731121
1731157
1731168
1731170
1731185
1731194
1731235
1731244
1731272
1731339
1731362
1731395
1731447
1731465
1731482
1731502
1731515
1731530
1731564
1731577
1731588
1731626
1731634
1731642
1731655
1731660
1731678
1731687
1731693
1731738
1731752
1731763
1731775
1731791
1731800
1731813
1731832
1731848
1731854
1731869
1731876
1731881
1731920
1731937
1731943
1731966
1731992
1732006
1732012
1732021
1732049
1732057
1732068
1732070
1732085
1732111
1732136
1732145
1732158
1732167
1732174
1732208
1732227
1732239
1732262
1732271
1732286
1732295
1732307
1732361
1732372
1732383
1732399
1732425
1732432
1732454
1732469
1732481
1732497
1732519
1732526
1732555
1732578
1732587
1732593
1732623
1732630
1732641
1732659
1732664
1732677
1732688
1732696
1732705
1732720
1732743
1732751
1732792
1732804
1732816
1732847
1732850
1732865
1732909
1732917
1733025
1733048
1733081
1733097
1733102
1733115
1733141
1733188
1733196
1733217
1733238
1733275
1733316
1733329
1733331
1733350
1733365
1733433
1733468
1733470
1733494
1733505
1733520
1733537
1733551
1733579
1733592
1733603
1733611
1733645
1733658
1733667
1733689
1733690
1733701
1733719
1733755
1733760
1733793
1733810
1733828
1733835
1733844
1733883
1733899
1733908
1733914
1733927
1733939
1733953
1733986
1733995
1734079
1734084
1734092
1734110
1734128
1734161
1734199
1734206
1734212
1734233
1734249
1734270
1734285
1734294
1734301
1734319
1734326
1734334
1734387
1734424
1734452
1734463
1734475
1734491
1734500
1734532
1734548
1734581
1734597
1734608
1734614
1734640
1734653
1734671
1734695
1734704
1734716
1734747
1734750
1734782
1734802
1734830
1734841
1734896
1734911
1734958
1734974
1734989
1734990
1735047
1735050
1735065
1735098
1735119
1735142
1735187
1735218
1735220
1735243
1735251
1735279
1735292
1735354
1735369
1735403
1735422
1735445
1735489
1735509
1735524
1735546
1735552
1735563
1735575
1735580
1735612
1735621
1735633
1735657
1735670
1735694
1735702
1735715
1735730
1735741
1735764
1735777
1735839
1735853
1735886
1735910
1735935
1735999
1736015
1736030
1736041
1736077
1736088
1736096
1736132
1736176
1736181
1736197
1736216
1736231
1736247
1736250
1736265
1736282
1736309
1736317
1736324
1736338
1736346
1736375
1736391
1736407
1736428
1736435
1736444
1736499
1736503
1736536
1736545
1736574
1736590
1736605
1736637
1736651
1736666
1736679
1736684
1736692
1736708
1736714
1736727
1736739
1736753
1736762
1736821
1736870
1736885
1736919
1736934
1736960
1736978
1736993
1737009
1737017
1737024
1737038
1737046
1737063
1737091
1737108
1737114
1737153
1737162
1737186
1737211
1737236
1737245
1737258
1737290
1737302
1737323
1737330
1737359
1737364
1737377
1737388
1737418
1737420
1737451
1737466
1737492
1737504
1737516
1737529
1737531
1737573
1737598
1737644
1737656
1737699
1737700
1737713
1737776
1737781
1737826
1737842
1737855
1737860
1737893
1737906
1737921
1737933
1737949
1737957
1738014
1738039
1738053
1738062
1738071
1738086
1738095
1738109
1738117
1738124
1738138
1738152
1738175
1738180
1738191
1738202
1738215
1738230
1738241
1738264
1738296
1738311
1738322
1738336
1738345
1738358
1738367
1738374
1738389
1738442
1738455
1738460
1738487
1738510
1738528
1738535
1738544
1738561
1738572
1738604
1738631
1738647
1738698
1738712
1738721
1738733
1738749
1738757
1738768
1738785
1738794
1738818
1738851
1738879
1738884
1738932
1738948
1738954
1738969
1739001
1739019
1739042
1739055
1739087
1739129
1739131
1739150
1739173
1739198
1739200
1739225
1739232
1739269
1739281
1739343
1739379
1739384
1739408
1739439
1739486
1739495
1739533
1739557
1739568
1739624
1739638
1739675
1739680
1739707
1739728
1739744
1739783
1739822
1739836
1739874
1739889
1739890
1739915
1739923
1739959
1739977
1740012
1740033
1740094
1740103
1740111
1740145
1740174
1740214
1740239
1740240
1740253
1740262
1740271
1740295
1740307
1740328
1740356
1740361
1740400
1740425
1740432
1740448
1740454
1740469
1740476
1740497
1740501
1740526
1740542
1740555
1740560
1740578
1740593
1740602
1740615
1740688
1740696
1740705
1740737
1740743
1740792
1740804
1740829
1740850
1740865
1740963
1740975
1740991
1741020
1741037
1741079
1741084
1741092
1741110
1741128
1741144
1741183
1741212
1741233
1741249
1741268
1741270
1741301
1741319
1741355
1741378
1741393
1741417
1741438
1741452
1741463
1741500
1741513
1741548
1741576
1741608
1741614
1741639
1741662
1741671
1741686
1741716
1741729
1741765
1741782
1741798
1741859
1741877
1741888
1741896
1741903
1741911
1741989
1741990
1742010
1742099
1742120
1742151
1742166
1742184
1742219
1742234
1742278
1742333
1742349
1742357
1742368
1742370
1742394
1742423
1742477
1742496
1742527
1742539
1742553
1742562
1742571
1742586
1742595
1742613
1742648
1742669
1742711
1742745
1742767
1742790
1742817
1742824
1742846
1742852
1742875
1742891
1742904
1742916
1742929
1742950
1742973
1742998
1743015
1743030
1743041
1743059
1743064
1743077
1743088
1743113
1743125
1743132
1743169
1743176
1743197
1743204
1743216
1743229
1743247
1743250
1743282
1743309
1743317
1743324
1743346
1743352
1743363
1743375
1743380
1743407
1743435
1743456
1743461
1743472
1743499
1743503
1743511
1743522
1743536
1743558
1743574
1743589
1743590
1743605
1743618
1743684
1743708
1743714
1743753
1743795
1743833
1743868
1743870
1743885
1743894
1743901
1743919
1743926
1743942
1743960
1743978
1743987
1744003
1744036
1744045
1744058
1744074
1744121
1744133
1744157
1744170
1744185
1744194
1744207
1744210
1744228
1744235
1744244
1744256
1744261
1744272
1744299
1744308
1744404
1744429
1744450
1744465
1744502
1744523
1744541
1744559
1744564
1744577
1744596
1744601
1744619
1744655
1744660
1744678
1744693
1744709
1744717
1744752
1744763
1744780
1744791
1744813
1744825
1744832
1744848
1744869
1744897
1744905
1744918
1744937
1744966
1744979
1744984
1744992
1745009
1745017
1745038
1745046
1745063
1745091
1745139
1745153
1745171
1745186
1745203
1745211
1745222
1745245
1745267
1745289
1745290
1745323
1745359
1745364
1745396
1745451
1745466
1745479
1745492
1745504
1745529
1745531
1745547
1745550
1745582
1745598
1745607
1745628
1745656
1745661
1745683
1745700
1745713
1745748
1745754
1745769
1745781
1745819
1745826
1745834
1745842
1745855
1745860
1745878
1745893
1745906
1745921
1745949
1745957
1745968
1745994
1746000
1746069
1746097
1746130
1746159
1746217
1746238
1746246
1746252
1746275
1746291
1746304
1746329
1746331
1746347
1746365
1746398
1746406
1746421
1746470
1746494
1746518
1746520
1746537
1746543
1746566
1746579
1746584
1746603
1746611
1746636
1746645
1746658
1746667
1746674
1746690
1746787
1746793
1746807
1746835
1746844
1746856
1746861
1746883
1746939
1746940
1746962
1746971
1746986
1746995
1747050
1747126
1747134
1747187
1747193
1747218
1747266
1747284
1747300
1747325
1747376
1747422
1747445
1747489
1747552
1747575
1747606
1747621
1747657
1747668
1747694
1747730
1747741
1747796
1747827
1747839
1747853
1747886
1747907
1747944
1747972
1747983
1748001
1748042
1748055
1748060
1748078
1748093
1748116
1748129
1748131
1748147
1748173
1748213
1748225
1748232
1748254
1748269
1748281
1748297
1748305
1748318
1748337
1748343
1748392
1748408
1748414
1748427
1748439
1748453
1748471
1748486
1748495
1748521
1748533
1748549
1748585
1748609
1748617
1748624
1748646
1748652
1748680
1748761
1748783
1748836
1748858
1748889
1748890
1748930
1749008
1749039
1749040
1749053
1749062
1749109
1749124
1749138
1749152
1749163
1749175
1749180
1749191
1749202
1749215
1749230
1749241
1749259
1749288
1749311
1749322
1749345
1749374
1749390
1749401
1749426
1749434
1749455
1749478
1749493
1749510
1749535
1749556
1749561
1749583
1749599
1749647
1749650
1749665
1749712
1749733
1749770
1749805
1749843
1749866
1749879
1749900
1749925
1749932
1749954
1749981
1750041
1750077
1750100
1750125
1750132
1750148
1750154
1750197
1750231
1750247
1750250
1750265
1750273
1750282
1750298
1750309
1750324
1750346
1750363
1750375
1750380
1750428
1750435
1750444
1750472
1750483
1750503
1750511
1750522
1750536
1750545
1750567
1750574
1750589
1750605
1750651
1750679
1750684
1750727
1750739
1750740
1750753
1750786
1750812
1750821
1750849
1750857
1750868
1750870
1750885
1750901
1750926
1750934
1750960
1750978
1750993
1751152
1751223
1751264
1751303
1751311
1751345
1751358
1751367
1751374
1751401
1751419
1751426
1751434
1751442
1751455
1751478
1751493
1751528
1751535
1751544
1751561
1751572
1751583
1751604
1751616
1751629
1751647
1751698
1751712
1751768
1751794
1751805
1751818
1751837
1751879
1751884
1751892
1751900
1751913
1751925
1751948
1751954
1751997
1752038
1752052
1752063
1752075
1752080
1752153
1752162
1752171
1752186
1752203
1752222
1752236
1752245
1752258
1752289
1752290
1752323
1752364
1752377
1752396
1752420
1752443
1752466
1752484
1752492
1752516
1752531
1752598
1752610
1752628
1752635
1752661
1752699
1752700
1752713
1752725
1752754
1752797
1752834
1752855
1752878
1752887
1752906
1752912
1752921
1752949
1752968
1753005
1753018
1753037
1753043
1753066
1753079
1753084
1753107
1753110
1753128
1753135
1753156
1753183
1753206
1753233
1753249
1753257
1753268
1753270
1753285
1753294
1753326
1753342
1753355
1753378
1753387
1753393
1753409
1753452
1753463
1753480
1753500
1753525
1753532
1753548
1753581
1753614
1753627
1753639
1753640
1753653
1753671
1753704
1753716
1753729
1753750
1753782
1753802
1753815
1753841
1753888
1753896
1753903
1753922
1753945
1753967
1753989
1754013
1754025
1754048
1754069
1754076
1754081
1754102
1754130
1754141
1754188
1754196
1754209
1754275
1754280
1754291
1754304
1754329
1754331
1754365
1754382
1754406
1754421
1754433
1754468
1754470
1754485
1754520
1754543
1754551
1754584
1754592
1754603
1754611
1754622
1754645
1754674
1754701
1754726
1754734
1754755
1754760
1754778
1754807
1754828
1754861
1754872
1754883
1754908
1754914
1754927
1754940
1754986
1754995
1755001
1755034
1755055
1755060
1755078
1755104
1755116
1755129
1755147
1755173
1755182
1755198
1755213
1755225
1755276
1755281
1755343
1755408
1755427
1755440
1755471
1755486
1755495
1755506
1755512
1755533
1755549
1755557
1755570
1755585
1755609
1755638
1755646
1755652
1755663
1755680
1755707
1755710
1755728
1755735
1755744
1755761
1755783
1755799
1755803
1755845
1755858
1755867
1755874
1755889
1755890
1755902
1755930
1755941
1755959
1755964
1755977
1756007
1756010
1756044
1756083
1756099
1756118
1756120
1756184
1756219
1756234
1756242
1756260
1756278
1756293
1756321
1756333
1756349
1756357
1756368
1756402
1756415
1756430
1756441
1756459
1756477
1756488
1756508
1756540
1756553
1756562
1756571
1756595
1756613
1756669
1756676
1756697
1756711
1756722
1756790
1756809
1756817
1756824
1756838
1756846
1756916
1756929
1756947
1756950
1756965
1757006
1757021
1757033
1757068
1757070
1757103
1757122
1757136
1757158
1757167
1757189
1757208
1757227
1757239
1757253
1757271
1757307
1757335
1757356
1757399
1757400
1757425
1757432
1757454
1757476
1757481
1757497
1757501
1757526
1757534
1757542
1757602
1757615
1757623
1757664
1757677
1757688
1757696
1757718
1757737
1757792
1757804
1757816
1757831
1757847
1757873
1757898
1757917
1757924
1757938
1757946
1757952
1757975
1757980
1757991
1758011
1758036
1758089
1758112
1758133
1758157
1758170
1758185
1758194
1758207
1758210
1758228
1758235
1758261
1758272
1758308
1758314
1758353
1758362
1758371
1758395
1758429
1758447
1758450
1758473
1758502
1758515
1758530
1758601
1758619
1758678
1758724
1758752
1758763
1758791
1758800
1758813
1758848
1758854
1758869
1758905
1758918
1758920
1758943
1758951
1758979
1759047
1759050
1759073
1759082
1759101
1759126
1759134
1759142
1759160
1759178
1759205
1759220
1759237
1759251
1759279
1759284
1759332
1759354
1759369
1759376
1759381
1759397
1759403
1759422
1759445
1759458
1759467
1759474
1759490
1759509
1759517
1759538
1759546
1759552
1759575
1759591
1759612
1759633
1759668
1759685
1759694
1759715
1759741
1759788
1759814
1759840
1759862
1759871
1759895
1759907
1759910
1759928
1759935
1759956
1759983
1760005
1760018
1760020
1760037
1760066
1760084
1760107
1760110
1760128
1760135
1760144
1760156
1760183
1760206
1760221
1760233
1760257
1760270
1760301
1760326
1760342
1760378
1760387
1760393
1760409
1760480
1760491
1760513
1760525
1760548
1760569
1760576
1760597
1760608
1760614
1760627
1760662
1760695
1760716
1760731
1760747
1760782
1760798
1760802
1760815
1760864
1760877
1760888
1760896
1760911
1760958
1760967
1761004
1761031
1761050
1761065
1761073
1761082
1761101
1761119
1761126
1761142
1761187
1761193
1761218
1761220
1761237
1761251
1761325
1761332
1761354
1761369
1761376
1761403
1761411
1761436
1761445
1761474
1761489
1761490
1761517
1761524
1761538
1761563
1761575
1761580
1761649
1761657
1761670
1761685
1761694
1761715
1761723
1761759
1761764
1761788
1761796
1761808
1761814
1761827
1761839
1761840
1761862
1761910
1761935
1761956
1761961
1761999
1762001
1762019
1762042
1762055
1762060
1762093
1762129
1762165
1762173
1762182
1762198
1762225
1762248
1762254
1762276
1762297
1762318
1762320
1762408
1762414
1762440
1762453
1762462
1762486
1762495
1762521
1762533
1762570
1762585
1762594
1762617
1762624
1762646
1762652
1762663
1762675
1762680
1762691
1762710
1762728
1762735
1762744
1762756
1762783
1762799
1762803
1762822
1762845
1762858
1762874
1762902
1762977
1762996
1763008
1763014
1763027
1763040
1763062
1763095
1763109
1763117
1763124
1763138
1763146
1763152
1763175
1763180
1763191
1763223
1763230
1763241
1763277
1763303
1763367
1763374
1763401
1763419
1763434
1763455
1763487
1763507
1763528
1763535
1763556
1763572
1763629
1763631
1763647
1763665
1763682
1763721
1763733
1763749
1763818
1763820
1763851
1763866
1763879
1763892
1763913
1763948
1763997
1764028
1764035
1764044
1764083
1764105
1764137
1764143
1764166
1764179
1764260
1764278
1764287
1764293
1764306
1764321
1764333
1764357
1764394
1764423
1764430
1764459
1764496
1764508
1764514
1764527
1764553
1764571
1764600
1764648
1764654
1764703
1764711
1764758
1764774
1764817
1764824
1764838
1764846
1764863
1764904
1764916
1764947
1764950
1764965
1764973
1764982
1764998
1765003
1765022
1765036
1765058
1765067
1765074
1765112
1765133
1765157
1765194
1765207
1765235
1765244
1765256
1765308
1765314
1765327
1765339
1765340
1765362
1765386
1765395
1765416
1765431
1765450
1765465
1765473
1765515
1765523
1765564
1765577
1765596
1765626
1765660
1765678
1765724
1765738
1765746
1765780
1765800
1765813
1765832
1765848
1765869
1765876
1765897
1765905
1765918
1765920
1765937
1765943
1765966
1765984
1765992
1766009
1766038
1766052
1766063
1766108
1766114
1766127
1766140
1766153
1766162
1766171
1766186
1766222
1766236
1766245
1766258
1766267
1766274
1766289
1766302
1766315
1766323
1766341
1766364
1766377
1766388
1766396
1766418
1766443
1766466
1766504
1766529
1766547
1766550
1766582
1766598
1766607
1766628
1766644
1766683
1766699
1766748
1766776
1766781
1766878
1766887
1766906
1766912
1766933
1766949
1766957
1766994
1767023
1767041
1767064
1767088
1767100
1767113
1767148
1767154
1767169
1767176
1767204
1767216
1767229
1767231
1767247
1767250
1767273
1767298
1767309
1767317
1767338
1767346
1767352
1767363
1767375
1767391
1767407
1767410
1767428
1767435
1767444
1767472
1767483
1767522
1767536
1767589
1767605
1767618
1767620
1767679
1767684
1767727
1767740
1767753
1767795
1767812
1767833
1767849
1767868
1767934
1767993
1768069
1768076
1768097
1768123
1768130
1768188
1768196
1768217
1768263
1768275
1768280
1768304
1768329
1768331
1768347
1768350
1768365
1768373
1768398
1768406
1768421
1768449
1768468
1768505
1768543
1768566
1768579
1768584
1768603
1768611
1768622
1768636
1768690
1768701
1768734
1768742
1768755
1768778
1768793
1768810
1768844
1768861
1768872
1768883
1768908
1768914
1768927
1768953
1768971
1768986
1769012
1769049
1769057
1769085
1769103
1769145
1769189
1769190
1769208
1769214
1769227
1769239
1769253
1769286
1769335
1769344
1769372
1769399
1769400
1769432
1769454
1769469
1769481
1769497
1769501
1769542
1769560
1769578
1769587
1769602
1769615
1769659
1769664
1769677
1769696
1769705
1769718
1769720
1769743
1769751
1769779
1769784
1769804
1769816
1769847
1769850
1769865
1769917
1769952
1769975
1770000
1770013
1770025
1770032
1770048
1770054
1770069
1770076
1770097
1770130
1770159
1770164
1770188
1770196
1770209
1770217
1770238
1770263
1770291
1770304
1770329
1770350
1770373
1770382
1770398
1770406
1770433
1770449
1770505
1770520
1770537
1770543
1770551
1770579
1770603
1770611
1770622
1770636
1770645
1770667
1770689
1770719
1770755
1770787
1770793
1770807
1770810
1770828
1770856
1770872
1770883
1770908
1770927
1770940
1770962
1770986
1771001
1771042
1771087
1771093
1771104
1771147
1771165
1771173
1771182
1771225
1771248
1771254
1771269
1771318
1771337
1771366
1771392
1771408
1771414
1771439
1771462
1771486
1771495
1771506
1771570
1771585
1771594
1771609
1771638
1771652
1771663
1771675
1771691
1771710
1771761
1771803
1771811
1771822
1771836
1771845
1771858
1771874
1771889
1771890
1771915
1771923
1771930
1771941
1771964
1771977
1771996
1772047
1772098
1772119
1772126
1772187
1772205
1772218
1772266
1772279
1772284
1772292
1772313
1772325
1772332
1772354
1772369
1772376
1772445
1772458
1772467
1772489
1772524
1772546
1772575
1772580
1772591
1772621
1772633
1772668
1772670
1772685
1772694
1772730
1772777
1772840
1772853
1772907
1772910
1772935
1772961
1773003
1773011
1773022
1773036
1773045
1773058
1773067
1773074
1773121
1773149
1773170
1773185
1773210
1773256
1773261
1773272
1773340
1773371
1773416
1773429
1773450
1773465
1773473
1773498
1773502
1773515
1773601
1773642
1773660
1773693
1773717
1773738
1773752
1773763
1773775
1773780
1773813
1773848
1773854
1773881
1773905
1773918
1773920
1773943
1773966
1773984
1773992
1774002
1774059
1774064
1774077
1774088
1774096
1774100
1774148
1774154
1774169
1774176
1774204
1774216
1774229
1774247
1774250
1774273
1774282
1774317
1774338
1774352
1774375
1774407
1774410
1774428
1774444
1774472
1774483
1774499
1774503
1774511
1774545
1774558
1774567
1774574
1774589
1774590
1774618
1774620
1774643
1774651
1774684
1774795
1774821
1774833
1774870
1774901
1774919
1774934
1774955
1774987
1775008
1775027
1775039
1775040
1775053
1775062
1775071
1775086
1775109
1775138
1775163
1775191
1775202
1775215
1775230
1775259
1775277
1775288
1775296
1775311
1775336
1775358
1775367
1775401
1775419
1775442
1775455
1775460
1775583
1775599
1775616
1775629
1775647
1775650
1775665
1775712
1775733
1775749
1775768
1775805
1775820
1775884
1775900
1775913
1775925
1775932
1775948
1775976
1775981
1775997
1776049
1776057
1776068
1776094
1776103
1776136
1776158
1776167
1776190
1776208
1776240
1776262
1776328
1776335
1776356
1776400
1776432
1776448
1776454
1776476
1776497
1776501
1776519
1776542
1776555
1776560
1776578
1776602
1776623
1776641
1776659
1776688
1776696
1776720
1776737
1776779
1776784
1776792
1776804
1776816
1776829
1776831
1776873
1776909
1776917
1776946
1777028
1777035
1777061
1777083
1777099
1777105
1777120
1777143
1777166
1777192
1777219
1777234
1777242
1777287
1777293
1777312
1777333
1777349
1777368
1777370
1777385
1777402
1777415
1777459
1777464
1777488
1777540
1777571
1777595
1777632
1777654
1777669
1777681
1777722
1777736
1777758
1777774
1777809
1777824
1777838
1777916
1777931
1777947
1777965
1777973
1777998
1778018
1778051
1778066
1778092
1778161
1778172
1778199
1778212
1778221
1778233
1778249
1778257
1778268
1778294
1778378
1778393
1778417
1778438
1778452
1778491
1778500
1778513
1778525
1778569
1778597
1778639
1778653
1778686
1778704
1778716
1778729
1778750
1778782
1778802
1778815
1778841
1778864
1778877
1778888
1778896
1778911
1778922
1778936
1778945
1778989
1779009
1779080
1779108
1779114
1779127
1779139
1779140
1779171
1779211
1779222
1779236
1779245
1779267
1779289
1779290
1779315
1779330
1779359
1779388
1779396
1779405
1779418
1779420
1779451
1779466
1779484
1779504
1779529
1779531
1779547
1779573
1779582
1779610
1779628
1779644
1779661
1779672
1779683
1779699
1779713
1779725
1779732
1779769
1779776
1779781
1779801
1779834
1779842
1779855
1779878
1779893
1779949
1779957
1779968
1779970
1780003
1780011
1780045
1780058
1780067
1780074
1780090
1780112
1780121
1780157
1780185
1780194
1780207
1780228
1780244
1780256
1780327
1780340
1780362
1780395
1780404
1780416
1780447
1780450
1780482
1780498
1780515
1780523
1780559
1780564
1780588
1780596
1780601
1780626
1780634
1780642
1780655
1780724
1780738
1780752
1780791
1780813
1780825
1780832
1780854
1780869
1780881
1780897
1780920
1780937
1780951
1780966
1780992
1781038
1781052
1781075
1781114
1781127
1781153
1781162
1781171
1781195
1781203
1781258
1781290
1781315
1781330
1781364
1781377
1781437
1781466
1781484
1781516
1781529
1781565
1781582
1781598
1781607
1781628
1781644
1781656
1781661
1781683
1781699
1781713
1781725
1781732
1781748
1781754
1781769
1781797
1781819
1781826
1781834
1781855
1781906
1781912
1781933
1781949
1781957
1781970
1781994
1782008
1782014
1782040
1782086
1782095
1782124
1782146
1782163
1782180
1782191
1782202
1782223
1782230
1782288
1782322
1782336
1782345
1782358
1782367
1782374
1782401
1782419
1782434
1782442
1782455
1782493
1782507
1782510
1782544
1782556
1782583
1782604
1782616
1782629
1782631
1782650
1782665
1782673
1782682
1782698
1782706
1782712
1782757
1782768
1782794
1782805
1782866
1782925
1782932
1782954
1783001
1783019
1783026
1783042
1783055
1783078
1783093
1783116
1783150
1783165
1783200
1783213
1783225
1783232
1783248
1783254
1783281
1783297
1783305
1783318
1783320
1783343
1783351
1783366
1783379
1783392
1783408
1783414
1783427
1783439
1783453
1783462
1783495
1783506
1783512
1783533
1783557
1783568
1783585
1783594
1783609
1783638
1783646
1783663
1783675
1783680
1783691
1783728
1783735
1783744
1783783
1783803
1783858
1783867
1783874
1783890
1783902
1783923
1783930
1783959
1783964
1784012
1784033
1784070
1784094
1784103
1784111
1784122
1784190
1784227
1784239
1784253
1784262
1784295
1784310
1784335
1784372
1784448
1784469
1784497
1784501
1784519
1784534
1784555
1784560
1784578
1784602
1784630
1784641
1784659
1784664
1784677
1784688
1784696
1784718
1784720
1784737
1784784
1784792
1784816
1784850
1784865
1784873
1784882
1784909
1784917
1784924
1784963
1784975
1784980
1785018
1785037
1785043
1785051
1785079
1785092
1785107
1785156
1785183
1785221
1785233
1785249
1785268
1785294
1785301
1785319
1785326
1785334
1785342
1785360
1785378
1785387
1785393
1785438
1785452
1785463
1785554
1785576
1785614
1785653
1785695
1785704
1785729
1785731
1785747
1785765
1785782
1785798
1785802
1785815
1785830
1785841
1785864
1785896
1785903
1785945
1785974
1786004
1786016
1786031
1786047
1786101
1786119
1786126
1786142
1786155
1786187
1786193
1786220
1786266
1786279
1786284
1786292
1786300
1786376
1786397
1786403
1786445
1786467
1786489
1786490
1786509
1786538
1786552
1786591
1786606
1786633
1786649
1786657
1786670
1786694
1786702
1786723
1786730
1786759
1786788
1786796
1786814
1786827
1786839
1786840
1786853
1786862
1786871
1786907
1786910
1786928
1786935
1786961
1786972
1786983
1787000
1787013
1787025
1787048
1787081
1787097
1787102
1787115
1787159
1787177
1787196
1787209
1787217
1787224
1787291
1787365
1787373
1787382
1787412
1787421
1787433
1787468
1787485
1787520
1787579
1787592
1787603
1787611
1787636
1787645
1787667
1787719
1787742
1787760
1787778
1787793
1787807
1787828
1787835
1787844
1787856
1787861
1787872
1787908
1787914
1787939
1787962
1787971
1787986
1788002
1788023
1788096
1788100
1788113
1788132
1788169
1788176
1788181
1788231
1788247
1788250
1788273
1788282
1788298
1788352
1788363
1788407
1788435
1788456
1788461
1788472
1788483
1788545
1788558
1788567
1788574
1788589
1788618
1788637
1788643
1788666
1788679
1788684
1788727
1788739
1788753
1788762
1788771
1788806
1788812
1788868
1788870
1788885
1788901
1788926
1788934
1788942
1788955
1788978
1788987
1789007
1789028
1789035
1789044
1789056
1789061
1789072
1789083
1789099
1789105
1789118
1789120
1789143
1789151
1789166
1789179
1789184
1789201
1789219
1789242
1789260
1789278
1789306
1789349
1789357
1789368
1789370
1789385
1789394
1789423
1789488
1789508
1789514
1789527
1789539
1789553
1789571
1789586
1789600
1789613
1789625
1789632
1789648
1789676
1789697
1789703
1789711
1789722
1789758
1789774
1789789
1789809
1789817
1789824
1789838
1789852
1789891
1789916
1789929
1789947
1789973
1790001
1790026
1790034
1790055
1790060
1790116
1790165
1790173
1790200
1790225
1790232
1790297
1790305
1790343
1790351
1790366
1790379
1790384
1790408
1790414
1790427
1790439
1790440
1790453
1790471
1790486
1790533
1790549
1790570
1790585
1790594
1790609
1790638
1790652
1790663
1790675
1790691
1790707
1790710
1790728
1790744
1790756
1790761
1790772
1790783
1790799
1790803
1790811
1790822
1790836
1790941
1790988
1790996
1791010
1791035
1791056
1791072
1791137
1791143
1791151
1791179
1791192
1791201
1791219
1791234
1791260
1791287
1791306
1791312
1791333
1791368
1791394
1791402
1791415
1791423
1791464
1791508
1791539
1791540
1791571
1791595
1791632
1791654
1791669
1791676
1791703
1791711
1791745
1791758
1791789
1791809
1791817
1791838
1791875
1791880
1791904
1791916
1791929
1791931
1791947
1791950
1791965
1791973
1791982
1791998
1792005
1792018
1792051
1792079
1792084
1792144
1792156
1792161
1792172
1792183
1792206
1792233
1792249
1792257
1792268
1792319
1792355
1792387
1792393
1792417
1792424
1792438
1792475
1792491
1792500
1792532
1792548
1792554
1792569
1792576
1792608
1792614
1792627
1792640
1792653
1792716
1792731
1792747
1792750
1792765
1792773
1792782
1792815
1792859
1792864
1792877
1792903
1792922
1792945
1792958
1792967
1792974
1792989
1793024
1793038
1793052
1793063
1793075
1793091
1793114
1793140
1793153
1793186
1793211
1793222
1793236
1793258
1793289
1793315
1793359
1793364
1793377
1793388
1793420
1793437
1793443
1793451
1793466
1793479
1793529
1793547
1793550
1793565
1793598
1793610
1793635
1793656
1793661
1793672
1793683
1793699
1793732
1793748
1793776
1793801
1793842
1793878
1793887
1793912
1793921
1793968
1793970
1794031
1794082
1794098
1794101
1794119
1794160
1794218
1794220
1794251
1794266
1794313
1794325
1794332
1794348
1794369
1794381
1794411
1794422
1794436
1794445
1794458
1794489
1794509
1794517
1794524
1794538
1794563
1794575
1794606
1794612
1794649
1794670
1794685
1794723
1794730
1794777
1794827
1794871
1794910
1794935
1794961
1794972
1794983
1794999
1795002
1795030
1795059
1795096
1795100
1795132
1795169
1795181
1795204
1795229
1795231
1795273
1795324
1795346
1795352
1795363
1795375
1795410
1795456
1795472
1795499
1795511
1795545
1795558
1795567
1795589
1795590
1795618
1795651
1795666
1795692
1795708
1795714
1795727
1795739
1795753
1795771
1795786
1795795
1795821
1795833
1795857
1795868
1795870
1795894
1795901
1795926
1795955
1795978
1795987
1795993
1796014
1796027
1796039
1796062
1796071
1796095
1796109
1796117
1796138
1796146
1796175
1796202
1796215
1796223
1796259
1796264
1796277
1796296
1796336
1796345
1796358
1796389
1796390
1796434
1796455
1796478
1796493
1796507
1796535
1796556
1796631
1796647
1796650
1796673
1796682
1796698
1796749
1796757
1796785
1796805
1796843
1796851
1796866
1796884
1796892
1796932
1796948
1796954
1796969
1796976
1796981
1797022
1797036
1797045
1797067
1797074
1797089
1797090
1797121
1797149
1797168
1797170
1797185
1797235
1797272
1797283
1797314
1797339
1797340
1797353
1797371
1797395
1797404
1797416
1797431
1797450
1797465
1797473
1797482
1797498
1797502
1797523
1797541
1797559
1797577
1797626
1797655
1797660
1797693
1797709
1797717
1797724
1797752
1797775
1797800
1797813
1797825
1797832
1797848
1797854
1797876
1797881
1797897
1797905
1797920
1797937
1797951
1797979
1797992
1798033
1798070
1798085
1798094
1798122
1798136
1798158
1798174
1798189
1798190
1798208
1798262
1798295
1798307
1798335
1798344
1798361
1798399
1798425
1798448
1798454
1798469
1798476
1798497
1798501
1798519
1798526
1798534
1798542
1798555
1798578
1798587
1798593
1798602
1798615
1798659
1798677
1798688
1798696
1798705
1798718
1798720
1798737
1798743
1798751
1798766
1798779
1798784
1798792
1798816
1798829
1798873
1798882
1798909
1798917
1798946
1798991
1799013
1799025
1799069
1799076
1799081
1799102
1799115
1799130
1799141
1799164
1799196
1799217
1799238
1799246
1799263
1799291
1799304
1799350
1799485
1799494
1799520
1799537
1799543
1799551
1799566
1799584
1799592
1799603
1799611
1799622
1799636
1799658
1799667
1799689
1799701
1799719
1799726
1799734
1799760
1799778
1799787
1799807
1799810
1799835
1799844
1799856
1799861
1799908
1799940
1799971
