1201120
1202387
1202798
1203607
1204983
1205795
1206478
1207515
1208174
1208372
1208497
1210984
1211842
1212535
1225359
1225957
1225968
1228453
1229510
1231117
1231277
1231583
1232203
1234566
1234939
1236540
1236681
1237882
1240565
1241081
1241177
1241347
1242771
1244561
1244650
1246608
1248853
1254270
1254841
1256643
1257377
1258095
1261617
1261890
1262524
1263937
1265629
1266021
1266174
1268581
1268608
1268903
1269323
1270480
1273223
1273682
1273818
1274287
1274929
1276274
1276970
1277250
1278861
1280014
1280191
1281917
1283871
1284418
1284437
1285123
1285350
1287576
1287989
1294254
1295600
1297215
1297843
1298017
1238327
1238404
1239325
1240186
1240420
1242651
1242727
1243120
1243654
1245372
1245526
1247026
1247440
1247533
1249058
1249523
1250010
1250586
1250891
1251207
1251515
1251752
1251780
1253701
1254249
1254581
1254716
1255715
1256154
1259060
1260102
1260835
1261182
1261652
1262220
1263634
1264030
1264298
1264407
1264771
1265008
1266214
1267508
1267540
1268092
1268513
1268640
1269186
1270301
1270409
1270877
1271065
1271142
1271552
1273650
1273884
1275314
1276466
1277077
1278054
1278828
1278856
1278899
1279641
1280336
1280389
1280460
1200019
1200078
1200087
1200131
1200147
1200173
1200200
1200213
1200276
1200281
1200297
1200305
1200318
1200366
1200379
1200408
1200427
1200439
1200440
1200471
1200486
1200495
1200521
1200570
1200585
1200594
1200617
1200646
1200652
1200691
1200707
1200735
1200756
1200803
1200811
1200836
1200915
1200988
1201035
1201061
1201072
1201083
1201105
1201120
1201137
1201143
1201179
1201226
1201234
1201242
1201293
1201306
1201357
1201394
1201415
1201496
1201514
1201539
1201571
1201586
1201595
1201632
1201676
1201697
1201703
1201722
1201774
1201790
1201809
1201929
1201947
1202005
1202018
1202043
1202051
1202079
1202092
1202135
1202221
1202233
1202268
1202294
1202301
1202334
1202342
1202355
1202387
1202438
1202446
1202554
1202576
1202639
1202695
1202729
1202731
1202773
1202782
1202798
1202823
1202830
1202864
1202888
1202922
1202989
1202990
1203024
1203080
1203127
1203153
1203186
1203195
1203203
1203290
1203302
1203315
1203323
1203341
1203396
1203437
1203443
1203451
1203466
1203529
1203531
1203547
1203550
1203582
1203607
1203610
1203628
1203656
1203672
1203748
1203842
1203860
1203887
1203912
1203957
1203970
1203994
1204004
1204031
1204065
1204101
1204134
1204142
1204160
1204178
1204205
1204220
1204243
1204266
1204292
1204313
1204411
1204422
1204436
1204509
1204524
1204538
1204591
1204606
1204612
1204633
1204649
1204668
1204670
1204702
1204730
1204764
1204777
1204788
1204827
1204886
1204907
1204944
1204956
1204983
1204999
1205088
1205096
1205132
1205169
1205181
1205197
1205204
1205229
1205247
1205273
1205282
1205298
1205317
1205324
1205375
1205380
1205407
1205410
1205428
1205435
1205461
1205499
1205511
1205522
1205536
1205574
1205589
1205590
1205679
1205692
1205714
1205739
1205740
1205786
1205795
1205849
1205857
1205901
1205926
1205942
1205987
1206008
1206027
1206039
1206053
1206062
1206071
1206095
1206109
1206117
1206146
1206180
1206202
1206215
1206223
1206230
1206311
1206345
1206358
1206390
1206419
1206434
1206455
1206460
1206478
1206487
1206528
1206535
1206544
1206556
1206561
1206572
1206631
1206673
1206682
1206712
1206733
1206749
1206770
1206785
1206794
1206820
1206866
1206884
1206913
1206932
1206997
1207003
1207011
1207058
1207194
1207228
1207235
1207272
1207283
1207299
1207314
1207327
1207353
1207362
1207371
1207386
1207395
1207404
1207447
1207465
1207473
1207515
1207523
1207530
1207541
1207588
1207642
1207655
1207693
1207724
1207738
1207746
1207752
1207791
1207800
1207813
1207825
1207854
1207876
1207881
1207905
1207918
1207937
1207943
1208006
1208012
1208033
1208049
1208070
1208085
1208111
1208122
1208136
1208145
1208158
1208174
1208189
1208214
1208227
1208239
1208240
1208253
1208310
1208372
1208400
1208425
1208432
1208448
1208481
1208497
1208501
1208555
1208560
1208602
1208641
1208659
1208677
1208688
1208696
1208737
1208779
1208829
1208873
1208882
1208975
1209032
1209069
1209081
1209115
1209130
1209164
1209177
1209196
1209238
1209275
1209304
1209331
1209347
1209406
1209412
1209421
1209457
1209468
1209505
1209543
1209551
1209566
1209579
1209592
1209611
1209622
1209636
1209658
1209690
1209734
1209755
1209760
1209793
1209807
1209835
1209844
1209883
1209908
1209927
1209940
1210011
1210045
1210058
1210074
1210089
1210121
1210133
1210157
1210170
1210194
1210207
1210244
1210283
1210299
1210308
1210314
1210339
1210362
1210416
1210465
1210530
1210541
1210564
1210577
1210588
1210626
1210642
1210655
1210660
1210709
1210717
1210752
1210775
1210780
1210800
1210825
1210832
1210848
1210869
1210937
1210943
1210979
1210984
1211009
1211046
1211139
1211153
1211162
1211186
1211195
1211203
1211258
1211267
1211289
1211290
1211302
1211323
1211330
1211341
1211396
1211405
1211418
1211451
1211466
1211479
1211504
1211529
1211550
1211565
1211656
1211661
1211683
1211700
1211713
1211732
1211797
1211801
1211819
1211842
1211860
1211912
1211957
1211968
1211994
1212008
1212027
1212039
1212053
1212117
1212163
1212230
1212288
1212296
1212322
1212336
1212345
1212367
1212374
1212390
1212419
1212426
1212460
1212478
1212487
1212493
1212507
1212528
1212535
1212544
1212561
1224791
1224832
1224854
1224897
1224937
1224951
1224984
1224992
1225009
1225017
1225046
1225063
1225080
1225091
1225114
1225139
1225171
1225195
1225236
1225289
1225290
1225302
1225323
1225330
1225359
1225364
1225377
1225388
1225396
1225443
1225484
1225547
1225565
1225607
1225628
1225656
1225661
1225672
1225713
1225725
1225732
1225748
1225769
1225781
1225797
1225801
1225819
1225826
1225855
1225878
1225906
1225921
1225957
1225968
1225994
1226000
1226013
1226025
1226048
1226097
1226115
1226123
1226141
1226164
1226188
1226217
1226263
1226291
1226304
1226329
1226350
1226365
1226373
1226398
1226406
1226412
1226421
1226449
1226470
1226494
1226520
1226537
1226566
1226579
1226584
1226611
1226622
1226636
1226645
1226726
1226742
1226755
1226787
1226828
1226861
1226927
1226940
1227004
1227073
1227101
1227178
1227187
1227193
1227237
1227243
1227284
1227313
1227376
1227445
1227467
1227509
1227546
1227552
1227670
1227702
1227715
1227808
1227814
1227862
1227871
1227895
1227907
1227928
1227935
1227944
1227956
1227961
1227983
1228034
1228042
1228055
1228060
1228116
1228129
1228131
1228165
1228200
1228254
1228276
1228297
1228351
1228379
1228392
1228427
1228439
1228453
1228486
1228495
1228512
1228521
1228533
1228609
1228663
1228735
1228756
1228761
1228772
1228799
1228803
1228811
1228836
1228845
1228902
1228923
1228930
1228941
1228959
1228964
1228988
1229014
1229124
1229146
1229152
1229202
1229389
1229390
1229493
1229510
1229528
1229535
1229561
1229572
1229629
1229631
1229665
1229706
1229721
1229733
1229749
1229757
1229770
1229785
1229805
1229892
1229932
1230030
1230064
1230132
1230154
1230169
1230197
1230216
1230229
1230250
1230265
1230282
1230298
1230309
1230317
1230346
1230380
1230410
1230435
1230444
1230456
1230483
1230503
1230574
1230590
1230637
1230651
1230666
1230708
1230739
1230753
1230762
1230795
1230806
1230812
1230857
1230868
1230870
1230894
1230919
1230942
1230955
1230960
1230993
1231027
1231039
1231086
1231095
1231109
1231117
1231124
1231138
1231146
1231163
1231175
1231191
1231215
1231277
1231336
1231358
1231426
1231434
1231478
1231493
1231507
1231510
1231528
1231535
1231544
1231583
1231604
1231616
1231647
1231650
1231673
1231721
1231733
1231770
1231794
1231818
1231866
1231879
1231884
1231892
1231900
1231925
1231932
1231954
1231976
1232009
1232024
1232046
1232063
1232080
1232091
1232108
1232153
1232186
1232203
1232211
1232222
1232236
1232290
1232302
1232330
1232341
1232359
1232437
1232443
1232484
1232504
1232550
1232565
1232598
1232635
1232661
1232700
1232725
1232842
1232860
1232893
1232933
1232957
1232994
1233018
1233037
1233051
1233066
1233079
1233084
1233110
1233128
1233135
1233172
1233199
1233233
1233294
1233319
1233355
1233360
1233378
1233463
1233475
1233480
1233513
1233525
1233548
1233597
1233653
1233704
1233716
1233731
1233765
1233864
1233877
1233888
1233896
1233903
1233922
1233936
1233945
1233974
1233990
1234025
1234048
1234069
1234130
1234188
1234209
1234224
1234246
1234275
1234291
1234304
1234347
1234373
1234382
1234406
1234421
1234433
1234449
1234468
1234470
1234505
1234537
1234566
1234645
1234701
1234726
1234760
1234778
1234787
1234793
1234810
1234828
1234844
1234856
1234883
1234927
1234939
1234940
1234953
1235019
1235034
1235055
1235116
1235129
1235147
1235150
1235173
1235198
1235200
1235225
1235232
1235254
1235269
1235281
1235305
1235366
1235384
1235414
1235439
1235440
1235453
1235462
1235471
1235521
1235533
1235549
1235557
1235585
1235594
1235617
1235638
1235680
1235728
1235735
1235744
1235761
1235811
1235845
1235858
1235867
1235874
1235889
1235890
1235902
1235964
1235988
1236007
1236056
1236072
1236099
1236137
1236143
1236151
1236184
1236192
1236234
1236287
1236312
1236333
1236349
1236357
1236368
1236402
1236423
1236430
1236459
1236464
1236477
1236540
1236613
1236669
1236681
1236697
1236703
1236722
1236736
1236774
1236809
1236817
1236852
1236875
1236880
1236916
1236929
1236931
1236965
1236982
1237006
1237033
1237068
1237070
1237094
1237103
1237122
1237158
1237214
1237227
1237240
1237271
1237307
1237344
1237383
1237400
