1241760
1238340
1243394
1240516
1241412
1243916
1241872
1242499
1244086
1243758
1242375
1243527
1244202
1245623
1245751
1251339
1252399
1245033
1249897
1255155
1255205
1238660
1238763
1250402
1254020
1239098
1249170
1252873
1242456
1250293
1251541
1256679
1257290
1237497
1239251
1239458
1245696
1259930
1238168
1246409
1248935
1255422
1237664
1246823
1248840
1250767
1252208
1252481
1254233
1255220
1261351
1239563
1240610
1246005
1264317
1265682
1242282
1256113
1256692
1256919
1257582
1261675
1239840
1240573
1241217
1244109
1248907
1253468
1238498
1239944
1242684
1243767
1244062
1251431
1251763
1253291
1253742
1242536
1246627
1246704
1251482
1238738
1241304
1245501
1237587
1238775
1242868
1244698
1238447
1241636
1237829
1240038
1245560
1239403
1237743
1243586
1242444
1242605
1244616
1241457
1243625
1237623
1241494
1245335
1245542
1248956
1259129
1237688
1238979
1242148
1242363
1242849
1247305
1254695
1240302
1244785
1258770
1237980
1241787
1246387
1246576
1246974
1248723
1248983
1254107
1237924
1240713
1255741
1256410
1257330
1259182
1260939
1246548
1248381
1249724
1254438
1255348
1256169
1256265
1259225
1259756
1260734
1238881
1239552
1246958
1247557
1247680
1248467
1260551
1240582
1244336
1249564
1250947
1251272
1252085
1256282
1257748
1238036
1242298
1245898
1256030
1257754
1260537
1260689
1240236
1240504
1242762
1244925
1250676
1251404
1251724
1237898
1238709
1243385
1245328
1240377
1240451
1244997
1245239
1240009
1240289
1245847
1242955
1243931
1247042
1243035
1246270
1246463
1239591
1244629
1252158
1252189
1252705
1252751
1252938
1259675
1259744
1260787
1267357
1268815
1272495
1243293
1253566
1255411
1256181
1256197
1257315
1262606
1272392
1272440
1240683
1242176
1242885
1244556
1246989
1249763
1249876
1251327
1254378
1255808
1257607
1260238
1261019
1261276
1261512
1266361
1266898
1242978
1247384
1247923
1254576
1257063
1257970
1265721
1269713
1273535
1238272
1239862
1241899
1242435
1244117
1244749
1246888
1247427
1249074
1250809
1252630
1253645
1254554
1254671
1255871
1257046
1259799
1238854
1240834
1240437
1241793
1238564
1238984
1244215
1237779
1237784
1240933
1241141
1241914
1242273
1237641
1240607
1242265
1242428
1239082
1241076
1242338
1247414
1239160
1243137
1247104
1239220
1240114
1241398
1247225
1238869
1243817
1238003
1245425
1237593
1244647
1245641
1248369
1249482
1250321
1252006
1252328
1252766
1253406
1254798
1255524
1238339
1241280
1253000
1240171
1240635
1241164
1241470
1245189
1245991
1249244
1249992
1254257
1237816
1238523
1238943
1239907
1243192
1254945
1239839
1239928
1241048
1244673
1245519
1250007
1251157
1241883
