3400444
3400618
3402063
3402957
3403424
3403765
3404130
3404263
3404835
3404953
3405165
3406571
3406669
3406904
3407070
3407158
3408067
3408207
3408299
3408564
3408601
3409403
3410227
3410295
3410399
3410688
3410804
3410952
3411135
3411424
3412137
3412226
3412676
3413637
3413926
3413993
3414523
3414601
3414655
3414693
3414709
3415091
3415140
3415195
3415732
3415842
3416159
3416421
3416674
3416734
3416927
3418078
3418232
3418337
3418772
3419288
3419426
3420601
3420655
3421108
3421516
3421661
3421970
3422109
3422191
3423568
3423652
3423735
3423902
3424356
3424602
3424630
3424938
3425144
3425554
3425627
3425729
3425747
3425945
3426098
3426279
3426702
3427316
3427347
3427505
3427566
3428960
3429120
3429600
3430055
3430512
3431321
3431722
3431758
3431965
3432144
3432249
3432257
3432936
3433860
3433887
3434266
3434759
3436556
3436925
3437897
3438534
3438829
3439778
3439899
3440037
3440268
3440319
3440446
3440888
3441073
3441369
3441670
3441895
3443027
3443191
3443478
3444072
3444118
3444312
3444681
3444846
3445775
3445943
3446162
3447041
3447567
3447574
3448164
3448793
3448899
3449103
3449111
3449623
3451425
3451542
3451737
3451751
3451779
3451865
3452003
3452283
3452541
3452660
3452825
3452979
3453369
3453397
3453670
3454052
3454139
3454661
3454725
3455141
3455280
3455690
3455861
3456366
3456392
3456845
3457257
3457525
3457639
3459265
3459363
3459503
3459637
3459987
3460354
3460612
3460694
3460853
3460862
3460983
3461247
3461380
3461435
3461536
3464131
3464297
3465234
3465430
3465459
3465998
3467487
3468699
3470451
3470878
3471188
3471543
3472499
3472993
3473293
3473711
3475012
3475850
3476798
3477486
3477609
3478840
3479791
3481244
3481473
3481564
3481800
3482497
3482688
3482737
3482766
3484110
3484576
3484782
3484830
3485292
3485685
3486338
3486545
3486590
3487222
3487826
3487878
3488981
3489568
3489570
3490081
3490810
3491680
3492509
3492563
3493626
3493869
3494536
3495288
3495879
3496094
3496497
3496882
3496924
3497028
3497402
3498614
3498782
3498815
3499267
3499315
3499906
3499933
