   4 3406571
   4 3426279
   4 3448793
   4 3451542
   4 3465998
   4 3473711
   4 3481473
   4 3496882
   3 3402063
   3 3404953
   3 3408067
   3 3410295
   3 3410804
   3 3411424
   3 3412676
   3 3413993
   3 3416674
   3 3419426
   3 3421661
   3 3425554
   3 3425627
   3 3425945
   3 3430055
   3 3436556
   3 3439899
   3 3444846
   3 3445943
   3 3449103
   3 3449111
   3 3452541
   3 3452825
   3 3455861
   3 3467487
   3 3471188
   3 3475012
   3 3475850
   3 3482737
   3 3482766
   3 3486338
   3 3486545
   3 3487222
   3 3488981
   3 3490081
   3 3495288
   3 3497028
   3 3499315
   2 3494536
