5400232
5400710
5402233
5402936
5405955
5406925
5407897
5408641
5408909
5410112
5411418
5412768
5414946
5417622
5417645
5418125
5420664
5421974
5422035
5422477
5423727
5427218
5427445
5429277
5431264
5432732
5435254
5435988
5436321
5437677
5439524
5440009
5440017
5440781
5440985
5443007
5443184
5443234
5443278
5443681
5448580
5452111
5453726
5453995
5456216
5456444
5457748
5458442
5460755
5461384
5463530
5463678
5464786
5466070
5466425
5466766
5467464
5469195
5471580
5473390
5475362
5475371
5475693
5477558
5480374
5480631
5483029
5484114
5486318
5486845
5487750
5488415
5489391
5490266
5490999
5493829
5495931
5496067
5496473
5496541
5498420
5499051
