5400019
5400034
5400042
5400055
5400060
5400078
5400093
5400104
5400116
5400129
5400131
5400150
5400165
5400173
5400182
5400198
5400200
5400225
5400232
5400248
5400254
5400269
5400276
5400281
5400297
5400305
5400318
5400320
5400337
5400351
5400366
5400384
5400392
5400414
5400439
5400440
5400453
5400462
5400471
5400486
5400495
5400506
5400512
5400521
5400533
5400557
5400568
5400570
5400585
5400609
5400617
5400638
5400646
5400652
5400663
5400675
5400680
5400691
5400707
5400710
5400728
5400735
5400744
5400761
5400772
5400783
5400799
5400803
5400811
5400836
5400845
5400858
5400867
5400874
5400889
5400890
5400902
5400915
5400923
5400930
5400964
5400977
5400988
5400996
5401007
5401010
5401028
5401035
5401044
5401056
5401061
5401072
5401083
5401099
5401105
5401118
5401137
5401151
5401166
5401179
5401184
5401192
5401201
5401219
5401226
5401234
5401242
5401255
5401260
5401278
5401287
5401293
5401306
5401321
5401333
5401349
5401357
5401368
5401370
5401385
5401394
5401402
5401415
5401423
5401430
5401441
5401459
5401464
5401477
5401488
5401508
5401514
5401527
5401539
5401540
5401553
5401562
5401571
5401586
5401595
5401600
5401613
5401625
5401632
5401654
5401669
5401697
5401711
5401722
5401736
5401745
5401758
5401767
5401774
5401789
5401790
5401809
5401817
5401824
5401838
5401846
5401852
5401863
5401875
5401880
5401891
5401904
5401916
5401929
5401931
5401947
5401950
5401965
5401973
5401982
5401998
5402005
5402018
5402020
5402037
5402043
5402051
5402079
5402084
5402092
5402107
5402110
5402135
5402156
5402161
5402172
5402183
5402199
5402206
5402212
5402221
5402233
5402249
5402257
5402268
5402270
5402294
5402301
5402319
5402326
5402334
5402342
5402355
5402360
5402387
5402393
5402409
5402424
5402438
5402446
5402452
5402463
5402475
5402480
5402491
5402500
5402513
5402525
5402548
5402554
5402569
5402576
5402581
5402597
5402608
5402627
5402639
5402640
5402653
5402671
5402686
5402695
5402704
5402716
5402731
5402747
5402750
5402782
5402798
5402802
5402815
5402823
5402830
5402841
5402859
5402864
5402877
5402888
5402896
5402903
5402936
5402945
5402958
5402967
5402974
5402989
5402990
5403009
5403017
5403024
5403038
5403046
5403052
5403063
5403075
5403080
5403091
5403114
5403127
5403139
5403140
5403153
5403162
5403171
5403186
5403195
5403203
5403211
5403222
5403245
5403258
5403267
5403274
5403289
5403290
5403302
5403315
5403323
5403330
5403341
5403359
5403364
5403377
5403388
5403396
5403405
5403418
5403420
5403443
5403451
5403466
5403479
5403484
5403492
5403504
5403516
5403529
5403531
5403547
5403550
5403565
5403573
5403598
5403607
5403610
5403628
5403644
5403656
5403661
5403672
5403683
5403699
5403700
5403713
5403725
5403732
5403748
5403754
5403769
5403776
5403781
5403797
5403801
5403819
5403826
5403834
5403842
5403855
5403878
5403887
5403893
5403906
5403912
5403921
5403933
5403949
5403957
5403968
5403970
5403985
5403994
5404004
5404016
5404029
5404031
5404047
5404050
5404065
5404073
5404082
5404098
5404101
5404119
5404126
5404160
5404178
5404187
5404193
5404205
5404218
5404220
5404237
5404243
5404251
5404266
5404279
5404284
5404292
5404300
5404313
5404325
5404332
5404354
5404369
5404376
5404381
5404397
5404403
5404411
5404422
5404445
5404458
5404467
5404490
5404509
5404517
5404524
5404538
5404546
5404552
5404563
5404575
5404580
5404591
5404606
5404612
5404621
5404633
5404649
5404657
5404668
5404670
5404685
5404694
5404702
5404715
5404723
5404730
5404759
5404777
5404788
5404796
5404808
5404814
5404827
5404839
5404840
5404853
5404862
5404871
5404886
5404895
5404907
5404910
5404928
5404944
5404956
5404961
5404972
5404983
5404999
5405002
5405015
5405030
5405041
5405059
5405064
5405077
5405088
5405096
5405100
5405113
5405132
5405148
5405154
5405169
5405176
5405181
5405197
5405204
5405216
5405229
5405231
5405247
5405250
5405265
5405273
5405282
5405298
5405309
5405317
5405324
5405338
5405363
5405375
5405380
5405391
5405407
5405410
5405428
5405435
5405444
5405456
5405461
5405472
5405483
5405499
5405503
5405511
5405522
5405536
5405545
5405558
5405567
5405574
5405589
5405605
5405618
5405620
5405637
5405643
5405651
5405666
5405684
5405692
5405714
5405727
5405739
5405740
5405753
5405762
5405771
5405786
5405795
5405806
5405812
5405821
5405833
5405849
5405857
5405868
5405870
5405885
5405894
5405901
5405919
5405926
5405934
5405942
5405955
5405960
5405978
5405987
5405993
5406008
5406014
5406039
5406040
5406053
5406062
5406071
5406086
5406095
5406117
5406124
5406138
5406146
5406152
5406163
5406175
5406180
5406191
5406202
5406215
5406223
5406230
5406241
5406259
5406264
5406277
5406288
5406296
5406303
5406311
5406322
5406336
5406358
5406367
5406374
5406389
5406390
5406401
5406419
5406434
5406442
5406455
5406478
5406487
5406493
5406507
5406510
5406528
5406535
5406544
5406556
5406561
5406572
5406583
5406599
5406604
5406616
5406629
5406631
5406647
5406650
5406665
5406673
5406682
5406698
5406706
5406712
5406721
5406733
5406749
5406757
5406768
5406770
5406785
5406794
5406805
5406818
5406820
5406837
5406843
5406851
5406866
5406879
5406884
5406892
5406900
5406913
5406925
5406932
5406948
5406954
5406969
5406981
5406997
5407003
5407011
5407022
5407036
5407045
5407058
5407067
5407074
5407089
5407090
5407106
5407112
5407121
5407133
5407149
5407157
5407168
5407170
5407185
5407194
5407207
5407228
5407235
5407244
5407256
5407261
5407272
5407283
5407308
5407314
5407327
5407339
5407340
5407353
5407362
5407371
5407386
5407395
5407404
5407429
5407431
5407450
5407465
5407473
5407482
5407498
5407502
5407515
5407523
5407530
5407541
5407559
5407564
5407577
5407588
5407596
5407601
5407619
5407634
5407642
5407655
5407660
5407678
5407687
5407693
5407724
5407738
5407746
5407752
5407763
5407775
5407780
5407791
5407800
5407813
5407825
5407832
5407848
5407854
5407869
5407876
5407881
5407897
5407905
5407920
5407937
5407943
5407951
5407979
5407984
5407992
5408006
5408012
5408021
5408033
5408049
5408057
5408068
5408070
5408085
5408094
5408103
5408122
5408136
5408145
5408158
5408167
5408174
5408190
5408208
5408214
5408227
5408239
5408240
5408253
5408262
5408271
5408286
5408295
5408307
5408310
5408335
5408356
5408361
5408372
5408383
5408413
5408432
5408448
5408454
5408469
5408476
5408481
5408497
5408501
5408519
5408526
5408534
5408542
5408555
5408560
5408578
5408587
5408593
5408602
5408615
5408623
5408630
5408641
5408659
5408677
5408688
5408696
5408705
5408718
5408720
5408737
5408743
5408751
5408766
5408779
5408784
5408804
5408816
5408829
5408831
5408847
5408850
5408865
5408873
5408882
5408898
5408909
5408917
5408924
5408938
5408946
5408952
5408963
5408975
5408991
5409000
5409013
5409025
5409032
5409048
5409054
5409069
5409076
5409081
5409097
5409102
5409115
5409123
5409130
5409141
5409159
5409164
5409177
5409188
5409196
5409209
5409217
5409224
5409238
5409246
5409252
5409263
5409275
5409280
5409291
5409304
5409316
5409329
5409331
5409350
5409365
5409373
5409382
5409398
5409406
5409412
5409421
5409433
5409449
5409468
5409470
5409485
5409494
5409505
5409518
5409520
5409537
5409543
5409551
5409566
5409579
5409584
5409592
5409603
5409611
5409622
5409636
5409645
5409658
5409667
5409674
5409689
5409690
5409701
5409719
5409726
5409734
5409742
5409755
5409760
5409778
5409787
5409793
5409807
5409810
5409828
5409835
5409844
5409856
5409861
5409872
5409883
5409899
5409908
5409914
5409927
5409939
5409940
5409962
5409986
5410003
5410011
5410022
5410036
5410045
5410058
5410067
5410074
5410090
5410106
5410112
5410121
5410133
5410149
5410157
5410168
5410185
5410194
5410207
5410210
5410228
5410235
5410256
5410261
5410283
5410299
5410308
5410314
5410327
5410339
5410353
5410362
5410371
5410386
5410395
5410404
5410416
5410429
5410431
5410447
5410450
5410465
5410473
5410502
5410523
5410541
5410559
5410564
5410577
5410588
5410596
5410601
5410619
5410626
5410634
5410642
5410655
5410678
5410687
5410693
5410709
5410717
5410724
5410738
5410746
5410752
5410763
5410775
5410780
5410791
5410800
5410813
5410825
5410832
5410854
5410869
5410876
5410881
5410897
5410905
5410918
5410920
5410937
5410943
5410951
5410979
5410984
5410992
5411009
5411017
5411024
5411038
5411046
5411052
5411063
5411075
5411080
5411091
5411108
5411114
5411127
5411139
5411140
5411153
5411162
5411171
5411186
5411195
5411203
5411211
5411222
5411236
5411245
5411258
5411267
5411289
5411290
5411302
5411315
5411323
5411330
5411341
5411359
5411364
5411377
5411388
5411396
5411405
5411418
5411420
5411437
5411443
5411451
5411466
5411479
5411484
5411492
5411504
5411516
5411529
5411531
5411547
5411550
5411565
5411573
5411582
5411598
5411607
5411610
5411635
5411644
5411656
5411661
5411672
5411683
5411699
5411700
5411713
5411725
5411732
5411748
5411754
5411769
5411776
5411781
5411797
5411801
5411819
5411826
5411834
5411842
5411860
5411878
5411887
5411906
5411912
5411921
5411933
5411957
5411968
5411970
5411985
5411994
5412008
5412014
5412027
5412039
5412040
5412053
5412062
5412071
5412086
5412095
5412109
5412117
5412124
5412138
5412146
5412163
5412175
5412180
5412191
5412202
5412215
5412223
5412230
5412241
5412259
5412264
5412288
5412296
5412303
5412311
5412322
5412336
5412345
5412367
5412374
5412390
5412401
5412419
5412426
5412434
5412460
5412478
5412487
5412493
5412507
5412510
5412528
5412535
5412544
5412556
5412561
5412572
5412583
5412599
5412604
5412616
5412629
5412631
5412647
5412650
5412665
5412673
5412682
5412698
5412706
5412712
5412721
5412733
5412749
5412768
5412770
5412785
5412794
5412805
5412820
5412837
5412843
5412851
5412866
5412879
5412884
5412892
5412900
5412913
5412925
5412932
5412948
5412969
5412976
5412981
5412997
5413001
5413019
5413026
5413034
5413042
5413055
5413060
5413078
5413087
5413104
5413116
5413129
5413131
5413147
5413150
5413165
5413173
5413182
5413198
5413200
5413213
5413225
5413232
5413254
5413269
5413276
5413281
5413297
5413305
5413318
5413320
5413337
5413343
5413351
5413366
5413379
5413384
5413392
5413408
5413414
5413427
5413439
5413440
5413453
5413462
5413471
5413486
5413495
5413506
5413521
5413533
5413549
5413557
5413568
5413570
5413585
5413594
5413609
5413617
5413624
5413638
5413646
5413652
5413663
5413675
5413680
5413691
5413707
5413710
5413728
5413744
5413761
5413772
5413783
5413799
5413803
5413811
5413822
5413836
5413845
5413858
5413867
5413874
5413889
5413890
5413902
5413915
5413923
5413930
5413941
5413959
5413964
5413977
5413988
5414006
5414012
5414021
5414033
5414049
5414057
5414068
5414070
5414085
5414094
5414103
5414111
5414122
5414145
5414158
5414167
5414174
5414189
5414190
5414208
5414227
5414239
5414240
5414253
5414262
5414271
5414286
5414295
5414310
5414328
5414344
5414356
5414361
5414372
5414383
5414399
5414400
5414413
5414425
5414432
5414448
5414454
5414469
5414476
5414481
5414497
5414501
5414519
5414526
5414534
5414542
5414555
5414560
5414578
5414587
5414593
5414602
5414615
5414623
5414630
5414664
5414677
5414688
5414696
5414705
5414718
5414737
5414743
5414751
5414766
5414784
5414792
5414804
5414816
5414829
5414831
5414847
5414850
5414865
5414873
5414882
5414898
5414909
5414917
5414924
5414938
5414946
5414952
5414963
5414975
5414980
5414991
5415005
5415018
5415020
5415037
5415043
5415051
5415066
5415084
5415092
5415107
5415110
5415128
5415144
5415156
5415161
5415183
5415199
5415206
5415212
5415221
5415233
5415249
5415257
5415268
5415270
5415285
5415294
5415301
5415326
5415334
5415355
5415360
5415378
5415393
5415409
5415417
5415438
5415446
5415463
5415475
5415491
5415500
5415513
5415525
5415532
5415548
5415554
5415569
5415576
5415581
5415608
5415614
5415627
5415639
5415640
5415653
5415662
5415671
5415686
5415695
5415704
5415716
5415729
5415731
5415747
5415750
5415765
5415773
5415798
5415815
5415823
5415830
5415841
5415859
5415864
5415877
5415888
5415896
5415903
5415911
5415922
5415936
5415945
5415967
5415974
5415989
5415990
5416004
5416016
5416029
5416031
5416047
5416050
5416065
5416073
5416082
5416098
5416101
5416119
5416126
5416134
5416155
5416160
5416178
5416187
5416193
5416205
5416218
5416220
5416237
5416243
5416251
5416266
5416279
5416284
5416292
5416300
5416313
5416325
5416332
5416348
5416354
5416369
5416397
5416403
5416411
5416422
5416445
5416458
5416474
5416489
5416490
5416509
5416517
5416524
5416538
5416546
5416552
5416563
5416575
5416580
5416591
5416606
5416612
5416621
5416649
5416657
5416668
5416670
5416685
5416694
5416702
5416715
5416723
5416730
5416759
5416764
5416777
5416788
5416796
5416808
5416814
5416827
5416839
5416840
5416853
5416862
5416871
5416886
5416895
5416907
5416910
5416935
5416944
5416956
5416972
5416983
5416999
5417000
5417013
5417025
5417032
5417048
5417054
5417069
5417076
5417081
5417097
5417102
5417123
5417130
5417141
5417159
5417164
5417177
5417188
5417196
5417217
5417224
5417238
5417246
5417252
5417263
5417275
5417280
5417291
5417304
5417316
5417329
5417331
5417350
5417365
5417373
5417382
5417398
5417406
5417412
5417421
5417433
5417449
5417457
5417470
5417485
5417494
5417505
5417518
5417520
5417537
5417543
5417551
5417566
5417579
5417584
5417592
5417611
5417622
5417636
5417645
5417658
5417667
5417674
5417689
5417690
5417701
5417719
5417726
5417734
5417742
5417755
5417760
5417778
5417787
5417793
5417807
5417810
5417828
5417835
5417856
5417861
5417883
5417899
5417914
5417927
5417939
5417940
5417962
5417971
5417986
5417995
5418002
5418015
5418023
5418030
5418059
5418064
5418077
5418088
5418096
5418100
5418113
5418125
5418132
5418148
5418176
5418181
5418197
5418204
5418216
5418231
5418247
5418250
5418265
5418273
5418282
5418298
5418309
5418317
5418338
5418346
5418352
5418363
5418375
5418380
5418391
5418407
5418410
5418428
5418435
5418444
5418456
5418461
5418472
5418483
5418499
5418503
5418522
5418536
5418567
5418574
5418589
5418590
5418605
5418618
5418620
5418643
5418651
5418666
5418679
5418684
5418692
5418708
5418714
5418727
5418739
5418740
5418762
5418771
5418786
5418795
5418806
5418812
5418821
5418833
5418849
5418857
5418868
5418870
5418885
5418894
5418901
5418919
5418926
5418934
5418942
5418955
5418960
5418978
5418987
5418993
5419010
5419028
5419035
5419056
5419061
5419072
5419083
5419099
5419118
5419120
5419137
5419143
5419151
5419166
5419179
5419184
5419192
5419201
5419219
5419226
5419234
5419242
5419255
5419260
5419278
5419287
5419293
5419306
5419312
5419321
5419333
5419349
5419357
5419368
5419370
5419385
5419394
5419402
5419415
5419423
5419430
5419441
5419459
5419477
5419488
5419496
5419508
5419514
5419527
5419539
5419553
5419562
5419586
5419595
5419600
5419613
5419625
5419632
5419648
5419654
5419669
5419676
5419681
5419697
5419711
5419736
5419745
5419758
5419767
5419774
5419789
5419809
5419817
5419824
5419838
5419846
5419852
5419863
5419875
5419880
5419891
5419904
5419916
5419929
5419931
5419947
5419950
5419965
5419982
5419998
5420012
5420021
5420033
5420049
5420057
5420068
5420085
5420094
5420103
5420111
5420122
5420136
5420145
5420158
5420167
5420189
5420190
5420208
5420214
5420227
5420239
5420240
5420253
5420262
5420271
5420286
5420295
5420307
5420310
5420328
5420335
5420344
5420356
5420361
5420372
5420383
5420399
5420400
5420413
5420425
5420432
5420448
5420454
5420469
5420476
5420497
5420501
5420519
5420526
5420534
5420542
5420555
5420578
5420587
5420593
5420602
5420615
5420623
5420630
5420659
5420664
5420677
5420688
5420696
5420705
5420718
5420720
5420737
5420743
5420779
5420784
5420792
5420804
5420816
5420829
5420831
5420847
5420850
5420865
5420873
5420882
5420898
5420909
5420917
5420924
5420938
5420946
5420952
5420963
5420980
5420991
5421005
5421018
5421020
5421037
5421043
5421051
5421066
5421079
5421084
5421092
5421128
5421135
5421144
5421156
5421161
5421172
5421183
5421199
5421206
5421212
5421221
5421233
5421249
5421257
5421270
5421285
5421294
5421319
5421334
5421342
5421355
5421360
5421378
5421393
5421409
5421417
5421424
5421438
5421446
5421452
5421463
5421475
5421480
5421491
5421500
5421513
5421525
5421532
5421548
5421554
5421569
5421576
5421581
5421597
5421608
5421614
5421627
5421639
5421653
5421662
5421671
5421686
5421695
5421716
5421729
5421731
5421747
5421750
5421765
5421773
5421782
5421798
5421802
5421815
5421823
5421830
5421841
5421859
5421864
5421877
5421888
5421896
5421911
5421922
5421936
5421945
5421958
5421967
5421974
5421989
5421990
5422007
5422010
5422028
5422035
5422044
5422056
5422061
5422072
5422083
5422099
5422105
5422118
5422120
5422137
5422143
5422151
5422166
5422179
5422184
5422192
5422201
5422219
5422226
5422234
5422242
5422260
5422278
5422287
5422293
5422306
5422312
5422321
5422333
5422349
5422357
5422368
5422370
5422385
5422394
5422402
5422415
5422423
5422430
5422441
5422459
5422464
5422477
5422488
5422496
5422508
5422514
5422527
5422539
5422540
5422553
5422562
5422571
5422586
5422595
5422600
5422613
5422625
5422632
5422648
5422654
5422676
5422697
5422703
5422722
5422736
5422745
5422758
5422767
5422774
5422789
5422790
5422809
5422817
5422846
5422852
5422863
5422875
5422880
5422891
5422904
5422916
5422929
5422931
5422947
5422950
5422965
5422973
5422982
5422998
5423002
5423015
5423023
5423030
5423041
5423059
5423064
5423088
5423096
5423100
5423113
5423125
5423132
5423148
5423154
5423169
5423176
5423197
5423216
5423229
5423231
5423247
5423250
5423273
5423282
5423298
5423309
5423317
5423324
5423338
5423346
5423352
5423363
5423375
5423380
5423391
5423407
5423428
5423435
5423444
5423456
5423461
5423472
5423499
5423503
5423511
5423536
5423545
5423558
5423574
5423590
5423605
5423618
5423620
5423637
5423643
5423651
5423666
5423679
5423684
5423692
5423708
5423714
5423727
5423739
5423740
5423762
5423771
5423786
5423795
5423806
5423812
5423821
5423849
5423857
5423868
5423870
5423894
5423901
5423919
5423926
5423934
5423942
5423955
5423960
5423978
5423987
5423993
5424003
5424011
5424022
5424036
5424045
5424058
5424067
5424074
5424089
5424090
5424106
5424112
5424149
5424168
5424170
5424185
5424194
5424207
5424210
5424228
5424235
5424244
5424256
5424261
5424272
5424299
5424327
5424339
5424340
5424353
5424371
5424386
5424395
5424404
5424429
5424431
5424447
5424465
5424473
5424482
5424502
5424515
5424523
5424530
5424559
5424564
5424577
5424588
5424596
5424601
5424619
5424626
5424634
5424642
5424655
5424660
5424678
5424687
5424693
5424709
5424717
5424738
5424752
5424763
5424775
5424780
5424791
5424800
5424813
5424825
5424832
5424848
5424854
5424876
5424881
5424897
5424905
5424918
5424920
5424937
5424943
5424951
5424966
5424979
5424984
5424992
5425017
5425024
5425038
5425046
5425052
5425063
5425075
5425080
5425091
5425108
5425114
5425127
5425139
5425140
5425153
5425162
5425171
5425186
5425195
5425203
5425211
5425222
5425236
5425245
5425258
5425267
5425274
5425289
5425290
5425302
5425323
5425330
5425364
5425377
5425388
5425396
5425405
5425418
5425420
5425437
5425443
5425451
5425466
5425484
5425492
5425504
5425516
5425529
5425531
5425547
5425550
5425565
5425582
5425598
5425607
5425610
5425628
5425635
5425644
5425656
5425661
5425672
5425683
5425699
5425700
5425713
5425725
5425732
5425748
5425754
5425769
5425776
5425797
5425801
5425819
5425826
5425834
5425842
5425860
5425878
5425887
5425893
5425906
5425912
5425921
5425933
5425949
5425957
5425968
5425970
5425985
5425994
5426000
5426032
5426048
5426054
5426069
5426076
5426081
5426097
5426102
5426115
5426123
5426130
5426141
5426164
5426177
5426188
5426196
5426224
5426238
5426246
5426252
5426263
5426275
5426280
5426291
5426304
5426316
5426329
5426331
5426350
5426365
5426373
5426382
5426398
5426406
5426412
5426421
5426433
5426457
5426468
5426470
5426485
5426494
5426505
5426520
5426537
5426543
5426551
5426566
5426579
5426584
5426592
5426603
5426611
5426622
5426636
5426645
5426658
5426667
5426674
5426689
5426701
5426719
5426726
5426734
5426742
5426760
5426778
5426787
5426793
5426807
5426810
5426828
5426835
5426844
5426856
5426883
5426899
5426908
5426927
5426939
5426953
5426962
5426986
5426995
5427004
5427016
5427029
5427047
5427050
5427065
5427073
5427098
5427101
5427119
5427126
5427134
5427142
5427155
5427160
5427178
5427187
5427193
5427205
5427218
5427237
5427243
5427251
5427266
5427279
5427284
5427292
5427300
5427313
5427325
5427332
5427348
5427354
5427369
5427376
5427381
5427397
5427403
5427411
5427422
5427445
5427458
5427467
5427490
5427509
5427517
5427524
5427538
5427552
5427563
5427575
5427580
5427606
5427612
5427621
5427633
5427649
5427657
5427668
5427670
5427685
5427694
5427702
5427715
5427723
5427730
5427741
5427764
5427777
5427788
5427796
5427808
5427814
5427827
5427839
5427840
5427853
5427862
5427871
5427895
5427910
5427928
5427935
5427944
5427956
5427961
5427972
5427983
5428001
5428019
5428026
5428034
5428042
5428055
5428060
5428078
5428087
5428093
5428104
5428116
5428131
5428147
5428150
5428165
5428182
5428198
5428200
5428213
5428225
5428232
5428248
5428254
5428269
5428276
5428281
5428297
5428305
5428318
5428320
5428337
5428343
5428351
5428379
5428384
5428392
5428408
5428414
5428427
5428439
5428440
5428453
5428462
5428471
5428486
5428495
5428506
5428512
5428521
5428557
5428568
5428570
5428594
5428609
5428617
5428638
5428646
5428652
5428663
5428675
5428680
5428707
5428710
5428728
5428735
5428744
5428756
5428761
5428772
5428783
5428799
5428803
5428811
5428822
5428836
5428845
5428858
5428867
5428874
5428889
5428890
5428902
5428915
5428923
5428930
5428941
5428964
5428977
5428988
5428996
5429008
5429014
5429027
5429039
5429040
5429053
5429062
5429071
5429086
5429095
5429109
5429117
5429124
5429138
5429146
5429152
5429163
5429180
5429191
5429202
5429215
5429223
5429230
5429241
5429259
5429264
5429277
5429288
5429296
5429303
5429311
5429322
5429336
5429358
5429367
5429374
5429389
5429390
5429401
5429419
5429426
5429434
5429442
5429455
5429460
5429487
5429493
5429528
5429535
5429561
5429583
5429599
5429604
5429616
5429629
5429631
5429647
5429650
5429665
5429673
5429682
5429698
5429706
5429712
5429721
5429749
5429757
5429768
5429770
5429785
5429794
5429805
5429820
5429837
5429843
5429866
5429879
5429884
5429892
5429900
5429913
5429925
5429932
5429948
5429969
5429976
5429981
5429997
5430002
5430015
5430023
5430030
5430041
5430059
5430064
5430077
5430088
5430113
5430125
5430148
5430154
5430181
5430197
5430216
5430231
5430247
5430265
5430273
5430282
5430298
5430309
5430317
5430324
5430346
5430352
5430363
5430375
5430380
5430391
5430407
5430410
5430428
5430435
5430456
5430461
5430472
5430483
5430499
5430503
5430511
5430522
5430536
5430545
5430558
5430567
5430574
5430589
5430590
5430605
5430618
5430620
5430637
5430643
5430651
5430666
5430684
5430692
5430708
5430714
5430727
5430739
5430740
5430753
5430762
5430771
5430786
5430795
5430806
5430812
5430821
5430833
5430849
5430868
5430870
5430885
5430901
5430919
5430926
5430934
5430942
5430955
5430960
5430978
5430987
5430993
5431014
5431027
5431039
5431040
5431053
5431062
5431071
5431095
5431109
5431117
5431124
5431138
5431146
5431152
5431163
5431175
5431191
5431202
5431215
5431223
5431230
5431241
5431259
5431264
5431277
5431288
5431296
5431303
5431311
5431322
5431336
5431345
5431358
5431367
5431374
5431389
5431390
5431401
5431419
5431426
5431434
5431442
5431460
5431478
5431487
5431493
5431510
5431528
5431535
5431556
5431561
5431572
5431583
5431599
5431604
5431616
5431629
5431631
5431647
5431650
5431665
5431673
5431682
5431698
5431706
5431712
5431733
5431749
5431757
5431768
5431770
5431785
5431794
5431805
5431818
5431820
5431837
5431843
5431851
5431866
5431879
5431884
5431892
5431900
5431913
5431932
5431948
5431954
5431969
5431976
5431981
5431997
5432009
5432017
5432024
5432038
5432046
5432052
5432075
5432091
5432108
5432114
5432127
5432139
5432140
5432153
5432162
5432171
5432186
5432195
5432203
5432211
5432236
5432245
5432258
5432267
5432274
5432289
5432290
5432302
5432315
5432323
5432330
5432341
5432359
5432364
5432377
5432388
5432396
5432405
5432418
5432420
5432437
5432443
5432451
5432466
5432479
5432484
5432492
5432504
5432516
5432529
5432531
5432550
5432565
5432573
5432582
5432598
5432607
5432628
5432635
5432644
5432656
5432661
5432672
5432683
5432699
5432700
5432713
5432725
5432732
5432748
5432754
5432769
5432776
5432781
5432797
5432801
5432819
5432826
5432842
5432855
5432860
5432878
5432893
5432906
5432912
5432921
5432933
5432949
5432957
5432968
5432970
5432985
5432994
5433005
5433020
5433037
5433043
5433051
5433079
5433092
5433107
5433110
5433128
5433135
5433144
5433156
5433161
5433172
5433183
5433199
5433206
5433212
5433221
5433233
5433249
5433257
5433270
5433285
5433294
5433301
5433319
5433326
5433334
5433342
5433355
5433360
5433378
5433387
5433393
5433409
5433417
5433424
5433438
5433446
5433452
5433480
5433491
5433500
5433513
5433525
5433532
5433548
5433554
5433569
5433576
5433581
5433597
5433608
5433614
5433627
5433639
5433640
5433653
5433662
5433671
5433686
5433695
5433704
5433716
5433729
5433731
5433750
5433765
5433773
5433782
5433798
5433802
5433815
5433823
5433830
5433841
5433859
5433864
5433877
5433888
5433896
5433903
5433911
5433936
5433945
5433958
5433967
5433974
5433989
5433990
5434000
5434013
5434032
5434048
5434054
5434069
5434076
5434097
5434102
5434115
5434123
5434130
5434141
5434159
5434164
5434177
5434188
5434196
5434209
5434217
5434224
5434238
5434246
5434252
5434263
5434275
5434280
5434291
5434304
5434316
5434329
5434331
5434347
5434350
5434365
5434373
5434382
5434398
5434412
5434421
5434433
5434449
5434457
5434468
5434470
5434485
5434494
5434505
5434518
5434520
5434537
5434543
5434551
5434566
5434579
5434584
5434592
5434603
5434611
5434622
5434636
5434645
5434658
5434667
5434674
5434689
5434690
5434719
5434734
5434742
5434755
5434760
5434778
5434787
5434793
5434807
5434810
5434828
5434835
5434861
5434872
5434883
5434899
5434908
5434914
5434927
5434939
5434940
5434953
5434962
5434971
5434986
5434995
5435001
5435019
5435026
5435042
5435055
5435060
5435078
5435087
5435093
5435104
5435116
5435129
5435131
5435147
5435150
5435165
5435173
5435182
5435198
5435200
5435213
5435225
5435232
5435248
5435254
5435269
5435276
5435281
5435297
5435305
5435318
5435320
5435337
5435343
5435351
5435366
5435379
5435384
5435392
5435408
5435414
5435427
5435439
5435440
5435453
5435471
5435486
5435495
5435506
5435512
5435533
5435549
5435557
5435568
5435570
5435585
5435594
5435609
5435624
5435638
5435646
5435652
5435663
5435675
5435680
5435691
5435707
5435710
5435728
5435735
5435744
5435756
5435761
5435772
5435799
5435822
5435836
5435845
5435858
5435867
5435874
5435889
5435890
5435902
5435915
5435923
5435930
5435941
5435959
5435964
5435988
5435996
5436010
5436028
5436035
5436056
5436061
5436072
5436083
5436099
5436118
5436120
5436143
5436151
5436166
5436179
5436184
5436192
5436201
5436219
5436226
5436234
5436255
5436260
5436278
5436287
5436293
5436306
5436321
5436333
5436349
5436357
5436368
5436370
5436385
5436394
5436402
5436415
5436423
5436430
5436441
5436464
5436488
5436496
5436508
5436527
5436539
5436540
5436553
5436562
5436571
5436586
5436595
5436600
5436613
5436625
5436632
5436648
5436654
5436669
5436676
5436681
5436697
5436703
5436711
5436722
5436736
5436758
5436767
5436774
5436789
5436790
5436809
5436824
5436838
5436846
5436852
5436863
5436875
5436880
5436891
5436904
5436916
5436929
5436931
5436947
5436950
5436965
5436973
5436982
5436998
5437006
5437012
5437021
5437033
5437049
5437057
5437070
5437085
5437094
5437122
5437136
5437158
5437167
5437189
5437190
5437214
5437227
5437239
5437253
5437262
5437271
5437286
5437295
5437310
5437328
5437335
5437356
5437361
5437372
5437383
5437399
5437400
5437413
5437425
5437432
5437448
5437454
5437469
5437476
5437497
5437501
5437519
5437526
5437534
5437542
5437555
5437560
5437578
5437587
5437593
5437602
5437615
5437623
5437630
5437641
5437659
5437664
5437677
5437688
5437705
5437718
5437720
5437737
5437743
5437751
5437766
5437779
5437784
5437792
5437804
5437816
5437829
5437831
5437847
5437850
5437865
5437873
5437898
5437909
5437917
5437924
5437938
5437946
5437952
5437963
5437975
5437980
5437991
5438003
5438022
5438036
5438045
5438058
5438067
5438074
5438089
5438090
5438106
5438112
5438121
5438133
5438149
5438157
5438168
5438170
5438185
5438194
5438207
5438210
5438228
5438235
5438244
5438256
5438272
5438283
5438299
5438314
5438327
5438339
5438340
5438353
5438362
5438371
5438386
5438395
5438404
5438429
5438431
5438447
5438450
5438465
5438473
5438482
5438498
5438502
5438515
5438523
5438530
5438541
5438559
5438577
5438588
5438601
5438619
5438626
5438634
5438642
5438655
5438660
5438678
5438687
5438693
5438709
5438717
5438724
5438738
5438752
5438763
5438775
5438780
5438791
5438813
5438825
5438832
5438854
5438869
5438881
5438905
5438918
5438920
5438937
5438943
5438966
5438979
5438984
5438992
5439004
5439016
5439029
5439031
5439047
5439050
5439065
5439073
5439098
5439101
5439119
5439126
5439134
5439142
5439155
5439160
5439178
5439187
5439193
5439205
5439218
5439220
5439237
5439243
5439251
5439266
5439284
5439292
5439300
5439313
5439325
5439332
5439348
5439354
5439376
5439381
5439397
5439403
5439411
5439436
5439445
5439458
5439467
5439474
5439489
5439490
5439509
5439517
5439524
5439538
5439546
5439563
5439575
5439580
5439591
5439606
5439612
5439621
5439633
5439649
5439657
5439668
5439670
5439685
5439702
5439715
5439723
5439730
5439741
5439764
5439777
5439796
5439808
5439814
5439839
5439840
5439853
5439862
5439871
5439886
5439895
5439907
5439910
5439928
5439935
5439944
5439956
5439961
5439983
5439999
5440009
5440017
5440024
5440038
5440046
5440052
5440063
5440075
5440080
5440091
5440108
5440114
5440139
5440140
5440153
5440162
5440171
5440186
5440195
5440211
5440222
5440236
5440245
5440258
5440267
5440274
5440289
5440290
5440302
5440315
5440323
5440330
5440359
5440364
5440377
5440388
5440396
5440405
5440418
5440420
5440437
5440443
5440466
5440479
5440484
5440492
5440504
5440516
5440529
5440531
5440547
5440550
5440565
5440573
5440582
5440598
5440607
5440610
5440628
5440635
5440644
5440656
5440661
5440672
5440683
5440699
5440700
5440713
5440725
5440732
5440748
5440754
5440776
5440781
5440797
5440801
5440819
5440826
5440834
5440842
5440855
5440860
5440878
5440893
5440906
5440912
5440921
5440933
5440949
5440957
5440968
5440970
5440985
5440994
5441000
5441013
5441025
5441032
5441048
5441054
5441069
5441076
5441081
5441097
5441102
5441115
5441123
5441130
5441141
5441159
5441164
5441177
5441188
5441196
5441209
5441217
5441224
5441252
5441263
5441275
5441280
5441304
5441316
5441331
5441347
5441350
5441365
5441373
5441382
5441398
5441406
5441412
5441421
5441433
5441457
5441468
5441470
5441485
5441494
5441505
5441518
5441537
5441543
5441551
5441566
5441579
5441584
5441592
5441603
5441622
5441636
5441645
5441658
5441667
5441674
5441689
5441690
5441701
5441719
5441726
5441734
5441742
5441755
5441760
5441778
5441787
5441793
5441807
5441810
5441828
5441835
5441844
5441856
5441861
5441883
5441899
5441908
5441914
5441927
5441939
5441940
5441953
5441962
5441971
5441986
5441995
5442002
5442023
5442030
5442041
5442059
5442064
5442077
5442088
5442096
5442100
5442113
5442125
5442148
5442154
5442169
5442176
5442181
5442197
5442204
5442229
5442231
5442247
5442250
5442265
5442273
5442282
5442298
5442309
5442317
5442324
5442338
5442346
5442352
5442363
5442375
5442380
5442391
5442407
5442410
5442428
5442435
5442444
5442456
5442461
5442483
5442503
5442511
5442522
5442536
5442558
5442567
5442574
5442589
5442590
5442605
5442618
5442620
5442637
5442651
5442666
5442679
5442684
5442692
5442708
5442714
5442727
5442739
5442740
5442753
5442762
5442771
5442786
5442795
5442806
5442812
5442821
5442833
5442849
5442857
5442868
5442885
5442894
5442901
5442919
5442926
5442934
5442942
5442955
5442960
5442978
5442993
5443007
5443010
5443028
5443035
5443044
5443056
5443061
5443072
5443083
5443099
5443105
5443118
5443137
5443143
5443151
5443166
5443179
5443184
5443192
5443201
5443219
5443226
5443234
5443242
5443255
5443260
5443278
5443287
5443293
5443306
5443312
5443321
5443333
5443349
5443357
5443368
5443370
5443394
5443402
5443415
5443423
5443441
5443459
5443464
5443477
5443488
5443508
5443514
5443527
5443540
5443553
5443562
5443571
5443586
5443595
5443600
5443613
5443625
5443632
5443648
5443654
5443676
5443681
5443697
5443703
5443711
5443722
5443736
5443758
5443767
5443774
5443789
5443790
5443809
5443817
5443824
5443838
5443846
5443852
5443863
5443875
5443880
5443891
5443904
5443916
5443931
5443947
5443965
5443973
5443982
5443998
5444008
5444014
5444027
5444039
5444040
5444053
5444062
5444071
5444086
5444095
5444109
5444124
5444138
5444146
5444152
5444163
5444175
5444180
5444202
5444215
5444223
5444230
5444241
5444259
5444264
5444277
5444288
5444296
5444303
5444311
5444322
5444336
5444345
5444374
5444390
5444401
5444419
5444426
5444434
5444442
5444455
5444460
5444478
5444487
5444493
5444510
5444535
5444544
5444556
5444561
5444572
5444583
5444599
5444604
5444616
5444629
5444631
5444647
5444650
5444665
5444673
5444682
5444698
5444706
5444712
5444721
5444733
5444749
5444757
5444768
5444770
5444785
5444805
5444818
5444820
5444837
5444843
5444851
5444866
5444879
5444884
5444892
5444900
5444913
5444925
5444932
5444948
5444954
5444969
5444981
5444997
5445006
5445012
5445021
5445033
5445049
5445068
5445070
5445085
5445094
5445103
5445122
5445136
5445145
5445167
5445174
5445189
5445208
5445214
5445227
5445239
5445240
5445253
5445262
5445271
5445286
5445295
5445307
5445310
5445328
5445335
5445344
5445356
5445361
5445372
5445383
5445399
5445400
5445413
5445425
5445432
5445448
5445469
5445476
5445497
5445501
5445519
5445526
5445534
5445542
5445560
5445578
5445587
5445593
5445602
5445615
5445623
5445630
5445659
5445664
5445677
5445688
5445696
5445705
5445718
5445720
5445737
5445743
5445751
5445766
5445779
5445784
5445792
5445804
5445816
5445829
5445831
5445850
5445865
5445873
5445882
5445898
5445909
5445917
5445924
5445938
5445946
5445952
5445963
5445975
5445980
5445991
5446005
5446018
5446020
5446037
5446043
5446051
5446066
5446079
5446084
5446092
5446107
5446110
5446128
5446135
5446144
5446156
5446161
5446172
5446199
5446212
5446221
5446233
5446249
5446257
5446268
5446270
5446285
5446294
5446301
5446319
5446334
5446342
5446355
5446360
5446378
5446387
5446393
5446409
5446417
5446424
5446438
5446446
5446463
5446475
5446480
5446491
5446500
5446525
5446532
5446548
5446554
5446576
5446597
5446608
5446614
5446639
5446640
5446653
5446662
5446671
5446686
5446695
5446704
5446716
5446729
5446731
5446747
5446750
5446765
5446773
5446782
5446798
5446815
5446823
5446830
5446841
5446859
5446864
5446877
5446888
5446896
5446903
5446911
5446922
5446936
5446945
5446958
5446967
5446974
5446989
5446990
5447001
5447019
5447026
5447034
5447042
5447055
5447060
5447078
5447087
5447093
5447104
5447116
5447129
5447131
5447147
5447150
5447165
5447173
5447182
5447198
5447200
5447213
5447225
5447232
5447269
5447276
5447281
5447297
5447305
5447320
5447337
5447343
5447351
5447366
5447379
5447384
5447392
5447414
5447427
5447439
5447440
5447453
5447462
5447471
5447486
5447495
5447506
5447512
5447521
5447533
5447549
5447570
5447585
5447594
5447609
5447617
5447624
5447638
5447646
5447663
5447675
5447680
5447691
5447707
5447728
5447735
5447744
5447756
5447761
5447772
5447783
5447799
5447803
5447811
5447822
5447836
5447845
5447867
5447874
5447889
5447890
5447902
5447915
5447930
5447941
5447959
5447977
5447988
5447996
5448004
5448016
5448029
5448031
5448050
5448065
5448073
5448082
5448098
5448101
5448126
5448134
5448142
5448155
5448160
5448178
5448187
5448193
5448205
5448218
5448220
5448243
5448251
5448266
5448279
5448284
5448292
5448300
5448313
5448325
5448348
5448354
5448369
5448376
5448381
5448411
5448422
5448436
5448445
5448458
5448467
5448474
5448489
5448490
5448509
5448517
5448524
5448538
5448546
5448552
5448563
5448575
5448580
5448591
5448606
5448612
5448621
5448633
5448649
5448657
5448668
5448670
5448685
5448694
5448702
5448715
5448723
5448730
5448759
5448764
5448777
5448788
5448808
5448814
5448827
5448839
5448840
5448862
5448871
5448895
5448907
5448910
5448928
5448935
5448944
5448956
5448972
5448983
5448999
5449003
5449011
5449022
5449036
5449045
5449058
5449067
5449074
5449089
5449090
5449106
5449121
5449133
5449149
5449157
5449168
5449170
5449185
5449194
5449207
5449210
5449228
5449235
5449244
5449256
5449261
5449272
5449283
5449299
5449308
5449314
5449340
5449353
5449362
5449371
5449386
5449395
5449404
5449416
5449429
5449431
5449447
5449450
5449465
5449473
5449482
5449498
5449502
5449515
5449523
5449530
5449541
5449564
5449577
5449596
5449601
5449619
5449626
5449634
5449642
5449655
5449660
5449678
5449687
5449693
5449709
5449717
5449724
5449738
5449746
5449752
5449763
5449775
5449780
5449791
5449800
5449813
5449825
5449832
5449848
5449854
5449869
5449876
5449881
5449897
5449905
5449920
5449937
5449943
5449951
5449966
5449979
5449984
5449992
5450007
5450010
5450028
5450035
5450044
5450056
5450061
5450072
5450083
5450099
5450105
5450118
5450120
5450137
5450143
5450151
5450166
5450179
5450184
5450192
5450201
5450219
5450226
5450234
5450242
5450255
5450278
5450287
5450293
5450312
5450321
5450357
5450368
5450370
5450385
5450394
5450402
5450415
5450423
5450430
5450441
5450464
5450477
5450488
5450496
5450508
5450514
5450527
5450539
5450553
5450562
5450571
5450586
5450595
5450600
5450613
5450632
5450648
5450654
5450669
5450676
5450681
5450697
5450703
5450711
5450722
5450736
5450745
5450758
5450767
5450774
5450790
5450809
5450824
5450838
5450846
5450863
5450880
5450891
5450916
5450929
5450931
5450947
5450950
5450965
5450973
5450982
5450998
5451003
5451011
5451022
5451036
5451045
5451058
5451067
5451074
5451089
5451090
5451106
5451112
5451121
5451133
5451149
5451157
5451168
5451185
5451194
5451207
5451210
5451228
5451235
5451244
5451256
5451261
5451272
5451283
5451299
5451308
5451314
5451327
5451339
5451340
5451353
5451362
5451371
5451386
5451395
5451429
5451431
5451447
5451450
5451465
5451482
5451498
5451502
5451515
5451523
5451530
5451541
5451564
5451577
5451596
5451619
5451626
5451634
5451642
5451655
5451660
5451678
5451687
5451693
5451709
5451717
5451724
5451738
5451746
5451752
5451763
5451775
5451791
5451800
5451813
5451825
5451832
5451848
5451854
5451869
5451876
5451881
5451897
5451905
5451920
5451943
5451951
5451966
5451979
5451984
5451992
5452006
5452012
5452033
5452049
5452057
5452068
5452070
5452085
5452094
5452103
5452111
5452122
5452136
5452145
5452158
5452167
5452174
5452189
5452190
5452208
5452214
5452227
5452239
5452240
5452253
5452262
5452271
5452286
5452295
5452307
5452310
5452328
5452335
5452344
5452356
5452361
5452372
5452383
5452399
5452400
5452413
5452425
5452432
5452448
5452454
5452469
5452476
5452481
5452497
5452501
5452519
5452526
5452534
5452542
5452555
5452560
5452578
5452587
5452593
5452641
5452659
5452664
5452688
5452696
5452705
5452718
5452720
5452737
5452743
5452751
5452766
5452779
5452784
5452792
5452804
5452829
5452831
5452847
5452850
5452865
5452873
5452882
5452898
5452909
5452917
5452924
5452938
5452946
5452952
5452963
5452975
5452980
5452991
5453000
5453013
5453025
5453032
5453048
5453054
5453069
5453076
5453081
5453097
5453102
5453115
5453123
5453130
5453141
5453159
5453164
5453177
5453188
5453196
5453209
5453224
5453238
5453246
5453252
5453263
5453275
5453280
5453291
5453304
5453316
5453329
5453331
5453347
5453350
5453365
5453373
5453382
5453398
5453406
5453412
5453433
5453449
5453457
5453468
5453470
5453485
5453494
5453505
5453518
5453520
5453537
5453543
5453551
5453566
5453579
5453584
5453592
5453611
5453622
5453636
5453645
5453658
5453674
5453689
5453690
5453701
5453719
5453726
5453734
5453742
5453760
5453778
5453787
5453807
5453810
5453828
5453835
5453844
5453856
5453861
5453872
5453908
5453914
5453927
5453939
5453940
5453953
5453962
5453971
5453986
5453995
5454005
5454018
5454020
5454037
5454043
5454051
5454066
5454084
5454092
5454107
5454110
5454128
5454135
5454144
5454156
5454161
5454172
5454183
5454199
5454206
5454212
5454221
5454233
5454257
5454268
5454270
5454285
5454294
5454301
5454319
5454326
5454334
5454342
5454360
5454378
5454387
5454393
5454409
5454417
5454438
5454446
5454452
5454463
5454480
5454500
5454525
5454532
5454548
5454554
5454569
5454576
5454581
5454597
5454608
5454614
5454627
5454639
5454640
5454653
5454671
5454686
5454695
5454704
5454716
5454729
5454731
5454747
5454765
5454773
5454782
5454798
5454802
5454815
5454823
5454830
5454841
5454859
5454864
5454877
5454888
5454896
5454903
5454911
5454922
5454936
5454958
5454967
5454974
5454989
5454990
5455016
5455029
5455031
5455047
5455050
5455065
5455073
5455082
5455098
5455101
5455119
5455134
5455142
5455155
5455160
5455187
5455193
5455205
5455218
5455220
5455237
5455243
5455251
5455266
5455279
5455284
5455292
5455300
5455313
5455325
5455332
5455348
5455354
5455369
5455376
5455381
5455397
5455411
5455422
5455436
5455445
5455458
5455474
5455489
5455490
5455509
5455517
5455524
5455546
5455552
5455563
5455591
5455606
5455621
5455633
5455649
5455657
5455668
5455685
5455694
5455702
5455715
5455723
5455759
5455764
5455777
5455788
5455796
5455808
5455814
5455827
5455839
5455840
5455853
5455871
5455886
5455895
5455907
5455910
5455928
5455935
5455944
5455961
5455972
5455983
5455999
5456002
5456015
5456030
5456041
5456059
5456064
5456077
5456088
5456096
5456100
5456113
5456125
5456132
5456148
5456154
5456169
5456176
5456181
5456197
5456204
5456216
5456229
5456231
5456250
5456265
5456273
5456282
5456298
5456309
5456317
5456324
5456338
5456346
5456363
5456375
5456391
5456407
5456410
5456428
5456435
5456444
5456456
5456461
5456472
5456483
5456499
5456503
5456511
5456522
5456536
5456558
5456567
5456589
5456590
5456605
5456618
5456620
5456637
5456643
5456651
5456666
5456679
5456684
5456708
5456714
5456727
5456739
5456740
5456753
5456771
5456786
5456795
5456806
5456812
5456821
5456833
5456849
5456857
5456868
5456870
5456885
5456901
5456919
5456926
5456934
5456942
5456955
5456960
5456978
5456987
5456993
5457009
5457017
5457024
5457038
5457046
5457052
5457063
5457075
5457080
5457091
5457108
5457114
5457127
5457139
5457140
5457153
5457162
5457171
5457195
5457203
5457211
5457222
5457236
5457245
5457258
5457274
5457289
5457290
5457302
5457315
5457323
5457330
5457341
5457359
5457364
5457388
5457396
5457405
5457418
5457420
5457437
5457443
5457451
5457484
5457492
5457504
5457529
5457531
5457547
5457582
5457598
5457607
5457610
5457628
5457635
5457644
5457656
5457661
5457672
5457683
5457699
5457700
5457725
5457748
5457754
5457769
5457776
5457781
5457797
5457801
5457819
5457826
5457834
5457842
5457855
5457860
5457878
5457887
5457893
5457906
5457912
5457921
5457933
5457949
5457957
5457970
5457985
5457994
5458008
5458014
5458027
5458039
5458040
5458053
5458062
5458071
5458086
5458109
5458117
5458124
5458138
5458146
5458152
5458163
5458175
5458180
5458191
5458202
5458215
5458223
5458230
5458241
5458259
5458264
5458277
5458288
5458296
5458311
5458322
5458336
5458345
5458358
5458367
5458374
5458390
5458401
5458419
5458426
5458434
5458442
5458455
5458460
5458478
5458487
5458493
5458510
5458528
5458535
5458544
5458556
5458561
5458572
5458583
5458599
5458604
5458616
5458629
5458631
5458647
5458650
5458665
5458673
5458682
5458698
5458706
5458721
5458733
5458749
5458757
5458768
5458770
5458785
5458794
5458805
5458818
5458820
5458837
5458843
5458851
5458866
5458879
5458884
5458900
5458913
5458925
5458932
5458948
5458954
5458969
5458976
5458981
5459001
5459019
5459042
5459055
5459060
5459078
5459087
5459093
5459104
5459116
5459129
5459131
5459147
5459150
5459165
5459173
5459182
5459198
5459200
5459213
5459225
5459232
5459248
5459269
5459276
5459281
5459297
5459305
5459318
5459320
5459337
5459343
5459351
5459366
5459379
5459384
5459392
5459408
5459414
5459427
5459439
5459440
5459453
5459462
5459471
5459486
5459495
5459506
5459521
5459533
5459549
5459557
5459568
5459594
5459609
5459617
5459624
5459638
5459646
5459652
5459663
5459675
5459680
5459691
5459710
5459728
5459735
5459756
5459761
5459772
5459783
5459799
5459803
5459811
5459822
5459836
5459845
5459858
5459867
5459874
5459890
5459902
5459915
5459923
5459930
5459941
5459959
5459964
5459977
5459996
5460000
5460013
5460025
5460032
5460048
5460054
5460069
5460076
5460081
5460097
5460102
5460115
5460123
5460130
5460141
5460159
5460164
5460177
5460188
5460196
5460209
5460224
5460238
5460263
5460275
5460280
5460291
5460304
5460316
5460329
5460331
5460347
5460350
5460365
5460382
5460398
5460406
5460412
5460421
5460433
5460449
5460457
5460468
5460470
5460485
5460494
5460505
5460518
5460520
5460537
5460551
5460566
5460579
5460584
5460592
5460611
5460622
5460636
5460645
5460658
5460667
5460674
5460689
5460690
5460701
5460719
5460726
5460734
5460742
5460755
5460760
5460778
5460787
5460793
5460807
5460810
5460828
5460835
5460844
5460856
5460861
5460872
5460883
5460899
5460908
5460914
5460927
5460939
5460940
5460953
5460962
5460971
5460986
5460995
5461001
5461019
5461026
5461034
5461042
5461060
5461078
5461087
5461093
5461104
5461116
5461129
5461131
5461147
5461165
5461173
5461182
5461198
5461200
5461213
5461225
5461248
5461254
5461269
5461276
5461281
5461297
5461305
5461318
5461320
5461337
5461343
5461351
5461366
5461379
5461384
5461392
5461408
5461414
5461427
5461439
5461440
5461453
5461462
5461471
5461486
5461495
5461506
5461512
5461521
5461533
5461549
5461557
5461568
5461570
5461594
5461609
5461617
5461624
5461638
5461646
5461652
5461663
5461675
5461680
5461691
5461707
5461710
5461735
5461744
5461756
5461761
5461772
5461783
5461799
5461811
5461822
5461836
5461845
5461858
5461867
5461874
5461889
5461890
5461902
5461915
5461923
5461930
5461941
5461959
5461964
5461977
5461988
5461996
5462004
5462016
5462029
5462031
5462047
5462050
5462073
5462098
5462119
5462126
5462134
5462142
5462160
5462178
5462187
5462193
5462205
5462218
5462220
5462237
5462251
5462266
5462279
5462284
5462292
5462300
5462313
5462325
5462332
5462348
5462354
5462369
5462376
5462381
5462397
5462403
5462411
5462422
5462436
5462445
5462458
5462467
5462474
5462490
5462509
5462517
5462524
5462538
5462546
5462552
5462563
5462575
5462580
5462591
5462606
5462612
5462621
5462633
5462668
5462670
5462685
5462694
5462702
5462715
5462723
5462730
5462741
5462764
5462777
5462788
5462796
5462808
5462827
5462839
5462840
5462853
5462862
5462871
5462886
5462895
5462907
5462910
5462928
5462935
5462944
5462956
5462961
5462972
5462999
5463003
5463011
5463022
5463036
5463045
5463058
5463067
5463074
5463089
5463090
5463106
5463112
5463121
5463149
5463157
5463168
5463170
5463185
5463194
5463207
5463210
5463228
5463235
5463256
5463261
5463272
5463283
5463299
5463308
5463314
5463327
5463339
5463340
5463353
5463362
5463386
5463395
5463404
5463416
5463429
5463447
5463465
5463473
5463482
5463498
5463502
5463530
5463541
5463564
5463577
5463588
5463596
5463601
5463619
5463626
5463642
5463655
5463678
5463687
5463693
5463709
5463717
5463724
5463738
5463746
5463752
5463763
5463775
5463780
5463791
5463800
5463825
5463832
5463848
5463854
5463869
5463876
5463881
5463905
5463918
5463920
5463937
5463943
5463951
5463966
5463979
5463984
5463992
5464002
5464015
5464023
5464030
5464041
5464059
5464064
5464077
5464096
5464113
5464125
5464132
5464148
5464154
5464169
5464176
5464181
5464197
5464204
5464216
5464229
5464247
5464250
5464265
5464273
5464282
5464309
5464317
5464324
5464338
5464346
5464363
5464375
5464380
5464391
5464428
5464435
5464444
5464461
5464472
5464483
5464499
5464503
5464511
5464522
5464536
5464545
5464558
5464567
5464589
5464590
5464605
5464618
5464620
5464637
5464643
5464651
5464666
5464679
5464684
5464692
5464708
5464714
5464727
5464739
5464740
5464753
5464762
5464771
5464786
5464806
5464821
5464833
5464849
5464857
5464870
5464885
5464894
5464901
5464919
5464926
5464934
5464942
5464955
5464960
5464978
5464987
5464993
5465008
5465014
5465027
5465039
5465040
5465053
5465062
5465071
5465086
5465095
5465109
5465117
5465124
5465138
5465146
5465152
5465175
5465180
5465191
5465202
5465215
5465223
5465230
5465241
5465259
5465264
5465277
5465288
5465296
5465303
5465311
5465322
5465336
5465345
5465358
5465367
5465374
5465389
5465390
5465401
5465419
5465426
5465434
5465442
5465455
5465460
5465478
5465487
5465493
5465507
5465510
5465528
5465535
5465556
5465561
5465572
5465583
5465599
5465604
5465629
5465631
5465647
5465650
5465665
5465673
5465682
5465698
5465706
5465712
5465721
5465733
5465749
5465757
5465768
5465770
5465785
5465794
5465805
5465818
5465820
5465837
5465843
5465851
5465879
5465884
5465892
5465900
5465913
5465925
5465932
5465948
5465954
5465969
5465976
5465981
5466006
5466012
5466021
5466033
5466049
5466057
5466068
5466070
5466085
5466094
5466103
5466111
5466122
5466145
5466167
5466174
5466189
5466190
5466208
5466214
5466227
5466239
5466240
5466253
5466262
5466271
5466286
5466295
5466307
5466310
5466328
5466335
5466344
5466356
5466372
5466383
5466399
5466400
5466413
5466425
5466432
5466448
5466454
5466469
5466476
5466497
5466501
5466519
5466526
5466534
5466542
5466555
5466560
5466578
5466587
5466593
5466602
5466615
5466623
5466630
5466641
5466659
5466677
5466688
5466696
5466705
5466720
5466737
5466743
5466751
5466766
5466784
5466792
5466804
5466816
5466829
5466831
5466847
5466850
5466865
5466873
5466882
5466898
5466909
5466924
5466938
5466946
5466952
5466963
5466975
5466980
5466991
5467007
5467028
5467035
5467044
5467056
5467061
5467072
5467083
5467099
5467105
5467118
5467120
5467137
5467143
5467151
5467166
5467179
5467192
5467201
5467219
5467226
5467234
5467242
5467255
5467260
5467278
5467287
5467293
5467306
5467312
5467333
5467349
5467357
5467368
5467370
5467385
5467394
5467402
5467415
5467423
5467430
5467441
5467459
5467464
5467477
5467488
5467496
5467508
5467514
5467527
5467539
5467540
5467553
5467562
5467586
5467595
5467600
5467613
5467625
5467632
5467648
5467654
5467669
5467676
5467681
5467697
5467703
5467711
5467736
5467745
5467767
5467774
5467789
5467790
5467809
5467817
5467824
5467838
5467846
5467852
5467863
5467875
5467880
5467891
5467904
5467916
5467929
5467931
5467947
5467950
5467965
5467973
5467982
5467998
5468018
5468020
5468037
5468043
5468051
5468084
5468092
5468107
5468110
5468128
5468135
5468144
5468156
5468161
5468172
5468183
5468199
5468206
5468212
5468221
5468233
5468249
5468257
5468268
5468270
5468285
5468294
5468319
5468326
5468334
5468342
5468360
5468387
5468393
5468417
5468424
5468446
5468452
5468463
5468475
5468491
5468500
5468513
5468525
5468532
5468548
5468554
5468569
5468576
5468581
5468597
5468608
5468627
5468639
5468640
5468653
5468662
5468671
5468686
5468695
5468704
5468729
5468731
5468747
5468750
5468765
5468773
5468782
5468798
5468802
5468815
5468823
5468830
5468841
5468859
5468864
5468877
5468888
5468896
5468903
5468911
5468922
5468936
5468945
5468958
5468967
5468974
5468989
5469009
5469017
5469024
5469038
5469046
5469052
5469063
5469075
5469080
5469091
5469108
5469114
5469127
5469140
5469153
5469162
5469171
5469186
5469195
5469203
5469211
5469222
5469245
5469258
5469267
5469289
5469290
5469302
5469315
5469330
5469341
5469364
5469377
5469396
5469405
5469418
5469420
5469437
5469443
5469451
5469466
5469479
5469492
5469516
5469531
5469547
5469550
5469565
5469573
5469598
5469607
5469610
5469628
5469635
5469644
5469656
5469661
5469672
5469683
5469700
5469713
5469725
5469748
5469754
5469769
5469781
5469797
5469801
5469819
5469834
5469842
5469855
5469860
5469878
5469887
5469893
5469906
5469912
5469921
5469933
5469949
5469970
5469985
5469994
5470005
5470018
5470020
5470043
5470066
5470079
5470084
5470092
5470107
5470110
5470128
5470135
5470144
5470156
5470161
5470172
5470199
5470206
5470221
5470233
5470249
5470257
5470268
5470270
5470285
5470301
5470326
5470334
5470342
5470355
5470360
5470378
5470387
5470409
5470417
5470424
5470438
5470446
5470452
5470463
5470480
5470491
5470500
5470513
5470525
5470532
5470548
5470554
5470569
5470576
5470581
5470597
5470608
5470627
5470640
5470662
5470671
5470686
5470695
5470704
5470716
5470729
5470731
5470750
5470765
5470782
5470802
5470815
5470823
5470830
5470841
5470859
5470864
5470877
5470888
5470896
5470903
5470911
5470922
5470936
5470945
5470958
5470967
5470974
5470989
5470990
5471004
5471016
5471029
5471031
5471047
5471073
5471082
5471098
5471101
5471119
5471126
5471134
5471142
5471155
5471160
5471178
5471187
5471193
5471205
5471218
5471220
5471237
5471243
5471251
5471266
5471279
5471284
5471292
5471300
5471313
5471325
5471332
5471348
5471354
5471369
5471376
5471397
5471403
5471411
5471422
5471436
5471445
5471467
5471474
5471490
5471509
5471517
5471524
5471538
5471546
5471552
5471563
5471580
5471591
5471612
5471621
5471633
5471649
5471657
5471668
5471670
5471685
5471694
5471702
5471715
5471723
5471730
5471741
5471759
5471764
5471788
5471796
5471808
5471814
5471827
5471839
5471840
5471853
5471862
5471871
5471886
5471895
5471907
5471910
5471928
5471935
5471944
5471956
5471961
5471983
5471999
5472001
5472019
5472026
5472034
5472055
5472060
5472078
5472087
5472093
5472104
5472129
5472147
5472150
5472165
5472173
5472182
5472198
5472200
5472213
5472225
5472232
5472248
5472276
5472281
5472297
5472305
5472318
5472320
5472337
5472343
5472351
5472366
5472379
5472384
5472392
5472408
5472439
5472462
5472471
5472486
5472495
5472506
5472512
5472521
5472533
5472549
5472557
5472568
5472570
5472585
5472594
5472609
5472624
5472638
5472646
5472652
5472663
5472675
5472680
5472691
5472707
5472710
5472728
5472735
5472744
5472761
5472772
5472783
5472803
5472811
5472822
5472836
5472845
5472858
5472867
5472874
5472890
5472902
5472915
5472923
5472941
5472959
5472964
5472977
5472988
5472996
5473008
5473014
5473027
5473039
5473040
5473053
5473062
5473071
5473086
5473095
5473117
5473124
5473138
5473146
5473152
5473175
5473180
5473191
5473202
5473215
5473223
5473230
5473241
5473259
5473264
5473277
5473288
5473296
5473303
5473322
5473336
5473345
5473358
5473367
5473374
5473389
5473390
5473401
5473419
5473426
5473434
5473442
5473455
5473460
5473478
5473487
5473507
5473510
5473528
5473535
5473544
5473556
5473561
5473572
5473583
5473599
5473604
5473616
5473629
5473631
5473647
5473650
5473665
5473673
5473682
5473712
5473721
5473733
5473749
5473757
5473768
5473770
5473785
5473805
5473818
5473820
5473837
5473843
5473851
5473866
5473879
5473884
5473892
5473900
5473913
5473925
5473948
5473954
5473969
5473976
5473997
5474007
5474010
5474035
5474044
5474056
5474061
5474072
5474083
5474105
5474118
5474120
5474137
5474143
5474166
5474179
5474184
5474192
5474201
5474234
5474242
5474255
5474260
5474278
5474287
5474293
5474306
5474312
5474321
5474349
5474368
5474370
5474394
5474402
5474415
5474423
5474430
5474441
5474459
5474464
5474477
5474488
5474496
5474514
5474539
5474540
5474553
5474562
5474571
5474586
5474595
5474600
5474613
5474625
5474632
5474648
5474654
5474669
5474676
5474681
5474697
5474703
5474711
5474722
5474736
5474745
5474758
5474767
5474774
5474789
5474790
5474809
5474817
5474838
5474846
5474852
5474863
5474875
5474880
5474891
5474916
5474929
5474931
5474950
5474965
5474973
5474982
5474998
5475003
5475011
5475036
5475045
5475058
5475067
5475074
5475089
5475090
5475106
5475112
5475133
5475149
5475157
5475168
5475170
5475185
5475194
5475207
5475210
5475228
5475235
5475244
5475256
5475261
5475272
5475283
5475299
5475308
5475314
5475327
5475339
5475340
5475353
5475362
5475371
5475386
5475395
5475404
5475416
5475429
5475431
5475447
5475450
5475465
5475473
5475482
5475498
5475502
5475515
5475523
5475530
5475541
5475559
5475564
5475577
5475588
5475596
5475601
5475619
5475626
5475634
5475642
5475655
5475660
5475678
5475687
5475693
5475709
5475717
5475724
5475738
5475746
5475752
5475763
5475775
5475791
5475800
5475813
5475825
5475832
5475848
5475854
5475869
5475876
5475881
5475897
5475905
5475918
5475937
5475943
5475951
5475966
5475979
5475984
5475992
5476017
5476024
5476038
5476046
5476052
5476063
5476075
5476080
5476091
5476108
5476114
5476127
5476139
5476140
5476153
5476162
5476186
5476195
5476211
5476222
5476236
5476245
5476258
5476267
5476289
5476290
5476302
5476315
5476323
5476341
5476359
5476377
5476388
5476396
5476405
5476418
5476420
5476437
5476443
5476451
5476466
5476479
5476484
5476492
5476516
5476529
5476531
5476547
5476550
5476565
5476573
5476582
5476598
5476607
5476610
5476628
5476635
5476644
5476661
5476672
5476683
5476699
5476700
5476725
5476732
5476748
5476754
5476776
5476781
5476801
5476819
5476826
5476842
5476855
5476860
5476878
5476887
5476893
5476906
5476912
5476921
5476933
5476949
5476957
5476968
5476970
5476985
5476994
5477002
5477015
5477023
5477030
5477041
5477059
5477064
5477077
5477088
5477096
5477100
5477113
5477132
5477154
5477169
5477176
5477181
5477197
5477204
5477229
5477231
5477247
5477250
5477265
5477273
5477282
5477298
5477309
5477317
5477338
5477346
5477352
5477363
5477375
5477380
5477391
5477407
5477410
5477428
5477435
5477444
5477456
5477461
5477472
5477483
5477499
5477503
5477511
5477522
5477545
5477558
5477574
5477589
5477590
5477605
5477618
5477620
5477637
5477643
5477651
5477666
5477679
5477692
5477727
5477739
5477740
5477762
5477771
5477786
5477795
5477806
5477812
5477821
5477833
5477849
5477857
5477868
5477870
5477885
5477894
5477926
5477934
5477942
5477955
5477960
5477978
5477987
5477993
5478013
5478025
5478032
5478048
5478054
5478069
5478076
5478097
5478102
5478115
5478123
5478130
5478141
5478159
5478164
5478177
5478196
5478209
5478217
5478224
5478238
5478246
5478252
5478263
5478275
5478280
5478291
5478304
5478329
5478331
5478347
5478350
5478365
5478373
5478382
5478406
5478412
5478421
5478433
5478449
5478457
5478468
5478470
5478505
5478518
5478520
5478537
5478551
5478566
5478579
5478584
5478592
5478603
5478611
5478636
5478645
5478658
5478667
5478674
5478689
5478690
5478701
5478719
5478726
5478734
5478755
5478760
5478778
5478787
5478793
5478807
5478810
5478828
5478835
5478844
5478856
5478861
5478872
5478883
5478899
5478908
5478914
5478927
5478939
5478940
5478953
5478962
5478971
5478986
5479006
5479012
5479021
5479033
5479068
5479085
5479094
5479103
5479111
5479122
5479136
5479145
5479158
5479167
5479174
5479189
5479190
5479208
5479214
5479227
5479239
5479240
5479253
5479262
5479271
5479286
5479295
5479307
5479310
5479328
5479335
5479344
5479356
5479361
5479383
5479399
5479400
5479425
5479432
5479448
5479454
5479469
5479476
5479481
5479497
5479501
5479519
5479526
5479534
5479542
5479560
5479578
5479587
5479602
5479615
5479623
5479630
5479641
5479659
5479664
5479677
5479688
5479696
5479705
5479718
5479720
5479737
5479743
5479751
5479766
5479779
5479784
5479792
5479804
5479816
5479831
5479847
5479850
5479865
5479873
5479882
5479898
5479909
5479917
5479924
5479938
5479946
5479952
5479963
5479975
5479980
5480008
5480014
5480027
5480039
5480053
5480071
5480086
5480095
5480109
5480117
5480124
5480138
5480152
5480163
5480175
5480180
5480191
5480202
5480215
5480223
5480230
5480241
5480259
5480264
5480277
5480288
5480296
5480311
5480322
5480336
5480345
5480358
5480367
5480374
5480389
5480390
5480401
5480419
5480426
5480434
5480442
5480455
5480460
5480478
5480487
5480493
5480507
5480510
5480528
5480535
5480556
5480561
5480572
5480583
5480599
5480604
5480616
5480629
5480631
5480650
5480665
5480673
5480682
5480698
5480706
5480712
5480721
5480733
5480749
5480757
5480768
5480770
5480785
5480794
5480805
5480820
5480837
5480843
5480851
5480866
5480884
5480892
5480900
5480913
5480925
5480948
5480954
5480976
5480981
5480997
5481006
5481012
5481021
5481033
5481049
5481057
5481068
5481070
5481085
5481103
5481111
5481122
5481136
5481145
5481158
5481167
5481174
5481190
5481208
5481214
5481239
5481240
5481253
5481262
5481271
5481286
5481307
5481310
5481328
5481335
5481344
5481356
5481361
5481372
5481399
5481400
5481413
5481425
5481432
5481448
5481469
5481476
5481481
5481497
5481501
5481519
5481534
5481555
5481560
5481578
5481587
5481593
5481602
5481615
5481623
5481630
5481641
5481659
5481664
5481677
5481688
5481696
5481705
5481718
5481720
5481737
5481743
5481766
5481779
5481784
5481792
5481804
5481816
5481829
5481831
5481847
5481850
5481865
5481873
5481882
5481898
5481909
5481917
5481924
5481938
5481946
5481963
5481975
5481980
5481991
5482011
5482022
5482036
5482045
5482058
5482067
5482074
5482089
5482090
5482106
5482112
5482121
5482133
5482149
5482157
5482168
5482170
5482185
5482194
5482207
5482210
5482228
5482235
5482244
5482256
5482261
5482283
5482299
5482308
5482314
5482327
5482339
5482340
5482353
5482362
5482371
5482386
5482395
5482404
5482416
5482429
5482431
5482447
5482450
5482465
5482473
5482482
5482498
5482502
5482515
5482523
5482530
5482541
5482559
5482564
5482577
5482588
5482596
5482601
5482619
5482626
5482634
5482642
5482655
5482660
5482678
5482687
5482693
5482709
5482717
5482724
5482738
5482746
5482752
5482763
5482775
5482780
5482791
5482813
5482825
5482848
5482854
5482869
5482876
5482881
5482897
5482905
5482918
5482920
5482937
5482943
5482951
5482966
5482979
5482984
5482992
5483004
5483016
5483029
5483031
5483047
5483065
5483082
5483098
5483101
5483119
5483126
5483134
5483142
5483155
5483160
5483178
5483187
5483193
5483205
5483218
5483220
5483237
5483243
5483251
5483266
5483279
5483284
5483292
5483300
5483313
5483332
5483348
5483354
5483369
5483381
5483397
5483403
5483411
5483422
5483436
5483445
5483458
5483467
5483474
5483489
5483490
5483509
5483517
5483524
5483538
5483546
5483552
5483563
5483575
5483580
5483591
5483606
5483612
5483621
5483633
5483649
5483657
5483668
5483670
5483694
5483702
5483715
5483723
5483730
5483741
5483759
5483764
5483777
5483788
5483796
5483808
5483814
5483827
5483839
5483840
5483853
5483862
5483871
5483886
5483895
5483907
5483910
5483928
5483935
5483944
5483956
5483972
5483983
5483999
5484009
5484017
5484038
5484046
5484052
5484075
5484080
5484091
5484108
5484114
5484127
5484140
5484153
5484171
5484186
5484195
5484203
5484211
5484222
5484236
5484245
5484258
5484267
5484274
5484289
5484290
5484302
5484315
5484323
5484330
5484341
5484359
5484364
5484377
5484388
5484396
5484405
5484418
5484420
5484437
5484443
5484451
5484466
5484479
5484492
5484504
5484516
5484529
5484531
5484547
5484550
5484565
5484573
5484582
5484598
5484607
5484610
5484628
5484635
5484644
5484656
5484661
5484672
5484699
5484700
5484713
5484725
5484754
5484769
5484776
5484781
5484797
5484801
5484819
5484826
5484834
5484842
5484855
5484860
5484878
5484887
5484893
5484906
5484912
5484933
5484949
5484957
5484968
5484970
5484985
5484994
5485000
5485013
5485025
5485032
5485048
5485054
5485069
5485076
5485081
5485097
5485102
5485115
5485123
5485130
5485141
5485159
5485164
5485177
5485188
5485209
5485224
5485238
5485252
5485263
5485275
5485280
5485291
5485316
5485329
5485331
5485347
5485365
5485373
5485382
5485398
5485406
5485412
5485421
5485433
5485449
5485457
5485468
5485470
5485494
5485505
5485518
5485520
5485537
5485543
5485551
5485579
5485584
5485603
5485611
5485622
5485636
5485645
5485658
5485667
5485674
5485689
5485690
5485701
5485719
5485726
5485734
5485742
5485755
5485760
5485787
5485793
5485807
5485810
5485828
5485835
5485844
5485861
5485872
5485883
5485908
5485914
5485927
5485939
5485940
5485953
5485962
5485986
5485995
5486001
5486019
5486026
5486034
5486042
5486055
5486060
5486078
5486087
5486093
5486104
5486116
5486129
5486131
5486147
5486150
5486165
5486173
5486182
5486198
5486200
5486213
5486225
5486248
5486254
5486269
5486281
5486297
5486305
5486318
5486320
5486337
5486343
5486366
5486379
5486384
5486392
5486414
5486427
5486439
5486440
5486453
5486462
5486471
5486486
5486495
5486506
5486512
5486521
5486533
5486549
5486557
5486568
5486570
5486585
5486594
5486609
5486617
5486624
5486638
5486646
5486652
5486663
5486675
5486680
5486691
5486707
5486710
5486728
5486735
5486744
5486756
5486761
5486772
5486783
5486799
5486803
5486811
5486822
5486836
5486845
5486858
5486867
5486874
5486889
5486890
5486902
5486915
5486923
5486930
5486941
5486959
5486977
5486988
5486996
5487005
5487018
5487020
5487037
5487043
5487051
5487066
5487079
5487084
5487092
5487107
5487110
5487128
5487135
5487144
5487156
5487161
5487172
5487183
5487199
5487206
5487212
5487221
5487233
5487249
5487257
5487270
5487285
5487294
5487301
5487326
5487342
5487355
5487360
5487378
5487387
5487409
5487424
5487438
5487446
5487452
5487463
5487475
5487491
5487500
5487525
5487532
5487548
5487554
5487569
5487576
5487581
5487597
5487608
5487614
5487627
5487639
5487640
5487662
5487671
5487686
5487695
5487704
5487716
5487729
5487731
5487747
5487750
5487765
5487782
5487798
5487802
5487815
5487823
5487830
5487841
5487859
5487864
5487877
5487888
5487896
5487903
5487911
5487922
5487936
5487945
5487958
5487967
5487974
5487989
5487990
5488007
5488010
5488028
5488035
5488044
5488056
5488061
5488072
5488083
5488099
5488105
5488118
5488120
5488137
5488143
5488151
5488166
5488179
5488184
5488192
5488201
5488219
5488226
5488234
5488242
5488255
5488260
5488278
5488287
5488293
5488306
5488312
5488321
5488333
5488349
5488357
5488368
5488370
5488385
5488415
5488423
5488430
5488441
5488459
5488464
5488477
5488488
5488508
5488514
5488527
5488539
5488540
5488553
5488562
5488571
5488586
5488595
5488600
5488613
5488625
5488648
5488654
5488669
5488676
5488681
5488697
5488703
5488711
5488722
5488736
5488745
5488758
5488767
5488774
5488789
5488809
5488817
5488838
5488846
5488852
5488863
5488875
5488880
5488891
5488904
5488916
5488929
5488931
5488947
5488965
5488973
5488982
5488998
5489002
5489015
5489023
5489041
5489059
5489064
5489077
5489088
5489096
5489100
5489113
5489125
5489132
5489148
5489169
5489176
5489181
5489197
5489204
5489216
5489229
5489231
5489247
5489250
5489265
5489273
5489298
5489309
5489317
5489324
5489338
5489346
5489363
5489375
5489380
5489391
5489407
5489410
5489428
5489456
5489461
5489483
5489499
5489503
5489511
5489522
5489536
5489545
5489558
5489567
5489574
5489589
5489590
5489605
5489618
5489637
5489643
5489651
5489666
5489679
5489692
5489708
5489714
5489727
5489739
5489753
5489762
5489771
5489786
5489795
5489806
5489812
5489821
5489833
5489849
5489857
5489868
5489870
5489885
5489894
5489901
5489919
5489926
5489934
5489942
5489955
5489960
5489978
5489987
5489993
5490004
5490016
5490029
5490031
5490050
5490065
5490073
5490082
5490098
5490101
5490119
5490126
5490134
5490142
5490155
5490160
5490178
5490187
5490193
5490205
5490218
5490220
5490237
5490243
5490251
5490266
5490279
5490292
5490300
5490313
5490325
5490332
5490348
5490369
5490376
5490381
5490397
5490403
5490411
5490422
5490445
5490458
5490467
5490474
5490490
5490509
5490517
5490524
5490538
5490546
5490552
5490563
5490575
5490580
5490591
5490606
5490612
5490621
5490633
5490649
5490657
5490668
5490670
5490685
5490694
5490702
5490723
5490730
5490741
5490764
5490777
5490788
5490796
5490808
5490814
5490827
5490839
5490840
5490853
5490862
5490871
5490886
5490895
5490907
5490910
5490928
5490935
5490944
5490956
5490983
5490999
5491002
5491015
5491023
5491030
5491059
5491064
5491077
5491088
5491096
5491100
5491113
5491132
5491148
5491154
5491169
5491181
5491197
5491204
5491216
5491229
5491231
5491247
5491250
5491265
5491273
5491282
5491298
5491309
5491317
5491324
5491338
5491346
5491352
5491363
5491380
5491391
5491407
5491410
5491428
5491435
5491444
5491461
5491483
5491499
5491503
5491511
5491522
5491536
5491545
5491558
5491567
5491574
5491589
5491590
5491605
5491618
5491620
5491637
5491643
5491651
5491666
5491679
5491714
5491727
5491739
5491740
5491753
5491762
5491771
5491786
5491806
5491812
5491821
5491833
5491849
5491857
5491868
5491870
5491885
5491894
5491901
5491919
5491926
5491934
5491942
5491955
5491960
5491978
5491987
5491993
5492013
5492025
5492032
5492048
5492054
5492069
5492076
5492097
5492102
5492115
5492123
5492130
5492141
5492159
5492177
5492188
5492209
5492217
5492224
5492238
5492246
5492252
5492263
5492280
5492291
5492304
5492316
5492329
5492331
5492347
5492350
5492365
5492373
5492382
5492398
5492406
5492412
5492421
5492433
5492449
5492457
5492468
5492470
5492485
5492494
5492505
5492518
5492520
5492537
5492543
5492551
5492566
5492579
5492584
5492592
5492603
5492611
5492622
5492636
5492645
5492658
5492667
5492674
5492689
5492690
5492701
5492719
5492726
5492734
5492742
5492760
5492787
5492793
5492807
5492810
5492828
5492844
5492856
5492872
5492883
5492899
5492908
5492927
5492939
5492940
5492953
5492962
5492971
5492986
5492995
5493006
5493012
5493021
5493033
5493049
5493057
5493068
5493070
5493094
5493103
5493111
5493122
5493136
5493145
5493158
5493167
5493174
5493189
5493190
5493208
5493214
5493227
5493239
5493240
5493262
5493271
5493286
5493295
5493307
5493310
5493328
5493335
5493344
5493356
5493361
5493372
5493383
5493399
5493400
5493413
5493432
5493448
5493469
5493476
5493481
5493497
5493501
5493519
5493526
5493542
5493560
5493578
5493587
5493593
5493602
5493615
5493623
5493630
5493641
5493659
5493677
5493688
5493696
5493705
5493718
5493720
5493737
5493743
5493751
5493766
5493779
5493784
5493792
5493804
5493816
5493829
5493831
5493847
5493850
5493865
5493873
5493882
5493898
5493909
5493917
5493924
5493938
5493946
5493952
5493963
5493975
5493980
5493991
5494001
5494019
5494026
5494034
5494042
5494060
5494078
5494093
5494104
5494116
5494129
5494147
5494150
5494165
5494173
5494182
5494198
5494200
5494213
5494225
5494232
5494248
5494254
5494269
5494276
5494281
5494297
5494305
5494318
5494320
5494337
5494343
5494351
5494366
5494379
5494384
5494392
5494408
5494414
5494427
5494439
5494453
5494462
5494471
5494486
5494495
5494512
5494521
5494549
5494557
5494570
5494585
5494594
5494609
5494617
5494624
5494638
5494646
5494652
5494663
5494675
5494680
5494691
5494707
5494710
5494728
5494735
5494744
5494756
5494761
5494772
5494783
5494799
5494803
5494811
5494822
5494836
5494845
5494858
5494867
5494874
5494889
5494890
5494902
5494915
5494923
5494930
5494959
5494964
5494988
5495007
5495028
5495035
5495044
5495056
5495061
5495072
5495083
5495099
5495105
5495118
5495120
5495137
5495143
5495151
5495166
5495179
5495184
5495192
5495201
5495219
5495226
5495234
5495242
5495255
5495260
5495278
5495287
5495293
5495306
5495312
5495321
5495333
5495349
5495357
5495368
5495394
5495402
5495415
5495423
5495430
5495441
5495459
5495488
5495496
5495508
5495514
5495527
5495539
5495540
5495553
5495562
5495571
5495586
5495595
5495600
5495625
5495632
5495648
5495654
5495669
5495676
5495681
5495697
5495703
5495711
5495722
5495736
5495745
5495758
5495767
5495774
5495789
5495790
5495809
5495824
5495838
5495846
5495852
5495863
5495875
5495880
5495891
5495904
5495916
5495929
5495931
5495947
5495950
5495965
5495973
5495982
5495998
5496003
5496011
5496036
5496045
5496058
5496067
5496074
5496089
5496090
5496106
5496112
5496121
5496133
5496149
5496157
5496168
5496170
5496185
5496194
5496207
5496210
5496228
5496235
5496244
5496256
5496272
5496283
5496299
5496308
5496314
5496327
5496339
5496340
5496353
5496362
5496371
5496386
5496395
5496404
5496416
5496429
5496431
5496447
5496465
5496473
5496482
5496498
5496502
5496515
5496523
5496530
5496541
5496559
5496564
5496577
5496588
5496596
5496601
5496619
5496634
5496642
5496655
5496678
5496687
5496693
5496709
5496717
5496724
5496738
5496746
5496752
5496763
5496775
5496780
5496800
5496813
5496825
5496848
5496869
5496876
5496881
5496897
5496905
5496918
5496920
5496937
5496943
5496951
5496966
5496979
5496984
5497008
5497014
5497027
5497039
5497040
5497062
5497071
5497086
5497095
5497109
5497117
5497124
5497138
5497146
5497152
5497163
5497175
5497180
5497191
5497202
5497215
5497223
5497230
5497241
5497259
5497264
5497277
5497288
5497296
5497303
5497311
5497322
5497336
5497345
5497358
5497367
5497374
5497389
5497390
5497401
5497419
5497426
5497434
5497442
5497455
5497460
5497478
5497493
5497507
5497510
5497528
5497535
5497544
5497556
5497561
5497572
5497583
5497599
5497604
5497616
5497629
5497631
5497647
5497650
5497665
5497673
5497682
5497698
5497706
5497712
5497721
5497733
5497749
5497757
5497768
5497785
5497794
5497805
5497818
5497820
5497837
5497843
5497851
5497866
5497879
5497884
5497892
5497900
5497913
5497925
5497948
5497954
5497969
5497981
5497997
5498009
5498017
5498046
5498063
5498075
5498080
5498091
5498108
5498114
5498127
5498139
5498140
5498153
5498162
5498171
5498186
5498195
5498203
5498211
5498222
5498236
5498245
5498258
5498267
5498274
5498289
5498290
5498302
5498323
5498330
5498341
5498359
5498377
5498388
5498396
5498405
5498418
5498420
5498437
5498443
5498451
5498466
5498479
5498484
5498492
5498504
5498529
5498531
5498547
5498550
5498565
5498573
5498582
5498598
5498610
5498628
5498635
5498644
5498656
5498661
5498699
5498700
5498713
5498725
5498732
5498748
5498754
5498769
5498776
5498781
5498797
5498801
5498819
5498826
5498834
5498842
5498855
5498860
5498878
5498887
5498906
5498912
5498921
5498933
5498949
5498957
5498968
5498970
5498985
5498994
5499018
5499020
5499037
5499043
5499051
5499066
5499084
5499092
5499107
5499110
5499128
5499135
5499144
5499156
5499161
5499172
5499199
5499212
5499221
5499233
5499249
5499257
5499268
5499270
5499285
5499294
5499319
5499326
5499334
5499342
5499355
5499360
5499387
5499393
5499409
5499417
5499424
5499438
5499446
5499452
5499475
5499480
5499491
5499500
5499513
5499548
5499569
5499581
5499597
5499608
5499614
5499627
5499639
5499653
5499662
5499671
5499686
5499695
5499704
5499729
5499731
5499747
5499750
5499765
5499773
5499782
5499798
5499815
5499823
5499830
5499841
5499859
5499864
5499896
5499903
5499911
5499922
5499945
5499958
5499967
5499974
5499989
5499990
