5400034
5400055
5400060
5400104
5400129
5400165
5400173
5400200
5400232
5400254
5400269
5400276
5400320
5400351
5400366
5400392
5400414
5400439
5400453
5400471
5400486
5400495
5400512
5400521
5400568
5400585
5400617
5400638
5400646
5400652
5400663
5400680
5400710
5400728
5400735
5400744
5400761
5400772
5400783
5400799
5400803
5400836
5400845
5400890
5400902
5400915
5400930
5400996
5401010
5401028
5401061
5401072
5401105
5401151
5401192
5401278
5401293
5401321
5401333
5401349
5401357
5401368
5401370
5401394
5401459
5401464
5401477
5401553
5401600
5401613
5401654
5401711
5401736
5401758
5401767
5401774
5401790
5401809
5401817
5401824
5401852
5401880
5401891
5401904
5401916
5401931
5401947
5401950
5401965
5401982
5401998
5402005
5402020
5402037
5402043
5402051
5402079
5402107
5402110
5402135
5402161
5402183
5402199
5402206
5402233
5402257
5402268
5402270
5402301
5402319
5402334
5402342
5402355
5402360
5402387
5402393
5402409
5402424
5402438
5402452
5402463
5402491
5402548
5402569
5402597
5402608
5402639
5402640
5402686
5402695
5402704
5402716
5402731
5402747
5402750
5402802
5402823
5402859
5402864
5402877
5402896
5402903
5402936
5402967
5402974
5403024
5403038
5403052
5403063
5403080
5403091
5403114
5403153
5403195
5403203
5403258
5403290
5403323
5403330
5403364
5403377
5403388
5403405
5403420
5403443
5403451
5403466
5403484
5403492
5403504
5403529
5403547
5403550
5403565
5403573
5403598
5403607
5403610
5403644
5403656
5403661
5403672
5403683
5403713
5403725
5403732
5403776
5403781
5403801
5403819
5403842
5403855
5403887
5403893
5403906
5403912
5403921
5403933
5403957
5403968
5403970
5403985
5403994
5404004
5404029
5404047
5404050
5404065
5404082
5404160
5404178
5404187
5404193
5404205
5404218
5404220
5404292
5404300
5404313
5404325
5404332
5404354
5404369
5404381
5404397
5404445
5404467
5404509
5404517
5404524
5404552
5404563
5404575
5404606
5404633
5404649
5404657
5404685
5404702
5404723
5404730
5404759
5404814
5404839
5404853
5404862
5404886
5404895
5404907
5404910
5404928
5404983
5404999
5405002
5405015
5405064
5405088
5405113
5405132
5405148
5405154
5405169
5405176
5405197
5405204
5405216
5405229
5405247
5405273
5405298
5405317
5405324
5405338
5405363
5405380
5405428
5405435
5405444
5405456
5405461
5405483
5405499
5405503
5405558
5405589
5405605
5405637
5405643
5405684
5405714
5405740
5405753
5405771
5405786
5405795
5405812
5405833
5405849
5405857
5405885
5405894
5405901
5405919
5405942
5405955
5405960
5405993
5406008
5406014
5406039
5406040
5406095
5406117
5406138
5406152
5406175
5406180
5406202
5406223
5406241
5406259
5406264
5406296
5406311
5406367
5406374
5406390
5406419
5406434
5406478
5406487
5406493
5406507
5406510
5406528
5406535
5406544
5406572
5406583
5406599
5406616
5406629
5406631
5406647
5406650
5406682
5406712
5406733
5406749
5406757
5406770
5406794
5406805
5406818
5406851
5406866
5406879
5406900
5406925
5406954
5406969
5406997
5407003
5407036
5407058
5407074
5407090
5407106
5407121
5407149
5407168
5407170
5407185
5407194
5407207
5407235
5407244
5407256
5407261
5407272
5407327
5407339
5407340
5407353
5407362
5407371
5407429
5407431
5407465
5407482
5407498
5407502
5407515
5407523
5407541
5407577
5407588
5407596
5407601
5407655
5407660
5407687
5407693
5407746
5407752
5407775
5407780
5407791
5407825
5407848
5407854
5407876
5407881
5407897
5407905
5407920
5407937
5407943
5407951
5408021
5408049
5408057
5408068
5408094
5408103
5408136
5408167
5408174
5408190
5408208
5408227
5408239
5408240
5408253
5408286
5408295
5408310
5408356
5408361
5408372
5408383
5408432
5408448
5408476
5408481
5408497
5408526
5408542
5408578
5408587
5408602
5408630
5408641
5408659
5408677
5408718
5408720
5408743
5408766
5408779
5408784
5408804
5408831
5408847
5408873
5408882
5408898
5408909
5408917
5408938
5408946
5408963
5408975
5408991
5409013
5409025
5409054
5409076
5409081
5409123
5409130
5409141
5409164
5409188
5409209
5409217
5409224
5409238
5409246
5409252
5409275
5409304
5409329
5409331
5409398
5409406
5409412
5409449
5409468
5409485
5409520
5409537
5409543
5409566
5409584
5409592
5409611
5409645
5409658
5409667
5409674
5409689
5409690
5409701
5409734
5409742
5409755
5409760
5409793
5409810
5409828
5409844
5409856
5409872
5409908
5409914
5409927
5409939
5410003
5410022
5410036
5410045
5410058
5410090
5410106
5410112
5410121
5410133
5410157
5410210
5410299
5410308
5410362
5410371
5410395
5410416
5410450
5410465
5410473
5410502
5410541
5410564
5410577
5410588
5410596
5410619
5410626
5410634
5410642
5410678
5410687
5410709
5410775
5410791
5410813
5410825
5410876
5410881
5410897
5410905
5410918
5410920
5410937
5410943
5410951
5410979
5410984
5410992
5411017
5411024
5411063
5411075
5411080
5411108
5411114
5411127
5411140
5411153
5411162
5411171
5411222
5411245
5411267
5411302
5411323
5411330
5411359
5411377
5411405
5411418
5411437
5411443
5411451
5411466
5411479
5411492
5411504
5411529
5411531
5411550
5411573
5411582
5411598
5411607
5411635
5411644
5411656
5411661
5411672
5411683
5411699
5411754
5411769
5411781
5411801
5411819
5411842
5411887
5411906
5411912
5411921
5411933
5411957
5412008
5412027
5412039
5412086
5412095
5412109
5412117
5412138
5412146
5412163
5412180
5412215
5412223
5412230
5412241
5412259
5412264
5412296
5412303
5412322
5412336
5412367
5412390
5412460
5412487
5412507
5412510
5412544
5412561
5412572
5412599
5412604
5412616
5412629
5412647
5412650
5412665
5412673
5412682
5412733
5412749
5412768
5412770
5412785
5412794
5412805
5412837
5412843
5412851
5412879
5412884
5412900
5412932
5412948
5412976
5413001
5413019
5413026
5413042
5413055
5413078
5413104
5413129
5413173
5413182
5413198
5413200
5413254
5413281
5413297
5413318
5413337
5413343
5413366
5413392
5413408
5413414
5413427
5413439
5413453
5413462
5413471
5413521
5413570
5413609
5413638
5413646
5413663
5413680
5413728
5413744
5413761
5413772
5413783
5413799
5413803
5413811
5413889
5413902
5413915
5413930
5413941
5413964
5413977
5413988
5414006
5414021
5414033
5414049
5414068
5414094
5414103
5414111
5414122
5414227
5414239
5414240
5414253
5414262
5414286
5414310
5414356
5414361
5414372
5414383
5414413
5414432
5414469
5414476
5414481
5414497
5414501
5414519
5414534
5414578
5414587
5414602
5414623
5414630
5414664
5414677
5414688
5414696
5414705
5414718
5414737
5414751
5414766
5414784
5414792
5414816
5414831
5414865
5414882
5414898
5414917
5414924
5414946
5414952
5414991
5415005
5415020
5415051
5415084
5415161
5415199
5415206
5415212
5415233
5415270
5415301
5415334
5415355
5415378
5415417
5415438
5415446
5415491
5415513
5415525
5415532
5415554
5415569
5415581
5415627
5415639
5415640
5415653
5415731
5415773
5415815
5415830
5415841
5415859
5415877
5415896
5415945
5415967
5415990
5416016
5416029
5416031
5416065
5416082
5416134
5416160
5416178
5416193
5416205
5416251
5416266
5416313
5416332
5416397
5416422
5416458
5416524
5416552
5416575
5416591
5416621
5416649
5416668
5416702
5416764
5416777
5416788
5416808
5416840
5416853
5416862
5416871
5416907
5416910
5416935
5416956
5416972
5416983
5417000
5417032
5417054
5417069
5417097
5417123
5417130
5417141
5417159
5417164
5417188
5417196
5417224
5417238
5417275
5417280
5417291
5417316
5417350
5417365
5417398
5417406
5417412
5417421
5417433
5417457
5417485
5417494
5417505
5417518
5417520
5417537
5417566
5417579
5417622
5417636
5417645
5417658
5417667
5417689
5417690
5417726
5417734
5417755
5417760
5417787
5417793
5417807
5417856
5417861
5417883
5417899
5417914
5417939
5417940
5417971
5417986
5418023
5418059
5418064
5418088
5418113
5418125
5418148
5418176
5418197
5418231
5418273
5418282
5418298
5418317
5418352
5418391
5418428
5418435
5418444
5418461
5418499
5418503
5418536
5418590
5418605
5418620
5418643
5418651
5418666
5418679
5418684
5418727
5418771
5418795
5418806
5418812
5418821
5418833
5418857
5418868
5418870
5418885
5418894
5418901
5418919
5418926
5418934
5418942
5418978
5418987
5418993
5419010
5419035
5419072
5419083
5419120
5419137
5419179
5419184
5419201
5419219
5419226
5419234
5419255
5419260
5419287
5419293
5419312
5419333
5419370
5419430
5419459
5419477
5419496
5419508
5419553
5419562
5419600
5419613
5419625
5419632
5419648
5419676
5419681
5419697
5419736
5419758
5419767
5419789
5419852
5419875
5419891
5419904
5419950
5419982
5419998
5420012
5420021
5420033
5420068
5420094
5420136
5420145
5420158
5420167
5420189
5420190
5420240
5420253
5420262
5420310
5420344
5420383
5420399
5420432
5420469
5420476
5420497
5420501
5420519
5420534
5420542
5420555
5420578
5420587
5420593
5420602
5420615
5420630
5420664
5420696
5420705
5420720
5420737
5420743
5420779
5420804
5420816
5420831
5420847
5420850
5420882
5420924
5420946
5420963
5420980
5421005
5421018
5421020
5421043
5421051
5421128
5421144
5421156
5421161
5421172
5421183
5421199
5421249
5421257
5421285
5421294
5421319
5421342
5421409
5421438
5421452
5421463
5421475
5421480
5421491
5421532
5421554
5421569
5421576
5421581
5421597
5421614
5421639
5421695
5421716
5421729
5421747
5421765
5421773
5421782
5421798
5421802
5421815
5421859
5421864
5421877
5421911
5421922
5421945
5421958
5421974
5421989
5422010
5422035
5422137
5422143
5422151
5422192
5422219
5422260
5422287
5422306
5422321
5422357
5422368
5422394
5422415
5422423
5422459
5422464
5422477
5422488
5422508
5422514
5422562
5422571
5422586
5422595
5422613
5422625
5422632
5422648
5422697
5422703
5422722
5422736
5422745
5422758
5422767
5422774
5422789
5422790
5422809
5422817
5422852
5422863
5422875
5422880
5422904
5422916
5422947
5422950
5422965
5422998
5423023
5423041
5423064
5423088
5423096
5423100
5423132
5423154
5423176
5423216
5423229
5423231
5423247
5423250
5423273
5423282
5423309
5423317
5423346
5423363
5423375
5423407
5423428
5423456
5423461
5423472
5423503
5423511
5423536
5423545
5423558
5423590
5423605
5423618
5423620
5423679
5423684
5423692
5423727
5423740
5423771
5423795
5423806
5423857
5423894
5423901
5423919
5423926
5423942
5423955
5423978
5423987
5424003
5424022
5424036
5424045
5424058
5424074
5424089
5424090
5424106
5424149
5424194
5424210
5424244
5424256
5424272
5424299
5424340
5424353
5424386
5424395
5424404
5424429
5424431
5424473
5424482
5424523
5424530
5424564
5424588
5424601
5424619
5424634
5424687
5424709
5424717
5424775
5424780
5424791
5424800
5424825
5424832
5424854
5424881
5424897
5424966
5424992
5425017
5425046
5425052
5425063
5425075
5425091
5425114
5425127
5425162
5425195
5425258
5425267
5425274
5425290
5425302
5425323
5425330
5425396
5425405
5425420
5425437
5425466
5425492
5425504
5425529
5425550
5425565
5425598
5425628
5425635
5425644
5425699
5425713
5425725
5425732
5425754
5425776
5425801
5425842
5425860
5425887
5425912
5425933
5425957
5425968
5425985
5425994
5426032
5426048
5426054
5426069
5426076
5426081
5426097
5426102
5426115
5426123
5426130
5426164
5426246
5426304
5426329
5426350
5426365
5426398
5426412
5426421
5426433
5426457
5426468
5426485
5426494
5426505
5426520
5426551
5426579
5426584
5426592
5426603
5426611
5426622
5426636
5426645
5426658
5426689
5426701
5426719
5426742
5426760
5426778
5426787
5426807
5426844
5426856
5426899
5426908
5426927
5426939
5426962
5427004
5427016
5427029
5427047
5427065
5427073
5427098
5427126
5427142
5427155
5427205
5427218
5427237
5427251
5427266
5427284
5427292
5427313
5427332
5427348
5427354
5427381
5427397
5427422
5427445
5427458
5427517
5427552
5427575
5427668
5427670
5427702
5427723
5427764
5427788
5427814
5427827
5427840
5427862
5427871
5427895
5427928
5427961
5427972
5427983
5428001
5428019
5428042
5428055
5428078
5428104
5428116
5428147
5428165
5428213
5428225
5428232
5428281
5428297
5428337
5428343
5428351
5428379
5428384
5428408
5428427
5428453
5428462
5428471
5428486
5428506
5428570
5428638
5428646
5428675
5428707
5428735
5428744
5428761
5428772
5428783
5428799
5428822
5428845
5428874
5428889
5428890
5428915
5428923
5428941
5428977
5428988
5429008
5429027
5429053
5429071
5429086
5429138
5429146
5429163
5429202
5429215
5429223
5429264
5429277
5429296
5429303
5429311
5429336
5429358
5429367
5429374
5429389
5429390
5429401
5429426
5429442
5429455
5429528
5429535
5429629
5429647
5429673
5429698
5429706
5429770
5429805
5429820
5429843
5429866
5429879
5429884
5429892
5429900
5429913
5429925
5429932
5429948
5429969
5429976
5430002
5430059
5430064
5430113
5430181
5430197
5430247
5430265
5430282
5430298
5430309
5430324
5430380
5430391
5430410
5430428
5430472
5430483
5430503
5430522
5430558
5430574
5430589
5430605
5430618
5430637
5430651
5430684
5430708
5430714
5430739
5430753
5430795
5430812
5430833
5430868
5430870
5430885
5430919
5430942
5430955
5430960
5430987
5430993
5431027
5431039
5431040
5431062
5431071
5431095
5431109
5431163
5431175
5431202
5431223
5431230
5431259
5431264
5431277
5431288
5431296
5431311
5431322
5431345
5431367
5431374
5431389
5431390
5431434
5431442
5431478
5431487
5431535
5431556
5431561
5431572
5431583
5431599
5431604
5431631
5431647
5431665
5431682
5431698
5431733
5431749
5431770
5431785
5431818
5431837
5431843
5431851
5431866
5431884
5431892
5431900
5431913
5431932
5431948
5431954
5431969
5431981
5431997
5432024
5432038
5432046
5432052
5432075
5432091
5432114
5432139
5432140
5432162
5432236
5432245
5432258
5432267
5432274
5432289
5432290
5432323
5432330
5432341
5432364
5432451
5432466
5432479
5432484
5432492
5432516
5432529
5432531
5432550
5432565
5432573
5432582
5432598
5432607
5432635
5432644
5432656
5432661
5432672
5432713
5432732
5432748
5432769
5432781
5432797
5432801
5432826
5432842
5432860
5432893
5432906
5432921
5432933
5432957
5432968
5432970
5432985
5433020
5433037
5433043
5433051
5433079
5433107
5433128
5433144
5433161
5433172
5433183
5433199
5433206
5433221
5433257
5433270
5433285
5433294
5433319
5433334
5433342
5433355
5433387
5433417
5433424
5433452
5433513
5433525
5433548
5433569
5433576
5433608
5433627
5433639
5433640
5433653
5433671
5433686
5433695
5433704
5433716
5433731
5433750
5433765
5433773
5433802
5433815
5433841
5433864
5433877
5433896
5433911
5433936
5433958
5433967
5433974
5433990
5434032
5434048
5434054
5434076
5434097
5434123
5434130
5434141
5434164
5434224
5434252
5434263
5434280
5434291
5434331
5434350
5434365
5434373
5434382
5434398
5434412
5434485
5434505
5434518
5434592
5434603
5434611
5434636
5434645
5434658
5434667
5434674
5434689
5434690
5434719
5434734
5434755
5434787
5434807
5434810
5434828
5434872
5434883
5434899
5434908
5434914
5434927
5434939
5434953
5434995
5435026
5435093
5435104
5435116
5435150
5435165
5435173
5435198
5435200
5435213
5435225
5435248
5435254
5435281
5435305
5435318
5435320
5435366
5435379
5435384
5435414
5435427
5435471
5435495
5435512
5435533
5435549
5435570
5435638
5435663
5435707
5435728
5435744
5435756
5435772
5435799
5435845
5435867
5435889
5435915
5435923
5435959
5435988
5435996
5436010
5436028
5436035
5436083
5436099
5436118
5436120
5436143
5436151
5436166
5436192
5436219
5436226
5436234
5436278
5436306
5436321
5436385
5436394
5436415
5436423
5436430
5436496
5436527
5436540
5436553
5436562
5436571
5436595
5436613
5436632
5436654
5436681
5436711
5436722
5436758
5436767
5436774
5436789
5436790
5436838
5436846
5436852
5436875
5436880
5436916
5436929
5436947
5436973
5437021
5437033
5437085
5437094
5437158
5437189
5437190
5437214
5437239
5437271
5437286
5437295
5437328
5437335
5437356
5437361
5437399
5437413
5437432
5437448
5437454
5437497
5437526
5437542
5437630
5437641
5437677
5437720
5437751
5437766
5437779
5437784
5437873
5437917
5437924
5437938
5437946
5437952
5437963
5437975
5438003
5438022
5438067
5438090
5438106
5438112
5438149
5438168
5438207
5438210
5438228
5438235
5438244
5438256
5438283
5438299
5438327
5438353
5438371
5438386
5438404
5438431
5438450
5438465
5438482
5438498
5438523
5438530
5438541
5438559
5438588
5438601
5438619
5438634
5438642
5438655
5438678
5438724
5438738
5438763
5438780
5438813
5438854
5438905
5438918
5438937
5438943
5438979
5438992
5439004
5439016
5439047
5439073
5439101
5439155
5439187
5439193
5439205
5439243
5439266
5439292
5439313
5439397
5439411
5439445
5439458
5439467
5439509
5439517
5439524
5439575
5439591
5439612
5439621
5439649
5439657
5439668
5439670
5439702
5439715
5439730
5439764
5439808
5439839
5439840
5439853
5439871
5439886
5439895
5439907
5439910
5439935
5439944
5439956
5439983
5439999
5440009
5440017
5440080
5440108
5440114
5440139
5440140
5440162
5440171
5440211
5440222
5440236
5440245
5440258
5440267
5440274
5440290
5440302
5440315
5440323
5440377
5440388
5440396
5440418
5440420
5440437
5440443
5440466
5440484
5440516
5440582
5440644
5440661
5440672
5440683
5440699
5440713
5440725
5440732
5440776
5440781
5440797
5440819
5440855
5440860
5440878
5440906
5440957
5440968
5440985
5441013
5441069
5441076
5441102
5441115
5441123
5441130
5441141
5441159
5441164
5441188
5441196
5441209
5441263
5441316
5441347
5441382
5441398
5441406
5441412
5441421
5441433
5441457
5441468
5441470
5441485
5441494
5441505
5441543
5441551
5441566
5441584
5441603
5441622
5441636
5441674
5441689
5441690
5441701
5441719
5441726
5441742
5441755
5441760
5441787
5441793
5441835
5441861
5441908
5441927
5441940
5441953
5441995
5442002
5442041
5442059
5442064
5442077
5442088
5442154
5442176
5442181
5442204
5442229
5442231
5442250
5442298
5442317
5442352
5442363
5442375
5442380
5442428
5442435
5442444
5442503
5442511
5442522
5442536
5442574
5442589
5442605
5442618
5442620
5442637
5442666
5442679
5442684
5442692
5442708
5442727
5442739
5442740
5442753
5442771
5442795
5442821
5442833
5442849
5442885
5442894
5442901
5442919
5442926
5442934
5442955
5442960
5442978
5442993
5443007
5443010
5443028
5443044
5443056
5443061
5443083
5443099
5443118
5443143
5443151
5443184
5443192
5443201
5443234
5443242
5443278
5443287
5443321
5443349
5443368
5443441
5443464
5443514
5443527
5443540
5443562
5443586
5443595
5443613
5443625
5443654
5443676
5443681
5443697
5443703
5443711
5443722
5443758
5443767
5443824
5443838
5443846
5443852
5443880
5443916
5443931
5443973
5443982
5443998
5444014
5444039
5444062
5444071
5444086
5444095
5444124
5444138
5444223
5444241
5444259
5444264
5444277
5444288
5444303
5444322
5444336
5444345
5444374
5444390
5444401
5444426
5444434
5444442
5444487
5444493
5444510
5444544
5444556
5444561
5444599
5444604
5444616
5444631
5444682
5444698
5444706
5444712
5444733
5444770
5444805
5444820
5444837
5444843
5444851
5444866
5444884
5444900
5444913
5444948
5444969
5445012
5445021
5445049
5445085
5445103
5445136
5445189
5445208
5445214
5445227
5445240
5445253
5445262
5445271
5445295
5445307
5445310
5445328
5445335
5445344
5445356
5445372
5445383
5445399
5445400
5445425
5445448
5445469
5445476
5445497
5445578
5445615
5445623
5445630
5445705
5445718
5445737
5445743
5445779
5445784
5445792
5445804
5445816
5445831
5445850
5445873
5445882
5445898
5445909
5445924
5445938
5445946
5445952
5445963
5445991
5446018
5446051
5446066
5446079
5446084
5446107
5446135
5446144
5446199
5446212
5446221
5446257
5446270
5446294
5446360
5446378
5446409
5446417
5446424
5446475
5446480
5446491
5446525
5446554
5446597
5446608
5446639
5446640
5446662
5446686
5446704
5446716
5446731
5446750
5446823
5446830
5446841
5446859
5446864
5446877
5446911
5446922
5446936
5446945
5446958
5446967
5446974
5447001
5447019
5447034
5447078
5447093
5447104
5447116
5447131
5447147
5447150
5447165
5447173
5447198
5447213
5447232
5447269
5447276
5447320
5447366
5447384
5447392
5447414
5447427
5447439
5447462
5447486
5447495
5447549
5447570
5447585
5447624
5447646
5447663
5447680
5447691
5447707
5447735
5447744
5447756
5447761
5447772
5447783
5447799
5447803
5447867
5447874
5447890
5447915
5447930
5447941
5447977
5447996
5448004
5448031
5448101
5448126
5448134
5448155
5448178
5448187
5448193
5448220
5448300
5448325
5448369
5448376
5448381
5448411
5448422
5448436
5448445
5448489
5448524
5448563
5448580
5448591
5448612
5448649
5448657
5448685
5448702
5448715
5448723
5448777
5448808
5448827
5448839
5448840
5448862
5448895
5448928
5448935
5448972
5448983
5448999
5449003
5449022
5449036
5449058
5449067
5449074
5449090
5449106
5449133
5449157
5449168
5449170
5449194
5449207
5449210
5449235
5449256
5449261
5449272
5449283
5449308
5449314
5449353
5449362
5449416
5449429
5449431
5449447
5449465
5449482
5449498
5449515
5449564
5449596
5449601
5449619
5449626
5449634
5449642
5449655
5449678
5449687
5449693
5449709
5449746
5449752
5449763
5449775
5449813
5449825
5449832
5449854
5449881
5449897
5449905
5449937
5449943
5449951
5449979
5449992
5450007
5450010
5450035
5450061
5450072
5450105
5450118
5450137
5450219
5450242
5450255
5450278
5450287
5450293
5450312
5450321
5450357
5450370
5450464
5450477
5450514
5450539
5450553
5450562
5450595
5450600
5450613
5450632
5450654
5450669
5450681
5450711
5450809
5450880
5450891
5450929
5450931
5450947
5450950
5450998
5451003
5451011
5451022
5451036
5451058
5451074
5451168
5451185
5451194
5451207
5451228
5451235
5451244
5451272
5451299
5451308
5451314
5451340
5451362
5451386
5451431
5451447
5451465
5451482
5451498
5451502
5451515
5451530
5451541
5451564
5451577
5451596
5451619
5451626
5451642
5451655
5451687
5451709
5451717
5451724
5451752
5451775
5451791
5451800
5451825
5451832
5451848
5451881
5451905
5451943
5451951
5451966
5451979
5451984
5452006
5452012
5452049
5452057
5452094
5452111
5452145
5452158
5452167
5452174
5452189
5452190
5452227
5452239
5452253
5452262
5452295
5452307
5452310
5452356
5452372
5452399
5452400
5452425
5452432
5452448
5452454
5452501
5452519
5452555
5452560
5452593
5452664
5452688
5452705
5452720
5452743
5452766
5452779
5452784
5452804
5452829
5452847
5452909
5452946
5452952
5452975
5452980
5453025
5453069
5453081
5453115
5453123
5453130
5453159
5453188
5453196
5453209
5453246
5453275
5453304
5453316
5453329
5453331
5453347
5453365
5453373
5453398
5453406
5453433
5453470
5453518
5453520
5453537
5453543
5453551
5453566
5453579
5453584
5453592
5453622
5453636
5453674
5453689
5453690
5453719
5453726
5453760
5453778
5453787
5453810
5453828
5453835
5453844
5453861
5453908
5453914
5453927
5453940
5453986
5453995
5454037
5454084
5454128
5454135
5454156
5454161
5454183
5454221
5454233
5454268
5454270
5454301
5454326
5454360
5454393
5454417
5454452
5454480
5454500
5454614
5454627
5454653
5454671
5454704
5454716
5454731
5454765
5454782
5454830
5454841
5454888
5454896
5454911
5454922
5454936
5454974
5455029
5455031
5455047
5455082
5455098
5455142
5455160
5455218
5455220
5455237
5455243
5455251
5455266
5455279
5455292
5455313
5455369
5455376
5455411
5455445
5455458
5455474
5455509
5455517
5455546
5455552
5455621
5455633
5455685
5455715
5455723
5455788
5455808
5455814
5455827
5455839
5455840
5455853
5455871
5455907
5455910
5455935
5455944
5455961
5455983
5455999
5456002
5456030
5456059
5456096
5456100
5456132
5456169
5456176
5456216
5456231
5456265
5456273
5456282
5456317
5456338
5456363
5456375
5456391
5456407
5456410
5456428
5456444
5456456
5456472
5456499
5456503
5456511
5456536
5456590
5456618
5456637
5456643
5456651
5456666
5456679
5456684
5456708
5456739
5456740
5456753
5456786
5456795
5456806
5456821
5456833
5456849
5456870
5456942
5456960
5456978
5457024
5457038
5457075
5457080
5457091
5457127
5457139
5457203
5457222
5457236
5457245
5457258
5457274
5457290
5457302
5457315
5457323
5457341
5457405
5457418
5457437
5457451
5457484
5457492
5457529
5457531
5457582
5457607
5457628
5457644
5457656
5457661
5457672
5457683
5457748
5457754
5457776
5457781
5457797
5457826
5457842
5457878
5457887
5457893
5457906
5457912
5457921
5457933
5457949
5457957
5457985
5457994
5458008
5458014
5458062
5458071
5458109
5458124
5458138
5458146
5458191
5458215
5458223
5458230
5458241
5458277
5458288
5458311
5458336
5458358
5458367
5458401
5458419
5458426
5458442
5458455
5458478
5458487
5458493
5458528
5458535
5458544
5458556
5458561
5458572
5458583
5458599
5458604
5458616
5458629
5458647
5458650
5458698
5458706
5458721
5458749
5458768
5458770
5458785
5458805
5458820
5458837
5458843
5458851
5458866
5458879
5458900
5458913
5458925
5458954
5459019
5459055
5459060
5459087
5459129
5459131
5459147
5459150
5459173
5459182
5459198
5459213
5459225
5459232
5459269
5459276
5459281
5459305
5459318
5459320
5459337
5459351
5459366
5459379
5459384
5459392
5459408
5459414
5459427
5459439
5459462
5459533
5459568
5459609
5459624
5459638
5459663
5459710
5459735
5459756
5459761
5459772
5459783
5459799
5459836
5459845
5459858
5459874
5459890
5459902
5459959
5459964
5460000
5460032
5460048
5460054
5460069
5460076
5460081
5460115
5460123
5460141
5460159
5460177
5460209
5460224
5460238
5460275
5460280
5460291
5460316
5460382
5460398
5460412
5460421
5460433
5460449
5460457
5460470
5460505
5460551
5460579
5460584
5460636
5460645
5460667
5460689
5460719
5460742
5460755
5460760
5460778
5460807
5460810
5460828
5460844
5460856
5460861
5460872
5460899
5460927
5460962
5460971
5460986
5460995
5461001
5461087
5461093
5461116
5461198
5461200
5461225
5461254
5461269
5461305
5461343
5461351
5461366
5461384
5461392
5461408
5461427
5461439
5461462
5461471
5461521
5461533
5461549
5461557
5461568
5461594
5461609
5461617
5461638
5461646
5461663
5461680
5461691
5461735
5461744
5461761
5461772
5461783
5461799
5461811
5461867
5461874
5461889
5461890
5461915
5461923
5461959
5461977
5462004
5462031
5462050
5462098
5462126
5462160
5462187
5462193
5462220
5462237
5462251
5462300
5462325
5462332
5462369
5462376
5462403
5462422
5462445
5462458
5462467
5462490
5462517
5462524
5462538
5462546
5462552
5462580
5462606
5462612
5462621
5462668
5462694
5462702
5462730
5462741
5462788
5462827
5462840
5462853
5462862
5462907
5462910
5462928
5462956
5462972
5463003
5463011
5463022
5463036
5463067
5463074
5463112
5463149
5463157
5463168
5463170
5463185
5463207
5463210
5463228
5463272
5463283
5463308
5463314
5463327
5463340
5463353
5463362
5463386
5463395
5463404
5463447
5463473
5463482
5463498
5463502
5463530
5463564
5463577
5463588
5463642
5463655
5463678
5463709
5463717
5463724
5463746
5463752
5463763
5463775
5463800
5463825
5463848
5463854
5463869
5463881
5463920
5463937
5463943
5463951
5463979
5463984
5463992
5464015
5464023
5464030
5464059
5464077
5464096
5464113
5464132
5464148
5464154
5464176
5464181
5464197
5464204
5464216
5464247
5464250
5464265
5464273
5464282
5464309
5464317
5464338
5464346
5464380
5464435
5464444
5464483
5464499
5464536
5464589
5464643
5464666
5464679
5464714
5464739
5464740
5464753
5464771
5464786
5464806
5464821
5464833
5464885
5464894
5464934
5464942
5464960
5464978
5464993
5465008
5465014
5465027
5465039
5465040
5465053
5465086
5465109
5465117
5465138
5465152
5465175
5465180
5465223
5465230
5465259
5465264
5465322
5465336
5465345
5465358
5465367
5465374
5465389
5465419
5465426
5465434
5465442
5465455
5465460
5465487
5465493
5465507
5465535
5465556
5465583
5465604
5465650
5465673
5465712
5465721
5465749
5465757
5465768
5465770
5465785
5465794
5465805
5465818
5465820
5465843
5465851
5465879
5465892
5465948
5465954
5465969
5465976
5465981
5466021
5466057
5466068
5466070
5466094
5466122
5466145
5466174
5466189
5466190
5466208
5466214
5466286
5466307
5466328
5466344
5466356
5466399
5466400
5466425
5466432
5466454
5466476
5466519
5466526
5466534
5466555
5466578
5466587
5466623
5466659
5466688
5466705
5466720
5466743
5466766
5466804
5466816
5466831
5466873
5466882
5466952
5466963
5466975
5466980
5467007
5467035
5467044
5467061
5467072
5467083
5467120
5467151
5467166
5467219
5467260
5467287
5467333
5467349
5467357
5467370
5467385
5467415
5467459
5467464
5467488
5467496
5467508
5467514
5467539
5467586
5467600
5467613
5467625
5467632
5467648
5467654
5467669
5467676
5467681
5467703
5467711
5467745
5467774
5467789
5467790
5467809
5467824
5467838
5467846
5467863
5467891
5467916
5467929
5467931
5467950
5467965
5467973
5467982
5467998
5468018
5468020
5468037
5468043
5468051
5468092
5468110
5468128
5468135
5468144
5468199
5468206
5468212
5468249
5468257
5468270
5468285
5468334
5468342
5468393
5468424
5468446
5468452
5468463
5468491
5468513
5468525
5468532
5468554
5468581
5468608
5468627
5468653
5468662
5468686
5468695
5468729
5468765
5468773
5468782
5468802
5468815
5468830
5468877
5468903
5468922
5468936
5469009
5469017
5469038
5469052
5469063
5469075
5469091
5469114
5469140
5469162
5469171
5469186
5469195
5469203
5469211
5469258
5469267
5469289
5469341
5469364
5469396
5469418
5469420
5469466
5469516
5469547
5469550
5469565
5469573
5469607
5469610
5469635
5469672
5469683
5469700
5469754
5469781
5469797
5469801
5469834
5469842
5469860
5469878
5469887
5469893
5469912
5469921
5469994
5470005
5470092
5470107
5470110
5470128
5470135
5470161
5470172
5470206
5470270
5470285
5470301
5470326
5470334
5470355
5470360
5470378
5470417
5470424
5470438
5470446
5470452
5470463
5470480
5470491
5470525
5470532
5470569
5470581
5470640
5470671
5470686
5470695
5470704
5470716
5470729
5470765
5470802
5470815
5470823
5470830
5470859
5470864
5470877
5470888
5470896
5470903
5470911
5470945
5470958
5470967
5470974
5471004
5471047
5471082
5471098
5471101
5471119
5471134
5471160
5471178
5471218
5471243
5471266
5471279
5471284
5471300
5471313
5471332
5471348
5471354
5471369
5471376
5471397
5471403
5471422
5471445
5471474
5471490
5471509
5471546
5471580
5471591
5471633
5471649
5471657
5471668
5471670
5471730
5471741
5471759
5471764
5471788
5471796
5471808
5471814
5471853
5471862
5471886
5471935
5471983
5471999
5472001
5472026
5472034
5472055
5472078
5472104
5472129
5472147
5472165
5472173
5472198
5472213
5472248
5472276
5472281
5472297
5472305
5472318
5472320
5472343
5472366
5472384
5472392
5472495
5472512
5472557
5472570
5472585
5472609
5472624
5472663
5472691
5472728
5472735
5472744
5472761
5472783
5472803
5472822
5472836
5472845
5472858
5472867
5472890
5472902
5472923
5472988
5472996
5473014
5473027
5473039
5473040
5473062
5473095
5473117
5473124
5473138
5473146
5473175
5473191
5473215
5473223
5473230
5473259
5473264
5473296
5473303
5473322
5473336
5473367
5473389
5473390
5473401
5473460
5473487
5473510
5473528
5473535
5473544
5473561
5473572
5473583
5473604
5473629
5473631
5473647
5473673
5473682
5473712
5473721
5473733
5473749
5473757
5473768
5473770
5473820
5473837
5473843
5473851
5473866
5473879
5473892
5473900
5473913
5473925
5473976
5474010
5474035
5474044
5474056
5474072
5474083
5474105
5474120
5474137
5474166
5474179
5474192
5474234
5474255
5474306
5474349
5474368
5474370
5474402
5474415
5474423
5474459
5474464
5474477
5474488
5474553
5474586
5474600
5474632
5474697
5474703
5474736
5474745
5474774
5474789
5474790
5474838
5474846
5474875
5474916
5474931
5474965
5474973
5474982
5475003
5475011
5475036
5475045
5475058
5475067
5475074
5475106
5475112
5475133
5475149
5475185
5475194
5475210
5475228
5475235
5475272
5475283
5475299
5475314
5475327
5475340
5475362
5475371
5475447
5475465
5475482
5475502
5475523
5475541
5475564
5475577
5475588
5475596
5475619
5475626
5475642
5475660
5475678
5475693
5475709
5475717
5475752
5475763
5475775
5475800
5475813
5475825
5475848
5475869
5475876
5475881
5475897
5475905
5475918
5475937
5475966
5475979
5475992
5476024
5476046
5476063
5476080
5476127
5476139
5476153
5476186
5476211
5476222
5476236
5476245
5476289
5476302
5476315
5476323
5476341
5476377
5476388
5476396
5476420
5476443
5476451
5476466
5476531
5476547
5476550
5476565
5476582
5476607
5476610
5476628
5476635
5476644
5476661
5476672
5476683
5476725
5476748
5476754
5476826
5476842
5476855
5476878
5476893
5476912
5476933
5476970
5476985
5476994
5477015
5477023
5477030
5477041
5477059
5477064
5477096
5477100
5477113
5477132
5477169
5477181
5477197
5477204
5477231
5477247
5477250
5477265
5477298
5477309
5477338
5477346
5477352
5477363
5477375
5477391
5477407
5477435
5477444
5477461
5477483
5477499
5477522
5477558
5477574
5477590
5477605
5477618
5477651
5477727
5477739
5477762
5477771
5477786
5477795
5477821
5477833
5477849
5477857
5477885
5477926
5477942
5477960
5477978
5477987
5477993
5478025
5478032
5478069
5478097
5478115
5478123
5478130
5478141
5478164
5478177
5478217
5478224
5478291
5478329
5478331
5478350
5478365
5478382
5478406
5478412
5478433
5478449
5478518
5478520
5478551
5478566
5478603
5478636
5478658
5478667
5478674
5478701
5478719
5478734
5478755
5478760
5478787
5478807
5478810
5478828
5478844
5478856
5478883
5478914
5478927
5478971
5478986
5479033
5479068
5479094
5479111
5479136
5479167
5479174
5479190
5479214
5479227
5479271
5479344
5479361
5479383
5479400
5479432
5479454
5479469
5479481
5479497
5479534
5479542
5479560
5479587
5479602
5479623
5479630
5479641
5479677
5479688
5479718
5479720
5479743
5479751
5479766
5479779
5479792
5479804
5479816
5479831
5479847
5479850
5479865
5479873
5479924
5479946
5479952
5479963
5479975
5479980
5480008
5480014
5480053
5480086
5480095
5480109
5480117
5480138
5480163
5480175
5480180
5480202
5480215
5480223
5480230
5480241
5480259
5480277
5480288
5480296
5480322
5480336
5480345
5480358
5480374
5480389
5480401
5480419
5480434
5480455
5480460
5480507
5480528
5480535
5480556
5480561
5480572
5480583
5480604
5480631
5480665
5480682
5480733
5480770
5480805
5480820
5480837
5480843
5480851
5480866
5480884
5480892
5480900
5480913
5480976
5481006
5481012
5481021
5481033
5481068
5481070
5481085
5481111
5481145
5481167
5481174
5481190
5481214
5481240
5481307
5481310
5481328
5481356
5481361
5481413
5481425
5481432
5481448
5481476
5481481
5481497
5481501
5481519
5481534
5481555
5481560
5481587
5481593
5481623
5481664
5481696
5481705
5481720
5481743
5481784
5481792
5481804
5481829
5481847
5481873
5481898
5481917
5481938
5481963
5481975
5481991
5482036
5482058
5482067
5482106
5482112
5482157
5482170
5482210
5482235
5482244
5482283
5482339
5482340
5482362
5482371
5482404
5482429
5482447
5482450
5482498
5482515
5482530
5482541
5482559
5482564
5482577
5482601
5482619
5482655
5482660
5482687
5482709
5482717
5482724
5482752
5482775
5482791
5482854
5482876
5482897
5482905
5482918
5482966
5482979
5482992
5483004
5483029
5483047
5483126
5483178
5483187
5483193
5483205
5483218
5483220
5483251
5483279
5483313
5483332
5483348
5483354
5483369
5483381
5483397
5483411
5483422
5483436
5483445
5483489
5483490
5483517
5483546
5483552
5483575
5483580
5483606
5483612
5483633
5483702
5483715
5483730
5483741
5483759
5483764
5483777
5483796
5483808
5483827
5483840
5483886
5483895
5483907
5483928
5483944
5483956
5483983
5483999
5484009
5484017
5484038
5484075
5484091
5484108
5484114
5484127
5484140
5484153
5484171
5484186
5484195
5484203
5484245
5484258
5484267
5484274
5484302
5484323
5484330
5484341
5484359
5484377
5484396
5484418
5484443
5484451
5484479
5484504
5484531
5484547
5484550
5484565
5484607
5484610
5484628
5484672
5484699
5484700
5484725
5484754
5484781
5484797
5484801
5484826
5484834
5484842
5484855
5484887
5484949
5484994
5485025
5485048
5485054
5485069
5485102
5485115
5485123
5485209
5485224
5485263
5485291
5485329
5485331
5485373
5485382
5485406
5485421
5485449
5485470
5485520
5485537
5485551
5485603
5485622
5485636
5485645
5485658
5485667
5485689
5485690
5485719
5485726
5485734
5485742
5485760
5485787
5485807
5485828
5485835
5485914
5485939
5485940
5485953
5485962
5485986
5485995
5486019
5486034
5486042
5486055
5486087
5486131
5486165
5486173
5486182
5486200
5486213
5486225
5486248
5486254
5486281
5486297
5486318
5486320
5486337
5486343
5486366
5486379
5486384
5486392
5486427
5486495
5486533
5486570
5486585
5486594
5486646
5486652
5486663
5486691
5486707
5486735
5486744
5486756
5486783
5486799
5486836
5486845
5486858
5486890
5486902
5486941
5486988
5487020
5487037
5487043
5487051
5487079
5487084
5487107
5487110
5487128
5487156
5487172
5487183
5487221
5487233
5487249
5487257
5487270
5487301
5487326
5487378
5487409
5487424
5487438
5487446
5487475
5487532
5487554
5487569
5487576
5487608
5487627
5487640
5487671
5487686
5487716
5487729
5487750
5487765
5487782
5487802
5487815
5487823
5487830
5487841
5487864
5487877
5487888
5487896
5487903
5487922
5487936
5487958
5487967
5487989
5487990
5488007
5488028
5488035
5488044
5488061
5488072
5488120
5488137
5488151
5488184
5488192
5488201
5488242
5488255
5488260
5488278
5488287
5488293
5488306
5488312
5488321
5488357
5488370
5488385
5488415
5488430
5488459
5488508
5488527
5488539
5488540
5488562
5488586
5488595
5488600
5488613
5488625
5488654
5488697
5488703
5488711
5488736
5488745
5488758
5488767
5488774
5488852
5488863
5488880
5488891
5488904
5488916
5488931
5488947
5488965
5489015
5489023
5489041
5489064
5489077
5489088
5489096
5489148
5489169
5489176
5489197
5489204
5489229
5489231
5489250
5489298
5489317
5489338
5489346
5489363
5489391
5489410
5489461
5489499
5489503
5489536
5489590
5489618
5489637
5489679
5489708
5489714
5489739
5489753
5489762
5489786
5489795
5489812
5489821
5489849
5489870
5489885
5489901
5489926
5489955
5489978
5489987
5489993
5490004
5490016
5490029
5490031
5490050
5490065
5490073
5490098
5490101
5490119
5490126
5490142
5490155
5490193
5490218
5490220
5490237
5490243
5490251
5490266
5490292
5490300
5490313
5490369
5490381
5490397
5490403
5490411
5490445
5490458
5490490
5490509
5490517
5490546
5490552
5490563
5490591
5490606
5490612
5490649
5490657
5490668
5490670
5490694
5490730
5490741
5490777
5490814
5490827
5490871
5490910
5490928
5490935
5490944
5490956
5490983
5490999
5491002
5491015
5491059
5491064
5491077
5491096
5491113
5491148
5491181
5491204
5491247
5491250
5491265
5491273
5491282
5491309
5491317
5491352
5491380
5491428
5491435
5491444
5491483
5491499
5491503
5491511
5491545
5491558
5491590
5491618
5491620
5491643
5491679
5491714
5491739
5491740
5491786
5491833
5491857
5491868
5491885
5491901
5491919
5491926
5491934
5491955
5491978
5491987
5492025
5492048
5492054
5492069
5492076
5492097
5492130
5492177
5492209
5492217
5492224
5492252
5492304
5492331
5492347
5492350
5492373
5492382
5492406
5492412
5492421
5492449
5492468
5492470
5492505
5492518
5492543
5492551
5492566
5492592
5492603
5492611
5492622
5492636
5492689
5492690
5492701
5492734
5492742
5492787
5492828
5492844
5492856
5492872
5492883
5492908
5492927
5492953
5492986
5492995
5493012
5493049
5493068
5493111
5493122
5493189
5493214
5493227
5493240
5493262
5493271
5493286
5493295
5493307
5493310
5493356
5493400
5493413
5493476
5493497
5493501
5493519
5493560
5493587
5493593
5493602
5493630
5493641
5493659
5493688
5493696
5493718
5493720
5493743
5493766
5493779
5493784
5493792
5493829
5493847
5493850
5493865
5493873
5493882
5493898
5493909
5493917
5493938
5493952
5494019
5494034
5494042
5494093
5494173
5494198
5494200
5494225
5494276
5494318
5494320
5494343
5494351
5494366
5494384
5494392
5494414
5494439
5494453
5494462
5494471
5494486
5494495
5494512
5494521
5494549
5494557
5494570
5494594
5494609
5494617
5494624
5494638
5494663
5494691
5494710
5494728
5494756
5494772
5494799
5494803
5494822
5494836
5494845
5494858
5494890
5494902
5494930
5494959
5495007
5495056
5495083
5495099
5495118
5495120
5495137
5495143
5495226
5495234
5495242
5495255
5495260
5495287
5495306
5495312
5495333
5495349
5495415
5495430
5495441
5495459
5495496
5495508
5495539
5495540
5495553
5495571
5495586
5495595
5495600
5495648
5495654
5495681
5495697
5495703
5495722
5495736
5495758
5495774
5495790
5495824
5495838
5495863
5495931
5495950
5496003
5496011
5496036
5496045
5496067
5496074
5496090
5496112
5496121
5496133
5496157
5496168
5496194
5496207
5496210
5496244
5496299
5496327
5496339
5496340
5496353
5496362
5496371
5496395
5496429
5496431
5496465
5496473
5496482
5496515
5496523
5496530
5496541
5496559
5496564
5496601
5496619
5496634
5496642
5496678
5496687
5496709
5496724
5496738
5496752
5496775
5496780
5496800
5496813
5496825
5496848
5496881
5496918
5496937
5496966
5496979
5496984
5497008
5497014
5497027
5497039
5497040
5497062
5497071
5497124
5497138
5497146
5497152
5497175
5497180
5497230
5497241
5497259
5497264
5497277
5497358
5497374
5497390
5497401
5497419
5497426
5497434
5497455
5497460
5497493
5497507
5497556
5497561
5497572
5497583
5497616
5497629
5497631
5497647
5497665
5497682
5497698
5497706
5497733
5497749
5497768
5497785
5497794
5497805
5497837
5497843
5497851
5497866
5497884
5497900
5497948
5497954
5497969
5497981
5497997
5498009
5498075
5498080
5498091
5498127
5498140
5498171
5498195
5498203
5498245
5498274
5498289
5498290
5498302
5498323
5498377
5498396
5498405
5498418
5498420
5498437
5498451
5498466
5498492
5498547
5498565
5498573
5498582
5498598
5498628
5498635
5498661
5498699
5498700
5498713
5498725
5498748
5498769
5498781
5498819
5498834
5498842
5498855
5498860
5498878
5498887
5498906
5498933
5498949
5498957
5498968
5498994
5499020
5499037
5499043
5499051
5499066
5499084
5499092
5499107
5499144
5499156
5499199
5499212
5499268
5499270
5499285
5499294
5499319
5499342
5499355
5499360
5499387
5499393
5499409
5499452
5499475
5499491
5499548
5499608
5499639
5499662
5499731
5499747
5499750
5499773
5499815
5499823
5499830
5499841
5499859
5499864
5499903
5499911
5499922
5499958
5499967
5499990
