4100312
4100333
4100838
4101678
4101848
4102816
4104936
4105759
4106849
4110080
4111177
4111224
4112059
4112919
4113385
4113676
4115383
4117822
4119106
4119502
4119678
4122416
4122577
4122966
4124153
4124341
4124547
4125914
4127989
4128056
4128321
4128430
4128745
4130101
4131806
4133103
4134034
4134281
4134728
4135571
4136897
4137419
4138236
4139662
4140398
4145390
4145733
4148342
4149713
4151573
4151906
4153617
4153915
4156895
4157102
4159539
4160609
4161441
4161875
4163222
4164119
4166948
4168094
4168122
4168534
4168587
4168963
4169971
4170227
4171729
4173148
4173868
4174431
4177220
4178042
4178707
4179706
4179712
4181215
4182139
4185225
4185568
4185783
4189284
4192902
4194010
4194234
4195210
4196582
4197231
4199593
