5400019
5400042
5400078
5400093
5400116
5400131
5400150
5400182
5400198
5400225
5400248
5400281
5400297
5400305
5400318
5400337
5400384
5400440
5400462
5400506
5400533
5400557
5400570
5400609
5400675
5400691
5400707
5400811
5400858
5400867
5400874
5400889
5400923
5400964
5400977
5400988
5401007
5401035
5401044
5401056
5401083
5401099
5401118
5401137
5401166
5401179
5401184
5401201
5401219
5401226
5401234
5401242
5401255
5401260
5401287
5401306
5401385
5401402
5401415
5401423
5401430
5401441
5401488
5401508
5401514
5401527
5401539
5401540
5401562
5401571
5401586
5401595
5401625
5401632
5401669
5401697
5401722
5401745
5401789
5401838
5401846
5401863
5401875
5401929
5401973
5402018
5402084
5402092
5402156
5402172
5402212
5402221
5402249
5402294
5402326
5402446
5402475
5402480
5402500
5402513
5402525
5402554
5402576
5402581
5402627
5402653
5402671
5402782
5402798
5402815
5402830
5402841
5402888
5402945
5402958
5402989
5402990
5403009
5403017
5403046
5403075
5403127
5403139
5403140
5403162
5403171
5403186
5403211
5403222
5403245
5403267
5403274
5403289
5403302
5403315
5403341
5403359
5403396
5403418
5403479
5403516
5403531
5403628
5403699
5403700
5403748
5403754
5403769
5403797
5403826
5403834
5403878
5403949
5404016
5404031
5404073
5404098
5404101
5404119
5404126
5404237
5404243
5404251
5404266
5404279
5404284
5404376
5404403
5404411
5404422
5404458
5404490
5404538
5404546
5404580
5404591
5404612
5404621
5404668
5404670
5404694
5404715
5404777
5404788
5404796
5404808
5404827
5404840
5404871
5404944
5404956
5404961
5404972
5405030
5405041
5405059
5405077
5405096
5405100
5405181
5405231
5405250
5405265
5405282
5405309
5405375
5405391
5405407
5405410
5405472
5405511
5405522
5405536
5405545
5405567
5405574
5405618
5405620
5405651
5405666
5405692
5405727
5405739
5405762
5405806
5405821
5405868
5405870
5405926
5405934
5405978
5405987
5406053
5406062
5406071
5406086
5406124
5406146
5406163
5406191
5406215
5406230
5406277
5406288
5406303
5406322
5406336
5406358
5406389
5406401
5406442
5406455
5406556
5406561
5406604
5406665
5406673
5406698
5406706
5406721
5406768
5406785
5406820
5406837
5406843
5406884
5406892
5406913
5406932
5406948
5406981
5407011
5407022
5407045
5407067
5407089
5407112
5407133
5407157
5407228
5407283
5407308
5407314
5407386
5407395
5407404
5407450
5407473
5407530
5407559
5407564
5407619
5407634
5407642
5407678
5407724
5407738
5407763
5407800
5407813
5407832
5407869
5407979
5407984
5407992
5408006
5408012
5408033
5408070
5408085
5408122
5408145
5408158
5408214
5408262
5408271
5408307
5408335
5408413
5408454
5408469
5408501
5408519
5408534
5408555
5408560
5408593
5408615
5408623
5408688
5408696
5408705
5408737
5408751
5408816
5408829
5408850
5408865
5408924
5408952
5409000
5409032
5409048
5409069
5409097
5409102
5409115
5409159
5409177
5409196
5409263
5409280
5409291
5409316
5409350
5409365
5409373
5409382
5409421
5409433
5409470
5409494
5409505
5409518
5409551
5409579
5409603
5409622
5409636
5409719
5409726
5409778
5409787
5409807
5409835
5409861
5409883
5409899
5409940
5409962
5409986
5410011
5410067
5410074
5410149
5410168
5410185
5410194
5410207
5410228
5410235
5410256
5410261
5410283
5410314
5410327
5410339
5410353
5410386
5410404
5410429
5410431
5410447
5410523
5410559
5410601
5410655
5410693
5410717
5410724
5410738
5410746
5410752
5410763
5410780
5410800
5410832
5410854
5410869
5411009
5411038
5411046
5411052
5411091
5411139
5411186
5411195
5411203
5411211
5411236
5411258
5411289
5411290
5411315
5411341
5411364
5411388
5411396
5411420
5411484
5411516
5411547
5411565
5411610
5411700
5411713
5411725
5411732
5411748
5411776
5411797
5411826
5411834
5411860
5411878
5411968
5411970
5411985
5411994
5412014
5412040
5412053
5412062
5412071
5412124
5412175
5412191
5412202
5412288
5412311
5412345
5412374
5412401
5412419
5412426
5412434
5412478
5412493
5412528
5412535
5412556
5412583
5412631
5412698
5412706
5412712
5412721
5412820
5412866
5412892
5412913
5412925
5412969
5412981
5412997
5413034
5413060
5413087
5413116
5413131
5413147
5413150
5413165
5413213
5413225
5413232
5413269
5413276
5413305
5413320
5413351
5413379
5413384
5413440
5413486
5413495
5413506
5413533
5413549
5413557
5413568
5413585
5413594
5413617
5413624
5413652
5413675
5413691
5413707
5413710
5413822
5413836
5413845
5413858
5413867
5413874
5413890
5413923
5413959
5414012
5414057
5414070
5414085
5414145
5414158
5414167
5414174
5414189
5414190
5414208
5414271
5414295
5414328
5414344
5414399
5414400
5414425
5414448
5414454
5414526
5414542
5414555
5414560
5414593
5414615
5414743
5414804
5414829
5414847
5414850
5414873
5414909
5414938
5414963
5414975
5414980
5415018
5415037
5415043
5415066
5415092
5415107
5415110
5415128
5415144
5415156
5415183
5415221
5415249
5415257
5415268
5415285
5415294
5415326
5415360
5415393
5415409
5415463
5415475
5415500
5415548
5415576
5415608
5415614
5415662
5415671
5415686
5415695
5415704
5415716
5415729
5415747
5415750
5415765
5415798
5415823
5415864
5415888
5415903
5415911
5415922
5415936
5415974
5415989
5416004
5416047
5416050
5416073
5416098
5416101
5416119
5416126
5416155
5416187
5416218
5416220
5416237
5416243
5416279
5416284
5416292
5416300
5416325
5416348
5416354
5416369
5416403
5416411
5416445
5416474
5416489
5416490
5416509
5416517
5416538
5416546
5416563
5416580
5416606
5416612
5416657
5416670
5416685
5416694
5416715
5416723
5416730
5416759
5416796
5416814
5416827
5416839
5416886
5416895
5416944
5416999
5417013
5417025
5417048
5417076
5417081
5417102
5417177
5417217
5417246
5417252
5417263
5417304
5417329
5417331
5417373
5417382
5417449
5417470
5417543
5417551
5417584
5417592
5417611
5417674
5417701
5417719
5417742
5417778
5417810
5417828
5417835
5417927
5417962
5417995
5418002
5418015
5418030
5418077
5418096
5418100
5418132
5418181
5418204
5418216
5418247
5418250
5418265
5418309
5418338
5418346
5418363
5418375
5418380
5418407
5418410
5418456
5418472
5418483
5418522
5418567
5418574
5418589
5418618
5418692
5418708
5418714
5418739
5418740
5418762
5418786
5418849
5418955
5418960
5419028
5419056
5419061
5419099
5419118
5419143
5419151
5419166
5419192
5419242
5419278
5419306
5419321
5419349
5419357
5419368
5419385
5419394
5419402
5419415
5419423
5419441
5419488
5419514
5419527
5419539
5419586
5419595
5419654
5419669
5419711
5419745
5419774
5419809
5419817
5419824
5419838
5419846
5419863
5419880
5419916
5419929
5419931
5419947
5419965
5420049
5420057
5420085
5420103
5420111
5420122
5420208
5420214
5420227
5420239
5420271
5420286
5420295
5420307
5420328
5420335
5420356
5420361
5420372
5420400
5420413
5420425
5420448
5420454
5420526
5420623
5420659
5420677
5420688
5420718
5420784
5420792
5420829
5420865
5420873
5420898
5420909
5420917
5420938
5420952
5420991
5421037
5421066
5421079
5421084
5421092
5421135
5421206
5421212
5421221
5421233
5421270
5421334
5421355
5421360
5421378
5421393
5421417
5421424
5421446
5421500
5421513
5421525
5421548
5421608
5421627
5421653
5421662
5421671
5421686
5421731
5421750
5421823
5421830
5421841
5421888
5421896
5421936
5421967
5421990
5422007
5422028
5422044
5422056
5422061
5422072
5422083
5422099
5422105
5422118
5422120
5422166
5422179
5422184
5422201
5422226
5422234
5422242
5422278
5422293
5422312
5422333
5422349
5422370
5422385
5422402
5422430
5422441
5422496
5422527
5422539
5422540
5422553
5422600
5422654
5422676
5422846
5422891
5422929
5422931
5422973
5422982
5423002
5423015
5423030
5423059
5423113
5423125
5423148
5423169
5423197
5423298
5423324
5423338
5423352
5423380
5423391
5423435
5423444
5423499
5423574
5423637
5423643
5423651
5423666
5423708
5423714
5423739
5423762
5423786
5423812
5423821
5423849
5423868
5423870
5423934
5423960
5423993
5424011
5424067
5424112
5424157
5424168
5424170
5424185
5424207
5424228
5424235
5424261
5424327
5424339
5424371
5424447
5424465
5424502
5424515
5424559
5424577
5424596
5424626
5424642
5424655
5424660
5424678
5424693
5424738
5424752
5424763
5424813
5424848
5424876
5424905
5424918
5424920
5424937
5424943
5424951
5424979
5424984
5425024
5425038
5425080
5425108
5425139
5425140
5425153
5425171
5425186
5425203
5425211
5425222
5425236
5425245
5425289
5425364
5425377
5425388
5425418
5425443
5425451
5425484
5425516
5425531
5425547
5425582
5425607
5425610
5425656
5425661
5425672
5425683
5425700
5425748
5425769
5425797
5425819
5425826
5425834
5425878
5425893
5425906
5425921
5425949
5425970
5426000
5426141
5426177
5426188
5426196
5426224
5426238
5426252
5426263
5426275
5426280
5426291
5426316
5426331
5426373
5426382
5426406
5426470
5426537
5426543
5426566
5426667
5426674
5426726
5426734
5426793
5426810
5426828
5426835
5426883
5426953
5426986
5426995
5427050
5427101
5427119
5427134
5427160
5427178
5427187
5427193
5427243
5427279
5427300
5427325
5427369
5427376
5427403
5427411
5427467
5427490
5427509
5427524
5427538
5427563
5427580
5427606
5427612
5427621
5427633
5427649
5427657
5427685
5427694
5427715
5427730
5427741
5427777
5427796
5427808
5427839
5427853
5427910
5427935
5427944
5427956
5428026
5428034
5428060
5428087
5428093
5428131
5428150
5428182
5428198
5428200
5428248
5428254
5428269
5428276
5428305
5428318
5428320
5428392
5428414
5428439
5428440
5428495
5428512
5428521
5428557
5428568
5428594
5428609
5428617
5428652
5428663
5428680
5428710
5428728
5428756
5428803
5428811
5428836
5428858
5428867
5428902
5428930
5428964
5428996
5429014
5429039
5429040
5429062
5429095
5429109
5429117
5429124
5429152
5429180
5429191
5429230
5429241
5429259
5429288
5429322
5429419
5429434
5429460
5429487
5429493
5429561
5429583
5429599
5429604
5429616
5429631
5429650
5429665
5429682
5429712
5429721
5429749
5429757
5429768
5429785
5429794
5429837
5429981
5429997
5430015
5430023
5430030
5430041
5430077
5430088
5430125
5430148
5430154
5430216
5430231
5430273
5430317
5430346
5430352
5430363
5430375
5430407
5430435
5430456
5430461
5430499
5430511
5430536
5430545
5430567
5430590
5430620
5430643
5430666
5430692
5430727
5430740
5430762
5430771
5430786
5430806
5430821
5430849
5430901
5430926
5430934
5430978
5431014
5431053
5431117
5431124
5431138
5431146
5431152
5431191
5431215
5431241
5431303
5431336
5431358
5431401
5431419
5431426
5431460
5431493
5431510
5431528
5431616
5431629
5431650
5431673
5431706
5431712
5431757
5431768
5431794
5431805
5431820
5431879
5431976
5432009
5432017
5432108
5432127
5432153
5432171
5432186
5432195
5432203
5432211
5432302
5432315
5432359
5432377
5432388
5432396
5432405
5432418
5432420
5432437
5432443
5432504
5432628
5432683
5432699
5432700
5432725
5432754
5432776
5432819
5432855
5432878
5432912
5432949
5432994
5433005
5433092
5433110
5433135
5433156
5433212
5433233
5433249
5433301
5433326
5433360
5433378
5433393
5433409
5433438
5433446
5433480
5433491
5433500
5433532
5433554
5433581
5433597
5433614
5433662
5433729
5433782
5433798
5433823
5433830
5433859
5433888
5433903
5433945
5433989
5434000
5434013
5434069
5434102
5434115
5434159
5434177
5434188
5434196
5434209
5434217
5434238
5434246
5434275
5434304
5434316
5434329
5434347
5434421
5434433
5434449
5434457
5434468
5434470
5434494
5434520
5434537
5434543
5434551
5434566
5434579
5434584
5434622
5434742
5434760
5434778
5434793
5434835
5434861
5434940
5434962
5434971
5434986
5435001
5435019
5435042
5435055
5435060
5435078
5435087
5435129
5435131
5435147
5435182
5435232
5435269
5435276
5435297
5435337
5435343
5435351
5435392
5435408
5435439
5435440
5435453
5435486
5435506
5435557
5435568
5435585
5435594
5435609
5435624
5435646
5435652
5435675
5435680
5435691
5435710
5435735
5435761
5435783
5435822
5435836
5435858
5435874
5435890
5435902
5435930
5435941
5435964
5436056
5436061
5436072
5436179
5436184
5436201
5436255
5436260
5436287
5436293
5436333
5436349
5436357
5436368
5436370
5436402
5436441
5436464
5436488
5436508
5436539
5436586
5436600
5436625
5436648
5436669
5436676
5436697
5436703
5436736
5436809
5436824
5436863
5436891
5436904
5436931
5436950
5436965
5436982
5436998
5437006
5437012
5437049
5437057
5437070
5437122
5437136
5437167
5437227
5437253
5437262
5437310
5437372
5437383
5437400
5437425
5437469
5437476
5437501
5437519
5437534
5437555
5437560
5437578
5437587
5437593
5437602
5437615
5437623
5437659
5437664
5437688
5437705
5437718
5437737
5437743
5437792
5437804
5437816
5437829
5437831
5437847
5437850
5437865
5437898
5437909
5437980
5437991
5438036
5438045
5438058
5438074
5438089
5438121
5438133
5438157
5438170
5438185
5438194
5438272
5438314
5438339
5438340
5438362
5438395
5438429
5438447
5438473
5438502
5438515
5438577
5438626
5438660
5438687
5438693
5438709
5438717
5438752
5438775
5438791
5438825
5438832
5438869
5438881
5438920
5438966
5438984
5439029
5439031
5439050
5439065
5439098
5439119
5439126
5439134
5439142
5439160
5439178
5439218
5439220
5439237
5439251
5439284
5439300
5439325
5439332
5439348
5439354
5439376
5439381
5439403
5439436
5439474
5439489
5439490
5439538
5439546
5439563
5439580
5439606
5439633
5439685
5439723
5439741
5439777
5439796
5439814
5439862
5439928
5439961
5440024
5440038
5440046
5440052
5440063
5440075
5440091
5440153
5440186
5440195
5440289
5440330
5440359
5440364
5440405
5440479
5440492
5440504
5440529
5440531
5440547
5440550
5440565
5440573
5440598
5440607
5440610
5440628
5440635
5440656
5440700
5440748
5440754
5440801
5440826
5440834
5440842
5440893
5440912
5440921
5440933
5440949
5440970
5440994
5441000
5441025
5441032
5441048
5441054
5441081
5441097
5441177
5441217
5441224
5441252
5441275
5441280
5441304
5441331
5441350
5441365
5441373
5441518
5441537
5441579
5441592
5441645
5441658
5441667
5441734
5441778
5441807
5441810
5441828
5441844
5441856
5441883
5441899
5441914
5441939
5441962
5441971
5441986
5442023
5442030
5442096
5442100
5442113
5442125
5442148
5442169
5442197
5442247
5442265
5442273
5442282
5442309
5442324
5442338
5442346
5442391
5442407
5442410
5442456
5442461
5442483
5442558
5442567
5442590
5442651
5442714
5442762
5442786
5442806
5442812
5442857
5442868
5442942
5443035
5443072
5443105
5443137
5443166
5443179
5443219
5443226
5443255
5443260
5443293
5443306
5443312
5443333
5443357
5443370
5443394
5443402
5443415
5443423
5443459
5443477
5443488
5443508
5443553
5443571
5443600
5443632
5443648
5443736
5443774
5443789
5443790
5443809
5443817
5443863
5443875
5443891
5443904
5443947
5443965
5444008
5444027
5444040
5444053
5444109
5444146
5444152
5444163
5444175
5444180
5444202
5444215
5444230
5444296
5444311
5444419
5444455
5444460
5444478
5444535
5444572
5444583
5444629
5444647
5444650
5444665
5444673
5444721
5444749
5444757
5444768
5444785
5444818
5444879
5444892
5444925
5444932
5444954
5444981
5444997
5445006
5445033
5445068
5445070
5445094
5445122
5445145
5445167
5445174
5445239
5445286
5445361
5445413
5445432
5445501
5445519
5445526
5445534
5445542
5445560
5445587
5445593
5445602
5445659
5445664
5445677
5445688
5445696
5445720
5445751
5445766
5445829
5445865
5445917
5445975
5445980
5446005
5446020
5446037
5446043
5446092
5446110
5446128
5446156
5446161
5446172
5446233
5446249
5446268
5446285
5446301
5446319
5446334
5446342
5446355
5446387
5446393
5446438
5446446
5446463
5446500
5446532
5446548
5446576
5446614
5446653
5446671
5446695
5446729
5446747
5446765
5446773
5446782
5446798
5446815
5446888
5446896
5446903
5446989
5446990
5447026
5447042
5447055
5447060
5447087
5447129
5447182
5447200
5447225
5447281
5447297
5447305
5447337
5447343
5447351
5447379
5447440
5447453
5447471
5447506
5447512
5447521
5447533
5447594
5447609
5447617
5447638
5447675
5447728
5447811
5447822
5447836
5447845
5447889
5447902
5447959
5447988
5448016
5448029
5448050
5448065
5448073
5448082
5448098
5448142
5448160
5448205
5448218
5448243
5448251
5448266
5448279
5448284
5448292
5448313
5448348
5448354
5448458
5448467
5448474
5448490
5448509
5448517
5448538
5448546
5448552
5448575
5448606
5448621
5448633
5448668
5448670
5448694
5448730
5448759
5448764
5448788
5448814
5448871
5448907
5448910
5448944
5448956
5449011
5449045
5449089
5449121
5449149
5449185
5449228
5449244
5449299
5449340
5449371
5449386
5449395
5449404
5449450
5449473
5449502
5449523
5449530
5449541
5449577
5449660
5449717
5449724
5449738
5449780
5449791
5449800
5449848
5449869
5449876
5449920
5449966
5449984
5450028
5450044
5450056
5450083
5450099
5450120
5450143
5450151
5450166
5450179
5450184
5450192
5450201
5450226
5450234
5450368
5450385
5450394
5450402
5450415
5450423
5450430
5450441
5450488
5450496
5450508
5450527
5450571
5450586
5450648
5450676
5450697
5450703
5450722
5450736
5450745
5450758
5450767
5450774
5450790
5450824
5450838
5450846
5450863
5450916
5450965
5450973
5450982
5451045
5451067
5451089
5451090
5451106
5451112
5451121
5451133
5451149
5451157
5451210
5451256
5451261
5451283
5451327
5451339
5451353
5451371
5451395
5451429
5451450
5451523
5451634
5451660
5451678
5451693
5451738
5451746
5451763
5451813
5451854
5451869
5451876
5451897
5451920
5451992
5452033
5452068
5452070
5452085
5452103
5452122
5452136
5452208
5452214
5452240
5452271
5452286
5452328
5452335
5452344
5452361
5452383
5452413
5452469
5452476
5452481
5452497
5452526
5452534
5452542
5452578
5452587
5452641
5452659
5452696
5452718
5452737
5452751
5452792
5452831
5452850
5452865
5452873
5452882
5452898
5452917
5452924
5452938
5452963
5452991
5453000
5453013
5453032
5453048
5453054
5453076
5453097
5453102
5453141
5453164
5453177
5453224
5453238
5453252
5453263
5453280
5453291
5453350
5453382
5453412
5453449
5453457
5453468
5453485
5453494
5453505
5453611
5453645
5453658
5453701
5453734
5453742
5453807
5453856
5453872
5453939
5453953
5453962
5453971
5454005
5454018
5454020
5454043
5454051
5454066
5454092
5454107
5454110
5454144
5454172
5454199
5454206
5454212
5454257
5454285
5454294
5454319
5454334
5454342
5454378
5454387
5454409
5454438
5454446
5454463
5454525
5454532
5454548
5454554
5454569
5454576
5454581
5454597
5454608
5454639
5454640
5454686
5454695
5454729
5454747
5454773
5454798
5454802
5454815
5454823
5454859
5454864
5454877
5454903
5454958
5454967
5454989
5454990
5455016
5455050
5455065
5455073
5455101
5455119
5455134
5455155
5455187
5455193
5455205
5455284
5455300
5455325
5455332
5455348
5455354
5455381
5455397
5455422
5455436
5455489
5455490
5455524
5455563
5455591
5455606
5455649
5455657
5455668
5455694
5455702
5455759
5455764
5455777
5455796
5455886
5455895
5455928
5455972
5456015
5456041
5456064
5456077
5456088
5456113
5456125
5456148
5456154
5456181
5456197
5456204
5456229
5456250
5456298
5456309
5456324
5456346
5456435
5456461
5456483
5456522
5456558
5456567
5456589
5456605
5456620
5456714
5456727
5456771
5456812
5456857
5456868
5456885
5456901
5456919
5456926
5456934
5456955
5456987
5456993
5457009
5457017
5457046
5457052
5457063
5457108
5457114
5457140
5457153
5457162
5457171
5457195
5457211
5457289
5457330
5457359
5457364
5457388
5457396
5457420
5457443
5457504
5457547
5457598
5457610
5457635
5457699
5457700
5457725
5457769
5457801
5457819
5457834
5457855
5457860
5457970
5458027
5458039
5458040
5458053
5458086
5458117
5458152
5458163
5458175
5458180
5458202
5458259
5458264
5458296
5458322
5458345
5458374
5458390
5458434
5458460
5458510
5458631
5458665
5458673
5458682
5458733
5458757
5458794
5458818
5458884
5458932
5458948
5458969
5458976
5458981
5459001
5459042
5459078
5459093
5459104
5459116
5459165
5459200
5459248
5459297
5459343
5459440
5459453
5459471
5459486
5459495
5459506
5459521
5459549
5459557
5459594
5459617
5459646
5459652
5459675
5459680
5459691
5459728
5459803
5459811
5459822
5459867
5459915
5459923
5459930
5459941
5459977
5459996
5460013
5460025
5460097
5460102
5460130
5460164
5460188
5460196
5460263
5460304
5460329
5460331
5460347
5460350
5460365
5460406
5460468
5460485
5460494
5460518
5460520
5460537
5460566
5460592
5460611
5460622
5460658
5460674
5460690
5460701
5460726
5460734
5460787
5460793
5460835
5460883
5460908
5460914
5460939
5460940
5460953
5461019
5461026
5461034
5461042
5461060
5461078
5461104
5461129
5461131
5461147
5461165
5461173
5461182
5461213
5461248
5461276
5461281
5461297
5461318
5461320
5461337
5461379
5461414
5461440
5461453
5461486
5461495
5461506
5461512
5461570
5461624
5461652
5461675
5461707
5461710
5461756
5461822
5461836
5461845
5461858
5461902
5461930
5461941
5461964
5461988
5461996
5462016
5462029
5462047
5462073
5462119
5462134
5462142
5462178
5462205
5462218
5462266
5462279
5462284
5462292
5462313
5462348
5462354
5462381
5462397
5462411
5462436
5462474
5462509
5462563
5462575
5462591
5462633
5462670
5462685
5462715
5462723
5462764
5462777
5462796
5462808
5462839
5462871
5462886
5462895
5462935
5462944
5462961
5462999
5463045
5463058
5463089
5463090
5463106
5463121
5463194
5463235
5463256
5463261
5463299
5463339
5463416
5463429
5463465
5463541
5463596
5463601
5463619
5463626
5463687
5463693
5463738
5463780
5463791
5463832
5463876
5463905
5463918
5463966
5464002
5464041
5464064
5464125
5464169
5464229
5464324
5464363
5464375
5464391
5464428
5464461
5464472
5464503
5464511
5464522
5464545
5464558
5464567
5464590
5464605
5464618
5464620
5464637
5464651
5464684
5464692
5464708
5464727
5464762
5464849
5464857
5464870
5464901
5464919
5464926
5464955
5464987
5465062
5465071
5465095
5465124
5465146
5465191
5465202
5465215
5465241
5465277
5465288
5465296
5465303
5465311
5465390
5465401
5465478
5465510
5465528
5465561
5465572
5465599
5465629
5465631
5465647
5465665
5465682
5465698
5465706
5465733
5465837
5465884
5465900
5465913
5465925
5465932
5466006
5466012
5466033
5466049
5466085
5466103
5466111
5466167
5466227
5466239
5466240
5466253
5466262
5466271
5466295
5466310
5466335
5466372
5466383
5466413
5466448
5466469
5466497
5466501
5466542
5466560
5466593
5466602
5466615
5466630
5466641
5466677
5466696
5466737
5466751
5466784
5466792
5466829
5466847
5466850
5466865
5466898
5466909
5466924
5466938
5466946
5466991
5467028
5467056
5467099
5467105
5467118
5467137
5467143
5467179
5467192
5467201
5467226
5467234
5467242
5467255
5467278
5467293
5467306
5467312
5467368
5467394
5467402
5467423
5467430
5467441
5467477
5467527
5467540
5467553
5467562
5467595
5467697
5467736
5467767
5467817
5467852
5467875
5467880
5467904
5467947
5468084
5468107
5468156
5468161
5468172
5468183
5468221
5468233
5468268
5468294
5468319
5468326
5468360
5468387
5468417
5468475
5468500
5468548
5468569
5468576
5468597
5468639
5468640
5468671
5468704
5468731
5468747
5468750
5468798
5468823
5468841
5468859
5468864
5468888
5468896
5468911
5468945
5468958
5468967
5468974
5468989
5469024
5469046
5469080
5469108
5469127
5469153
5469222
5469245
5469290
5469302
5469315
5469330
5469377
5469405
5469437
5469443
5469451
5469479
5469492
5469531
5469598
5469628
5469644
5469656
5469661
5469713
5469725
5469748
5469769
5469819
5469855
5469906
5469933
5469949
5469970
5469985
5470018
5470020
5470043
5470066
5470079
5470084
5470144
5470156
5470199
5470221
5470233
5470249
5470257
5470268
5470342
5470387
5470409
5470500
5470513
5470548
5470554
5470576
5470597
5470608
5470627
5470662
5470731
5470750
5470782
5470841
5470922
5470936
5470989
5470990
5471016
5471029
5471031
5471073
5471126
5471142
5471155
5471187
5471193
5471205
5471220
5471237
5471251
5471292
5471325
5471411
5471436
5471467
5471517
5471524
5471538
5471552
5471563
5471612
5471621
5471685
5471694
5471702
5471715
5471723
5471827
5471839
5471840
5471871
5471895
5471907
5471910
5471928
5471944
5471956
5471961
5472019
5472060
5472087
5472093
5472150
5472182
5472200
5472225
5472232
5472337
5472351
5472379
5472408
5472439
5472462
5472471
5472486
5472506
5472521
5472533
5472549
5472568
5472594
5472638
5472646
5472652
5472675
5472680
5472707
5472710
5472772
5472811
5472874
5472915
5472941
5472959
5472964
5472977
5473008
5473053
5473071
5473086
5473152
5473180
5473202
5473241
5473277
5473288
5473345
5473358
5473374
5473419
5473426
5473434
5473442
5473455
5473478
5473507
5473556
5473599
5473616
5473650
5473665
5473785
5473805
5473818
5473884
5473948
5473954
5473969
5473997
5474007
5474061
5474118
5474143
5474184
5474201
5474242
5474260
5474278
5474287
5474293
5474312
5474321
5474385
5474394
5474430
5474441
5474496
5474514
5474539
5474540
5474562
5474571
5474595
5474613
5474625
5474648
5474654
5474669
5474676
5474681
5474711
5474722
5474758
5474767
5474809
5474817
5474852
5474863
5474880
5474891
5474929
5474950
5474998
5475089
5475090
5475157
5475168
5475170
5475207
5475244
5475256
5475261
5475308
5475339
5475353
5475386
5475395
5475404
5475416
5475429
5475431
5475450
5475473
5475498
5475515
5475530
5475559
5475601
5475634
5475655
5475687
5475724
5475738
5475746
5475791
5475832
5475854
5475943
5475951
5475984
5476017
5476038
5476052
5476075
5476091
5476108
5476114
5476140
5476162
5476195
5476258
5476267
5476290
5476359
5476405
5476418
5476437
5476479
5476484
5476492
5476516
5476529
5476573
5476598
5476699
5476700
5476732
5476776
5476781
5476801
5476819
5476860
5476887
5476906
5476921
5476949
5476957
5476968
5477002
5477077
5477088
5477154
5477176
5477229
5477273
5477282
5477317
5477380
5477410
5477428
5477456
5477472
5477503
5477511
5477545
5477589
5477620
5477637
5477643
5477666
5477679
5477692
5477740
5477806
5477812
5477868
5477870
5477894
5477934
5477955
5478013
5478048
5478054
5478076
5478102
5478159
5478196
5478209
5478238
5478246
5478252
5478263
5478275
5478280
5478304
5478347
5478373
5478421
5478457
5478468
5478470
5478505
5478537
5478579
5478584
5478592
5478611
5478645
5478689
5478690
5478726
5478778
5478793
5478835
5478861
5478872
5478899
5478908
5478939
5478940
5478953
5478962
5479006
5479012
5479021
5479085
5479103
5479122
5479145
5479158
5479189
5479208
5479239
5479240
5479253
5479262
5479286
5479295
5479307
5479310
5479328
5479335
5479356
5479399
5479425
5479448
5479476
5479501
5479519
5479526
5479578
5479615
5479659
5479664
5479696
5479705
5479737
5479784
5479882
5479898
5479909
5479917
5479938
5480027
5480039
5480071
5480124
5480152
5480191
5480264
5480311
5480367
5480390
5480426
5480442
5480478
5480487
5480493
5480510
5480599
5480616
5480629
5480650
5480673
5480698
5480706
5480712
5480721
5480749
5480757
5480768
5480785
5480794
5480925
5480948
5480954
5480981
5480997
5481049
5481057
5481103
5481122
5481136
5481158
5481208
5481239
5481253
5481262
5481271
5481286
5481335
5481344
5481372
5481399
5481400
5481469
5481578
5481602
5481615
5481630
5481641
5481659
5481677
5481688
5481718
5481737
5481766
5481779
5481816
5481831
5481850
5481865
5481882
5481909
5481924
5481946
5481980
5482011
5482022
5482045
5482074
5482089
5482090
5482121
5482133
5482149
5482168
5482185
5482194
5482207
5482228
5482256
5482261
5482299
5482308
5482314
5482327
5482353
5482386
5482395
5482416
5482431
5482465
5482473
5482482
5482502
5482523
5482588
5482596
5482626
5482634
5482642
5482678
5482693
5482738
5482746
5482763
5482780
5482813
5482825
5482848
5482869
5482881
5482920
5482937
5482943
5482951
5482984
5483016
5483031
5483065
5483082
5483098
5483101
5483119
5483134
5483142
5483155
5483160
5483237
5483243
5483266
5483284
5483292
5483300
5483403
5483458
5483467
5483474
5483509
5483524
5483538
5483563
5483591
5483621
5483649
5483657
5483668
5483670
5483694
5483723
5483788
5483814
5483839
5483853
5483862
5483871
5483910
5483935
5483972
5484046
5484052
5484080
5484211
5484222
5484236
5484289
5484290
5484315
5484364
5484388
5484405
5484420
5484437
5484466
5484492
5484516
5484529
5484573
5484582
5484598
5484635
5484644
5484656
5484661
5484713
5484769
5484776
5484819
5484860
5484878
5484893
5484906
5484912
5484933
5484957
5484968
5484970
5484985
5485000
5485013
5485032
5485076
5485081
5485097
5485130
5485141
5485159
5485164
5485177
5485188
5485238
5485252
5485275
5485280
5485316
5485347
5485365
5485398
5485412
5485433
5485457
5485468
5485494
5485505
5485518
5485543
5485579
5485584
5485611
5485674
5485701
5485755
5485793
5485810
5485844
5485861
5485872
5485883
5485908
5485927
5486001
5486026
5486060
5486078
5486093
5486104
5486116
5486129
5486147
5486150
5486198
5486269
5486305
5486414
5486439
5486440
5486453
5486462
5486471
5486486
5486506
5486512
5486521
5486549
5486557
5486568
5486609
5486617
5486624
5486638
5486675
5486680
5486710
5486728
5486761
5486772
5486803
5486811
5486822
5486867
5486874
5486889
5486915
5486923
5486930
5486959
5486977
5486996
5487005
5487018
5487066
5487092
5487135
5487144
5487161
5487199
5487206
5487212
5487285
5487294
5487342
5487355
5487360
5487387
5487452
5487463
5487491
5487500
5487525
5487548
5487581
5487597
5487614
5487639
5487662
5487695
5487704
5487731
5487747
5487798
5487859
5487911
5487945
5487974
5488010
5488056
5488083
5488099
5488105
5488118
5488143
5488166
5488179
5488219
5488226
5488234
5488333
5488349
5488368
5488423
5488441
5488464
5488477
5488488
5488514
5488553
5488571
5488648
5488669
5488676
5488681
5488722
5488789
5488809
5488817
5488838
5488846
5488875
5488929
5488973
5488982
5488998
5489002
5489059
5489100
5489113
5489125
5489132
5489181
5489216
5489247
5489265
5489273
5489309
5489324
5489375
5489380
5489407
5489428
5489456
5489483
5489511
5489522
5489545
5489558
5489567
5489574
5489589
5489605
5489643
5489651
5489666
5489692
5489727
5489771
5489806
5489833
5489857
5489868
5489894
5489919
5489934
5489942
5489960
5490082
5490134
5490160
5490178
5490187
5490205
5490279
5490325
5490332
5490348
5490376
5490422
5490467
5490474
5490524
5490538
5490575
5490580
5490621
5490633
5490685
5490702
5490723
5490764
5490788
5490796
5490808
5490839
5490840
5490853
5490862
5490886
5490895
5490907
5491023
5491030
5491088
5491100
5491132
5491154
5491169
5491197
5491216
5491229
5491231
5491298
5491324
5491338
5491346
5491363
5491391
5491407
5491410
5491461
5491522
5491536
5491567
5491574
5491589
5491605
5491637
5491651
5491666
5491727
5491753
5491762
5491771
5491806
5491812
5491821
5491849
5491870
5491894
5491942
5491960
5491993
5492013
5492032
5492102
5492115
5492123
5492141
5492159
5492188
5492238
5492246
5492263
5492280
5492291
5492316
5492329
5492365
5492398
5492433
5492457
5492485
5492494
5492520
5492537
5492579
5492584
5492645
5492658
5492667
5492674
5492719
5492726
5492760
5492793
5492807
5492810
5492899
5492939
5492940
5492962
5492971
5493006
5493021
5493033
5493057
5493070
5493094
5493103
5493136
5493145
5493158
5493167
5493174
5493190
5493208
5493239
5493328
5493335
5493344
5493361
5493372
5493383
5493399
5493432
5493448
5493469
5493481
5493526
5493542
5493578
5493615
5493623
5493677
5493705
5493737
5493751
5493804
5493816
5493831
5493924
5493946
5493963
5493975
5493980
5493991
5494001
5494026
5494060
5494078
5494104
5494116
5494129
5494147
5494150
5494165
5494182
5494213
5494232
5494248
5494254
5494269
5494281
5494297
5494305
5494337
5494379
5494408
5494427
5494585
5494646
5494652
5494675
5494680
5494707
5494735
5494744
5494761
5494783
5494811
5494867
5494874
5494889
5494915
5494923
5494964
5494988
5495028
5495035
5495044
5495061
5495072
5495105
5495151
5495166
5495179
5495184
5495192
5495201
5495219
5495278
5495293
5495321
5495357
5495368
5495394
5495402
5495423
5495488
5495514
5495527
5495562
5495625
5495632
5495669
5495676
5495711
5495745
5495767
5495789
5495809
5495846
5495852
5495875
5495880
5495891
5495904
5495916
5495929
5495947
5495965
5495973
5495982
5495998
5496058
5496089
5496106
5496149
5496170
5496185
5496228
5496235
5496256
5496272
5496283
5496308
5496314
5496386
5496404
5496416
5496447
5496498
5496502
5496577
5496588
5496596
5496655
5496693
5496717
5496746
5496763
5496869
5496876
5496897
5496905
5496920
5496943
5496951
5497086
5497095
5497109
5497117
5497163
5497191
5497202
5497215
5497223
5497288
5497296
5497303
5497311
5497322
5497336
5497345
5497367
5497389
5497442
5497478
5497510
5497528
5497535
5497544
5497599
5497604
5497650
5497673
5497712
5497721
5497757
5497818
5497820
5497879
5497892
5497913
5497925
5498017
5498046
5498063
5498108
5498114
5498139
5498153
5498162
5498186
5498211
5498222
5498236
5498258
5498267
5498330
5498341
5498359
5498388
5498443
5498479
5498484
5498504
5498529
5498531
5498550
5498610
5498644
5498656
5498732
5498754
5498776
5498797
5498801
5498826
5498912
5498921
5498970
5498985
5499018
5499110
5499128
5499135
5499161
5499172
5499221
5499233
5499249
5499257
5499326
5499334
5499417
5499424
5499438
5499446
5499480
5499500
5499513
5499569
5499581
5499597
5499614
5499627
5499653
5499671
5499686
5499695
5499704
5499729
5499765
5499782
5499798
5499896
5499945
5499974
5499989
