2200028
2200035
2200044
2200056
2200083
2200099
2200120
2200184
2200192
2200260
2200278
2200293
2200306
2200312
2200321
2200333
2200349
2200385
2200430
2200441
2200459
2200464
2200540
2200562
2200571
2200625
2200632
2200648
2200669
2200676
2200697
2200722
2200745
2200758
2200767
2200774
2200789
2200790
2200809
2200824
2200838
2200846
2200852
2200863
2200880
2200916
2200929
2200947
2200965
2200998
2201003
2201011
2201058
2201089
2201090
2201106
2201149
2201170
2201185
2201207
2201228
2201272
2201308
2201314
2201353
2201362
2201371
2201386
2201404
2201431
2201450
2201465
2201502
2201523
2201559
2201564
2201577
2201596
2201619
2201626
2201660
2201687
2201709
2201738
2201746
2201780
2201791
2201800
2201854
2201876
2201881
2201897
2201943
2201951
2201992
2202068
2202085
2202103
2202111
2202145
2202158
2202174
2202214
2202227
2202239
2202262
2202286
2202295
2202307
2202328
2202335
2202356
2202400
2202413
2202425
2202454
2202469
2202501
2202519
2202526
2202555
2202578
2202615
2202677
2202705
2202718
2202720
2202743
2202779
2202865
2202882
2202909
2202917
2202924
2202938
2202975
2202980
2203013
2203025
2203069
2203081
2203097
2203102
2203115
2203164
2203196
2203209
2203246
2203252
2203263
2203275
2203291
2203304
2203316
2203329
2203331
2203350
2203398
2203421
2203433
2203457
2203470
2203505
2203518
2203520
2203537
2203579
2203603
2203611
2203667
2203701
2203778
2203810
2203835
2203861
2203872
2203883
2203899
2203927
2203940
2203962
2204005
2204020
2204043
2204051
2204092
2204156
2204161
2204172
2204206
2204257
2204268
2204319
2204326
2204355
2204360
2204378
2204409
2204417
2204438
2204446
2204452
2204569
2204597
2204608
2204614
2204627
2204640
2204662
2204686
2204695
2204747
2204750
2204765
2204773
2204782
2204859
2204877
2204896
2204911
2204922
2204945
2204989
2205004
2205029
2205031
2205047
2205101
2205134
2205155
2205178
2205243
2205251
2205279
2205325
2205348
2205369
2205376
2205381
2205411
2205445
2205458
2205474
2205509
2205517
2205546
2205552
2205563
2205580
2205591
2205606
2205621
2205633
2205657
2205685
2205702
2205759
2205764
2205777
2205788
2205814
2205827
2205839
2205840
2205853
2205862
2205871
2205886
2205907
2205928
2205935
2205944
2205956
2205983
2206023
2206041
2206088
2206100
2206154
2206169
2206176
2206197
2206216
2206231
2206250
2206265
2206282
2206298
2206309
2206317
2206346
2206352
2206435
2206461
2206483
2206499
2206503
2206511
2206522
2206536
2206545
2206558
2206589
2206620
2206651
2206666
2206714
2206771
2206786
2206812
2206821
2206870
2206894
2206919
2206955
2206960
2206993
2207017
2207052
2207080
2207108
2207127
2207140
2207153
2207171
2207186
2207195
2207236
2207274
2207289
2207323
2207330
2207341
2207359
2207364
2207377
2207418
2207437
2207451
2207466
2207484
2207529
2207550
2207565
2207582
2207607
2207610
2207628
2207644
2207683
2207700
2207713
2207732
2207776
2207781
2207797
2207826
2207842
2207855
2207860
2207887
2207906
2207933
2207970
2207985
2207994
2208014
2208027
2208039
2208040
2208053
2208071
2208086
2208117
2208124
2208138
2208152
2208175
2208180
2208191
2208202
2208223
2208230
2208259
2208277
2208288
2208311
2208345
2208367
2208374
2208390
2208401
2208442
2208455
2208493
2208510
2208544
2208556
2208599
2208616
2208631
2208650
2208673
2208698
2208706
2208712
2208733
2208749
2208757
2208768
2208770
2208785
2208794
2208820
2208837
2208843
2208866
2208879
2208892
2208900
2208969
2208976
2208981
2209001
2209042
2209055
2209060
2209116
2209129
2209150
2209165
2209173
2209182
2209198
2209225
2209248
2209269
2209276
2209281
2209320
2209384
2209392
2209408
2209414
2209427
2209440
2209471
2209495
2209521
2209557
2209570
2209585
2209617
2209624
2209638
2209646
2209652
2209675
2209680
2209691
2209707
2209710
2209728
2209744
2209761
2209772
2209783
2209836
2209858
2209867
2209874
2209889
2209915
2209930
2209941
2209977
2209988
2209996
2210009
2210017
2210038
2210046
2210052
2210091
2210114
2210127
2210139
2210140
2210195
2210203
2210245
2210258
2210267
2210274
2210290
2210315
2210341
2210359
2210364
2210396
2210418
2210437
2210443
2210466
2210484
2210516
2210531
2210547
2210550
2210573
2210635
2210644
2210683
2210699
2210713
2210725
2210732
2210769
2210801
2210819
2210826
2210887
2210906
2210912
2210921
2210933
2210970
2210985
2210994
2211013
2211032
2211054
2211076
2211097
2211130
2211159
2211164
2211177
2211188
2211224
2211246
2211252
2211280
2211304
2211316
2211329
2211331
2211347
2211350
2211365
2211373
2211382
2211398
2211421
2211518
2211520
2211551
2211579
2211584
2211603
2211611
2211667
2211674
2211742
2211760
2211778
2211787
2211807
2211810
2211872
2211883
2211899
2211908
2211939
2211940
2211953
2211971
2211986
2211995
2212015
2212059
2212088
2212125
2212148
2212169
2212176
2212181
2212216
2212250
2212265
2212282
2212298
2212324
2212363
2212375
2212380
2212435
2212461
2212472
2212499
2212503
2212511
2212522
2212536
2212567
2212605
2212618
2212637
2212651
2212666
2212727
2212740
2212753
2212786
2212806
2212812
2212849
2212857
2212868
2212870
2212919
2212934
2212942
2212955
2212960
2212987
2212993
2213010
2213035
2213044
2213056
2213072
2213099
2213118
2213120
2213151
2213179
2213184
2213192
2213219
2213226
2213255
2213260
2213293
2213312
2213333
2213349
2213357
2213370
2213385
2213394
2213423
2213430
2213441
2213459
2213464
2213477
2213496
2213514
2213527
2213571
2213586
2213600
2213613
2213625
2213654
2213669
2213676
2213681
2213697
2213745
2213758
2213767
2213774
2213824
2213863
2213875
2213950
2213965
2213973
2213982
2214008
2214062
2214071
2214086
2214095
2214109
2214117
2214152
2214175
2214180
2214191
2214202
2214230
2214241
2214277
2214303
2214367
2214389
2214390
2214401
2214419
2214426
2214434
2214442
2214460
2214487
2214493
2214507
2214510
2214535
2214544
2214572
2214616
2214631
2214647
2214665
2214673
2214682
2214706
2214721
2214757
2214768
2214785
2214805
2214820
2214843
2214851
2214900
2214925
2214948
2214954
2214976
2214981
2214997
2215006
2215012
2215021
2215049
2215057
2215111
2215122
2215136
2215158
2215167
2215174
2215189
2215190
2215214
2215227
2215239
2215240
2215253
2215262
2215271
2215286
2215295
2215310
2215328
2215335
2215344
2215383
2215399
2215400
2215448
2215469
2215476
2215497
2215501
2215519
2215542
2215587
2215688
2215737
2215743
2215779
2215784
2215804
2215816
2215850
2215873
2215909
2215938
2215991
2216005
2216020
2216037
2216043
2216051
2216084
2216092
2216110
2216144
2216161
2216183
2216199
2216249
2216257
2216268
2216285
2216326
2216334
2216342
2216355
2216360
2216387
2216393
2216409
2216417
2216424
2216438
2216446
2216463
2216475
2216500
2216525
2216548
2216554
2216576
2216581
2216597
2216614
2216627
2216639
2216640
2216653
2216671
2216686
2216695
2216704
2216731
2216747
2216750
2216782
2216798
2216841
2216859
2216864
2216877
2216896
2216903
2216911
2216936
2216974
2216989
2217019
2217042
2217055
2217060
2217078
2217087
2217104
2217129
2217165
2217173
2217182
2217213
2217225
2217254
2217276
2217305
2217318
2217320
2217379
2217392
2217427
2217439
2217440
2217453
2217471
2217486
2217495
2217506
2217512
2217533
2217557
2217568
2217570
2217585
2217617
2217624
2217638
2217646
2217652
2217675
2217691
2217707
2217744
2217761
2217799
2217822
2217836
2217845
2217858
2217867
2217902
2217915
2217923
2217930
2217959
2217964
2218029
2218031
2218047
2218065
2218098
2218119
2218134
2218160
2218193
2218218
2218220
2218237
2218243
2218266
2218279
2218313
2218325
2218381
2218397
2218422
2218445
2218474
2218489
2218490
2218509
2218517
2218524
2218538
2218546
2218580
2218649
2218657
2218685
2218694
2218702
2218715
2218723
2218730
2218759
2218764
2218777
2218796
2218814
2218827
2218839
2218853
2218871
2218886
2218895
2218910
2218935
2218944
2218961
2218983
2219003
2219058
2219067
2219090
2219106
2219149
2219157
2219185
2219228
2219235
2219244
2219256
2219261
2219272
2219299
2219308
2219314
2219327
2219339
2219340
2219362
2219386
2219395
2219404
2219429
2219450
2219465
2219482
2219498
2219515
2219523
2219541
2219559
2219564
2219577
2219601
2219626
2219660
2219693
2219709
2219717
2219724
2219746
2219752
2219763
2219775
2219791
2219825
2219832
2219854
2219869
2219897
2219920
2219943
2219966
2219979
2219992
2220014
2220062
2220109
2220117
2220146
2220152
2220163
2220175
2220180
2220215
2220223
2220230
2220241
2220264
2220288
2220303
2220311
2220322
2220345
2220358
2220367
2220460
2220493
2220544
2220556
2220572
2220583
2220599
2220616
2220650
2220665
2220673
2220706
2220768
2220770
2220794
2220818
2220843
2220879
2220884
2220892
2220932
2220954
2220969
2220981
2220997
2221057
2221068
2221111
2221145
2221158
2221167
2221174
2221189
2221190
2221208
2221227
2221239
2221240
2221253
2221262
2221295
2221307
2221344
2221356
2221383
2221399
2221400
2221413
2221425
2221448
2221519
2221542
2221630
2221641
2221664
2221677
2221696
2221718
2221720
2221737
2221743
2221766
2221779
2221784
2221792
2221847
2221850
2221873
2221898
2221917
2221938
2222003
2222022
2222036
2222067
2222074
2222133
2222149
2222157
2222185
2222210
2222228
2222235
2222256
2222272
2222283
2222339
2222340
2222353
2222386
2222404
2222416
2222429
2222431
2222447
2222465
2222473
2222498
2222502
2222523
2222559
2222564
2222601
2222619
2222634
2222642
2222687
2222717
2222724
2222738
2222746
2222752
2222775
2222780
2222791
2222813
2222848
2222854
2222881
2222897
2222905
2222918
2222920
2222951
2222966
2222979
2223031
2223047
2223082
2223101
2223126
2223134
2223160
2223178
2223266
2223284
2223292
2223348
2223376
2223381
2223397
2223403
2223422
2223436
2223445
2223458
2223474
2223490
2223509
2223517
2223563
2223575
2223580
2223633
2223668
2223670
2223685
2223723
2223741
2223759
2223777
2223788
2223796
2223827
2223839
2223862
2223895
2223907
2223910
2223935
2223944
2223956
2223972
2223983
2224017
2224024
2224046
2224052
2224080
2224091
2224114
2224127
2224139
2224140
2224195
2224203
2224211
2224236
2224245
2224258
2224274
2224290
2224302
2224323
2224341
2224359
2224377
2224396
2224405
2224420
2224443
2224466
2224484
2224550
2224582
2224598
2224607
2224610
2224628
2224644
2224656
2224725
2224732
2224748
2224797
2224801
2224842
2224855
2224887
2224893
2224957
2224985
2225000
2225013
2225032
2225048
2225069
2225076
2225081
2225102
2225123
2225141
2225159
2225177
2225188
2225246
2225252
2225291
2225304
2225316
2225331
2225350
2225373
2225382
2225406
2225449
2225470
2225494
2225520
2225537
2225579
2225592
2225622
2225636
2225645
2225674
2225689
2225701
2225760
2225787
2225793
2225828
2225835
2225844
2225856
2225861
2225883
2225899
2225908
2225914
2225927
2225939
2225940
2225953
2225995
2226019
2226026
2226055
2226078
2226087
2226129
2226131
2226147
2226150
2226198
2226213
2226225
2226254
2226269
2226276
2226297
2226305
2226320
2226366
2226384
2226392
2226414
2226439
2226440
2226486
2226557
2226570
2226585
2226646
2226652
2226707
2226728
2226735
2226744
2226756
2226761
2226799
2226811
2226836
2226845
2226874
2226890
2226902
2226915
2226923
2226930
2226941
2226977
2226988
2226996
2227020
2227037
2227051
2227079
2227084
2227144
2227183
2227199
2227221
2227233
2227257
2227285
2227319
2227342
2227360
2227409
2227424
2227446
2227452
2227463
2227480
2227500
2227525
2227554
2227581
2227597
2227608
2227614
2227653
2227671
2227695
2227704
2227716
2227729
2227731
2227747
2227750
2227765
2227782
2227802
2227815
2227841
2227877
2227896
2227911
2227922
2227936
2227990
2228010
2228028
2228044
2228056
2228083
2228099
2228137
2228151
2228166
2228179
2228219
2228234
2228287
2228293
2228306
2228312
2228321
2228349
2228385
2228402
2228415
2228423
2228430
2228459
2228464
2228477
2228539
2228553
2228562
2228571
2228586
2228625
2228648
2228703
2228736
2228745
2228767
2228774
2228789
2228817
2228846
2228852
2228863
2228875
2228880
2228929
2228965
2229015
2229096
2229113
2229132
2229169
2229176
2229181
2229204
2229216
2229231
2229247
2229273
2229298
2229309
2229324
2229352
2229363
2229375
2229380
2229391
2229428
2229435
2229444
2229456
2229472
2229483
2229536
2229545
2229567
2229574
2229589
2229590
2229618
2229620
2229684
2229708
2229740
2229753
2229771
2229786
2229795
2229806
2229833
2229870
2229894
2229901
2229919
2229926
2229955
2229978
2229987
2230016
2230029
2230065
2230073
2230082
2230126
2230134
2230178
2230187
2230193
2230205
2230218
2230220
2230266
2230313
2230325
2230354
2230381
2230397
2230403
2230411
2230458
2230467
2230490
2230517
2230552
2230575
2230606
2230612
2230649
2230668
2230702
2230730
2230759
2230764
2230777
2230788
2230796
2230814
2230827
2230839
2230840
2230853
2230871
2230895
2230910
2230935
2230972
2230983
2231015
2231023
2231030
2231059
2231077
2231088
2231096
2231100
2231125
2231148
2231169
2231176
2231197
2231204
2231216
2231229
2231231
2231247
2231265
2231282
2231298
2231309
2231317
2231324
2231363
2231380
2231410
2231428
2231435
2231444
2231461
2231472
2231503
2231511
2231522
2231536
2231558
2231567
2231589
2231620
2231637
2231684
2231692
2231708
2231714
2231727
2231740
2231762
2231812
2231857
2231894
2231919
2231934
2231955
2231960
2231993
2232048
2232054
2232069
2232102
2232115
2232123
2232141
2232159
2232188
2232196
2232209
2232217
2232224
2232238
2232263
2232275
2232280
2232304
2232329
2232350
2232365
2232373
2232398
2232406
2232421
2232457
2232485
2232505
2232518
2232520
2232537
2232603
2232636
2232674
2232689
2232690
2232701
2232719
2232726
2232755
2232760
2232787
2232793
2232807
2232810
2232861
2232872
2232883
2232899
2232908
2232914
2232927
2232939
2232995
2233006
2233033
2233057
2233068
2233085
2233094
2233103
2233122
2233158
2233190
2233214
2233253
2233271
2233295
2233307
2233310
2233328
2233335
2233383
2233399
2233425
2233432
2233448
2233454
2233469
2233501
2233555
2233560
2233578
2233615
2233630
2233641
2233659
2233720
2233743
2233766
2233779
2233784
2233792
2233804
2233816
2233847
2233865
2233882
2233909
2233917
2233924
2233938
2234001
2234026
2234055
2234060
2234078
2234116
2234129
2234147
2234173
2234182
2234198
2234200
2234213
2234232
2234248
2234269
2234276
2234297
2234305
2234318
2234337
2234351
2234366
2234384
2234392
2234408
2234440
2234453
2234471
2234486
2234495
2234521
2234533
2234549
2234557
2234568
2234570
2234594
2234609
2234617
2234624
2234638
2234646
2234652
2234663
2234675
2234707
2234744
2234761
2234783
2234803
2234836
2234845
2234867
2234874
2234915
2234930
2234959
2234996
2235028
2235035
2235044
2235056
2235061
2235072
2235099
2235118
2235120
2235137
2235179
2235201
2235255
2235260
2235278
2235287
2235293
2235306
2235312
2235321
2235333
2235368
2235415
2235423
2235459
2235464
2235477
2235488
2235496
2235527
2235539
2235553
2235562
2235586
2235595
2235625
2235648
2235676
2235703
2235736
2235774
2235789
2235809
2235817
2235846
2235852
2235863
2235875
2235891
2235904
2235965
2235973
2235998
2236003
2236036
2236067
2236106
2236121
2236168
2236170
2236194
2236207
2236235
2236244
2236256
2236308
2236339
2236362
2236371
2236386
2236429
2236431
2236447
2236482
2236502
2236530
2236559
2236564
2236588
2236596
2236619
2236626
2236655
2236678
2236693
2236709
2236717
2236724
2236746
2236752
2236825
2236869
2236881
2236918
2236966
2236984
2237008
2237053
2237071
2237146
2237180
2237191
2237215
2237259
2237277
2237303
2237311
2237322
2237336
2237345
2237390
2237401
2237419
2237434
2237442
2237460
2237493
2237507
2237510
2237528
2237535
2237544
2237556
2237572
2237599
2237604
2237616
2237629
2237631
2237650
2237673
2237698
2237706
2237721
2237768
2237770
2237785
2237805
2237843
2237851
2237866
2237892
2237900
2237913
2237925
2237948
2237997
2238024
2238052
2238063
2238075
2238091
2238108
2238114
2238127
2238195
2238211
2238236
2238245
2238258
2238267
2238289
2238302
2238323
2238364
2238388
2238396
2238437
2238443
2238451
2238466
2238504
2238547
2238550
2238573
2238582
2238610
2238628
2238656
2238672
2238683
2238700
2238732
2238754
2238781
2238801
2238826
2238887
2238906
2238912
2238933
2238994
2239037
2239043
2239051
2239066
2239079
2239084
2239107
2239128
2239135
2239161
2239172
2239183
2239199
2239221
2239233
2239249
2239270
2239301
2239334
2239355
2239378
2239387
2239393
2239409
2239446
2239463
2239491
2239500
2239513
2239532
2239569
2239608
2239614
2239640
2239671
2239686
2239695
2239704
2239716
2239731
2239747
2239750
2239773
2239782
2239802
2239815
2239823
2239841
2239859
2239864
2239896
2239903
2239911
2239922
2239936
2239967
2239974
2240000
2240048
2240054
2240069
2240076
2240081
2240097
2240102
2240115
2240141
2240159
2240164
2240177
2240209
2240217
2240246
2240263
2240291
2240347
2240382
2240398
2240412
2240468
2240485
2240494
2240505
2240518
2240543
2240551
2240611
2240645
2240658
2240667
2240674
2240689
2240690
2240726
2240742
2240755
2240778
2240807
2240844
2240872
2240883
2240899
2240939
2240953
2240971
2240986
2240995
2241026
2241055
2241078
2241087
2241129
2241165
2241173
2241198
2241225
2241232
2241281
2241297
2241318
2241320
2241343
2241351
2241366
2241379
2241384
2241414
2241439
2241440
2241453
2241462
2241471
2241486
2241521
2241549
2241585
2241594
2241617
2241624
2241675
2241691
2241707
2241728
2241772
2241811
2241836
2241845
2241874
2241889
2241890
2241941
2241977
2242004
2242016
2242031
2242050
2242073
2242098
2242126
2242142
2242187
2242193
2242205
2242218
2242284
2242300
2242313
2242369
2242397
2242403
2242422
2242436
2242445
2242474
2242489
2242490
2242509
2242524
2242546
2242575
2242580
2242591
2242606
2242612
2242670
2242685
2242702
2242723
2242730
2242741
2242759
2242788
2242827
2242853
2242862
2242871
2242886
2242895
2242907
2242910
2242999
2243003
2243036
2243045
2243058
2243067
2243090
2243106
2243112
2243121
2243168
2243194
2243207
2243228
2243256
2243261
2243272
2243308
2243327
2243339
2243371
2243386
2243404
2243429
2243431
2243450
2243465
2243498
2243530
2243559
2243564
2243588
2243596
2243601
2243619
2243626
2243634
2243660
2243678
2243687
2243693
2243709
2243717
2243724
2243738
2243746
2243752
2243763
2243775
2243780
2243791
2243800
2243869
2243876
2243881
2243897
2243905
2243918
2243920
2243937
2243943
2243951
2243966
2243984
2244002
2244015
2244030
2244041
2244077
2244113
2244148
2244154
2244197
2244231
2244282
2244309
2244317
2244324
2244346
2244352
2244375
2244410
2244428
2244444
2244456
2244461
2244483
2244511
2244522
2244545
2244558
2244567
2244618
2244620
2244651
2244684
2244692
2244708
2244762
2244771
2244795
2244833
2244868
2244870
2244901
2244926
2244942
2244955
2244993
2245008
2245027
2245062
2245071
2245086
2245095
2245109
2245138
2245163
2245202
2245223
2245230
2245241
2245259
2245277
2245288
2245296
2245311
2245322
2245336
2245358
2245390
2245419
2245426
2245455
2245487
2245493
2245507
2245556
2245561
2245604
2245616
2245629
2245631
2245650
2245665
2245673
2245682
2245712
2245733
2245757
2245770
2245785
2245794
2245805
2245818
2245879
2245892
2245900
2245913
2245932
2245948
2245976
2245981
2245997
2246006
2246021
2246033
2246057
2246068
2246070
2246085
2246111
2246122
2246174
2246189
2246208
2246227
2246239
2246240
2246253
2246262
2246271
2246286
2246310
2246328
2246344
2246361
2246383
2246399
2246413
2246432
2246448
2246454
2246476
2246519
2246555
2246560
2246578
2246587
2246593
2246602
2246623
2246630
2246659
2246677
2246696
2246705
2246720
2246743
2246766
2246779
2246792
2246804
2246816
2246898
2246924
2246938
2246952
2246963
2246975
2246980
2247028
2247105
2247120
2247137
2247151
2247166
2247179
2247184
2247201
2247219
2247234
2247255
2247287
2247306
2247333
2247385
2247394
2247402
2247415
2247423
2247430
2247441
2247459
2247464
2247477
2247508
2247514
2247540
2247553
2247562
2247571
2247595
2247600
2247632
2247648
2247669
2247681
2247722
2247745
2247758
2247767
2247789
2247817
2247824
2247838
2247852
2247916
2247947
2247965
2247973
2247982
2248020
2248037
2248051
2248079
2248110
2248128
2248135
2248156
2248172
2248183
2248199
2248221
2248233
2248249
2248257
2248270
2248294
2248301
2248378
2248409
2248417
2248475
2248480
2248491
2248513
2248525
2248532
2248548
2248576
2248597
2248608
2248614
2248662
2248671
2248686
2248695
2248704
2248716
2248765
2248773
2248798
2248802
2248859
2248864
2248896
2248903
2248911
2248922
2248936
2248958
2248990
2249017
2249024
2249052
2249075
2249080
2249108
2249114
2249139
2249153
2249203
2249267
2249289
2249290
2249315
2249323
2249330
2249359
2249396
2249405
2249418
2249420
2249437
2249443
2249492
2249504
2249516
2249531
2249547
2249582
2249598
2249607
2249628
2249644
2249661
2249683
2249699
2249713
2249776
2249781
2249842
2249855
2249878
2249893
2249933
2249949
2249957
2249968
2249970
2249994
2250003
2250074
2250133
2250170
2250185
2250194
2250235
2250256
2250261
2250299
2250308
2250314
2250327
2250339
2250340
2250353
2250395
2250416
2250447
2250450
2250465
2250473
2250482
2250498
2250541
2250559
2250564
2250588
2250601
2250619
2250642
2250660
2250678
2250717
2250738
2250763
2250775
2250780
2250848
2250854
2250876
2250920
2250943
2250966
2250984
2250992
2251024
2251046
2251052
2251075
2251091
2251114
2251127
2251139
2251140
2251153
2251171
2251186
2251195
2251203
2251211
2251222
2251245
2251258
2251289
2251290
2251323
2251330
2251341
2251377
2251388
2251396
2251437
2251484
2251504
2251516
2251529
2251547
2251550
2251573
2251598
2251607
2251610
2251635
2251672
2251683
2251748
2251754
2251769
2251776
2251781
2251819
2251834
2251842
2251878
2251887
2251906
2251912
2251921
2251985
2251994
2252008
2252014
2252040
2252062
2252071
2252086
2252117
2252138
2252146
2252152
2252175
2252180
2252215
2252230
2252277
2252303
2252336
2252358
2252374
2252390
2252401
2252419
2252426
2252434
2252507
2252544
2252599
2252604
2252616
2252629
2252631
2252650
2252665
2252698
2252733
2252757
2252768
2252785
2252818
2252843
2252851
2252866
2252884
2252900
2252925
2252954
2252976
2252981
2253019
2253034
2253042
2253087
2253093
2253104
2253150
2253165
2253173
2253182
2253198
2253232
2253269
2253297
2253318
2253337
2253351
2253366
2253379
2253384
2253414
2253427
2253453
2253462
2253506
2253512
2253594
2253617
2253646
2253652
2253675
2253707
2253710
2253728
2253811
2253822
2253874
2253889
2253902
2253930
2253941
2253964
2253977
2253988
2254012
2254033
2254057
2254068
2254111
2254122
2254158
2254174
2254189
2254190
2254208
2254214
2254227
2254239
2254240
2254262
2254295
2254307
2254328
2254335
2254356
2254361
2254383
2254425
2254432
2254448
2254454
2254469
2254476
2254497
2254534
2254542
2254555
2254578
2254593
2254602
2254623
2254659
2254664
2254705
2254718
2254737
2254751
2254766
2254779
2254792
2254804
2254816
2254829
2254850
2254865
2254873
2254882
2254909
2254917
2254938
2254946
2255005
2255020
2255079
2255084
2255092
2255107
2255128
2255199
2255206
2255221
2255257
2255270
2255319
2255326
2255334
2255355
2255409
2255417
2255446
2255452
2255480
2255525
2255532
2255548
2255576
2255581
2255614
2255627
2255640
2255671
2255686
2255695
2255704
2255729
2255750
2255765
2255782
2255798
2255815
2255859
2255864
2255877
2255896
2255922
2255936
2255958
2255967
2255974
2255989
2256004
2256016
2256050
2256101
2256134
2256155
2256178
2256193
2256205
2256218
2256220
2256237
2256251
2256284
2256332
2256348
2256354
2256403
2256411
2256436
2256458
2256467
2256474
2256490
2256517
2256538
2256546
2256552
2256563
2256591
2256633
2256657
2256668
2256670
2256694
2256715
2256730
2256796
2256808
2256814
2256827
2256839
2256840
2256862
2256871
2256895
2256928
2256935
2256972
2256983
2257000
2257025
2257032
2257048
2257054
2257069
2257081
2257097
2257123
2257130
2257159
2257164
2257177
2257188
2257224
2257238
2257246
2257263
2257275
2257280
2257329
2257331
2257350
2257421
2257433
2257449
2257457
2257494
2257505
2257551
2257579
2257584
2257592
2257603
2257622
2257689
2257690
2257701
2257726
2257734
2257742
2257778
2257793
2257807
2257810
2257828
2257856
2257927
2257953
2257986
2258002
2258023
2258030
2258041
2258059
2258064
2258100
2258125
2258169
2258176
2258197
2258216
2258247
2258250
2258265
2258273
2258298
2258338
2258352
2258375
2258380
2258391
2258407
2258410
2258428
2258483
2258499
2258503
2258511
2258522
2258536
2258558
2258567
2258589
2258666
2258679
2258684
2258692
2258739
2258762
2258806
2258833
2258849
2258870
2258894
2258926
2258934
2258942
2258955
2258960
2258987
2258993
2259010
2259028
2259044
2259105
2259118
2259137
2259143
2259179
2259192
2259226
2259242
2259260
2259278
2259312
2259349
2259385
2259402
2259423
2259441
2259459
2259477
2259527
2259540
2259553
2259562
2259571
2259600
2259632
2259654
2259669
2259697
2259711
2259722
2259767
2259774
2259789
2259790
2259809
2259817
2259838
2259846
2259852
2259880
2259891
2259904
2259931
2259947
2259973
2260019
2260055
2260060
2260078
2260104
2260129
2260131
2260147
2260165
2260173
2260182
2260200
2260213
2260276
2260305
2260337
2260343
2260351
2260379
2260384
2260439
2260453
2260462
2260471
2260486
2260506
2260512
2260521
2260568
2260585
2260638
2260646
2260663
2260680
2260707
2260710
2260728
2260735
2260756
2260803
2260822
2260845
2260874
2260890
2260902
2260923
2260959
2260977
2261007
2261028
2261044
2261056
2261061
2261072
2261118
2261120
2261151
2261166
2261201
2261219
2261226
2261242
2261260
2261278
2261287
2261306
2261312
2261349
2261370
2261394
2261415
2261423
2261477
2261514
2261562
2261595
2261613
2261625
2261632
2261648
2261654
2261669
2261676
2261697
2261711
2261722
2261758
2261774
2261789
2261809
2261817
2261824
2261838
2261846
2261891
2261904
2261916
2261931
2261950
2261982
2261998
2262037
2262051
2262066
2262092
2262110
2262144
2262161
2262183
2262212
2262233
2262249
2262268
2262270
2262319
2262326
2262334
2262355
2262378
2262387
2262393
2262409
2262417
2262438
2262446
2262463
2262491
2262525
2262532
2262548
2262576
2262597
2262608
2262639
2262653
2262662
2262671
2262716
2262729
2262731
2262747
2262798
2262802
2262815
2262823
2262830
2262859
2262888
2262896
2262911
2262922
2262936
2262945
2262958
2262967
2263017
2263052
2263075
2263080
2263091
2263108
2263139
2263153
2263162
2263186
2263222
2263267
2263274
2263302
2263364
2263377
2263388
2263418
2263443
2263451
2263466
2263479
2263529
2263531
2263547
2263550
2263565
2263582
2263598
2263607
2263610
2263644
2263661
2263672
2263699
2263713
2263732
2263748
2263769
2263776
2263781
2263819
2263826
2263855
2263878
2263906
2263912
2263933
2263949
2263957
2263985
2263994
2264029
2264047
2264050
2264065
2264073
2264126
2264134
2264155
2264160
2264279
2264313
2264369
2264381
2264403
2264422
2264458
2264474
2264509
2264517
2264524
2264546
2264552
2264563
2264580
2264591
2264612
2264657
2264670
2264702
2264723
2264759
2264764
2264788
2264796
2264840
2264910
2264983
2264999
2265002
2265023
2265030
2265041
2265064
2265077
2265088
2265096
2265100
2265148
2265169
2265176
2265181
2265204
2265216
2265229
2265231
2265265
2265273
2265298
2265309
2265317
2265338
2265352
2265363
2265375
2265380
2265391
2265407
2265410
2265435
2265472
2265483
2265503
2265545
2265558
2265567
2265589
2265605
2265618
2265651
2265684
2265692
2265714
2265727
2265740
2265771
2265786
2265795
2265812
2265833
2265849
2265868
2265901
2265942
2265955
2266027
2266053
2266095
2266109
2266138
2266180
2266191
2266215
2266223
2266241
2266264
2266277
2266296
2266336
2266390
2266419
2266455
2266460
2266478
2266493
2266510
2266535
2266544
2266604
2266647
2266650
2266682
2266706
2266721
2266749
2266768
2266785
2266805
2266818
2266837
2266932
2266948
2266969
2267003
2267058
2267074
2267170
2267185
2267207
2267235
2267244
2267261
2267283
2267308
2267314
2267339
2267340
2267404
2267416
2267429
2267431
2267473
2267502
2267523
2267541
2267559
2267564
2267577
2267596
2267655
2267678
2267693
2267709
2267717
2267724
2267738
2267746
2267780
2267800
2267813
2267832
2267869
2267876
2267881
2267897
2267918
2267937
2267943
2267951
2267979
2267992
2268006
2268068
2268085
2268094
2268111
2268136
2268145
2268174
2268189
2268208
2268214
2268227
2268239
2268253
2268286
2268307
2268328
2268335
2268344
2268356
2268383
2268400
2268413
2268432
2268469
2268476
2268501
2268519
2268534
2268542
2268555
2268578
2268587
2268615
2268623
2268659
2268677
2268705
2268718
2268743
2268779
2268804
2268829
2268831
2268850
2268873
2268909
2268917
2268946
2268952
2268991
2269032
2269048
2269069
2269076
2269081
2269097
2269102
2269115
2269123
2269141
2269164
2269196
2269209
2269217
2269246
2269252
2269263
2269280
2269331
2269350
2269365
2269382
2269406
2269421
2269470
2269485
2269494
2269520
2269537
2269543
2269551
2269584
2269592
2269611
2269622
2269636
2269645
2269667
2269689
2269690
2269701
2269734
2269760
2269778
2269793
2269810
2269828
2269835
2269844
2269861
2269872
2269914
2269927
2269939
2269953
2269971
2269995
2270006
2270012
2270057
2270111
2270122
2270158
2270167
2270189
2270190
2270208
2270214
2270239
2270271
2270295
2270307
2270335
2270344
2270361
2270413
2270432
2270448
2270454
2270469
2270481
2270501
2270519
2270526
2270534
2270542
2270555
2270578
2270593
2270602
2270623
2270641
2270659
2270677
2270688
2270696
2270751
2270766
2270779
2270792
2270816
2270882
2270898
2270909
2270946
2270975
2270991
2271018
2271043
2271051
2271110
2271128
2271144
2271156
2271161
2271172
2271199
2271206
2271212
2271221
2271233
2271257
2271268
2271270
2271294
2271301
2271342
2271360
2271387
2271409
2271424
2271446
2271452
2271463
2271475
2271480
2271491
2271532
2271576
2271581
2271597
2271640
2271653
2271662
2271671
2271686
2271716
2271747
2271750
2271765
2271798
2271802
2271815
2271823
2271830
2271841
2271859
2271864
2271877
2271888
2271903
2271936
2271945
2271974
2272010
2272028
2272072
2272120
2272151
2272179
2272184
2272192
2272201
2272226
2272234
2272242
2272255
2272260
2272278
2272293
2272321
2272333
2272357
2272368
2272385
2272459
2272464
2272488
2272496
2272508
2272514
2272527
2272539
2272553
2272562
2272571
2272586
2272632
2272648
2272654
2272669
2272681
2272697
2272711
2272722
2272736
2272758
2272767
2272774
2272790
2272809
2272824
2272846
2272852
2272863
2272880
2272891
2272904
2272916
2272931
2272947
2272950
2272965
2272973
2273002
2273030
2273064
2273077
2273088
2273096
2273100
2273148
2273204
2273216
2273229
2273247
2273250
2273309
2273363
2273410
2273428
2273444
2273461
2273483
2273499
2273511
2273522
2273536
2273545
2273558
2273574
2273590
2273620
2273637
2273643
2273666
2273727
2273740
2273753
2273762
2273786
2273849
2273857
2273885
2273919
2273942
2273955
2273960
2273987
2273993
2274022
2274036
2274089
2274090
2274106
2274133
2274168
2274194
2274228
2274261
2274272
2274283
2274327
2274340
2274362
2274371
2274416
2274431
2274447
2274450
2274465
2274473
2274502
2274515
2274523
2274530
2274559
2274564
2274596
2274626
2274687
2274693
2274724
2274763
2274775
2274780
2274791
2274800
2274813
2274848
2274854
2274869
2274876
2274881
2274905
2274937
2274979
2274984
2274992
2275009
2275017
2275046
2275114
2275140
2275153
2275171
2275245
2275289
2275290
2275315
2275330
2275364
2275377
2275405
2275418
2275420
2275443
2275466
2275484
2275492
2275504
2275529
2275531
2275573
2275582
2275598
2275607
2275635
2275672
2275699
2275725
2275732
2275748
2275769
2275801
2275819
2275834
2275855
2275860
2275878
2275893
2275912
2275921
2275968
2276013
2276048
2276097
2276102
2276123
2276130
2276141
2276159
2276209
2276217
2276238
2276252
2276263
2276280
2276304
2276329
2276331
2276350
2276365
2276398
2276406
2276412
2276468
2276470
2276505
2276518
2276543
2276579
2276611
2276622
2276636
2276667
2276674
2276689
2276701
2276719
2276726
2276734
2276760
2276787
2276807
2276835
2276844
2276899
2276908
2276939
2276940
2276962
2276971
2276986
2276995
2277016
2277031
2277047
2277065
2277073
2277098
2277101
2277119
2277178
2277187
2277193
2277220
2277237
2277243
2277279
2277284
2277300
2277332
2277348
2277354
2277376
2277411
2277422
2277436
2277445
2277458
2277467
2277517
2277538
2277552
2277575
2277612
2277668
2277685
2277702
2277730
2277741
2277759
2277764
2277777
2277796
2277839
2277840
2277862
2277907
2277910
2277956
2277999
2278019
2278026
2278042
2278060
2278078
2278116
2278129
2278147
2278150
2278165
2278173
2278182
2278200
2278225
2278232
2278281
2278318
2278351
2278366
2278379
2278392
2278408
2278414
2278427
2278439
2278453
2278462
2278471
2278486
2278512
2278533
2278549
2278557
2278568
2278585
2278594
2278638
2278646
2278663
2278707
2278761
2278772
2278783
2278811
2278822
2278845
2278867
2278874
2278890
2278902
2278941
2278964
2278977
2278988
2278996
2279008
2279053
2279062
2279071
2279095
2279117
2279124
2279138
2279146
2279163
2279180
2279202
2279230
2279241
2279259
2279264
2279277
2279303
2279322
2279336
2279358
2279374
2279389
2279390
2279401
2279426
2279442
2279455
2279460
2279478
2279493
2279507
2279510
2279528
2279544
2279561
2279572
2279583
2279629
2279650
2279673
2279712
2279721
2279757
2279768
2279794
2279805
2279820
2279837
2279851
2279884
2279913
2279932
2279954
2279976
2279997
2280015
2280023
2280041
2280059
2280064
2280088
2280096
2280100
2280113
2280125
2280132
2280154
2280181
2280197
2280204
2280216
2280231
2280250
2280265
2280324
2280346
2280375
2280391
2280410
2280428
2280444
2280461
2280472
2280483
2280522
2280536
2280545
2280574
2280589
2280605
2280620
2280651
2280679
2280684
2280692
2280740
2280786
2280795
2280812
2280821
2280833
2280868
2280894
2280901
2280934
2280942
2280960
2280987
2280993
2281008
2281014
2281040
2281062
2281071
2281086
2281117
2281124
2281138
2281163
2281175
2281180
2281191
2281230
2281259
2281277
2281296
2281336
2281345
2281358
2281374
2281389
2281390
2281419
2281455
2281460
2281507
2281510
2281544
2281556
2281583
2281599
2281616
2281629
2281631
2281673
2281706
2281712
2281733
2281770
2281785
2281794
2281805
2281818
2281843
2281851
2281879
2281913
2281932
2281948
2281981
2282009
2282024
2282046
2282052
2282091
2282114
2282140
2282153
2282162
2282171
2282195
2282203
2282211
2282236
2282258
2282267
2282274
2282323
2282330
2282359
2282364
2282377
2282396
2282405
2282420
2282437
2282451
2282479
2282484
2282504
2282529
2282531
2282550
2282565
2282598
2282628
2282635
2282644
2282656
2282661
2282672
2282699
2282700
2282725
2282754
2282776
2282781
2282801
2282834
2282855
2282878
2282912
2282921
2282933
2282949
2282994
2283005
2283018
2283051
2283079
2283084
2283092
2283107
2283110
2283135
2283144
2283199
2283206
2283212
2283221
2283233
2283249
2283257
2283268
2283285
2283294
2283301
2283319
2283326
2283334
2283342
2283417
2283446
2283452
2283463
2283475
2283500
2283554
2283569
2283576
2283581
2283597
2283608
2283627
2283653
2283671
2283716
2283729
2283731
2283747
2283765
2283773
2283782
2283802
2283815
2283830
2283841
2283859
2283888
2283903
2283911
2283936
2283945
2283958
2283967
2283989
2283990
2284025
2284032
2284054
2284069
2284076
2284081
2284102
2284123
2284141
2284164
2284177
2284188
2284196
2284217
2284224
2284252
2284280
2284291
2284304
2284316
2284329
2284347
2284350
2284365
2284373
2284382
2284412
2284421
2284433
2284449
2284468
2284470
2284485
2284505
2284520
2284551
2284566
2284579
2284603
2284667
2284674
2284719
2284734
2284742
2284755
2284787
2284835
2284844
2284908
2284914
2284927
2284939
2284953
2284971
2284986
2285019
2285026
2285060
2285078
2285087
2285129
2285131
2285147
2285150
2285165
2285198
2285225
2285248
2285254
2285305
2285320
2285343
2285384
2285408
2285440
2285533
2285557
2285568
2285570
2285585
2285594
2285609
2285624
2285646
2285663
2285680
2285691
2285707
2285710
2285728
2285744
2285756
2285761
2285772
2285822
2285836
2285845
2285890
2285902
2285915
2285930
2285996
2286028
2286035
2286056
2286061
2286105
2286118
2286120
2286143
2286151
2286184
2286201
2286242
2286368
2286385
2286402
2286423
2286459
2286477
2286488
2286496
2286539
2286540
2286562
2286586
2286595
2286613
2286625
2286632
2286669
2286676
2286681
2286703
2286736
2286745
2286758
2286767
2286790
2286838
2286863
2286875
2286880
2286891
2286947
2286950
2286965
2286998
2287006
2287012
2287033
2287049
2287103
2287122
2287136
2287167
2287174
2287214
2287227
2287239
2287262
2287271
2287307
2287356
2287372
2287399
2287400
2287413
2287425
2287432
2287454
2287481
2287497
2287501
2287526
2287534
2287555
2287578
2287587
2287593
2287641
2287659
2287688
2287696
2287737
2287766
2287779
2287829
2287847
2287898
2287938
2287946
2287980
2288011
2288036
2288058
2288089
2288112
2288170
2288210
2288244
2288256
2288261
2288308
2288327
2288340
2288371
2288386
2288404
2288416
2288429
2288465
2288473
2288482
2288498
2288502
2288523
2288564
2288577
2288601
2288619
2288687
2288709
2288717
2288724
2288775
2288780
2288791
2288813
2288848
2288854
2288869
2288876
2288897
2288905
2288920
2288951
2288966
2288979
2288984
2289004
2289031
2289047
2289050
2289065
2289073
2289126
2289134
2289142
2289155
2289160
2289178
2289187
2289193
2289205
2289237
2289243
2289251
2289266
2289279
2289284
2289313
2289348
2289369
2289376
2289381
2289445
2289474
2289490
2289517
2289538
2289546
2289552
2289563
2289575
2289580
2289591
2289612
2289621
2289649
2289685
2289715
2289723
2289730
2289741
2289759
2289777
2289788
2289796
2289814
2289827
2289928
2289935
2289944
2289956
2289961
2289972
2289983
2289999
2290005
2290018
2290020
2290043
2290066
2290079
2290092
2290107
2290110
2290128
2290135
2290156
2290161
2290172
2290212
2290270
2290285
2290294
2290319
2290342
2290355
2290387
2290393
2290409
2290417
2290446
2290452
2290463
2290475
2290480
2290525
2290581
2290597
2290614
2290627
2290640
2290686
2290695
2290716
2290731
2290773
2290802
2290815
2290830
2290888
2290896
2290945
2290990
2291004
2291016
2291029
2291065
2291119
2291126
2291187
2291193
2291205
2291218
2291220
2291237
2291243
2291251
2291284
2291292
2291325
2291332
2291369
2291376
2291381
2291403
2291411
2291422
2291436
2291445
2291467
2291474
2291489
2291490
2291509
2291524
2291538
2291563
2291606
2291612
2291633
2291657
2291668
2291670
2291685
2291702
2291723
2291730
2291741
2291759
2291788
2291808
2291814
2291827
2291871
2291886
2291910
2291928
2291956
2291999
2292001
2292026
2292042
2292060
2292087
2292093
2292116
2292131
2292150
2292225
2292276
2292281
2292297
2292318
2292320
2292337
2292343
2292351
2292384
2292408
2292427
2292439
2292462
2292471
2292533
2292549
2292557
2292568
2292585
2292594
2292609
2292617
2292675
2292680
2292691
2292707
2292735
2292756
2292761
2292772
2292822
2292836
2292858
2292867
2292902
2292915
2292930
2292941
2292959
2292977
2292996
2293027
2293117
2293124
2293138
2293146
2293152
2293163
2293180
2293191
2293202
2293223
2293259
2293264
2293311
2293336
2293358
2293426
2293434
2293460
2293487
2293493
2293507
2293528
2293535
2293544
2293556
2293561
2293604
2293631
2293712
2293757
2293770
2293805
2293818
2293843
2293851
2293879
2293892
2293969
2293976
2294028
2294035
2294056
2294061
2294072
2294120
2294137
2294166
2294184
2294201
2294234
2294255
2294278
2294306
2294321
2294357
2294368
2294370
2294385
2294394
2294402
2294415
2294441
2294459
2294464
2294477
2294488
2294508
2294514
2294527
2294540
2294600
2294613
2294625
2294632
2294654
2294681
2294697
2294722
2294758
2294789
2294790
2294809
2294838
2294846
2294875
2294891
2294904
2294916
2294929
2294931
2294950
2294982
2295003
2295011
2295036
2295045
2295058
2295089
2295090
2295112
2295121
2295133
2295149
2295170
2295207
2295210
2295228
2295235
2295256
2295272
2295283
2295308
2295314
2295339
2295340
2295371
2295395
2295416
2295429
2295447
2295473
2295502
2295530
2295541
2295559
2295588
2295596
2295619
2295655
2295660
2295678
2295717
2295724
2295746
2295752
2295763
2295775
2295813
2295832
2295854
2295876
2295897
2295905
2295920
2295937
2295943
2295979
2295992
2296009
2296017
2296024
2296038
2296052
2296063
2296075
2296080
2296091
2296127
2296139
2296140
2296162
2296171
2296186
2296211
2296236
2296274
2296302
2296323
2296330
2296341
2296359
2296364
2296388
2296418
2296420
2296451
2296484
2296516
2296565
2296598
2296683
2296699
2296748
2296754
2296769
2296797
2296801
2296819
2296826
2296842
2296860
2296887
2296893
2296912
2296921
2296985
2296994
2297030
2297041
2297059
2297064
2297077
2297088
2297096
2297100
2297132
2297148
2297154
2297229
2297231
2297265
2297298
2297352
2297380
2297391
2297410
2297444
2297456
2297472
2297483
2297503
2297511
2297558
2297574
2297589
2297605
2297618
2297651
2297679
2297684
2297692
2297708
2297727
2297739
2297740
2297753
2297762
2297771
2297795
2297806
2297812
2297857
2297868
2297870
2297901
2297926
2297934
2297942
2297955
2297960
2297978
2297987
2298025
2298032
2298069
2298097
2298115
2298130
2298159
2298164
2298196
2298224
2298238
2298246
2298275
2298291
2298329
2298347
2298350
2298365
2298382
2298398
2298406
2298421
2298433
2298449
2298457
2298468
2298470
2298485
2298520
2298537
2298584
2298592
2298611
2298636
2298645
2298674
2298690
2298701
2298726
2298742
2298755
2298778
2298807
2298810
2298856
2298883
2298908
2298914
2298927
2298940
2298953
2298971
2298986
2299012
2299021
2299068
2299085
2299136
2299158
2299174
2299239
2299240
2299271
2299307
2299310
2299335
2299344
2299372
2299400
2299448
2299469
2299476
2299497
2299501
2299526
2299534
2299560
2299578
2299615
2299623
2299630
2299664
2299677
2299705
2299720
2299766
2299779
2299792
2299816
2299850
2299865
2299873
2299882
2299898
2299909
2299980
2299991
