2200278
2200459
2200540
2200562
2200571
2200625
2200697
2200863
2201011
2201185
2201228
2201465
2201780
2201951
2201992
2202262
2202295
2202335
2202400
2203069
2203398
2203470
2203505
2203518
2203611
2204020
2204172
2204257
2204452
2204859
2204989
2205029
2205411
2205509
2205759
2205788
2205871
2206100
2206435
2206483
2206499
2206503
2206651
2206771
2207017
2207127
2207140
2207186
2207195
2207330
2207341
2207550
2207607
2207610
2207781
2207797
2208014
2208175
2208180
2208311
2208493
2208510
2208749
2208879
2209182
2209269
2209276
2209320
2209440
2209585
2209624
2209638
2209652
2209761
2209996
2210017
2210046
2210418
2210826
2210921
2210970
2210985
2211246
2211316
2211579
2211986
2212169
2212380
2212499
2212934
2212955
2212960
2213385
2213394
2213441
2213496
2213514
2213758
2213863
2213973
2214152
2214175
2214277
2214390
2214442
2214954
2214997
2215049
2215310
2215328
2215469
2215476
2215497
2216334
2216393
2216500
2216627
2216640
2216731
2216782
2216798
2216864
2216911
2217104
2217165
2217173
2217276
2217845
2217964
2218031
2218119
2218193
2218489
2218759
2218764
2218871
2218910
2219003
2219228
2219261
2219308
2219340
2219395
2219709
2219717
2219920
2219979
2220014
2220215
2220303
2220345
2220367
2220583
2220650
2220932
2221208
2221227
2221356
2221425
2221542
2221743
2221850
2221917
2222067
2222133
2222157
2222429
2222559
2222752
2223292
2223376
2223403
2223509
2223517
2223668
2223670
2223777
2223827
2223910
2223956
2224091
2224140
2224245
2224628
2224801
2225076
2225159
2225291
2225622
2225760
2225861
2226131
2226147
2226225
2226440
2226570
2226890
2227221
2227257
2227342
2227452
2227581
2227597
2227614
2227731
2227747
2227750
2227782
2227896
2227911
2228415
2228477
2228703
2228736
2228880
2228965
2229375
2229567
2229620
2229833
2229901
2229919
2229955
2230016
2230178
2230517
2230552
2230575
2230730
2230788
2230839
2230840
2231096
2231428
2231461
2231684
2231812
2232141
2232159
2232196
2232217
2232263
2232280
2232505
2232939
2233253
2233335
2233448
2233784
2233865
2234182
2234232
2234351
2234609
2234707
2234761
2235312
2235415
2235464
2235553
2235595
2235648
2235789
2235998
2236170
2236194
2236530
2236709
2236752
2236918
2237311
2237544
2237599
2237604
2237650
2237805
2237892
2237948
2238091
2238582
2238610
2238628
2238781
2239161
2239172
2239199
2239463
2239750
2239841
2240217
2240246
2240291
2240382
2240494
2240755
2240844
2240872
2241225
2241343
2241585
2241624
2242098
2242205
2242218
2242612
2242685
2242702
2242788
2243036
2243045
2243112
2243207
2243308
2243339
2243431
2243678
2243752
2243937
2243951
2244077
2244148
2244346
2244444
2244558
2245202
2245241
2245336
2245426
2245556
2245665
2245673
2245712
2245733
2245818
2245879
2245892
2245913
2245981
2246006
2246057
2246189
2246630
2246705
2246952
2247137
2247219
2247234
2247441
2247540
2247553
2248183
2248475
2248491
2248614
2248695
2248903
2248936
2249330
2249437
2249683
2249781
2249970
2250482
2250541
2250642
2250943
2251258
2251388
2251484
2251748
2251912
2252062
2252071
2252117
2252277
2252604
2252629
2252768
2252843
2253366
2253379
2253652
2253988
2254111
2254174
2254454
2254476
2254555
2254804
2254917
2255005
2255270
2255334
2255671
2255864
2255896
2255936
2256050
2256251
2256348
2256467
2256563
2256694
2256871
2256983
2257000
2257246
2257331
2257551
2257622
2257778
2257807
2257810
2257856
2258247
2258375
2258558
2258679
2258684
2258762
2258849
2258955
2259105
2259137
2259143
2259312
2259423
2259459
2259527
2259789
2259852
2259904
2260200
2260276
2260471
2260710
2260735
2261028
2261056
2261242
2261260
2261654
2261697
2261838
2262212
2262233
2262532
2262639
2262802
2262830
2262888
2263451
2263466
2263912
2264065
2264369
2264458
2264657
2264670
2264759
2264796
2264999
2265030
2265375
2265503
2265618
2265684
2265740
2266191
2266460
2266493
2266510
2266650
2266706
2266785
2267003
2267340
2267780
2268189
2268253
2268307
2268335
2268383
2268413
2268991
2269102
2269406
2269421
2269622
2269690
2269734
2269828
2269939
2270448
2270688
2270792
2271018
2271206
2271576
2271747
2271765
2271841
2271888
2272184
2272226
2272255
2272278
2272293
2272368
2272527
2272562
2272648
2272654
2272697
2272736
2272891
2272931
2272965
2273148
2273229
2273483
2273558
2273666
2273942
2274022
2274228
2274272
2274465
2274813
2274848
2274876
2274984
2275046
2275573
2275598
2275732
2275855
2275878
2276217
2276252
2276579
2276689
2276760
2276844
2276986
2277031
2277047
2277300
2277348
2277376
2277436
2277612
2277862
2278042
2278165
2278568
2278707
2278988
2279510
2279528
2279544
2279954
2280015
2280059
2280113
2280231
2280461
2280651
2280740
2280812
2280901
2281230
2281277
2281345
2281358
2281544
2281556
2281712
2281785
2281932
2282052
2282140
2282171
2282203
2282396
2282479
2282504
2282529
2282598
2282754
2283005
2283051
2283342
2283671
2283729
2283841
2283958
2284069
2284164
2284316
2284382
2284579
2284908
2285019
2285343
2285568
2285680
2285707
2285772
2285890
2286035
2286242
2286613
2286875
2286880
2286947
2287103
2287898
2287938
2287980
2288170
2288210
2288404
2288465
2288619
2288854
2289178
2289490
2289546
2289552
2289649
2289715
2289814
2289935
2289972
2290020
2290172
2290417
2290695
2290731
2290773
2291237
2291243
2291376
2291730
2291808
2291886
2292001
2292150
2292297
2292384
2292585
2292594
2292858
2292959
2293027
2293146
2293460
2293556
2293770
2293879
2293976
2294056
2294120
2294184
2294278
2294368
2294402
2294477
2294488
2294681
2294838
2294950
2295011
2295089
2295207
2295314
2295395
2295530
2295655
2296080
2297030
2297352
2297410
2297558
2297934
2298130
2298159
2298224
2298406
2298421
2298755
2298927
2299158
2299240
2299469
2299476
2299560
2299578
2299766
2299779
2299882
2299909
