2203069
2204172
2205871
2206435
2209276
2210970
2210985
2212499
2215469
2217276
2217845
2218910
2219979
2220345
2224091
2226890
2227782
2227896
2228736
2229375
2230840
2231812
2233253
2233865
2234351
2235464
2239172
2239463
2244148
2245673
2246952
2248903
2249437
2249683
2253379
2254454
2255671
2256563
2258247
2258679
2260471
2262532
2262888
2264796
2266706
2268189
2268991
2269622
2271576
2271888
2272278
2272527
2274465
2276844
2277436
2280740
2280812
2280901
2282171
2283005
2283729
2285568
2285680
2286613
2287103
2287980
2289546
2289814
2290020
2290172
2291376
2292001
2292585
2293146
2294368
2294477
2294838
2295011
2295314
2298755
2299779
