2200007
2200010
2200028
2200035
2200044
2200056
2200072
2200083
2200099
2200105
2200118
2200120
2200143
2200151
2200166
2200179
2200184
2200192
2200226
2200234
2200242
2200255
2200260
2200278
2200287
2200293
2200306
2200312
2200321
2200333
2200349
2200357
2200368
2200370
2200385
2200394
2200415
2200423
2200430
2200441
2200459
2200464
2200477
2200488
2200496
2200514
2200527
2200539
2200540
2200562
2200571
2200586
2200600
2200613
2200625
2200632
2200648
2200654
2200669
2200676
2200681
2200697
2200711
2200722
2200745
2200758
2200767
2200774
2200789
2200790
2200809
2200824
2200838
2200846
2200852
2200863
2200875
2200880
2200891
2200916
2200929
2200947
2200950
2200965
2200973
2200982
2200998
2201003
2201011
2201022
2201058
2201074
2201089
2201090
2201106
2201112
2201121
2201133
2201149
2201157
2201168
2201170
2201185
2201194
2201207
2201210
2201228
2201235
2201244
2201256
2201261
2201272
2201283
2201308
2201314
2201327
2201339
2201340
2201353
2201362
2201371
2201386
2201395
2201404
2201416
2201429
2201431
2201447
2201450
2201465
2201482
2201498
2201502
2201523
2201541
2201559
2201564
2201577
2201588
2201596
2201601
2201619
2201626
2201642
2201655
2201660
2201678
2201687
2201693
2201709
2201738
2201746
2201752
2201763
2201775
2201780
2201791
2201800
2201813
2201825
2201832
2201848
2201854
2201869
2201876
2201881
2201897
2201905
2201918
2201920
2201937
2201943
2201951
2201979
2201984
2201992
2202006
2202012
2202021
2202033
2202049
2202057
2202068
2202070
2202085
2202094
2202103
2202111
2202122
2202136
2202145
2202158
2202167
2202174
2202189
2202190
2202208
2202214
2202227
2202239
2202240
2202262
2202271
2202286
2202295
2202307
2202310
2202328
2202335
2202344
2202356
2202361
2202372
2202400
2202413
2202425
2202448
2202454
2202469
2202497
2202501
2202519
2202526
2202534
2202555
2202560
2202578
2202587
2202593
2202602
2202615
2202623
2202630
2202641
2202659
2202664
2202677
2202688
2202696
2202705
2202718
2202720
2202737
2202743
2202751
2202766
2202779
2202784
2202804
2202816
2202829
2202831
2202847
2202850
2202865
2202873
2202882
2202898
2202909
2202917
2202924
2202938
2202952
2202963
2202975
2202980
2202991
2203000
2203013
2203025
2203032
2203048
2203054
2203069
2203076
2203081
2203097
2203102
2203115
2203123
2203130
2203141
2203159
2203164
2203177
2203196
2203209
2203217
2203224
2203238
2203246
2203252
2203263
2203275
2203280
2203291
2203304
2203316
2203329
2203331
2203347
2203350
2203365
2203398
2203412
2203421
2203433
2203449
2203457
2203470
2203485
2203494
2203505
2203518
2203520
2203537
2203566
2203579
2203584
2203592
2203603
2203611
2203622
2203636
2203658
2203667
2203674
2203689
2203690
2203701
2203719
2203726
2203734
2203742
2203755
2203760
2203778
2203787
2203793
2203807
2203810
2203828
2203835
2203844
2203861
2203872
2203883
2203899
2203908
2203914
2203927
2203939
2203940
2203953
2203962
2203971
2203986
2203995
2204005
2204020
2204037
2204043
2204051
2204066
2204079
2204084
2204092
2204107
2204110
2204128
2204144
2204156
2204161
2204172
2204183
2204206
2204212
2204221
2204233
2204249
2204257
2204268
2204270
2204285
2204294
2204319
2204326
2204334
2204342
2204355
2204360
2204378
2204387
2204409
2204417
2204424
2204438
2204446
2204452
2204463
2204475
2204480
2204491
2204500
2204513
2204525
2204532
2204548
2204569
2204581
2204597
2204608
2204614
2204627
2204639
2204640
2204653
2204662
2204671
2204686
2204695
2204704
2204716
2204729
2204731
2204747
2204750
2204765
2204773
2204782
2204798
2204802
2204823
2204830
2204841
2204859
2204877
2204888
2204896
2204903
2204911
2204922
2204945
2204958
2204967
2204989
2205004
2205016
2205029
2205031
2205047
2205050
2205065
2205073
2205082
2205098
2205101
2205119
2205126
2205134
2205142
2205155
2205160
2205178
2205187
2205193
2205205
2205220
2205237
2205243
2205251
2205266
2205279
2205284
2205292
2205300
2205313
2205325
2205332
2205348
2205369
2205376
2205381
2205411
2205422
2205436
2205445
2205458
2205467
2205474
2205489
2205490
2205509
2205517
2205524
2205546
2205552
2205563
2205580
2205591
2205606
2205612
2205621
2205633
2205649
2205657
2205668
2205670
2205685
2205694
2205702
2205723
2205730
2205759
2205764
2205777
2205788
2205796
2205814
2205827
2205839
2205840
2205853
2205862
2205871
2205886
2205895
2205907
2205910
2205928
2205935
2205944
2205956
2205961
2205972
2205983
2205999
2206002
2206015
2206023
2206030
2206041
2206059
2206064
2206077
2206088
2206096
2206100
2206113
2206125
2206132
2206148
2206154
2206169
2206176
2206181
2206197
2206204
2206216
2206229
2206231
2206247
2206250
2206265
2206273
2206282
2206298
2206309
2206317
2206324
2206338
2206346
2206352
2206363
2206375
2206380
2206407
2206428
2206435
2206444
2206461
2206472
2206483
2206499
2206503
2206511
2206522
2206536
2206545
2206558
2206567
2206574
2206589
2206590
2206605
2206618
2206620
2206637
2206643
2206651
2206666
2206679
2206684
2206692
2206708
2206714
2206727
2206739
2206740
2206762
2206771
2206786
2206795
2206806
2206812
2206821
2206849
2206857
2206868
2206870
2206885
2206894
2206919
2206926
2206934
2206942
2206955
2206960
2206987
2206993
2207017
2207024
2207038
2207046
2207052
2207075
2207080
2207108
2207114
2207127
2207139
2207140
2207153
2207162
2207171
2207186
2207195
2207211
2207222
2207236
2207245
2207258
2207267
2207274
2207289
2207290
2207302
2207315
2207323
2207330
2207341
2207359
2207364
2207377
2207396
2207405
2207418
2207437
2207443
2207451
2207466
2207479
2207484
2207504
2207516
2207529
2207547
2207550
2207565
2207573
2207582
2207598
2207607
2207610
2207628
2207635
2207644
2207672
2207683
2207699
2207700
2207713
2207725
2207732
2207748
2207754
2207769
2207776
2207781
2207797
2207801
2207819
2207826
2207834
2207842
2207855
2207860
2207878
2207887
2207893
2207906
2207912
2207921
2207933
2207949
2207957
2207968
2207970
2207985
2207994
2208008
2208014
2208027
2208039
2208040
2208053
2208071
2208086
2208095
2208117
2208124
2208138
2208146
2208152
2208175
2208180
2208191
2208202
2208215
2208223
2208230
2208241
2208259
2208264
2208277
2208288
2208296
2208303
2208311
2208322
2208345
2208358
2208367
2208374
2208390
2208401
2208419
2208426
2208434
2208442
2208455
2208460
2208478
2208487
2208493
2208507
2208510
2208535
2208544
2208556
2208583
2208599
2208604
2208616
2208629
2208631
2208647
2208650
2208673
2208682
2208698
2208706
2208712
2208721
2208733
2208749
2208757
2208768
2208770
2208785
2208794
2208818
2208820
2208837
2208843
2208851
2208866
2208879
2208884
2208892
2208900
2208925
2208932
2208948
2208954
2208969
2208976
2208981
2208997
2209001
2209019
2209026
2209034
2209042
2209055
2209060
2209078
2209087
2209093
2209104
2209116
2209129
2209131
2209147
2209150
2209165
2209173
2209182
2209198
2209200
2209225
2209232
2209248
2209269
2209276
2209281
2209297
2209305
2209318
2209320
2209337
2209343
2209351
2209366
2209379
2209384
2209392
2209408
2209414
2209427
2209439
2209440
2209453
2209462
2209471
2209486
2209495
2209506
2209521
2209549
2209557
2209568
2209570
2209585
2209594
2209609
2209617
2209624
2209638
2209646
2209652
2209663
2209675
2209680
2209691
2209707
2209710
2209728
2209735
2209744
2209756
2209761
2209772
2209783
2209799
2209803
2209811
2209836
2209845
2209858
2209867
2209874
2209889
2209890
2209902
2209915
2209923
2209930
2209941
2209959
2209964
2209977
2209988
2209996
2210009
2210017
2210038
2210046
2210052
2210075
2210080
2210091
2210114
2210127
2210139
2210140
2210153
2210171
2210186
2210195
2210203
2210211
2210236
2210245
2210258
2210267
2210274
2210289
2210290
2210302
2210315
2210323
2210330
2210341
2210359
2210364
2210377
2210388
2210396
2210405
2210418
2210420
2210437
2210443
2210451
2210466
2210479
2210484
2210504
2210516
2210529
2210531
2210547
2210550
2210565
2210573
2210582
2210598
2210607
2210610
2210628
2210635
2210644
2210656
2210672
2210683
2210699
2210700
2210713
2210725
2210732
2210748
2210754
2210769
2210776
2210781
2210797
2210801
2210819
2210826
2210834
2210855
2210860
2210878
2210887
2210893
2210906
2210912
2210921
2210933
2210949
2210968
2210970
2210985
2210994
2211000
2211013
2211025
2211032
2211054
2211076
2211081
2211097
2211102
2211115
2211123
2211130
2211141
2211159
2211164
2211177
2211188
2211224
2211238
2211246
2211252
2211263
2211275
2211280
2211291
2211304
2211316
2211329
2211331
2211347
2211350
2211365
2211373
2211382
2211398
2211406
2211412
2211421
2211433
2211449
2211457
2211468
2211485
2211494
2211505
2211518
2211520
2211537
2211543
2211551
2211566
2211579
2211584
2211592
2211603
2211611
2211622
2211645
2211658
2211667
2211674
2211689
2211690
2211701
2211726
2211734
2211742
2211755
2211760
2211778
2211787
2211793
2211807
2211810
2211828
2211844
2211861
2211872
2211883
2211899
2211908
2211914
2211927
2211939
2211940
2211953
2211962
2211971
2211986
2211995
2212015
2212030
2212041
2212059
2212064
2212077
2212088
2212096
2212100
2212125
2212132
2212148
2212154
2212169
2212176
2212181
2212197
2212204
2212216
2212229
2212231
2212250
2212265
2212273
2212282
2212298
2212309
2212317
2212324
2212338
2212352
2212363
2212375
2212380
2212391
2212407
2212410
2212428
2212435
2212444
2212461
2212472
2212483
2212499
2212503
2212511
2212522
2212536
2212545
2212558
2212567
2212574
2212605
2212618
2212620
2212637
2212643
2212651
2212666
2212679
2212684
2212692
2212708
2212714
2212727
2212740
2212753
2212762
2212771
2212786
2212795
2212806
2212812
2212821
2212849
2212857
2212868
2212870
2212901
2212919
2212926
2212934
2212942
2212955
2212960
2212987
2212993
2213007
2213010
2213028
2213035
2213044
2213056
2213061
2213072
2213083
2213099
2213118
2213120
2213137
2213143
2213151
2213166
2213179
2213184
2213192
2213201
2213219
2213226
2213234
2213242
2213255
2213260
2213278
2213287
2213293
2213306
2213312
2213321
2213333
2213349
2213357
2213370
2213385
2213394
2213415
2213423
2213430
2213441
2213459
2213464
2213477
2213488
2213496
2213508
2213514
2213527
2213539
2213540
2213553
2213562
2213571
2213586
2213595
2213600
2213613
2213625
2213648
2213654
2213669
2213676
2213681
2213697
2213703
2213711
2213736
2213745
2213758
2213767
2213774
2213789
2213790
2213824
2213838
2213846
2213863
2213875
2213880
2213891
2213904
2213929
2213931
2213947
2213950
2213965
2213973
2213982
2213998
2214008
2214027
2214039
2214040
2214053
2214062
2214071
2214086
2214095
2214109
2214117
2214124
2214138
2214146
2214152
2214175
2214180
2214191
2214202
2214215
2214223
2214230
2214241
2214259
2214277
2214288
2214296
2214303
2214311
2214336
2214358
2214367
2214374
2214389
2214390
2214401
2214419
2214426
2214434
2214442
2214460
2214478
2214487
2214493
2214507
2214510
2214528
2214535
2214544
2214556
2214561
2214572
2214583
2214599
2214604
2214616
2214629
2214631
2214647
2214650
2214665
2214673
2214682
2214698
2214706
2214712
2214721
2214749
2214757
2214768
2214770
2214785
2214794
2214805
2214818
2214820
2214837
2214843
2214851
2214866
2214879
2214900
2214913
2214925
2214932
2214948
2214954
2214969
2214976
2214981
2214997
2215006
2215012
2215021
2215033
2215049
2215057
2215070
2215085
2215094
2215103
2215111
2215122
2215136
2215145
2215158
2215167
2215174
2215189
2215190
2215208
2215214
2215227
2215239
2215240
2215253
2215262
2215271
2215286
2215295
2215307
2215310
2215328
2215335
2215344
2215356
2215361
2215372
2215383
2215399
2215400
2215413
2215425
2215432
2215448
2215454
2215469
2215476
2215481
2215497
2215501
2215519
2215526
2215534
2215542
2215555
2215578
2215587
2215593
2215602
2215615
2215623
2215630
2215641
2215659
2215664
2215677
2215688
2215696
2215737
2215743
2215751
2215766
2215779
2215784
2215804
2215816
2215831
2215847
2215850
2215865
2215873
2215882
2215909
2215917
2215924
2215938
2215952
2215963
2215975
2215980
2215991
2216005
2216018
2216020
2216037
2216043
2216051
2216066
2216079
2216084
2216092
2216107
2216110
2216128
2216135
2216144
2216156
2216161
2216172
2216183
2216199
2216206
2216233
2216249
2216257
2216268
2216270
2216285
2216294
2216326
2216334
2216342
2216355
2216360
2216378
2216387
2216393
2216409
2216417
2216424
2216438
2216446
2216452
2216463
2216475
2216480
2216491
2216500
2216513
2216525
2216532
2216548
2216554
2216569
2216576
2216581
2216597
2216608
2216614
2216627
2216639
2216640
2216653
2216662
2216671
2216686
2216695
2216704
2216716
2216729
2216731
2216747
2216750
2216765
2216773
2216782
2216798
2216815
2216823
2216830
2216841
2216859
2216864
2216877
2216888
2216896
2216903
2216911
2216922
2216936
2216945
2216958
2216967
2216974
2216989
2216990
2217001
2217019
2217026
2217042
2217055
2217060
2217078
2217087
2217104
2217116
2217129
2217131
2217147
2217165
2217173
2217182
2217198
2217200
2217213
2217225
2217232
2217254
2217269
2217276
2217281
2217297
2217305
2217318
2217320
2217343
2217366
2217379
2217384
2217392
2217408
2217414
2217427
2217439
2217440
2217453
2217462
2217471
2217486
2217495
2217506
2217512
2217533
2217549
2217557
2217568
2217570
2217585
2217594
2217609
2217617
2217624
2217638
2217646
2217652
2217663
2217675
2217680
2217691
2217707
2217710
2217728
2217735
2217744
2217756
2217761
2217772
2217783
2217799
2217822
2217836
2217845
2217858
2217867
2217889
2217890
2217902
2217915
2217923
2217930
2217941
2217959
2217964
2217988
2217996
2218004
2218016
2218029
2218031
2218047
2218050
2218065
2218098
2218101
2218119
2218126
2218134
2218142
2218155
2218160
2218178
2218187
2218193
2218205
2218218
2218220
2218237
2218243
2218251
2218266
2218279
2218292
2218300
2218313
2218325
2218332
2218348
2218354
2218381
2218397
2218403
2218422
2218436
2218445
2218458
2218474
2218489
2218490
2218509
2218517
2218524
2218538
2218546
2218552
2218563
2218575
2218580
2218591
2218606
2218612
2218621
2218633
2218649
2218657
2218668
2218670
2218685
2218694
2218702
2218715
2218723
2218730
2218741
2218759
2218764
2218777
2218796
2218814
2218827
2218839
2218853
2218871
2218886
2218895
2218910
2218928
2218935
2218944
2218956
2218961
2218972
2218983
2218999
2219003
2219022
2219058
2219067
2219074
2219089
2219090
2219106
2219112
2219121
2219149
2219157
2219168
2219170
2219185
2219194
2219207
2219210
2219228
2219235
2219244
2219256
2219261
2219272
2219299
2219308
2219314
2219327
2219339
2219340
2219353
2219362
2219371
2219386
2219395
2219404
2219416
2219429
2219431
2219450
2219465
2219473
2219482
2219498
2219502
2219515
2219523
2219530
2219541
2219559
2219564
2219577
2219588
2219596
2219601
2219619
2219626
2219634
2219642
2219655
2219660
2219678
2219687
2219693
2219709
2219717
2219724
2219738
2219746
2219752
2219763
2219775
2219780
2219791
2219800
2219825
2219832
2219848
2219854
2219869
2219876
2219881
2219897
2219905
2219918
2219920
2219943
2219966
2219979
2219984
2219992
2220008
2220014
2220027
2220039
2220062
2220086
2220095
2220109
2220117
2220124
2220138
2220146
2220152
2220163
2220175
2220180
2220191
2220202
2220215
2220223
2220230
2220241
2220259
2220264
2220277
2220288
2220296
2220303
2220311
2220322
2220345
2220358
2220367
2220374
2220389
2220390
2220401
2220419
2220434
2220442
2220455
2220460
2220478
2220487
2220493
2220510
2220528
2220535
2220544
2220556
2220561
2220572
2220583
2220599
2220604
2220616
2220629
2220650
2220665
2220673
2220698
2220706
2220721
2220733
2220749
2220757
2220768
2220770
2220794
2220818
2220820
2220837
2220843
2220851
2220866
2220879
2220884
2220892
2220913
2220925
2220932
2220948
2220954
2220969
2220976
2220981
2220997
2221006
2221012
2221033
2221049
2221057
2221068
2221070
2221103
2221111
2221122
2221136
2221145
2221158
2221167
2221174
2221189
2221190
2221208
2221214
2221227
2221239
2221240
2221253
2221262
2221271
2221295
2221307
2221310
2221328
2221335
2221344
2221356
2221361
2221383
2221399
2221400
2221413
2221425
2221448
2221454
2221469
2221481
2221497
2221501
2221519
2221526
2221542
2221555
2221560
2221578
2221587
2221593
2221602
2221615
2221630
2221641
2221659
2221664
2221677
2221688
2221696
2221705
2221718
2221720
2221737
2221743
2221751
2221766
2221779
2221784
2221792
2221804
2221816
2221829
2221831
2221847
2221850
2221865
2221873
2221882
2221898
2221909
2221917
2221938
2221946
2221975
2221980
2221991
2222003
2222011
2222022
2222036
2222045
2222058
2222067
2222074
2222089
2222106
2222112
2222121
2222133
2222149
2222157
2222168
2222170
2222185
2222210
2222228
2222235
2222244
2222256
2222272
2222283
2222299
2222308
2222314
2222327
2222339
2222340
2222353
2222362
2222386
2222395
2222404
2222416
2222429
2222431
2222447
2222450
2222465
2222473
2222482
2222498
2222502
2222515
2222523
2222530
2222541
2222559
2222564
2222577
2222588
2222596
2222601
2222619
2222626
2222634
2222642
2222678
2222687
2222693
2222717
2222724
2222738
2222746
2222752
2222763
2222775
2222780
2222791
2222800
2222813
2222825
2222832
2222848
2222854
2222869
2222876
2222881
2222897
2222905
2222918
2222920
2222937
2222943
2222951
2222966
2222979
2222984
2222992
2223004
2223029
2223031
2223047
2223050
2223073
2223082
2223101
2223119
2223126
2223134
2223142
2223155
2223160
2223178
2223193
2223205
2223237
2223251
2223266
2223279
2223284
2223292
2223300
2223313
2223325
2223332
2223348
2223354
2223369
2223376
2223381
2223397
2223403
2223411
2223422
2223436
2223445
2223458
2223467
2223474
2223489
2223490
2223509
2223517
2223538
2223546
2223552
2223563
2223575
2223580
2223606
2223612
2223633
2223657
2223668
2223670
2223685
2223694
2223715
2223723
2223730
2223741
2223759
2223764
2223777
2223788
2223796
2223808
2223814
2223827
2223839
2223840
2223853
2223862
2223871
2223886
2223895
2223907
2223910
2223935
2223944
2223956
2223961
2223972
2223983
2224017
2224024
2224038
2224046
2224052
2224075
2224080
2224091
2224114
2224127
2224139
2224140
2224153
2224162
2224195
2224203
2224211
2224222
2224236
2224245
2224258
2224267
2224274
2224289
2224290
2224302
2224315
2224323
2224330
2224341
2224359
2224364
2224377
2224396
2224405
2224418
2224420
2224437
2224443
2224466
2224479
2224484
2224492
2224504
2224516
2224529
2224547
2224550
2224565
2224582
2224598
2224607
2224610
2224628
2224644
2224656
2224661
2224672
2224683
2224699
2224700
2224713
2224725
2224732
2224748
2224781
2224797
2224801
2224819
2224834
2224842
2224855
2224860
2224878
2224887
2224893
2224906
2224912
2224921
2224933
2224949
2224957
2224970
2224985
2224994
2225000
2225013
2225025
2225032
2225048
2225069
2225076
2225081
2225097
2225102
2225115
2225123
2225130
2225141
2225159
2225164
2225177
2225188
2225196
2225209
2225217
2225238
2225246
2225252
2225263
2225275
2225280
2225291
2225304
2225316
2225329
2225331
2225347
2225350
2225365
2225373
2225382
2225406
2225412
2225421
2225433
2225449
2225457
2225468
2225470
2225485
2225494
2225505
2225518
2225520
2225537
2225551
2225566
2225579
2225584
2225592
2225603
2225611
2225622
2225636
2225645
2225658
2225667
2225674
2225689
2225690
2225701
2225734
2225742
2225755
2225760
2225778
2225787
2225793
2225807
2225810
2225828
2225835
2225844
2225856
2225861
2225872
2225883
2225899
2225908
2225914
2225927
2225939
2225940
2225953
2225962
2225971
2225986
2225995
2226001
2226019
2226026
2226034
2226042
2226055
2226060
2226078
2226087
2226104
2226116
2226129
2226131
2226147
2226150
2226165
2226173
2226182
2226198
2226200
2226213
2226225
2226232
2226254
2226269
2226276
2226281
2226297
2226305
2226318
2226320
2226337
2226343
2226351
2226366
2226384
2226392
2226408
2226414
2226439
2226440
2226453
2226471
2226486
2226495
2226506
2226512
2226549
2226557
2226568
2226570
2226585
2226594
2226609
2226617
2226638
2226646
2226652
2226675
2226691
2226707
2226710
2226728
2226735
2226744
2226756
2226761
2226783
2226799
2226803
2226811
2226822
2226836
2226845
2226858
2226874
2226889
2226890
2226902
2226915
2226923
2226930
2226941
2226964
2226977
2226988
2226996
2227005
2227018
2227020
2227037
2227043
2227051
2227066
2227079
2227084
2227092
2227107
2227110
2227128
2227144
2227156
2227172
2227183
2227199
2227206
2227212
2227221
2227233
2227249
2227257
2227268
2227270
2227285
2227294
2227301
2227319
2227342
2227355
2227360
2227378
2227387
2227393
2227409
2227424
2227438
2227446
2227452
2227463
2227475
2227480
2227491
2227500
2227513
2227525
2227532
2227548
2227554
2227569
2227576
2227581
2227597
2227608
2227614
2227627
2227639
2227640
2227653
2227662
2227671
2227686
2227695
2227704
2227716
2227729
2227731
2227747
2227750
2227765
2227773
2227782
2227798
2227802
2227815
2227823
2227830
2227841
2227859
2227864
2227877
2227888
2227896
2227903
2227911
2227922
2227936
2227945
2227958
2227974
2227990
2228007
2228010
2228028
2228035
2228044
2228056
2228061
2228072
2228083
2228099
2228118
2228120
2228137
2228143
2228151
2228166
2228179
2228184
2228192
2228219
2228226
2228234
2228242
2228278
2228287
2228293
2228306
2228312
2228321
2228349
2228357
2228368
2228370
2228385
2228402
2228415
2228423
2228430
2228441
2228459
2228464
2228477
2228496
2228508
2228514
2228527
2228539
2228540
2228553
2228562
2228571
2228586
2228595
2228600
2228613
2228625
2228632
2228648
2228654
2228669
2228681
2228697
2228703
2228711
2228722
2228736
2228745
2228758
2228767
2228774
2228789
2228790
2228809
2228817
2228824
2228846
2228852
2228863
2228875
2228880
2228891
2228904
2228929
2228931
2228965
2228973
2228982
2228998
2229002
2229015
2229041
2229059
2229064
2229077
2229088
2229096
2229100
2229113
2229132
2229148
2229154
2229169
2229176
2229181
2229197
2229204
2229216
2229229
2229231
2229247
2229250
2229265
2229273
2229282
2229298
2229309
2229317
2229324
2229346
2229352
2229363
2229375
2229380
2229391
2229407
2229410
2229428
2229435
2229444
2229456
2229461
2229472
2229483
2229499
2229503
2229511
2229522
2229536
2229545
2229558
2229567
2229574
2229589
2229590
2229618
2229620
2229637
2229651
2229666
2229679
2229684
2229692
2229708
2229714
2229727
2229739
2229740
2229753
2229771
2229786
2229795
2229806
2229821
2229833
2229849
2229857
2229868
2229870
2229885
2229894
2229901
2229919
2229926
2229934
2229942
2229955
2229978
2229987
2229993
2230004
2230016
2230029
2230031
2230047
2230050
2230065
2230073
2230082
2230098
2230101
2230119
2230126
2230134
2230142
2230155
2230160
2230178
2230187
2230193
2230205
2230218
2230220
2230243
2230251
2230266
2230279
2230284
2230292
2230300
2230313
2230325
2230332
2230348
2230354
2230369
2230376
2230381
2230397
2230403
2230411
2230422
2230436
2230458
2230467
2230490
2230509
2230517
2230524
2230538
2230546
2230552
2230575
2230580
2230591
2230606
2230612
2230621
2230633
2230649
2230668
2230670
2230685
2230702
2230715
2230723
2230730
2230741
2230759
2230764
2230777
2230788
2230796
2230814
2230827
2230839
2230840
2230853
2230862
2230871
2230886
2230895
2230910
2230928
2230935
2230944
2230956
2230961
2230972
2230983
2230999
2231002
2231015
2231023
2231030
2231059
2231064
2231077
2231088
2231096
2231100
2231113
2231125
2231132
2231148
2231154
2231169
2231176
2231181
2231197
2231204
2231216
2231229
2231231
2231247
2231250
2231265
2231273
2231282
2231298
2231309
2231317
2231324
2231338
2231363
2231375
2231380
2231391
2231407
2231410
2231428
2231435
2231444
2231456
2231461
2231472
2231483
2231503
2231511
2231522
2231536
2231545
2231558
2231567
2231574
2231589
2231590
2231605
2231618
2231620
2231637
2231643
2231651
2231679
2231684
2231692
2231708
2231714
2231727
2231740
2231762
2231771
2231786
2231795
2231806
2231812
2231821
2231849
2231857
2231868
2231885
2231894
2231901
2231919
2231926
2231934
2231942
2231955
2231960
2231978
2231987
2231993
2232000
2232013
2232025
2232032
2232048
2232054
2232069
2232076
2232097
2232102
2232115
2232123
2232141
2232159
2232164
2232177
2232188
2232196
2232209
2232217
2232224
2232238
2232246
2232252
2232263
2232275
2232280
2232304
2232316
2232329
2232347
2232350
2232365
2232373
2232382
2232398
2232406
2232412
2232421
2232433
2232449
2232457
2232468
2232470
2232485
2232494
2232505
2232518
2232520
2232537
2232543
2232551
2232566
2232579
2232584
2232592
2232603
2232611
2232622
2232636
2232645
2232658
2232674
2232689
2232690
2232701
2232719
2232726
2232734
2232755
2232760
2232787
2232793
2232807
2232810
2232828
2232835
2232861
2232872
2232883
2232899
2232908
2232914
2232927
2232939
2232940
2232953
2232962
2232971
2232986
2232995
2233006
2233021
2233033
2233049
2233057
2233068
2233085
2233094
2233103
2233111
2233122
2233136
2233145
2233158
2233167
2233190
2233208
2233214
2233239
2233240
2233253
2233271
2233286
2233295
2233307
2233310
2233328
2233335
2233356
2233361
2233372
2233383
2233399
2233400
2233413
2233425
2233432
2233448
2233454
2233469
2233481
2233497
2233501
2233519
2233534
2233542
2233555
2233560
2233578
2233587
2233615
2233623
2233630
2233641
2233659
2233664
2233677
2233696
2233705
2233718
2233720
2233737
2233743
2233751
2233766
2233779
2233784
2233792
2233804
2233816
2233831
2233847
2233850
2233865
2233882
2233898
2233909
2233917
2233924
2233938
2233946
2233963
2233975
2233980
2233991
2234001
2234019
2234026
2234042
2234055
2234060
2234078
2234093
2234104
2234116
2234129
2234131
2234147
2234150
2234173
2234182
2234198
2234200
2234213
2234225
2234232
2234248
2234254
2234269
2234276
2234281
2234297
2234305
2234318
2234320
2234337
2234343
2234351
2234366
2234379
2234384
2234392
2234408
2234427
2234440
2234453
2234462
2234471
2234486
2234495
2234506
2234512
2234521
2234533
2234549
2234557
2234568
2234570
2234585
2234594
2234609
2234617
2234624
2234638
2234646
2234652
2234663
2234675
2234680
2234691
2234707
2234710
2234728
2234735
2234744
2234756
2234761
2234772
2234783
2234799
2234803
2234811
2234822
2234836
2234845
2234858
2234867
2234874
2234890
2234915
2234930
2234941
2234959
2234964
2234977
2234988
2234996
2235007
2235010
2235028
2235035
2235044
2235056
2235061
2235072
2235099
2235118
2235120
2235137
2235143
2235151
2235166
2235179
2235184
2235192
2235201
2235219
2235226
2235242
2235255
2235260
2235278
2235287
2235293
2235306
2235312
2235321
2235333
2235349
2235357
2235368
2235370
2235385
2235394
2235402
2235415
2235423
2235430
2235441
2235459
2235464
2235477
2235488
2235496
2235508
2235514
2235527
2235539
2235540
2235553
2235562
2235571
2235586
2235595
2235600
2235613
2235625
2235648
2235669
2235676
2235697
2235703
2235711
2235722
2235736
2235745
2235758
2235767
2235774
2235789
2235790
2235809
2235817
2235824
2235838
2235846
2235852
2235863
2235875
2235880
2235891
2235904
2235916
2235931
2235950
2235965
2235973
2235982
2235998
2236003
2236011
2236022
2236036
2236045
2236058
2236067
2236074
2236089
2236106
2236112
2236121
2236133
2236149
2236157
2236168
2236170
2236185
2236194
2236207
2236210
2236228
2236235
2236244
2236256
2236261
2236272
2236283
2236308
2236314
2236327
2236339
2236340
2236353
2236362
2236371
2236386
2236395
2236404
2236429
2236431
2236447
2236465
2236473
2236482
2236498
2236502
2236515
2236523
2236530
2236541
2236559
2236564
2236577
2236588
2236596
2236601
2236619
2236626
2236634
2236655
2236660
2236678
2236693
2236709
2236717
2236724
2236738
2236746
2236752
2236763
2236775
2236780
2236791
2236800
2236813
2236825
2236832
2236848
2236854
2236869
2236881
2236897
2236905
2236918
2236937
2236943
2236951
2236966
2236979
2236984
2236992
2237008
2237014
2237027
2237039
2237053
2237062
2237071
2237095
2237109
2237124
2237138
2237146
2237152
2237175
2237180
2237191
2237202
2237215
2237223
2237230
2237259
2237277
2237288
2237296
2237303
2237311
2237322
2237336
2237345
2237367
2237374
2237389
2237390
2237401
2237419
2237426
2237434
2237442
2237455
2237460
2237478
2237487
2237493
2237507
2237510
2237528
2237535
2237544
2237556
2237561
2237572
2237583
2237599
2237604
2237616
2237629
2237631
2237647
2237650
2237665
2237673
2237682
2237698
2237706
2237721
2237733
2237757
2237768
2237770
2237785
2237805
2237837
2237843
2237851
2237866
2237884
2237892
2237900
2237913
2237925
2237932
2237948
2237954
2237969
2237976
2237981
2237997
2238017
2238024
2238038
2238046
2238052
2238063
2238075
2238080
2238091
2238108
2238114
2238127
2238153
2238162
2238171
2238186
2238195
2238203
2238211
2238222
2238236
2238245
2238258
2238267
2238274
2238289
2238290
2238302
2238315
2238323
2238330
2238341
2238359
2238364
2238377
2238388
2238396
2238405
2238418
2238420
2238437
2238443
2238451
2238466
2238479
2238484
2238492
2238504
2238516
2238529
2238531
2238547
2238550
2238565
2238573
2238582
2238607
2238610
2238628
2238635
2238644
2238656
2238672
2238683
2238699
2238700
2238713
2238725
2238732
2238748
2238754
2238769
2238776
2238781
2238797
2238801
2238819
2238826
2238834
2238842
2238855
2238860
2238887
2238893
2238906
2238912
2238933
2238957
2238968
2238970
2238985
2238994
2239005
2239020
2239037
2239043
2239051
2239066
2239079
2239084
2239092
2239107
2239128
2239135
2239144
2239156
2239161
2239172
2239183
2239199
2239206
2239212
2239221
2239233
2239249
2239257
2239268
2239270
2239285
2239301
2239326
2239334
2239342
2239355
2239360
2239378
2239387
2239393
2239409
2239424
2239438
2239446
2239452
2239463
2239475
2239480
2239491
2239500
2239513
2239525
2239532
2239548
2239554
2239569
2239597
2239608
2239614
2239639
2239640
2239653
2239662
2239671
2239686
2239695
2239704
2239716
2239729
2239731
2239747
2239750
2239765
2239773
2239782
2239798
2239802
2239815
2239823
2239841
2239859
2239864
2239877
2239888
2239896
2239903
2239911
2239922
2239936
2239967
2239974
2239990
2240000
2240013
2240025
2240032
2240048
2240054
2240069
2240076
2240081
2240097
2240102
2240115
2240130
2240141
2240159
2240164
2240177
2240188
2240196
2240209
2240217
2240224
2240238
2240246
2240252
2240263
2240275
2240280
2240291
2240304
2240329
2240347
2240350
2240373
2240382
2240398
2240406
2240412
2240421
2240433
2240457
2240468
2240470
2240485
2240494
2240505
2240518
2240520
2240543
2240551
2240566
2240579
2240584
2240592
2240603
2240611
2240636
2240645
2240658
2240667
2240674
2240689
2240690
2240701
2240719
2240726
2240742
2240755
2240760
2240778
2240787
2240793
2240807
2240810
2240828
2240844
2240856
2240861
2240872
2240883
2240899
2240908
2240914
2240927
2240939
2240940
2240953
2240971
2240986
2240995
2241001
2241019
2241026
2241034
2241042
2241055
2241078
2241087
2241093
2241129
2241131
2241147
2241150
2241165
2241173
2241182
2241198
2241200
2241225
2241232
2241248
2241254
2241269
2241276
2241281
2241297
2241305
2241318
2241320
2241343
2241351
2241366
2241379
2241384
2241392
2241408
2241414
2241427
2241439
2241440
2241453
2241462
2241471
2241486
2241495
2241506
2241512
2241521
2241533
2241549
2241557
2241568
2241570
2241585
2241594
2241609
2241617
2241624
2241638
2241646
2241652
2241663
2241675
2241680
2241691
2241707
2241710
2241728
2241735
2241744
2241756
2241761
2241772
2241783
2241803
2241811
2241822
2241836
2241845
2241858
2241867
2241874
2241889
2241890
2241915
2241923
2241930
2241941
2241959
2241977
2241988
2241996
2242004
2242016
2242029
2242031
2242050
2242065
2242073
2242082
2242098
2242101
2242119
2242126
2242142
2242155
2242160
2242178
2242187
2242193
2242205
2242218
2242237
2242243
2242251
2242279
2242284
2242292
2242300
2242313
2242332
2242348
2242354
2242369
2242376
2242381
2242397
2242403
2242411
2242422
2242436
2242445
2242458
2242467
2242474
2242489
2242490
2242509
2242517
2242524
2242538
2242546
2242552
2242563
2242575
2242580
2242591
2242606
2242612
2242621
2242633
2242649
2242657
2242668
2242670
2242685
2242694
2242702
2242715
2242723
2242730
2242741
2242759
2242764
2242777
2242788
2242796
2242808
2242814
2242827
2242839
2242840
2242853
2242862
2242871
2242886
2242895
2242907
2242910
2242944
2242961
2242983
2242999
2243003
2243011
2243036
2243045
2243058
2243067
2243074
2243089
2243090
2243106
2243112
2243121
2243133
2243149
2243168
2243170
2243185
2243194
2243207
2243210
2243228
2243235
2243244
2243256
2243261
2243272
2243283
2243308
2243327
2243339
2243353
2243362
2243371
2243386
2243395
2243404
2243429
2243431
2243447
2243450
2243465
2243473
2243482
2243498
2243502
2243515
2243523
2243530
2243541
2243559
2243564
2243577
2243588
2243596
2243601
2243619
2243626
2243634
2243642
2243655
2243660
2243678
2243687
2243693
2243709
2243717
2243724
2243738
2243746
2243752
2243763
2243775
2243780
2243791
2243800
2243825
2243832
2243854
2243869
2243876
2243881
2243897
2243905
2243918
2243920
2243937
2243943
2243951
2243966
2243979
2243984
2243992
2244002
2244015
2244023
2244030
2244041
2244059
2244064
2244077
2244096
2244113
2244125
2244132
2244148
2244154
2244169
2244176
2244181
2244197
2244204
2244216
2244231
2244247
2244250
2244265
2244273
2244282
2244298
2244309
2244317
2244324
2244338
2244346
2244352
2244363
2244375
2244380
2244391
2244410
2244428
2244435
2244444
2244456
2244461
2244472
2244483
2244503
2244511
2244522
2244536
2244545
2244558
2244567
2244574
2244589
2244590
2244605
2244618
2244620
2244637
2244651
2244684
2244692
2244708
2244714
2244727
2244739
2244740
2244753
2244762
2244771
2244786
2244795
2244806
2244812
2244833
2244849
2244857
2244868
2244870
2244885
2244901
2244919
2244926
2244934
2244942
2244955
2244987
2244993
2245008
2245014
2245027
2245039
2245040
2245053
2245062
2245071
2245086
2245095
2245109
2245117
2245138
2245146
2245152
2245163
2245175
2245180
2245191
2245202
2245215
2245223
2245230
2245241
2245259
2245264
2245277
2245288
2245296
2245311
2245322
2245336
2245358
2245367
2245374
2245389
2245390
2245401
2245419
2245426
2245442
2245455
2245460
2245478
2245487
2245493
2245507
2245510
2245528
2245544
2245556
2245561
2245572
2245583
2245599
2245604
2245616
2245629
2245631
2245647
2245650
2245665
2245673
2245682
2245698
2245706
2245712
2245721
2245733
2245749
2245757
2245768
2245770
2245785
2245794
2245805
2245818
2245843
2245851
2245879
2245892
2245900
2245913
2245925
2245932
2245948
2245954
2245969
2245976
2245981
2245997
2246006
2246012
2246021
2246033
2246049
2246057
2246068
2246070
2246085
2246094
2246103
2246111
2246122
2246136
2246145
2246158
2246174
2246189
2246190
2246208
2246214
2246227
2246239
2246240
2246253
2246262
2246271
2246286
2246295
2246307
2246310
2246328
2246344
2246356
2246361
2246372
2246383
2246399
2246400
2246413
2246425
2246432
2246448
2246454
2246469
2246476
2246481
2246497
2246501
2246519
2246526
2246534
2246542
2246555
2246560
2246578
2246587
2246593
2246602
2246615
2246623
2246630
2246659
2246664
2246677
2246696
2246705
2246718
2246720
2246737
2246743
2246751
2246766
2246779
2246784
2246792
2246804
2246816
2246829
2246831
2246850
2246873
2246882
2246898
2246909
2246924
2246938
2246946
2246952
2246963
2246975
2246980
2246991
2247007
2247028
2247035
2247044
2247056
2247061
2247083
2247099
2247105
2247118
2247120
2247137
2247143
2247151
2247166
2247179
2247184
2247192
2247201
2247219
2247226
2247234
2247242
2247255
2247260
2247278
2247287
2247293
2247306
2247312
2247321
2247333
2247349
2247357
2247368
2247370
2247385
2247394
2247402
2247415
2247423
2247430
2247441
2247459
2247464
2247477
2247488
2247508
2247514
2247540
2247553
2247562
2247571
2247586
2247595
2247600
2247625
2247632
2247648
2247669
2247676
2247681
2247697
2247703
2247722
2247745
2247758
2247767
2247774
2247789
2247809
2247817
2247824
2247838
2247846
2247852
2247880
2247891
2247904
2247916
2247929
2247931
2247947
2247950
2247965
2247973
2247982
2247998
2248005
2248018
2248020
2248037
2248043
2248051
2248079
2248084
2248092
2248107
2248110
2248128
2248135
2248144
2248156
2248161
2248172
2248183
2248199
2248206
2248212
2248221
2248233
2248249
2248257
2248270
2248285
2248294
2248301
2248319
2248326
2248334
2248355
2248360
2248378
2248387
2248393
2248409
2248417
2248424
2248446
2248475
2248480
2248491
2248500
2248513
2248525
2248532
2248548
2248554
2248569
2248576
2248581
2248597
2248608
2248614
2248640
2248653
2248662
2248671
2248686
2248695
2248704
2248716
2248729
2248731
2248747
2248750
2248765
2248773
2248782
2248798
2248802
2248815
2248823
2248830
2248841
2248859
2248864
2248877
2248888
2248896
2248903
2248911
2248922
2248936
2248945
2248958
2248967
2248974
2248989
2248990
2249017
2249024
2249038
2249052
2249063
2249075
2249080
2249091
2249108
2249114
2249127
2249139
2249140
2249153
2249162
2249171
2249186
2249195
2249203
2249211
2249222
2249236
2249245
2249258
2249267
2249289
2249290
2249302
2249315
2249323
2249330
2249341
2249359
2249364
2249377
2249396
2249405
2249418
2249420
2249437
2249443
2249451
2249466
2249479
2249492
2249504
2249516
2249529
2249531
2249547
2249550
2249565
2249573
2249582
2249598
2249607
2249610
2249628
2249635
2249644
2249656
2249661
2249672
2249683
2249699
2249700
2249713
2249725
2249748
2249754
2249769
2249776
2249781
2249797
2249801
2249819
2249834
2249842
2249855
2249860
2249878
2249887
2249893
2249906
2249912
2249933
2249949
2249957
2249968
2249970
2249985
2249994
2250003
2250011
2250022
2250036
2250045
2250058
2250067
2250074
2250090
2250106
2250112
2250121
2250133
2250157
2250168
2250170
2250185
2250194
2250207
2250228
2250235
2250244
2250256
2250261
2250272
2250283
2250299
2250308
2250314
2250327
2250339
2250340
2250353
2250362
2250371
2250386
2250395
2250404
2250416
2250429
2250431
2250447
2250450
2250465
2250473
2250482
2250498
2250502
2250515
2250523
2250530
2250541
2250559
2250564
2250588
2250596
2250601
2250619
2250626
2250634
2250642
2250655
2250660
2250678
2250687
2250693
2250709
2250717
2250724
2250738
2250746
2250752
2250763
2250775
2250780
2250791
2250800
2250813
2250825
2250848
2250854
2250869
2250876
2250881
2250897
2250905
2250918
2250920
2250937
2250943
2250951
2250966
2250984
2250992
2251017
2251024
2251038
2251046
2251052
2251063
2251075
2251080
2251091
2251108
2251114
2251127
2251139
2251140
2251153
2251171
2251186
2251195
2251203
2251211
2251222
2251245
2251258
2251267
2251289
2251290
2251302
2251315
2251323
2251330
2251341
2251359
2251364
2251377
2251388
2251396
2251405
2251418
2251420
2251437
2251443
2251451
2251466
2251479
2251484
2251492
2251504
2251516
2251529
2251531
2251547
2251550
2251565
2251573
2251598
2251607
2251610
2251628
2251635
2251656
2251661
2251672
2251683
2251699
2251700
2251713
2251725
2251732
2251748
2251754
2251769
2251776
2251781
2251797
2251801
2251819
2251834
2251842
2251855
2251860
2251878
2251887
2251893
2251906
2251912
2251921
2251949
2251957
2251968
2251985
2251994
2252008
2252014
2252027
2252039
2252040
2252053
2252062
2252071
2252086
2252095
2252109
2252117
2252124
2252138
2252146
2252152
2252163
2252175
2252180
2252191
2252202
2252215
2252223
2252230
2252241
2252264
2252277
2252288
2252296
2252303
2252311
2252322
2252336
2252358
2252367
2252374
2252389
2252390
2252401
2252419
2252426
2252434
2252442
2252455
2252460
2252478
2252487
2252493
2252507
2252528
2252544
2252556
2252561
2252583
2252599
2252604
2252616
2252629
2252631
2252647
2252650
2252665
2252673
2252682
2252698
2252706
2252712
2252721
2252733
2252757
2252768
2252770
2252785
2252794
2252818
2252820
2252837
2252843
2252851
2252866
2252879
2252884
2252900
2252913
2252925
2252932
2252948
2252954
2252969
2252976
2252981
2252997
2253001
2253019
2253034
2253042
2253060
2253078
2253087
2253093
2253104
2253129
2253131
2253147
2253150
2253165
2253173
2253182
2253198
2253213
2253225
2253232
2253248
2253269
2253276
2253281
2253297
2253305
2253318
2253320
2253337
2253343
2253351
2253366
2253379
2253384
2253392
2253414
2253427
2253439
2253440
2253453
2253462
2253471
2253486
2253495
2253506
2253512
2253533
2253549
2253557
2253568
2253585
2253594
2253609
2253617
2253624
2253646
2253652
2253663
2253675
2253680
2253691
2253707
2253710
2253728
2253735
2253744
2253756
2253772
2253783
2253799
2253803
2253811
2253822
2253836
2253845
2253858
2253867
2253874
2253889
2253890
2253902
2253915
2253930
2253941
2253964
2253977
2253988
2253996
2254006
2254012
2254021
2254033
2254049
2254057
2254068
2254070
2254085
2254094
2254103
2254111
2254122
2254136
2254145
2254158
2254167
2254174
2254189
2254190
2254208
2254214
2254227
2254239
2254240
2254253
2254262
2254271
2254286
2254295
2254307
2254328
2254335
2254344
2254356
2254361
2254383
2254413
2254425
2254432
2254448
2254454
2254469
2254476
2254481
2254497
2254501
2254519
2254526
2254534
2254542
2254555
2254578
2254587
2254593
2254602
2254615
2254623
2254630
2254641
2254659
2254664
2254677
2254688
2254705
2254718
2254720
2254737
2254743
2254751
2254766
2254779
2254784
2254792
2254804
2254816
2254829
2254831
2254847
2254850
2254865
2254873
2254882
2254898
2254909
2254917
2254924
2254938
2254946
2254952
2254975
2254980
2254991
2255005
2255018
2255020
2255043
2255051
2255066
2255079
2255084
2255092
2255107
2255110
2255128
2255135
2255156
2255161
2255172
2255183
2255199
2255206
2255212
2255221
2255233
2255257
2255270
2255285
2255294
2255319
2255326
2255334
2255342
2255355
2255360
2255378
2255387
2255393
2255409
2255417
2255424
2255438
2255446
2255452
2255463
2255475
2255480
2255491
2255500
2255513
2255525
2255532
2255548
2255554
2255576
2255581
2255597
2255608
2255614
2255627
2255639
2255640
2255662
2255671
2255686
2255695
2255704
2255716
2255729
2255731
2255747
2255750
2255765
2255773
2255782
2255798
2255802
2255815
2255823
2255830
2255841
2255859
2255864
2255877
2255888
2255896
2255903
2255911
2255922
2255936
2255945
2255958
2255967
2255974
2255989
2255990
2256004
2256016
2256029
2256047
2256050
2256065
2256073
2256082
2256098
2256101
2256119
2256126
2256134
2256142
2256155
2256160
2256178
2256187
2256193
2256205
2256218
2256220
2256237
2256243
2256251
2256266
2256279
2256284
2256300
2256313
2256325
2256332
2256348
2256354
2256369
2256376
2256381
2256403
2256411
2256422
2256436
2256445
2256458
2256467
2256474
2256489
2256490
2256509
2256517
2256538
2256546
2256552
2256563
2256575
2256580
2256591
2256606
2256612
2256633
2256649
2256657
2256668
2256670
2256685
2256694
2256702
2256715
2256723
2256730
2256741
2256764
2256788
2256796
2256808
2256814
2256827
2256839
2256840
2256862
2256871
2256895
2256910
2256928
2256935
2256956
2256961
2256972
2256983
2256999
2257000
2257025
2257032
2257048
2257054
2257069
2257076
2257081
2257097
2257123
2257130
2257159
2257164
2257177
2257188
2257196
2257209
2257217
2257224
2257238
2257246
2257263
2257275
2257280
2257291
2257304
2257316
2257329
2257331
2257347
2257350
2257365
2257373
2257382
2257406
2257412
2257421
2257433
2257449
2257457
2257468
2257470
2257485
2257494
2257505
2257518
2257520
2257537
2257543
2257551
2257579
2257584
2257592
2257603
2257611
2257622
2257636
2257645
2257674
2257689
2257690
2257701
2257719
2257726
2257734
2257742
2257755
2257760
2257778
2257787
2257793
2257807
2257810
2257828
2257835
2257844
2257856
2257861
2257872
2257883
2257899
2257908
2257914
2257927
2257939
2257940
2257953
2257971
2257986
2257995
2258002
2258015
2258023
2258030
2258041
2258059
2258064
2258077
2258088
2258100
2258113
2258125
2258132
2258148
2258154
2258169
2258176
2258181
2258197
2258216
2258229
2258231
2258247
2258250
2258265
2258273
2258282
2258298
2258309
2258317
2258324
2258338
2258346
2258352
2258375
2258380
2258391
2258407
2258410
2258428
2258444
2258456
2258461
2258472
2258483
2258499
2258503
2258511
2258522
2258536
2258558
2258567
2258574
2258589
2258590
2258618
2258620
2258637
2258666
2258679
2258684
2258692
2258708
2258714
2258727
2258739
2258740
2258753
2258762
2258771
2258786
2258795
2258806
2258821
2258833
2258849
2258857
2258868
2258870
2258885
2258894
2258901
2258919
2258926
2258934
2258942
2258955
2258960
2258978
2258987
2258993
2259007
2259010
2259028
2259035
2259044
2259056
2259061
2259072
2259099
2259105
2259118
2259120
2259137
2259143
2259151
2259166
2259179
2259184
2259192
2259201
2259219
2259226
2259234
2259242
2259255
2259260
2259278
2259287
2259293
2259312
2259321
2259333
2259349
2259357
2259368
2259370
2259385
2259402
2259415
2259423
2259430
2259441
2259459
2259477
2259488
2259514
2259527
2259539
2259540
2259553
2259562
2259571
2259586
2259595
2259600
2259613
2259632
2259648
2259654
2259669
2259676
2259681
2259697
2259703
2259711
2259722
2259736
2259745
2259758
2259767
2259774
2259789
2259790
2259809
2259817
2259824
2259838
2259846
2259852
2259863
2259875
2259880
2259891
2259904
2259916
2259929
2259931
2259947
2259950
2259965
2259973
2259982
2259998
2260001
2260019
2260026
2260034
2260042
2260055
2260060
2260078
2260087
2260093
2260104
2260129
2260131
2260147
2260150
2260165
2260173
2260182
2260200
2260213
2260225
2260232
2260248
2260254
2260269
2260276
2260297
2260305
2260337
2260343
2260351
2260366
2260379
2260384
2260392
2260414
2260427
2260439
2260453
2260462
2260471
2260486
2260495
2260506
2260512
2260521
2260549
2260568
2260570
2260585
2260609
2260624
2260638
2260646
2260652
2260663
2260675
2260680
2260691
2260707
2260710
2260728
2260735
2260744
2260756
2260761
2260772
2260783
2260799
2260803
2260811
2260822
2260836
2260845
2260858
2260867
2260874
2260889
2260890
2260902
2260915
2260923
2260930
2260941
2260959
2260964
2260977
2260988
2260996
2261007
2261010
2261028
2261035
2261044
2261056
2261061
2261072
2261083
2261099
2261105
2261118
2261120
2261137
2261143
2261151
2261166
2261179
2261184
2261201
2261219
2261226
2261234
2261242
2261255
2261260
2261278
2261287
2261293
2261306
2261312
2261321
2261349
2261370
2261385
2261394
2261402
2261415
2261423
2261430
2261441
2261459
2261464
2261477
2261488
2261496
2261508
2261514
2261539
2261553
2261562
2261571
2261586
2261595
2261613
2261625
2261632
2261648
2261654
2261669
2261676
2261681
2261697
2261703
2261711
2261722
2261745
2261758
2261767
2261774
2261789
2261790
2261809
2261817
2261824
2261838
2261846
2261875
2261891
2261904
2261916
2261929
2261931
2261947
2261950
2261965
2261973
2261982
2261998
2262005
2262018
2262020
2262037
2262043
2262051
2262066
2262084
2262092
2262107
2262110
2262144
2262161
2262172
2262183
2262199
2262206
2262212
2262233
2262249
2262257
2262268
2262270
2262301
2262319
2262326
2262334
2262342
2262355
2262378
2262387
2262393
2262409
2262417
2262424
2262438
2262446
2262452
2262463
2262475
2262480
2262491
2262500
2262513
2262525
2262532
2262548
2262554
2262569
2262576
2262581
2262597
2262608
2262614
2262627
2262639
2262640
2262653
2262662
2262671
2262716
2262729
2262731
2262747
2262750
2262782
2262798
2262802
2262815
2262823
2262830
2262841
2262859
2262877
2262888
2262896
2262903
2262911
2262922
2262936
2262945
2262958
2262967
2262974
2262989
2262990
2263009
2263017
2263024
2263038
2263046
2263052
2263075
2263080
2263091
2263108
2263139
2263140
2263153
2263162
2263171
2263186
2263195
2263203
2263211
2263222
2263236
2263258
2263267
2263274
2263289
2263302
2263315
2263323
2263330
2263341
2263359
2263364
2263377
2263388
2263396
2263418
2263420
2263443
2263451
2263466
2263479
2263484
2263492
2263504
2263516
2263529
2263531
2263547
2263550
2263565
2263573
2263582
2263598
2263607
2263610
2263628
2263635
2263644
2263656
2263661
2263672
2263683
2263699
2263700
2263713
2263725
2263732
2263748
2263754
2263769
2263776
2263781
2263797
2263801
2263819
2263826
2263842
2263855
2263878
2263887
2263906
2263912
2263921
2263933
2263949
2263957
2263968
2263970
2263985
2263994
2264004
2264016
2264029
2264047
2264050
2264065
2264073
2264082
2264101
2264119
2264126
2264134
2264142
2264155
2264160
2264178
2264187
2264193
2264218
2264220
2264237
2264243
2264251
2264266
2264279
2264292
2264300
2264313
2264325
2264332
2264348
2264369
2264376
2264381
2264397
2264403
2264422
2264436
2264458
2264467
2264474
2264489
2264490
2264509
2264517
2264524
2264546
2264552
2264563
2264575
2264580
2264591
2264606
2264612
2264621
2264633
2264657
2264668
2264670
2264685
2264694
2264702
2264715
2264723
2264730
2264759
2264764
2264777
2264788
2264796
2264808
2264814
2264827
2264839
2264840
2264871
2264886
2264895
2264907
2264910
2264928
2264935
2264944
2264956
2264961
2264972
2264983
2264999
2265002
2265015
2265023
2265030
2265041
2265059
2265064
2265077
2265088
2265096
2265100
2265113
2265125
2265132
2265148
2265169
2265176
2265181
2265197
2265204
2265216
2265229
2265231
2265247
2265250
2265265
2265273
2265298
2265309
2265317
2265324
2265338
2265346
2265352
2265363
2265375
2265380
2265391
2265407
2265410
2265435
2265444
2265456
2265461
2265472
2265483
2265503
2265511
2265536
2265545
2265558
2265567
2265574
2265589
2265590
2265605
2265618
2265620
2265637
2265643
2265651
2265666
2265679
2265684
2265692
2265708
2265714
2265727
2265739
2265740
2265753
2265762
2265771
2265786
2265795
2265806
2265812
2265833
2265849
2265857
2265868
2265870
2265894
2265901
2265919
2265926
2265934
2265942
2265955
2265960
2265978
2265987
2265993
2266008
2266014
2266027
2266039
2266053
2266062
2266071
2266095
2266109
2266124
2266138
2266152
2266163
2266175
2266180
2266191
2266202
2266215
2266223
2266241
2266259
2266264
2266277
2266288
2266296
2266311
2266336
2266358
2266367
2266374
2266389
2266390
2266401
2266419
2266426
2266434
2266455
2266460
2266478
2266487
2266493
2266507
2266510
2266535
2266544
2266572
2266599
2266604
2266616
2266629
2266631
2266647
2266650
2266665
2266682
2266698
2266706
2266712
2266721
2266733
2266749
2266757
2266768
2266770
2266785
2266794
2266805
2266818
2266820
2266837
2266843
2266851
2266866
2266879
2266884
2266892
2266913
2266932
2266948
2266969
2266981
2266997
2267003
2267011
2267022
2267036
2267045
2267058
2267067
2267074
2267089
2267106
2267112
2267121
2267133
2267149
2267157
2267170
2267185
2267194
2267207
2267210
2267228
2267235
2267244
2267256
2267261
2267272
2267283
2267299
2267308
2267314
2267327
2267339
2267340
2267353
2267371
2267386
2267395
2267404
2267416
2267429
2267431
2267447
2267450
2267465
2267473
2267498
2267502
2267523
2267530
2267541
2267559
2267564
2267577
2267596
2267601
2267619
2267634
2267642
2267655
2267660
2267678
2267687
2267693
2267709
2267717
2267724
2267738
2267746
2267752
2267763
2267775
2267780
2267791
2267800
2267813
2267825
2267832
2267848
2267869
2267876
2267881
2267897
2267905
2267918
2267937
2267943
2267951
2267966
2267979
2267984
2267992
2268006
2268012
2268021
2268033
2268049
2268057
2268068
2268085
2268094
2268103
2268111
2268122
2268136
2268145
2268167
2268174
2268189
2268190
2268208
2268214
2268227
2268239
2268240
2268253
2268262
2268271
2268286
2268295
2268307
2268310
2268328
2268335
2268344
2268356
2268361
2268372
2268383
2268400
2268413
2268425
2268432
2268454
2268469
2268476
2268481
2268497
2268501
2268519
2268526
2268534
2268542
2268555
2268560
2268578
2268587
2268593
2268615
2268623
2268630
2268641
2268659
2268677
2268688
2268696
2268705
2268718
2268737
2268743
2268751
2268766
2268779
2268792
2268804
2268816
2268829
2268831
2268850
2268865
2268873
2268898
2268909
2268917
2268924
2268938
2268946
2268952
2268963
2268980
2268991
2269000
2269013
2269025
2269032
2269048
2269069
2269076
2269081
2269097
2269102
2269115
2269123
2269130
2269141
2269159
2269164
2269177
2269188
2269196
2269209
2269217
2269238
2269246
2269252
2269263
2269275
2269280
2269291
2269304
2269316
2269329
2269331
2269347
2269350
2269365
2269373
2269382
2269406
2269412
2269421
2269449
2269468
2269470
2269485
2269494
2269505
2269518
2269520
2269537
2269543
2269551
2269566
2269584
2269592
2269611
2269622
2269636
2269645
2269658
2269667
2269689
2269690
2269701
2269726
2269734
2269742
2269760
2269778
2269787
2269793
2269807
2269810
2269828
2269835
2269844
2269856
2269861
2269872
2269899
2269908
2269914
2269927
2269939
2269940
2269953
2269962
2269971
2269986
2269995
2270006
2270012
2270021
2270033
2270057
2270068
2270070
2270085
2270094
2270103
2270111
2270122
2270136
2270145
2270158
2270167
2270174
2270189
2270190
2270208
2270214
2270227
2270239
2270240
2270253
2270262
2270271
2270295
2270307
2270310
2270328
2270335
2270344
2270356
2270361
2270372
2270383
2270399
2270400
2270413
2270425
2270432
2270448
2270454
2270469
2270476
2270481
2270497
2270501
2270519
2270526
2270534
2270542
2270555
2270560
2270578
2270587
2270593
2270602
2270615
2270623
2270641
2270659
2270664
2270677
2270688
2270696
2270705
2270718
2270720
2270737
2270743
2270751
2270766
2270779
2270784
2270792
2270804
2270816
2270829
2270831
2270850
2270865
2270873
2270882
2270898
2270909
2270917
2270924
2270938
2270946
2270952
2270963
2270975
2270980
2270991
2271005
2271018
2271020
2271037
2271043
2271051
2271066
2271079
2271092
2271107
2271110
2271128
2271135
2271144
2271156
2271161
2271172
2271183
2271199
2271206
2271212
2271221
2271233
2271257
2271268
2271270
2271285
2271294
2271301
2271319
2271334
2271342
2271355
2271360
2271378
2271387
2271393
2271409
2271417
2271424
2271446
2271452
2271463
2271475
2271480
2271491
2271500
2271513
2271525
2271532
2271554
2271569
2271576
2271581
2271597
2271608
2271614
2271627
2271639
2271640
2271653
2271662
2271671
2271686
2271695
2271704
2271716
2271729
2271731
2271747
2271750
2271765
2271773
2271782
2271798
2271802
2271815
2271823
2271830
2271841
2271859
2271864
2271877
2271888
2271903
2271911
2271936
2271945
2271958
2271967
2271974
2271989
2271990
2272007
2272010
2272028
2272035
2272044
2272056
2272072
2272083
2272105
2272118
2272120
2272137
2272143
2272151
2272179
2272184
2272192
2272201
2272219
2272226
2272234
2272242
2272255
2272260
2272278
2272287
2272293
2272306
2272312
2272321
2272333
2272357
2272368
2272385
2272394
2272402
2272415
2272423
2272430
2272441
2272459
2272464
2272477
2272488
2272496
2272508
2272514
2272527
2272539
2272540
2272553
2272562
2272571
2272586
2272600
2272613
2272625
2272632
2272648
2272654
2272669
2272676
2272681
2272697
2272703
2272711
2272722
2272736
2272758
2272767
2272774
2272790
2272809
2272817
2272824
2272846
2272852
2272863
2272875
2272880
2272891
2272904
2272916
2272929
2272931
2272947
2272950
2272965
2272973
2272998
2273002
2273015
2273030
2273041
2273059
2273064
2273077
2273088
2273096
2273100
2273113
2273132
2273148
2273169
2273176
2273181
2273204
2273216
2273229
2273231
2273247
2273250
2273265
2273282
2273298
2273309
2273317
2273324
2273338
2273346
2273352
2273363
2273391
2273407
2273410
2273428
2273435
2273444
2273456
2273461
2273472
2273483
2273499
2273503
2273511
2273522
2273536
2273545
2273558
2273567
2273574
2273589
2273590
2273605
2273618
2273620
2273637
2273643
2273651
2273666
2273679
2273692
2273708
2273714
2273727
2273740
2273753
2273762
2273771
2273786
2273795
2273806
2273812
2273821
2273833
2273849
2273857
2273868
2273885
2273894
2273901
2273919
2273926
2273934
2273942
2273955
2273960
2273978
2273987
2273993
2274003
2274011
2274022
2274036
2274058
2274067
2274074
2274089
2274090
2274106
2274112
2274121
2274133
2274157
2274168
2274170
2274185
2274194
2274207
2274210
2274228
2274244
2274256
2274261
2274272
2274283
2274299
2274308
2274314
2274327
2274339
2274340
2274353
2274362
2274371
2274395
2274404
2274416
2274429
2274431
2274447
2274450
2274465
2274473
2274482
2274498
2274502
2274515
2274523
2274530
2274559
2274564
2274577
2274588
2274596
2274601
2274619
2274626
2274634
2274642
2274655
2274660
2274678
2274687
2274693
2274709
2274717
2274724
2274738
2274746
2274752
2274763
2274775
2274780
2274791
2274800
2274813
2274832
2274848
2274854
2274869
2274876
2274881
2274897
2274905
2274918
2274937
2274943
2274966
2274979
2274984
2274992
2275009
2275017
2275038
2275046
2275052
2275063
2275075
2275080
2275091
2275108
2275114
2275127
2275139
2275140
2275153
2275162
2275171
2275186
2275195
2275203
2275211
2275222
2275236
2275245
2275267
2275274
2275289
2275290
2275315
2275330
2275359
2275364
2275377
2275388
2275396
2275405
2275418
2275420
2275437
2275443
2275451
2275466
2275479
2275484
2275492
2275504
2275516
2275529
2275531
2275547
2275565
2275573
2275582
2275598
2275607
2275610
2275635
2275644
2275656
2275661
2275672
2275683
2275699
2275700
2275713
2275725
2275732
2275748
2275754
2275769
2275776
2275781
2275797
2275801
2275819
2275826
2275834
2275855
2275860
2275878
2275887
2275893
2275912
2275921
2275933
2275949
2275957
2275968
2275970
2275985
2275994
2276000
2276013
2276025
2276048
2276054
2276076
2276097
2276102
2276115
2276123
2276130
2276141
2276159
2276164
2276188
2276209
2276217
2276224
2276238
2276246
2276252
2276263
2276275
2276280
2276304
2276329
2276331
2276350
2276365
2276373
2276382
2276398
2276406
2276412
2276421
2276433
2276449
2276457
2276468
2276470
2276485
2276494
2276505
2276518
2276543
2276551
2276566
2276579
2276584
2276592
2276603
2276611
2276622
2276636
2276658
2276667
2276674
2276689
2276690
2276701
2276719
2276726
2276734
2276742
2276755
2276760
2276787
2276793
2276807
2276810
2276828
2276835
2276844
2276861
2276872
2276883
2276899
2276908
2276914
2276927
2276939
2276940
2276953
2276962
2276971
2276986
2276995
2277016
2277031
2277047
2277050
2277065
2277073
2277082
2277098
2277101
2277119
2277126
2277134
2277142
2277155
2277160
2277178
2277187
2277193
2277205
2277220
2277237
2277243
2277251
2277266
2277279
2277284
2277292
2277300
2277313
2277325
2277332
2277348
2277354
2277369
2277376
2277381
2277397
2277403
2277411
2277422
2277436
2277445
2277458
2277467
2277490
2277509
2277517
2277524
2277538
2277546
2277552
2277563
2277575
2277591
2277606
2277612
2277621
2277649
2277657
2277668
2277685
2277694
2277702
2277715
2277723
2277730
2277741
2277759
2277764
2277777
2277788
2277796
2277814
2277827
2277839
2277840
2277853
2277862
2277871
2277886
2277895
2277907
2277910
2277928
2277944
2277956
2277961
2277972
2277983
2277999
2278001
2278019
2278026
2278034
2278042
2278055
2278060
2278078
2278087
2278093
2278104
2278116
2278129
2278131
2278147
2278150
2278165
2278173
2278182
2278198
2278200
2278213
2278225
2278232
2278248
2278254
2278281
2278305
2278318
2278320
2278351
2278366
2278379
2278384
2278392
2278408
2278414
2278427
2278439
2278440
2278453
2278462
2278471
2278486
2278495
2278506
2278512
2278533
2278549
2278557
2278568
2278570
2278585
2278594
2278609
2278617
2278624
2278638
2278646
2278652
2278663
2278675
2278680
2278691
2278707
2278710
2278728
2278744
2278756
2278761
2278772
2278783
2278799
2278803
2278811
2278822
2278836
2278845
2278858
2278867
2278874
2278889
2278890
2278902
2278915
2278930
2278941
2278964
2278977
2278988
2278996
2279008
2279014
2279027
2279039
2279040
2279053
2279062
2279071
2279086
2279095
2279109
2279117
2279124
2279138
2279146
2279152
2279163
2279175
2279180
2279202
2279223
2279230
2279241
2279259
2279264
2279277
2279288
2279296
2279303
2279311
2279322
2279336
2279345
2279358
2279367
2279374
2279389
2279390
2279401
2279419
2279426
2279434
2279442
2279455
2279460
2279478
2279487
2279493
2279507
2279510
2279528
2279535
2279544
2279556
2279561
2279572
2279583
2279599
2279616
2279629
2279631
2279647
2279650
2279673
2279682
2279706
2279712
2279721
2279733
2279749
2279757
2279768
2279770
2279794
2279805
2279818
2279820
2279837
2279843
2279851
2279866
2279879
2279884
2279892
2279900
2279913
2279925
2279932
2279948
2279954
2279969
2279976
2279981
2279997
2280015
2280023
2280030
2280041
2280059
2280064
2280077
2280088
2280096
2280100
2280113
2280125
2280132
2280148
2280154
2280169
2280181
2280197
2280204
2280216
2280229
2280231
2280247
2280250
2280265
2280282
2280317
2280324
2280346
2280352
2280363
2280375
2280380
2280391
2280407
2280410
2280428
2280435
2280444
2280461
2280472
2280483
2280503
2280511
2280522
2280536
2280545
2280558
2280567
2280574
2280589
2280590
2280605
2280618
2280620
2280637
2280643
2280651
2280666
2280679
2280684
2280692
2280708
2280714
2280727
2280739
2280740
2280753
2280762
2280771
2280786
2280795
2280806
2280812
2280821
2280833
2280849
2280857
2280868
2280870
2280894
2280901
2280919
2280934
2280942
2280955
2280960
2280978
2280987
2280993
2281008
2281014
2281027
2281039
2281040
2281053
2281062
2281071
2281086
2281095
2281109
2281117
2281124
2281138
2281146
2281152
2281163
2281175
2281180
2281191
2281215
2281223
2281230
2281259
2281277
2281288
2281296
2281303
2281311
2281336
2281345
2281358
2281367
2281374
2281389
2281390
2281401
2281419
2281434
2281442
2281455
2281460
2281478
2281487
2281493
2281507
2281510
2281528
2281535
2281544
2281556
2281572
2281583
2281599
2281604
2281616
2281629
2281631
2281647
2281650
2281665
2281673
2281682
2281706
2281712
2281721
2281733
2281749
2281757
2281768
2281770
2281785
2281794
2281805
2281818
2281820
2281837
2281843
2281851
2281879
2281884
2281900
2281913
2281925
2281932
2281948
2281954
2281969
2281976
2281981
2281997
2282009
2282017
2282024
2282038
2282046
2282052
2282063
2282075
2282080
2282091
2282108
2282114
2282127
2282139
2282140
2282153
2282162
2282171
2282186
2282195
2282203
2282211
2282236
2282258
2282267
2282274
2282323
2282330
2282341
2282359
2282364
2282377
2282388
2282396
2282405
2282418
2282420
2282437
2282443
2282451
2282466
2282479
2282484
2282492
2282504
2282529
2282531
2282547
2282550
2282565
2282573
2282582
2282598
2282610
2282628
2282635
2282644
2282656
2282661
2282672
2282683
2282699
2282700
2282713
2282725
2282732
2282754
2282769
2282776
2282781
2282797
2282801
2282819
2282826
2282834
2282842
2282855
2282860
2282878
2282887
2282893
2282906
2282912
2282921
2282933
2282949
2282957
2282970
2282994
2283005
2283018
2283020
2283051
2283066
2283079
2283084
2283092
2283107
2283110
2283128
2283135
2283144
2283156
2283161
2283172
2283183
2283199
2283206
2283212
2283221
2283233
2283249
2283257
2283268
2283270
2283285
2283294
2283301
2283319
2283326
2283334
2283342
2283355
2283378
2283387
2283393
2283417
2283424
2283438
2283446
2283452
2283463
2283475
2283491
2283500
2283513
2283525
2283532
2283548
2283554
2283569
2283576
2283581
2283597
2283608
2283614
2283627
2283639
2283640
2283653
2283662
2283671
2283686
2283695
2283704
2283716
2283729
2283731
2283747
2283750
2283765
2283773
2283782
2283802
2283815
2283823
2283830
2283841
2283859
2283864
2283877
2283888
2283903
2283911
2283922
2283936
2283945
2283958
2283967
2283989
2283990
2284000
2284013
2284025
2284032
2284048
2284054
2284069
2284076
2284081
2284097
2284102
2284115
2284123
2284130
2284141
2284159
2284164
2284177
2284188
2284196
2284209
2284217
2284224
2284238
2284246
2284252
2284263
2284275
2284280
2284291
2284304
2284316
2284329
2284331
2284347
2284350
2284365
2284373
2284382
2284398
2284406
2284412
2284421
2284433
2284449
2284468
2284470
2284485
2284505
2284518
2284520
2284537
2284543
2284551
2284566
2284579
2284584
2284592
2284603
2284611
2284622
2284636
2284645
2284667
2284674
2284689
2284690
2284701
2284719
2284726
2284734
2284742
2284755
2284760
2284778
2284787
2284793
2284807
2284810
2284828
2284835
2284844
2284856
2284861
2284872
2284883
2284899
2284908
2284914
2284927
2284939
2284940
2284953
2284971
2284986
2284995
2285019
2285026
2285034
2285042
2285055
2285060
2285078
2285087
2285093
2285116
2285129
2285131
2285147
2285150
2285165
2285173
2285182
2285198
2285200
2285213
2285225
2285248
2285254
2285269
2285281
2285305
2285318
2285320
2285337
2285343
2285351
2285366
2285379
2285384
2285392
2285408
2285414
2285427
2285439
2285440
2285462
2285471
2285486
2285495
2285506
2285521
2285533
2285549
2285557
2285568
2285570
2285585
2285594
2285609
2285624
2285638
2285646
2285652
2285663
2285675
2285680
2285691
2285707
2285710
2285728
2285735
2285744
2285756
2285761
2285772
2285803
2285811
2285822
2285836
2285845
2285867
2285874
2285889
2285890
2285902
2285915
2285923
2285930
2285941
2285977
2285996
2286007
2286010
2286028
2286035
2286044
2286056
2286061
2286072
2286083
2286099
2286105
2286118
2286120
2286143
2286151
2286166
2286184
2286201
2286226
2286234
2286242
2286255
2286260
2286287
2286293
2286306
2286312
2286321
2286333
2286349
2286357
2286368
2286370
2286385
2286402
2286415
2286423
2286441
2286459
2286464
2286477
2286488
2286496
2286508
2286514
2286527
2286539
2286540
2286553
2286562
2286571
2286586
2286595
2286600
2286613
2286625
2286632
2286648
2286654
2286669
2286676
2286681
2286697
2286703
2286711
2286722
2286736
2286745
2286758
2286767
2286774
2286789
2286790
2286817
2286824
2286838
2286846
2286852
2286863
2286875
2286880
2286891
2286904
2286916
2286929
2286931
2286947
2286950
2286965
2286973
2286998
2287006
2287012
2287021
2287033
2287049
2287057
2287085
2287094
2287103
2287122
2287136
2287145
2287158
2287167
2287174
2287189
2287190
2287208
2287214
2287227
2287239
2287240
2287253
2287262
2287271
2287286
2287295
2287307
2287310
2287328
2287344
2287356
2287361
2287372
2287383
2287399
2287400
2287413
2287425
2287432
2287448
2287454
2287469
2287476
2287481
2287497
2287501
2287519
2287526
2287534
2287542
2287555
2287560
2287578
2287587
2287593
2287615
2287623
2287630
2287641
2287659
2287664
2287677
2287688
2287696
2287705
2287737
2287743
2287751
2287766
2287779
2287784
2287804
2287816
2287829
2287831
2287847
2287850
2287865
2287873
2287882
2287898
2287909
2287917
2287924
2287938
2287946
2287952
2287963
2287975
2287980
2288003
2288011
2288036
2288045
2288058
2288067
2288089
2288112
2288121
2288133
2288149
2288157
2288168
2288170
2288194
2288207
2288210
2288235
2288244
2288256
2288261
2288272
2288283
2288299
2288308
2288314
2288327
2288339
2288340
2288353
2288362
2288371
2288386
2288395
2288404
2288416
2288429
2288431
2288450
2288465
2288473
2288482
2288498
2288502
2288515
2288523
2288541
2288559
2288564
2288577
2288588
2288596
2288601
2288619
2288626
2288634
2288642
2288655
2288660
2288678
2288687
2288693
2288709
2288717
2288724
2288738
2288746
2288752
2288763
2288775
2288780
2288791
2288800
2288813
2288825
2288848
2288854
2288869
2288876
2288881
2288897
2288905
2288918
2288920
2288937
2288943
2288951
2288966
2288979
2288984
2288992
2289004
2289016
2289029
2289031
2289047
2289050
2289065
2289073
2289082
2289098
2289119
2289126
2289134
2289142
2289155
2289160
2289178
2289187
2289193
2289205
2289218
2289220
2289237
2289243
2289251
2289266
2289279
2289284
2289292
2289300
2289313
2289325
2289332
2289348
2289354
2289369
2289376
2289381
2289411
2289422
2289445
2289458
2289467
2289474
2289489
2289490
2289509
2289517
2289524
2289538
2289546
2289552
2289563
2289575
2289580
2289591
2289606
2289612
2289621
2289633
2289649
2289657
2289668
2289685
2289702
2289715
2289723
2289730
2289741
2289759
2289777
2289788
2289796
2289808
2289814
2289827
2289839
2289840
2289862
2289871
2289886
2289895
2289928
2289935
2289944
2289956
2289961
2289972
2289983
2289999
2290005
2290018
2290020
2290037
2290043
2290051
2290066
2290079
2290084
2290092
2290107
2290110
2290128
2290135
2290144
2290156
2290161
2290172
2290183
2290199
2290206
2290212
2290221
2290249
2290257
2290268
2290270
2290285
2290294
2290301
2290319
2290326
2290334
2290342
2290355
2290360
2290378
2290387
2290393
2290409
2290417
2290424
2290438
2290446
2290452
2290463
2290475
2290480
2290491
2290513
2290525
2290532
2290548
2290554
2290569
2290581
2290597
2290608
2290614
2290627
2290639
2290640
2290653
2290671
2290686
2290695
2290704
2290716
2290729
2290731
2290747
2290765
2290773
2290782
2290802
2290815
2290830
2290841
2290859
2290864
2290888
2290896
2290903
2290911
2290922
2290945
2290958
2290967
2290974
2290989
2290990
2291004
2291016
2291029
2291031
2291047
2291050
2291065
2291073
2291098
2291101
2291119
2291126
2291134
2291142
2291155
2291160
2291187
2291193
2291205
2291218
2291220
2291237
2291243
2291251
2291266
2291279
2291284
2291292
2291300
2291313
2291325
2291332
2291348
2291369
2291376
2291381
2291397
2291403
2291411
2291422
2291436
2291445
2291458
2291467
2291474
2291489
2291490
2291509
2291517
2291524
2291538
2291546
2291552
2291563
2291575
2291580
2291591
2291606
2291612
2291633
2291657
2291668
2291670
2291685
2291694
2291702
2291715
2291723
2291730
2291741
2291759
2291777
2291788
2291808
2291814
2291827
2291839
2291840
2291853
2291862
2291871
2291886
2291895
2291910
2291928
2291935
2291944
2291956
2291961
2291972
2291983
2291999
2292001
2292026
2292034
2292042
2292055
2292060
2292078
2292087
2292093
2292104
2292116
2292129
2292131
2292147
2292150
2292165
2292173
2292182
2292213
2292225
2292248
2292276
2292281
2292297
2292305
2292318
2292320
2292337
2292343
2292351
2292366
2292379
2292384
2292408
2292414
2292427
2292439
2292440
2292453
2292462
2292471
2292486
2292495
2292512
2292521
2292533
2292549
2292557
2292568
2292570
2292585
2292594
2292609
2292617
2292624
2292638
2292646
2292652
2292663
2292675
2292680
2292691
2292707
2292710
2292728
2292735
2292756
2292761
2292772
2292799
2292803
2292811
2292822
2292836
2292845
2292858
2292867
2292874
2292890
2292902
2292915
2292923
2292930
2292941
2292959
2292964
2292977
2292988
2292996
2293014
2293027
2293053
2293062
2293071
2293086
2293095
2293117
2293124
2293138
2293146
2293152
2293163
2293175
2293180
2293191
2293202
2293215
2293223
2293230
2293241
2293259
2293264
2293277
2293288
2293303
2293311
2293322
2293336
2293345
2293358
2293367
2293374
2293389
2293390
2293419
2293426
2293434
2293455
2293460
2293478
2293487
2293493
2293507
2293510
2293528
2293535
2293544
2293556
2293561
2293572
2293583
2293604
2293616
2293629
2293631
2293650
2293665
2293673
2293682
2293712
2293733
2293749
2293757
2293768
2293770
2293785
2293794
2293805
2293818
2293820
2293837
2293843
2293851
2293866
2293879
2293884
2293892
2293900
2293913
2293932
2293948
2293954
2293969
2293976
2293981
2293997
2294007
2294010
2294028
2294035
2294044
2294056
2294061
2294072
2294083
2294099
2294105
2294118
2294120
2294137
2294143
2294166
2294184
2294192
2294201
2294219
2294226
2294234
2294242
2294255
2294260
2294278
2294287
2294306
2294312
2294321
2294333
2294349
2294357
2294368
2294370
2294385
2294394
2294402
2294415
2294423
2294430
2294441
2294459
2294464
2294477
2294488
2294496
2294508
2294514
2294527
2294539
2294540
2294553
2294571
2294586
2294595
2294600
2294613
2294625
2294632
2294648
2294654
2294669
2294676
2294681
2294697
2294703
2294711
2294722
2294736
2294745
2294758
2294767
2294789
2294790
2294809
2294817
2294824
2294838
2294846
2294852
2294875
2294880
2294891
2294904
2294916
2294929
2294931
2294947
2294950
2294965
2294973
2294982
2294998
2295003
2295011
2295022
2295036
2295045
2295058
2295067
2295074
2295089
2295090
2295112
2295121
2295133
2295149
2295157
2295168
2295170
2295185
2295194
2295207
2295210
2295228
2295235
2295244
2295256
2295261
2295272
2295283
2295308
2295314
2295339
2295340
2295353
2295362
2295371
2295386
2295395
2295404
2295416
2295429
2295431
2295447
2295450
2295465
2295473
2295502
2295523
2295530
2295541
2295559
2295564
2295577
2295588
2295596
2295601
2295619
2295626
2295634
2295655
2295660
2295678
2295693
2295709
2295717
2295724
2295746
2295752
2295763
2295775
2295791
2295800
2295813
2295825
2295832
2295848
2295854
2295869
2295876
2295897
2295905
2295918
2295920
2295937
2295943
2295951
2295966
2295979
2295984
2295992
2296009
2296017
2296024
2296038
2296046
2296052
2296063
2296075
2296080
2296091
2296108
2296114
2296127
2296139
2296140
2296153
2296162
2296171
2296186
2296195
2296203
2296211
2296222
2296236
2296245
2296267
2296274
2296289
2296290
2296302
2296315
2296323
2296330
2296341
2296359
2296364
2296377
2296388
2296396
2296405
2296418
2296420
2296437
2296451
2296466
2296484
2296504
2296516
2296529
2296531
2296547
2296550
2296565
2296573
2296582
2296598
2296607
2296635
2296644
2296656
2296661
2296672
2296683
2296699
2296700
2296713
2296725
2296732
2296748
2296754
2296769
2296776
2296781
2296797
2296801
2296819
2296826
2296842
2296855
2296860
2296878
2296887
2296893
2296906
2296912
2296921
2296933
2296949
2296957
2296968
2296985
2296994
2297002
2297015
2297023
2297030
2297041
2297059
2297064
2297077
2297088
2297096
2297100
2297113
2297132
2297148
2297154
2297169
2297176
2297181
2297197
2297216
2297229
2297231
2297247
2297250
2297265
2297273
2297282
2297298
2297309
2297317
2297324
2297338
2297346
2297352
2297363
2297375
2297380
2297391
2297407
2297410
2297435
2297444
2297456
2297461
2297472
2297483
2297503
2297511
2297522
2297536
2297545
2297558
2297567
2297574
2297589
2297590
2297605
2297618
2297620
2297637
2297643
2297651
2297666
2297679
2297684
2297692
2297708
2297714
2297727
2297739
2297740
2297753
2297762
2297771
2297786
2297795
2297806
2297812
2297857
2297868
2297870
2297894
2297901
2297926
2297934
2297942
2297955
2297960
2297978
2297987
2297993
2298000
2298025
2298032
2298048
2298069
2298076
2298097
2298102
2298115
2298130
2298141
2298159
2298164
2298177
2298188
2298196
2298209
2298217
2298224
2298238
2298246
2298252
2298263
2298275
2298280
2298291
2298304
2298329
2298347
2298350
2298365
2298373
2298382
2298398
2298406
2298421
2298433
2298449
2298457
2298468
2298470
2298485
2298505
2298518
2298520
2298537
2298543
2298551
2298584
2298592
2298603
2298611
2298622
2298636
2298645
2298667
2298674
2298689
2298690
2298701
2298719
2298726
2298734
2298742
2298755
2298760
2298778
2298793
2298807
2298810
2298835
2298856
2298861
2298872
2298883
2298908
2298914
2298927
2298940
2298953
2298962
2298971
2298986
2298995
2299012
2299021
2299033
2299049
2299057
2299068
2299070
2299085
2299094
2299103
2299111
2299122
2299136
2299145
2299158
2299167
2299174
2299189
2299190
2299208
2299214
2299239
2299240
2299253
2299262
2299271
2299286
2299295
2299307
2299310
2299328
2299335
2299344
2299356
2299361
2299372
2299383
2299399
2299400
2299413
2299425
2299432
2299448
2299454
2299469
2299476
2299481
2299497
2299501
2299519
2299526
2299534
2299542
2299560
2299578
2299587
2299593
2299602
2299615
2299623
2299630
2299641
2299659
2299664
2299677
2299688
2299696
2299705
2299718
2299720
2299737
2299743
2299751
2299766
2299779
2299784
2299792
2299804
2299816
2299829
2299847
2299850
2299865
2299873
2299882
2299898
2299909
2299917
2299924
2299938
2299946
2299963
2299975
2299980
2299991
