1002440
1002652
1002889
1002941
1002959
1003027
1003053
1003109
1003163
1003180
1003202
1003264
1003311
1003336
1003390
1003419
1003442
1003455
1003460
1003478
1003487
1003507
1003535
1003583
1003599
1003604
1003665
1003673
1003682
1003698
1003757
1003805
1003818
1003820
1003837
1003843
1003866
1003884
1003892
1003913
1003997
1004010
1004137
1004151
1004184
1004234
1004242
1004255
1004260
1004293
1004357
1004385
1004415
1004441
1004459
1004508
1004514
1004540
1004562
1004586
1004595
1004613
1004632
1004654
1004669
1004711
1004722
1004745
1004758
1004767
1004789
1004809
1004846
1004880
1004891
1004916
1005003
1005011
1005089
1005106
1005112
1005168
1005194
1005210
1005228
1005235
1005244
1005256
1005308
1005314
1005353
1005371
1005429
1005502
1005564
1005577
1005588
1005596
1005634
1005642
1005693
1005717
1005738
1005775
1005780
1005848
1005876
1005897
1005905
1005951
1005984
1005992
1006052
1006063
1006080
1006091
1006108
1006114
1006139
1006140
1006162
1006186
1006203
1006211
1006222
1006245
1006267
1006341
1006388
1006396
1006405
1006451
1006466
1006492
1007338
1007363
1007503
1007786
1008962
1009208
1010023
1010113
1012420
1012437
1012985
1013051
1013446
1013475
1013608
1013864
1014048
1014054
1014275
1014457
1014520
1014760
1014828
1014856
1015150
1015392
1015414
1015568
1015799
1016151
1016234
1016625
1016681
1016697
1016722
1017012
1017033
1017262
1017413
1017784
1017882
1017909
1017938
1018121
1018210
1018416
1018523
1018693
1018738
1018937
1018966
1018979
1019047
1019187
1019436
1019983
1020000
1020048
1020141
1020217
1021803
1026271
1026310
1026448
1026664
1026737
1026751
1027219
1027349
1027669
1027863
1027904
1028107
1028135
1028409
1028480
1028576
1028731
1028864
1028990
1029290
1029906
1030074
1030185
1030881
1030984
1031290
1031315
1031341
1031388
1031598
1031906
1031968
1032071
1032191
1035005
1035532
1037940
1038273
1038472
1038833
1038993
1039010
1039226
1039312
1039676
1039774
1039817
1040053
1040071
1040345
1040367
1040401
1040460
1040768
1040818
1041006
1041356
1041413
1041454
1041615
1041804
1042655
1042752
1043134
1043218
1043325
1043403
1043935
1044195
1045995
1046462
1050983
1050999
1051059
1051100
1051154
1051216
1051229
1051265
1051309
1051363
1051375
1051380
1051407
1051428
1051435
1051456
1051567
1051574
1051605
1051618
1051679
1051708
1051740
1051762
1051771
1051786
1051812
1051821
1051857
1051919
1051960
1051978
1052025
1052032
1052097
1052102
1052115
1052123
1052141
1052177
1052209
1052217
1052224
1052238
1052280
1052291
1052316
1052329
1052347
1052350
1052373
1052470
1052494
1052520
1052543
1052551
1052566
1052584
1052689
1052690
1052726
1052742
1052828
1052856
1052861
1052899
1052995
1053068
1053145
1053158
1053167
1053190
1053208
1053227
1053253
1053271
1053307
1053310
1053335
1053399
1053448
1053476
1053497
1053519
1053542
1053593
1053602
1053615
1053641
1053677
1053696
1053718
1053720
1053737
1053779
1053816
1053829
1053865
1053898
1053909
1053924
1053938
1053963
1053975
1053980
1053991
1054034
1054042
1054060
1054078
1054116
1054147
1054173
1054182
1054198
1054200
1054225
1054232
1054254
1054281
1054318
1054320
1054337
1054351
1054384
1054408
1054427
1054453
1054471
1054486
1054495
1054557
1054570
1054617
1054638
1054663
1054680
1054691
1054707
1054710
1054756
1054845
1054890
1054977
1054988
1055007
1055120
1055143
1055151
1055166
1055184
1055192
1055219
1055255
1055349
1055357
1055368
1055441
1055477
1055488
1055496
1055508
1055527
1055539
1055540
1055562
1055586
1055595
1055600
1055632
1055654
1055669
1055676
1055681
1055703
1055789
1055790
1055852
1055875
1055880
1055916
1056089
1056133
1056149
1056157
1056194
1056371
1056429
1056447
1056450
1056473
1056482
1056498
1056502
1056523
1056541
1056564
1056588
1056619
1056626
1056634
1056642
1056717
1056763
1056800
1056813
1056825
1056848
1056918
1056920
1056937
1056943
1056984
1057008
1057027
1057053
1057071
1057086
1057109
1057138
1057230
1057241
1057277
1057288
1057303
1057322
1057345
1057358
1057374
1057401
1057426
1057434
1057442
1057460
1057487
1057493
1057507
1057604
1057616
1057647
1057712
1057721
1057770
1057785
1057794
1057818
1057866
1057892
1057900
1057932
1057948
1057954
1057969
1058009
1058024
1058038
1058046
1058063
1058091
1058108
1058114
1058139
1058153
1058186
1058203
1058211
1058236
1058245
1058267
1058289
1058302
1058330
1058359
1058377
1058405
1058418
1058420
1058437
1058451
1058504
1058529
1058565
1058573
1058610
1058644
1058656
1058661
1058683
1058713
1058769
1058781
1058801
1058826
1058834
1058842
1058933
1058968
1058970
1058985
1059043
1059079
1059128
1059161
1059199
1059233
1059249
1059257
1059270
1059285
1059294
1059301
1059393
1059417
1059424
1059438
1059463
1059480
1059491
1059525
1059548
1059569
1059608
1059627
1059639
1059653
1059662
1059671
1059716
1059731
1059782
1059841
1059859
1059896
1059903
1059967
1059989
1060006
1060049
1060068
1060094
1060189
1060190
1060227
1060271
1060307
1060310
1060328
1060335
1060425
1060432
1060501
1060534
1060542
1060578
1060688
1060705
1060718
1060779
1060784
1060792
1060831
1060865
1060873
1060882
1060917
1060938
1060946
1060952
1060991
1061005
1061051
1061084
1061092
1061107
1061110
1061128
1061144
1061161
1061172
1061183
1061199
1061206
1061221
1061233
1061268
1061270
1061319
1061326
1061334
1061355
1061360
1061378
1061393
1061446
1061452
1061463
1061475
1061480
1061491
1061513
1061554
1061569
1061576
1061608
1061614
1061639
1061653
1061695
1061704
1061716
1061731
1061765
1061802
1061815
1061823
1061830
1061859
1061864
1061888
1061896
1061903
1061911
1061958
1062007
1062028
1062035
1062056
1062072
1062083
1062105
1062151
1062179
1062242
1062368
1062385
1062394
1062402
1062415
1062430
1062441
1062459
1062508
1062527
1062540
1062553
1062562
1062571
1062632
1062669
1062676
1062681
1062703
1062711
1062745
1062767
1062774
1062790
1062817
1062838
1062929
1062973
1062982
1063041
1063059
1063077
1063100
1063113
1063125
1063181
1063197
1063247
1063250
1063265
1063282
1063317
1063324
1063338
1063363
1063375
1063407
1063410
1063435
1063456
1063499
1063503
1063536
1063545
1063605
1063643
1063692
1063708
1063714
1063771
1063786
1063795
1063806
1063868
1063901
1063987
1063993
1064036
1064045
1064067
1064074
1064090
1064112
1064121
1064133
1064157
1064168
1064228
1064261
1064272
1064299
1064308
1064327
1064339
1064371
1064395
1064465
1064482
1064498
1064515
1064523
1064559
1064596
1064601
1064619
1064626
1064634
1064660
1064678
1064746
1064752
1064763
1064775
1064832
1064876
1064897
1064905
1064937
1064951
1064966
1065017
1065024
1065038
1065063
1065108
1065114
1065127
1065140
1065162
1065171
1065203
1065222
1065289
1065302
1065315
1065330
1065341
1065359
1065405
1065418
1065420
1065466
1065479
1065565
1065573
1065628
1065635
1065748
1065769
1065776
1065797
1065801
1065819
1065826
1065842
1065855
1065860
1065893
1065912
1065933
1065949
1065970
1066000
1066013
1066025
1066048
1066081
1066102
1066115
1066123
1066130
1066141
1066159
1066164
1066177
1066188
1066196
1066263
1066291
1066316
1066365
1066412
1066470
1066494
1066505
1066537
1066592
1066658
1066674
1066690
1066701
1066719
1066726
1066742
1066778
1066793
1066807
1066810
1066828
1066835
1066856
1066872
1066883
1066899
1066908
1066939
1066940
1066953
1066962
1066986
1066995
1067004
1067016
1067031
1067047
1067101
1067126
1067134
1067155
1067160
1067178
1067187
1067220
1067284
1067313
1067325
1067332
1067369
1067381
1067458
1067467
1067489
1067538
1067563
1067580
1067621
1067649
1067668
1067670
1067694
1067702
1067759
1067788
1067796
1067808
1067862
1067886
1068001
1068055
1068093
1068129
1068165
1068182
1068198
1068225
1068269
1068281
1068297
1068343
1068427
1068462
1068486
1068495
1068512
1068521
1068533
1068557
1068617
1068638
1068646
1068652
1068691
1068728
1068772
1068803
1068822
1068836
1068845
1068858
1068874
1068889
1068959
1068964
1068996
1069039
1069040
1069053
1069071
1069086
1069117
1069138
1069152
1069175
1069191
1069202
1069223
1069230
1069241
1069264
1069288
1069345
1069367
1069389
1069455
1069478
1069493
1069528
1069535
1069556
1069572
1069599
1069604
1069733
1069749
1069757
1069794
1069805
1069843
1069851
1069866
1069879
1069900
1069913
1069925
1069948
1069976
1069997
1070026
1070055
1070060
1070093
1070131
1070213
1070225
1070248
1070281
1070297
1070318
1070337
1070343
1070366
1070379
1070408
1070427
1070440
1070453
1070512
1070557
1070568
1070570
1070585
1070638
1070675
1070680
1070691
1070710
1070735
1070744
1070756
1070772
1070799
1070811
1070822
1070890
1070923
1070930
1070941
1070959
1070964
1070996
1071061
1071099
1071120
1071143
1071166
1071184
1071192
1071278
1071287
1071293
1071370
1071385
1071488
1071514
1071527
1071553
1071571
1071595
1071600
1071613
1071632
1071669
1071681
1071697
1071736
1071745
1071774
1071790
1071824
1071875
1071929
1071950
1071965
1071982
1072005
1072037
1072144
1072183
1072206
1072221
1072233
1072268
1072326
1072342
1072378
1072387
1072409
1072491
1072525
1072532
1072576
1072608
1072614
1072640
1072653
1072662
1072671
1072695
1072704
1072729
1072747
1072773
1072798
1072815
1072823
1072830
1072841
1072859
1072864
1072888
1072903
1072945
1072967
1072974
1073038
1073046
1073052
1073075
1073171
1073195
1073222
1073258
1073267
1073274
1073359
1073388
1073396
1073418
1073420
1073443
1073451
1073492
1073516
1073550
1073565
1073573
1073598
1073610
1073644
1073656
1073700
1073732
1073776
1073781
1073819
1073826
1073842
1073855
1073887
1073906
1073912
1073949
1073985
1074004
1074029
1074031
1074047
1074050
1074098
1074155
1074187
1074205
1074220
1074266
1074279
1074300
1074332
1074354
1074403
1074422
1074436
1074458
1074509
1074524
1074546
1074612
1074621
1074633
1074657
1074670
1074694
1074702
1074741
1074759
1074796
1074840
1074853
1074886
1074935
1074983
1075023
1075030
1075096
1075113
1075132
1075181
1075197
1075231
1075247
1075273
1075282
1075298
1075324
1075338
1075380
1075444
1075545
1075574
1075618
1075620
1075637
1075643
1075666
1075679
1075692
1075708
1075714
1075739
1075762
1075786
1075833
1075870
1075919
1075926
1075934
1075993
1076027
1076040
1076062
1076071
1076138
1076146
1076180
1076215
1076230
1076241
1076259
1076277
1076288
1076311
1076322
1076336
1076367
1076389
1076401
1076419
1076442
1076507
1076510
1076544
1076556
1076561
1076616
1076647
1076673
1076682
1076721
1076733
1076749
1076757
1076785
1076794
1076837
1076851
1076866
1076879
1076954
1076997
1077036
1077045
1077058
1077133
1077157
1077168
1077170
1077194
1077207
1077210
1077244
1077299
1077339
1077340
1077353
1077371
1077386
1077395
1077404
1077429
1077447
1077465
1077482
1077515
1077523
1077530
1077564
1077596
1077619
1077634
1077678
1077693
1077724
1077738
1077746
1077752
1077763
1077780
1077800
1077825
1077854
1077876
1077881
1077897
1077920
1077937
1077966
1077984
1078021
1078049
1078068
1078085
1078094
1078103
1078111
1078145
1078158
1078174
1078189
1078190
1078227
1078239
1078310
1078335
1078344
1078361
1078383
1078399
1078400
1078448
1078519
1078534
1078542
1078555
1078593
1078602
1078615
1078623
1078664
1078696
1078705
1078718
1078743
1078751
1078784
1078792
1078829
1078850
1078882
1078924
1078946
1078963
1078980
1079013
1079025
1079102
1079164
1079188
1079209
1079217
1079238
1079246
1079263
1079275
1079304
1079316
1079329
1079331
1079365
1079433
1079457
1079470
1079518
1079543
1079579
1079584
1079603
1079611
1079622
1079636
1079645
1079689
1079719
1079742
1079760
1079793
1079807
1079835
1079861
1079908
1079939
1079971
1079986
1080017
1080063
1080080
1080108
1080114
1080171
1080186
1080203
1080222
1080236
1080302
1080323
1080330
1080420
1080451
1080516
1080547
1080550
1080573
1080610
1080628
1080644
1080661
1080699
1080725
1080748
1080776
1080781
1080797
1080801
1080826
1080834
1080893
1080906
1080912
1080949
1080957
1080968
1080985
1081013
1081048
1081054
1081069
1081081
1081102
1081123
1081141
1081159
1081164
1081188
1081246
1081275
1081329
1081373
1081406
1081412
1081421
1081433
1081518
1081551
1081566
1081579
1081636
1081658
1081690
1081719
1081726
1081734
1081742
1081787
1081793
1081828
1081835
1081844
1081861
1081872
1081908
1081927
1081939
1081962
1081986
1082002
1082030
1082059
1082096
1082113
1082125
1082132
1082148
1082154
1082197
1082216
1082229
1082265
1082282
1082298
1082317
1082324
1082338
1082363
1082380
1082391
1082428
1082435
1082456
1082499
1082558
1082574
1082643
1082651
1082692
1082708
1082714
1082740
1082753
1082762
1082771
1082806
1082821
1082857
1082955
1082993
1083007
1083010
1083035
1083044
1083056
1083118
1083120
1083143
1083166
1083219
1083226
1083234
1083242
1083293
1083312
1083349
1083368
1083394
1083402
1083441
1083459
1083488
1083514
1083527
1083540
1083553
1083586
1083632
1083669
1083681
1083758
1083789
1083809
1083817
1083838
1083846
1083852
1083875
1083880
1083904
1083929
1083931
1083965
1083998
1084008
1084014
1084039
1084040
1084053
1084062
1084124
1084138
1084180
1084202
1084215
1084223
1084241
1084367
1084426
1084442
1084487
1084535
1084544
1084561
1084616
1084629
1084647
1084650
1084682
1084698
1084733
1084768
1084785
1084818
1084820
1084851
1084866
1084900
1084948
1084954
1084981
1085012
1085033
1085049
1085057
1085068
1085103
1085174
1085190
1085208
1085227
1085271
1085286
1085307
1085335
1085399
1085400
1085425
1085432
1085448
1085454
1085481
1085542
1085560
1085578
1085587
1085593
1085615
1085630
1085664
1085688
1085696
1085705
1085718
1085743
1085784
1085792
1085804
1085847
1085850
1085898
1085952
1085963
1085975
1086051
1086084
1086092
1086107
1086144
1086156
1086183
1086199
1086212
1086221
1086249
1086257
1086268
1086270
1086294
1086301
1086334
1086355
1086378
1086387
1086438
1086500
1086513
1086532
1086548
1086576
1086597
1086608
1086614
1086639
1086686
1086695
1086704
1086773
1086802
1086823
1086864
1086877
1086896
1086967
1086989
1086990
1087042
1087104
1087129
1087131
1087150
1087173
1087182
1087198
1087225
1087232
1087269
1087276
1087343
1087351
1087366
1087384
1087392
1087408
1087486
1087568
1087570
1087585
1087609
1087624
1087638
1087663
1087675
1087691
1087710
1087803
1087836
1087874
1087902
1087964
1087977
1087988
1088047
1088098
1088119
1088142
1088178
1088187
1088205
1088218
1088243
1088251
1088266
1088284
1088292
1088313
1088325
1088354
1088397
1088411
1088436
1088445
1088474
1088490
1088517
1088563
1088575
1088591
1088606
1088649
1088657
1088668
1088670
1088702
1088715
1088723
1088741
1088759
1088764
1088788
1088808
1088814
1088827
1088839
1088871
1088895
1088910
1088961
1088972
1089003
1089036
1089045
1089149
1089157
1089168
1089170
1089194
1089207
1089210
1089228
1089244
1089261
1089283
1089327
1089386
1089404
1089450
1089465
1089473
1089498
1089515
1089564
1089577
1089596
1089642
1089660
1089678
1089717
1089752
1089775
1089780
1089791
1089800
1089825
1089869
1089881
1089918
1089937
1090028
1090044
1090061
1090072
1090083
1090105
1090120
1090151
1090184
1090226
1090255
1090260
1090278
1090293
1090306
1090312
1090357
1090368
1090423
1090488
1090496
1090514
1090539
1090553
1090586
1090595
1090676
1090681
1090703
1090758
1090767
1090809
1090846
1090880
1090929
1090931
1090947
1090965
1090982
1090998
1091003
1091011
1091045
1091058
1091067
1091106
1091133
1091170
1091185
1091194
1091244
1091256
1091272
1091308
1091314
1091404
1091429
1091465
1091473
1091498
1091523
1091559
1091596
1091619
1091634
1091717
1091775
1091791
1091813
1091848
1091869
1091876
1091897
1091905
1091918
1091943
1091951
1091992
1092049
1092068
1092070
1092085
1092094
1092111
1092122
1092136
1092145
1092174
1092190
1092208
1092227
1092239
1092240
1092262
1092271
1092307
1092328
1092372
1092383
1092399
1092413
1092425
1092432
1092476
1092481
1092526
1092555
1092560
1092578
1092602
1092641
1092659
1092664
1092677
1092688
1092696
1092718
1092720
1092751
1092766
1092779
1092784
1092792
1092804
1092831
1092847
1092873
1092882
1092938
1092975
1093025
1093054
1093069
1093081
1093102
1093130
1093141
1093164
1093188
1093196
1093224
1093252
1093291
1093347
1093350
1093373
1093398
1093406
1093433
1093449
1093468
1093470
1093520
1093543
1093551
1093592
1093636
1093674
1093719
1093726
1093755
1093778
1093810
1093844
1093883
1093927
1093995
1094005
1094037
1094066
1094144
1094172
1094183
1094206
1094212
1094301
1094342
1094355
1094360
1094378
1094424
1094438
1094463
1094475
1094513
1094548
1094554
1094581
1094639
1094640
1094653
1094662
1094750
1094798
1094815
1094864
1094903
1094922
1094936
1094945
1094958
1094967
1094990
1095004
1095031
1095047
1095050
1095126
1095142
1095155
1095160
1095218
1095220
1095266
1095279
1095284
1095300
1095313
1095348
1095354
1095422
1095436
1095445
1095467
1095524
1095575
1095580
1095591
1095612
1095702
1095715
1095741
1095777
1095827
1095839
1095871
1095895
1095907
1095910
1095928
1095935
1095944
1095956
1095983
1095999
1096041
1096096
1096100
1096113
1096132
1096148
1096169
1096176
1096204
1096229
1096231
1096247
1096273
1096346
1096363
1096375
1096391
1096428
1096435
1096444
1096472
1096522
1096574
1096590
1096637
1096643
1096666
1096727
1096771
1096926
1096934
1096955
1096960
1096978
1097009
1097046
1097063
1097075
1097080
1097153
1097162
1097186
1097195
1097211
1097222
1097245
1097267
1097274
1097290
1097396
1097405
1097418
1097437
1097466
1097492
1097504
1097529
1097547
1097582
1097607
1097610
1097635
1097644
1097656
1097672
1097699
1097700
1097732
1097776
1097781
1097842
1097855
1097860
1097878
1097893
1097906
1097957
1097968
1097970
1097985
1097994
1098008
1098014
1098027
1098039
1098053
1098095
1098146
1098202
1098322
1098345
1098367
1098390
1098426
1098460
1098507
1098510
1098535
1098561
1098583
1098631
1098647
1098650
1098673
1098682
1098706
1098721
1098785
1098805
1098818
1098820
1098843
1098866
1098900
1098969
1098981
1098997
1099001
1099026
1099034
1099042
1099078
1099147
1099150
1099200
1099225
1099248
1099269
1099276
1099281
1099318
1099343
1099366
1099384
1099392
1099439
1099440
1099453
1099506
1099557
1099570
1099624
1099646
1099675
1099691
1099707
1099761
1099811
1099836
1099845
1099867
1099890
1099923
1099930
1099964
1100531
1100644
1101141
1101275
1101835
1102176
1102204
1103010
1103260
1103586
1103595
1104124
1104259
1105057
1105085
1105720
1106294
1106475
1106581
1107001
1107213
1107232
1107248
1107408
1107521
1107609
1107744
1107803
1107902
1107977
1108031
1108205
1108332
1108397
1108524
1108670
1108694
1108808
1108839
1108935
1109036
1109541
1109655
1109738
1109854
1109979
1109984
1111137
1111184
1111260
1111306
1111632
1112525
1112597
1112627
1112815
1112823
1113547
1114187
1114397
1114871
1114910
1114983
1114999
1115002
1115338
1115391
1115435
1115499
1116008
1116322
1116673
1116768
1116820
1116843
1117149
1117157
1117339
1117465
1117515
1117601
1117693
1117854
1118356
1118578
1118696
1118743
1118784
1118816
1118865
1118882
1118924
1119141
1119252
1119742
1120193
1120292
1120348
1120422
1120517
1120538
1120621
1121273
1121428
1121620
1121987
1122537
1122622
1122883
1122962
1123006
1123145
1123239
1123253
1123271
1123328
1123335
1123361
1123432
1123560
1123664
1123829
1124001
1124019
1124026
1124093
1124200
1124281
1124384
1124646
1124710
1124977
1125120
1125385
1125464
1125508
1126386
1126825
1126832
1127027
1127175
1127493
1127599
1127616
1127631
1127650
1127698
1127733
1127770
1127805
1127948
1127981
1127997
1128052
1128091
1128267
1128405
1128565
1128598
1128754
1128860
1128968
1129018
1129360
1129446
1129653
1129662
1129765
1129815
1129945
1130057
1130158
1130253
1130400
1130865
1131107
1131326
1131417
1132357
1132514
1132654
1133216
1133428
1133444
1133692
1134022
1134157
1134244
1134314
1134515
1134577
1134588
1134984
1135052
1135127
1135290
1135550
1135573
1136263
1136986
1137082
1137517
1137788
1137944
1138034
1138276
1138408
1138486
1138549
1138570
1138811
1139146
1139322
1139757
1139925
1140061
1140105
1140333
1140394
1140880
1141473
1141559
1142534
1142829
1142924
1142963
1142980
1143196
1143551
1143995
1144144
1144199
1144446
1144581
1144974
1144989
1145031
1146096
1146231
1146679
1146821
1146901
1146926
1147080
1147479
1147842
1147933
1148487
1148556
1148647
1149521
1149549
1149646
1150674
1150986
1151248
1151867
1151915
1152292
1152509
1152871
1152956
1153395
1153596
1153626
1153780
1153800
1153825
1153881
1153905
1153920
1153951
1153984
1154692
1154885
1154894
1154993
1155215
1155259
1155455
1155818
1155913
1155954
1156328
1156344
1156882
1157201
1157385
1157774
1157846
1158393
1159075
1159418
1159484
1159607
1159713
1160447
1160642
1160724
1160848
1160951
1160979
1161063
1161108
1161114
1161418
1161656
1161797
1161878
1161970
1162175
1162277
1162757
1162785
1162851
1163019
1163042
1163078
1163297
1163318
1163379
1163408
1163495
1163549
1163652
1163889
1164057
1164335
1164413
1164542
1164792
1164882
1165066
1165172
1165424
1165608
1165841
1166524
1166961
1168113
1168762
1168849
1168934
1168987
1169357
1169368
1169394
1169863
1170154
1170338
1170618
1170666
1170727
1170739
1171053
1171419
1172052
1172906
1173037
1173532
1173639
1173841
1174382
1174835
1174872
1174883
1175147
1175225
1175427
1175440
1175638
1176312
1177174
1177239
1177641
1177909
1178011
1178515
1178564
1178709
1178780
1178881
1178937
1179126
1179266
1179403
1179458
1179474
1179489
1179580
1179657
1179808
1179840
1179871
1179972
1180066
1180110
1180773
1180903
1181300
1181422
1181538
1181944
1182248
1182318
1182392
1182486
1182638
1183665
1183818
1184010
1189534
1189587
1189737
1189847
1190303
1190419
1190460
1190650
1190665
1190837
1191070
1191399
1191497
1191587
1191630
1192067
1192074
