3201582
3202401
3202616
3202969
3204335
3205043
3206436
3206552
3206591
3207468
3208002
3208833
3209527
3210350
3211495
3212016
3213825
3214499
3216344
3218084
3218110
3218815
3219418
3220154
3220714
3221599
3221976
3222153
3223888
3228429
3228619
3229332
3229606
3229715
3231325
3231376
3232585
3232915
3233706
3235832
3236672
3236826
3237567
3237857
3238398
3241099
3242393
3243024
3243893
3244381
3244657
3245511
3246230
3246507
3247920
3248136
3249373
3249406
3252993
3254180
3255271
3255448
3257803
3259724
3261881
3262779
3264084
3265237
3269379
3270510
3270535
3272943
3273467
3274341
3275701
3275807
3277212
3278118
3279708
3281727
3282347
3283555
3285931
3290448
3291747
3292430
3292600
3293435
3293786
3294314
3295842
3296566
3297178
3297218
3298320
3299556
3299572
