   2 3207115
   2 3226904
   2 3227356
   2 3245265
   2 3259498
   2 3262743
   2 3267302
   2 3268117
   2 3268138
   2 3268389
   2 3268535
   2 3269570
   2 3270202
   2 3270712
   2 3271664
   2 3272045
   2 3273972
   2 3275856
   2 3276707
   2 3276803
   2 3277183
   2 3277903
   2 3278595
   2 3279216
   2 3281041
   2 3281265
   2 3281461
   2 3282054
   2 3282159
   2 3282622
   2 3282690
   2 3282810
   2 3284486
   2 3285072
   2 3285669
   2 3286185
   2 3289446
   2 3293176
   2 3293229
   2 3293265
   2 3293273
   2 3293317
   2 3293338
   2 3293363
   2 3293391
   2 3293499
   2 3293574
   2 3293618
   2 3293740
   2 3293762
   2 3293870
   2 3293885
   2 3294003
   2 3294045
   2 3294058
   2 3294067
   2 3294074
   2 3294112
   2 3294157
   2 3294170
   2 3294207
   2 3294244
   2 3294272
   2 3294283
   2 3294340
   2 3294371
   2 3294395
   2 3294447
   2 3294450
   2 3294502
   2 3294541
   2 3294564
   2 3294577
   2 3294588
   2 3294596
   2 3294626
   2 3294634
   2 3294642
   2 3294738
   2 3294746
   2 3294813
   2 3294832
   2 3294848
   2 3294854
   2 3294869
   2 3294876
   2 3294881
   2 3294920
   2 3294937
   2 3295009
   2 3295024
   2 3295052
   2 3295075
   2 3295114
   2 3295162
   2 3295236
   2 3295267
   2 3295330
   2 3295341
   2 3295418
   2 3295420
   2 3295443
   2 3295492
   2 3295504
   2 3295516
   2 3295607
   2 3295610
   2 3295628
   2 3295644
   2 3295661
   2 3295725
   2 3295754
   2 3295769
   2 3295834
   2 3295860
   2 3295893
   2 3295921
   2 3295968
   2 3295970
   2 3296032
   2 3296048
   2 3296054
   2 3296102
   2 3296141
   2 3296196
   2 3296224
   2 3296263
   2 3296329
   2 3296331
   2 3296350
   2 3296406
   2 3296412
   2 3296421
   2 3296449
   2 3296468
   2 3296470
   2 3296584
   2 3296603
   2 3296622
   2 3296636
   2 3296667
   2 3296689
   2 3296690
   2 3296701
   2 3296719
   2 3296734
   2 3296742
   2 3296787
   2 3296793
   2 3296856
   2 3296883
   2 3296899
   2 3296927
   2 3296939
   2 3297004
   2 3297016
   2 3297050
   2 3297073
   2 3297101
   2 3297126
   2 3297134
   2 3297155
   2 3297187
   2 3297193
   2 3297205
   2 3297220
   2 3297237
   2 3297243
   2 3297251
   2 3297266
   2 3297332
   2 3297376
   2 3297403
   2 3297436
   2 3297445
   2 3297467
   2 3297490
   2 3297517
