3301502
3303579
3304128
3304548
3304686
3304958
3307046
3307420
3308913
3309384
3310139
3310289
3312739
3313083
3313838
3315779
3315847
3316729
3317772
3321167
3321295
3321847
3322687
3323591
3324933
3325844
3329100
3329499
3329503
3330606
3331545
3333253
3334116
3335321
3335488
3335625
3336738
3337062
3337510
3338127
3338388
3339639
3339922
3340433
3340566
3342134
3342694
3343339
3343775
3343897
3344077
3344380
3345202
3345616
3345900
3345913
3345969
3346519
3346534
3346593
3346696
3347035
3347312
3347789
3347824
3348686
3348731
3348974
3349437
3350235
3350339
3350362
3350596
3350687
3350984
3351038
3351451
3351504
3351573
3351725
3351826
3352981
3353867
3354190
3354344
3354356
3354847
3355079
3355144
3355249
3355378
3356445
3356886
3356944
3357382
3357787
3358461
3358795
3358987
3359385
3360116
3360147
3360858
3361061
3361226
3361293
3361586
3361736
3362452
3362841
3363063
3363516
3364218
3364552
3366673
3366892
3367170
3367876
3368145
3368784
3369102
3369159
3369246
3369734
3369760
3369787
3370033
3370677
3370688
3371268
3371475
3371627
3372459
3372571
3373651
3374256
3374371
3374482
3374601
3374897
3374992
3375420
3375826
3376164
3376246
3376406
3376611
3377119
3377376
3377730
3377796
3377814
3377840
3378254
3378549
3378761
3380132
3380197
3380456
3380483
3381785
3381866
3382289
3382781
3383823
3383903
3384238
3384551
3384611
3384844
3385680
3386010
3386056
3386669
3386838
3386846
3387174
3387253
3387307
3387542
3387847
3387963
3388058
3390018
3390172
3390378
3390716
3390815
3391065
3391134
3391381
3391509
3391999
3392001
3392710
3393215
3393631
3395112
3396582
3396933
3397088
3397250
3398000
3399103
