3300035
3300083
3300099
3300105
3300118
3300143
3300179
3300201
3300255
3300287
3300312
3300333
3300349
3300357
3300368
3300385
3300402
3300423
3300430
3300459
3300488
3300527
3300540
3300553
3300571
3300586
3300632
3300654
3300669
3300697
3300774
3300824
3300880
3300929
3300947
3300965
3300973
3300982
3300998
3301011
3301074
3301089
3301149
3301194
3301228
3301308
3301327
3301362
3301429
3301450
3301498
3301523
3301530
3301564
3301596
3301678
3301693
3301738
3301746
3301780
3301813
3301825
3301832
3301848
3301869
3301876
3301918
3301984
3302021
3302049
3302057
3302070
3302085
3302094
3302136
3302145
3302158
3302167
3302189
3302190
3302240
3302262
3302295
3302356
3302383
3302432
3302454
3302476
3302497
3302501
3302534
3302555
3302615
3302677
3302688
3302705
3302737
3302743
3302751
3302766
3302779
3302792
3302850
3302882
3302924
3302952
3302963
3303013
3303025
3303054
3303069
3303081
3303130
3303196
3303209
3303224
3303252
3303275
3303329
3303331
3303350
3303365
3303382
3303398
3303406
3303457
3303468
3303470
3303505
3303537
3303551
3303658
3303667
3303734
3303742
3303755
3303793
3303810
3303856
3303861
3303883
3303927
3304005
3304020
3304037
3304051
3304066
3304092
3304135
3304161
3304172
3304183
3304199
3304233
3304319
3304334
3304355
3304387
3304417
3304424
3304452
3304532
3304569
3304576
3304614
3304640
3304671
3304704
3304729
3304747
3304750
3304765
3304773
3304782
3304859
3304877
3304888
3304896
3304911
3304922
3304974
3305016
3305031
3305050
3305098
3305119
3305126
3305155
3305160
3305187
3305205
3305218
3305220
3305243
3305251
3305284
3305325
3305354
3305369
3305397
3305436
3305458
3305467
3305546
3305575
3305580
3305591
3305606
3305621
3305668
3305670
3305685
3305694
3305702
3305764
3305777
3305788
3305796
3305814
3305827
3305839
3305840
3305862
3305871
3305886
3305910
3305944
3305956
3305961
3306015
3306041
3306059
3306088
3306125
3306148
3306176
3306181
3306204
3306247
3306250
3306282
3306317
3306324
3306338
3306352
3306375
3306391
3306428
3306435
3306483
3306522
3306536
3306558
3306620
3306643
3306679
3306684
3306740
3306771
3306795
3306870
3306885
3306919
3306926
3306934
3306978
3307017
3307024
3307052
3307075
3307080
3307108
3307114
3307127
3307140
3307153
3307162
3307171
3307186
3307195
3307203
3307222
3307258
3307289
3307323
3307364
3307396
3307443
3307479
3307492
3307516
3307529
3307547
3307550
3307565
3307607
3307628
3307656
3307661
3307672
3307713
3307725
3307748
3307776
3307801
3307819
3307842
3307855
3307860
3307887
3307921
3307957
3307968
3308040
3308053
3308062
3308086
3308138
3308146
3308303
3308322
3308336
3308367
3308374
3308389
3308390
3308434
3308442
3308528
3308544
3308616
3308665
3308698
3308706
3308721
3308749
3308757
3308768
3308770
3308820
3308879
3308900
3308969
3308997
3309001
3309019
3309034
3309042
3309087
3309104
3309129
3309147
3309150
3309182
3309198
3309213
3309232
3309254
3309276
3309297
3309320
3309366
3309379
3309392
3309427
3309495
3309549
3309557
3309585
3309609
3309617
3309638
3309663
3309680
3309691
3309710
3309735
3309783
3309836
3309858
3309874
3309889
3309923
3309930
3309959
3309977
3309996
3310017
3310024
3310052
3310075
3310108
3310114
3310153
3310171
3310186
3310195
3310222
3310245
3310258
3310290
3310323
3310341
3310364
3310405
3310437
3310479
3310529
3310547
3310582
3310607
3310610
3310628
3310635
3310683
3310700
3310732
3310776
3310781
3310801
3310826
3310860
3310906
3310921
3310968
3310970
3310985
3310994
3311000
3311164
3311224
3311263
3311316
3311329
3311350
3311365
3311398
3311457
3311485
3311494
3311579
3311603
3311622
3311636
3311755
3311760
3311793
3311828
3311844
3311856
3311861
3311927
3311940
3312002
3312041
3312064
3312100
3312125
3312148
3312169
3312181
3312197
3312204
3312265
3312273
3312282
3312298
3312317
3312346
3312391
3312407
3312410
3312435
3312456
3312461
3312522
3312545
3312558
3312567
3312574
3312590
3312618
3312637
3312643
3312666
3312708
3312753
3312762
3312795
3312806
3312833
3312885
3312894
3312934
3312955
3312960
3312978
3313056
3313099
3313137
3313151
3313192
3313219
3313287
3313312
3313321
3313333
3313349
3313370
3313415
3313430
3313527
3313562
3313586
3313595
3313625
3313669
3313681
3313697
3313722
3313824
3313880
3313950
3313973
3314014
3314027
3314062
3314071
3314086
3314095
3314117
3314146
3314175
3314223
3314259
3314264
3314303
3314311
3314322
3314336
3314358
3314367
3314419
3314434
3314487
3314510
3314528
3314544
3314561
3314583
3314599
3314616
3314673
3314682
3314706
3314721
3314768
3314818
3314851
3314900
3314969
3314997
3315006
3315021
3315049
3315057
3315068
3315094
3315122
3315167
3315190
3315208
3315227
3315239
3315253
3315286
3315295
3315372
3315383
3315413
3315481
3315497
3315501
3315526
3315593
3315602
3315630
3315641
3315720
3315737
3315743
3315784
3315792
3315829
3315831
3315882
3315898
3315917
3315963
3315975
3316018
3316020
3316043
3316066
3316079
3316092
3316110
3316128
3316135
3316156
3316172
3316206
3316212
3316221
3316257
3316360
3316378
3316387
3316417
3316475
3316513
3316576
3316597
3316627
3316686
3316704
3316747
3316782
3316815
3316830
3316841
3316896
3316911
3316967
3317026
3317087
3317129
3317165
3317173
3317182
3317198
3317200
3317225
3317248
3317297
3317343
3317379
3317414
3317440
3317453
3317471
3317486
3317495
3317521
3317557
3317568
3317646
3317663
3317707
3317744
3317761
3317783
3317799
3317811
3317822
3317836
3317845
3317858
3317867
3317902
3317964
3317988
3318031
3318073
3318082
3318098
3318119
3318160
3318178
3318187
3318237
3318243
3318313
3318381
3318397
3318403
3318411
3318422
3318436
3318445
3318458
3318490
3318546
3318563
3318575
3318606
3318633
3318657
3318715
3318723
3318730
3318741
3318759
3318764
3318788
3318814
3318827
3318886
3318910
3318928
3318935
3318944
3319011
3319022
3319045
3319058
3319074
3319112
3319168
3319170
3319194
3319210
3319228
3319235
3319308
3319339
3319362
3319386
3319404
3319450
3319465
3319473
3319482
3319523
3319530
3319541
3319564
3319577
3319634
3319642
3319660
3319717
3319724
3319738
3319780
3319800
3319869
3319881
3319905
3320014
3320027
3320040
3320062
3320086
3320124
3320202
3320215
3320223
3320288
3320303
3320322
3320367
3320374
3320389
3320426
3320442
3320455
3320507
3320510
3320535
3320544
3320561
3320583
3320599
3320604
3320631
3320647
3320665
3320673
3320706
3320712
3320768
3320770
3320794
3320879
3320925
3320969
3320981
3321012
3321049
3321085
3321103
3321122
3321136
3321214
3321227
3321271
3321400
3321448
3321501
3321542
3321560
3321578
3321587
3321615
3321630
3321659
3321664
3321677
3321720
3321737
3321779
3321829
3321865
3321882
3321909
3321917
3321980
3322074
3322089
3322106
3322133
3322194
3322235
3322299
3322308
3322340
3322416
3322429
3322431
3322450
3322465
3322473
3322502
3322515
3322541
3322559
3322564
3322588
3322619
3322626
3322678
3322693
3322780
3322791
3322813
3322832
3322848
3322854
3322869
3322897
3322905
3322918
3322992
3323031
3323050
3323082
3323098
3323119
3323134
3323155
3323160
3323218
3323237
3323300
3323313
3323325
3323376
3323403
3323422
3323445
3323474
3323489
3323490
3323546
3323612
3323633
3323668
3323670
3323694
3323702
3323723
3323730
3323777
3323788
3323840
3323886
3323907
3323910
3323935
3323972
3323999
3324009
3324017
3324024
3324038
3324063
3324075
3324091
3324162
3324195
3324203
3324236
3324245
3324258
3324267
3324290
3324341
3324359
3324364
3324396
3324405
3324418
3324531
3324582
3324598
3324635
3324644
3324699
3324700
3324713
3324754
3324776
3324801
3324819
3324826
3324970
3325000
3325025
3325032
3325069
3325097
3325102
3325123
3325159
3325164
3325196
3325224
3325238
3325263
3325280
3325304
3325331
3325347
3325365
3325433
3325468
3325470
3325520
3325537
3325543
3325551
3325603
3325622
3325667
3325674
3325689
3325734
3325755
3325778
3325872
3325927
3325953
3325971
3326001
3326026
3326042
3326087
3326104
3326129
3326131
3326232
3326320
3326337
3326379
3326384
3326427
3326557
3326594
3326617
3326624
3326756
3326761
3326822
3326858
3326874
3326889
3326890
3326923
3326941
3327037
3327043
3327092
3327110
3327135
3327156
3327172
3327206
3327221
3327233
3327285
3327319
3327378
3327387
3327409
3327417
3327424
3327446
3327463
3327475
3327491
3327500
3327548
3327554
3327608
3327614
3327686
3327704
3327782
3327823
3327830
3327841
3327877
3327888
3327911
3327936
3327945
3327974
3327989
3328010
3328028
3328035
3328044
3328105
3328143
3328184
3328201
3328234
3328278
3328293
3328333
3328357
3328370
3328415
3328459
3328488
3328508
3328553
3328562
3328595
3328613
3328625
3328648
3328676
3328681
3328745
3328789
3328838
3328852
3328880
3328891
3328929
3328931
3329002
3329015
3329113
3329125
3329204
3329231
3329247
3329273
3329324
3329338
3329352
3329363
3329375
3329428
3329511
3329522
3329589
3329620
3329651
3329692
3329714
3329739
3329740
3329771
3329786
3329806
3329868
3329870
3329919
3329926
3329955
3329993
3330047
3330119
3330126
3330142
3330155
3330205
3330220
3330251
3330266
3330279
3330292
3330300
3330325
3330332
3330354
3330369
3330376
3330381
3330403
3330411
3330474
3330490
3330546
3330591
3330633
3330668
3330670
3330694
3330715
3330796
3330814
3330827
3330895
3330910
3330928
3330944
3330961
3330983
3331002
3331023
3331064
3331132
3331148
3331216
3331229
3331265
3331317
3331338
3331363
3331380
3331391
3331410
3331428
3331456
3331503
3331511
3331522
3331536
3331558
3331590
3331618
3331666
3331692
3331714
3331727
3331753
3331795
3331812
3331978
3331993
3332025
3332123
3332141
3332164
3332188
3332209
3332217
3332246
3332252
3332280
3332350
3332382
3332398
3332406
3332412
3332468
3332494
3332551
3332592
3332636
3332645
3332658
3332667
3332689
3332719
3332778
3332787
3332872
3332908
3332939
3332953
3332962
3332986
3332995
3333012
3333021
3333033
3333068
3333158
3333174
3333208
3333214
3333310
3333335
3333344
3333399
3333432
3333448
3333501
3333534
3333555
3333560
3333587
3333602
3333615
3333659
3333664
3333705
3333737
3333743
3333779
3333792
3333882
3333898
3333938
3333975
3333980
3334026
3334055
3334078
3334104
3334129
3334131
3334147
3334150
3334165
3334182
3334232
3334254
3334297
3334305
3334384
3334392
3334486
3334495
3334506
3334512
3334568
3334585
3334609
3334663
3334675
3334691
3334728
3334783
3334822
3334836
3334858
3334874
3334890
3334902
3334923
3334959
3334977
3334988
3335007
3335028
3335035
3335056
3335061
3335105
3335118
3335166
3335179
3335192
3335219
3335226
3335242
3335287
3335293
3335312
3335333
3335368
3335430
3335459
3335508
3335527
3335553
3335562
3335586
3335595
3335600
3335648
3335676
3335697
3335703
3335758
3335774
3335790
3335809
3335817
3335824
3335838
3335852
3335880
3335929
3335973
3335982
3336022
3336036
3336058
3336090
3336121
3336157
3336168
3336170
3336185
3336228
3336244
3336256
3336272
3336308
3336353
3336386
3336404
3336431
3336450
3336473
3336482
3336498
3336515
3336523
3336601
3336619
3336626
3336642
3336655
3336660
3336693
3336717
3336724
3336746
3336780
3336832
3336854
3336869
3336897
3336937
3336943
3337014
3337040
3337071
3337086
3337109
3337146
3337152
3337163
3337202
3337215
3337223
3337259
3337296
3337303
3337311
3337358
3337367
3337374
3337389
3337401
3337419
3337426
3337442
3337455
3337487
3337535
3337572
3337604
3337631
3337665
3337673
3337698
3337706
3337749
3337785
3337805
3337837
3337843
3337884
3337948
3337997
3338009
3338046
3338052
3338063
3338140
3338153
3338186
3338203
3338258
3338274
3338290
3338323
3338359
3338437
3338451
3338484
3338492
3338504
3338516
3338547
3338628
3338656
3338661
3338672
3338700
3338725
3338732
3338754
3338781
3338801
3338933
3338949
3338957
3338970
3338985
3339051
3339066
3339079
3339092
3339107
3339110
3339135
3339156
3339161
3339172
3339199
3339206
3339233
3339249
3339270
3339294
3339326
3339334
3339378
3339387
3339417
3339446
3339491
3339513
3339525
3339532
3339576
3339581
3339627
3339686
3339695
3339704
3339729
3339747
3339798
3339859
3339903
3339911
3339958
3340032
3340054
3340069
3340081
3340141
3340159
3340164
3340177
3340188
3340209
3340238
3340252
3340316
3340329
3340331
3340382
3340398
3340457
3340485
3340520
3340592
3340611
3340645
3340726
3340734
3340742
3340778
3340793
3340807
3340835
3340844
3340856
3340899
3340939
3341026
3341042
3341060
3341093
3341116
3341129
3341150
3341182
3341198
3341200
3341213
3341225
3341254
3341281
3341305
3341318
3341337
3341343
3341408
3341439
3341440
3341462
3341471
3341512
3341521
3341585
3341609
3341638
3341646
3341652
3341675
3341710
3341728
3341735
3341744
3341772
3341799
3341803
3341845
3341930
3341941
3341959
3341964
3341988
3341996
3342004
3342031
3342050
3342098
3342101
3342119
3342142
3342218
3342243
3342313
3342397
3342403
3342436
3342490
3342517
3342563
3342649
3342668
3342670
3342715
3342764
3342777
3342827
3342862
3342910
3342935
3342972
3342999
3343022
3343036
3343045
3343067
3343089
3343090
3343133
3343157
3343185
3343194
3343207
3343228
3343283
3343308
3343314
3343371
3343431
3343450
3343465
3343482
3343515
3343523
3343564
3343577
3343588
3343634
3343655
3343738
3343752
3343800
3343825
3343869
3343876
3343881
3343918
3343943
3343979
3343984
3343992
3344002
3344023
3344059
3344064
3344148
3344154
3344265
3344273
3344282
3344309
3344317
3344324
3344346
3344375
3344407
3344435
3344444
3344472
3344483
3344499
3344522
3344536
3344545
3344574
3344589
3344618
3344637
3344643
3344651
3344679
3344708
3344714
3344727
3344740
3344786
3344795
3344812
3344833
3344849
3344857
3344919
3344926
3344934
3344960
3345014
3345027
3345039
3345040
3345095
3345138
3345146
3345152
3345175
3345215
3345230
3345264
3345277
3345296
3345311
3345358
3345367
3345374
3345426
3345442
3345455
3345460
3345487
3345493
3345507
3345528
3345572
3345599
3345604
3345629
3345647
3345698
3345706
3345733
3345749
3345770
3345794
3345805
3345837
3345843
3345866
3345879
3345884
3345892
3345932
3345948
3345997
3346006
3346021
3346049
3346057
3346122
3346214
3346239
3346271
3346307
3346399
3346400
3346413
3346454
3346469
3346501
3346555
3346560
3346587
3346615
3346630
3346641
3346664
3346677
3346688
3346718
3346720
3346737
3346784
3346804
3346873
3346882
3346938
3346980
3347028
3347118
3347166
3347192
3347226
3347234
3347278
3347287
3347321
3347349
3347385
3347394
3347402
3347459
3347464
3347508
3347514
3347562
3347595
3347600
3347613
3347669
3347711
3347758
3347774
3347880
3347916
3347973
3347998
3348037
3348084
3348107
3348135
3348144
3348156
3348206
3348249
3348268
3348334
3348342
3348360
3348378
3348387
3348393
3348417
3348446
3348475
3348480
3348500
3348554
3348597
3348671
3348716
3348747
3348750
3348765
3348782
3348798
3348802
3348815
3348823
3348864
3348888
3348903
3349038
3349046
3349052
3349063
3349080
3349091
3349108
3349139
3349153
3349203
3349211
3349222
3349258
3349274
3349289
3349290
3349302
3349315
3349359
3349364
3349377
3349405
3349418
3349443
3349466
3349479
3349484
3349492
3349516
3349529
3349565
3349573
3349598
3349628
3349672
3349713
3349725
3349748
3349797
3349860
3349949
3349957
3349968
3350022
3350045
3350168
3350194
3350244
3350308
3350327
3350353
3350416
3350447
3350450
3350465
3350502
3350564
3350577
3350619
3350642
3350660
3350724
3350780
3350791
3350825
3350854
3350881
3350905
3350920
3350943
3350951
3351046
3351075
3351091
3351108
3351127
3351140
3351153
3351171
3351203
3351222
3351236
3351267
3351289
3351315
3351341
3351364
3351377
3351405
3351437
3351479
3351492
3351550
3351607
3351644
3351683
3351700
3351801
3351834
3351842
3351860
3351887
3351912
3351933
3352027
3352062
3352071
3352095
3352152
3352163
3352202
3352223
3352230
3352296
3352311
3352336
3352419
3352434
3352442
3352507
3352510
3352544
3352583
3352599
3352604
3352629
3352647
3352665
3352673
3352698
3352706
3352712
3352768
3352770
3352805
3352837
3352843
3352851
3352879
3352900
3352932
3352948
3352954
3352997
3353034
3353042
3353078
3353087
3353131
3353147
3353150
3353173
3353276
3353297
3353337
3353343
3353351
3353379
3353384
3353495
3353533
3353549
3353568
3353594
3353646
3353707
3353710
3353728
3353744
3353761
3353772
3353783
3353803
3353811
3353822
3353836
3353845
3353874
3353890
3353915
3353941
3353959
3353964
3353988
3353996
3354006
3354068
3354070
3354085
3354103
3354111
3354145
3354158
3354167
3354174
3354208
3354240
3354253
3354262
3354271
3354310
3354335
3354361
3354383
3354425
3354448
3354469
3354476
3354497
3354519
3354534
3354560
3354615
3354623
3354630
3354641
3354705
3354718
3354737
3354751
3354766
3354784
3354792
3354865
3354909
3354917
3354938
3354991
3355043
3355084
3355092
3355110
3355161
3355183
3355212
3355233
3355268
3355294
3355301
3355334
3355360
3355393
3355417
3355424
3355446
3355463
3355475
3355480
3355491
3355500
3355525
3355554
3355569
3355576
3355581
3355608
3355627
3355639
3355686
3355704
3355729
3355731
3355750
3355782
3355798
3355815
3355830
3355864
3355945
3356004
3356029
3356047
3356098
3356218
3356237
3356251
3356284
3356300
3356325
3356332
3356348
3356354
3356376
3356403
3356411
3356422
3356458
3356474
3356489
3356490
3356524
3356538
3356552
3356606
3356621
3356633
3356657
3356670
3356694
3356702
3356723
3356730
3356759
3356764
3356788
3356808
3356814
3356839
3356853
3356871
3356935
3356961
3356999
3357048
3357076
3357097
3357130
3357141
3357209
3357217
3357224
3357263
3357275
3357280
3357347
3357449
3357470
3357485
3357494
3357518
3357537
3357543
3357579
3357622
3357636
3357658
3357726
3357734
3357742
3357828
3357861
3357883
3357914
3357939
3357940
3357953
3357962
3358088
3358100
3358113
3358125
3358132
3358148
3358181
3358197
3358282
3358324
3358338
3358352
3358363
3358380
3358407
3358456
3358522
3358589
3358620
3358727
3358740
3358753
3358786
3358806
3358812
3358821
3358894
3358960
3359028
3359072
3359105
3359137
3359151
3359166
3359219
3359242
3359255
3359260
3359312
3359333
3359349
3359357
3359368
3359370
3359430
3359488
3359539
3359571
3359613
3359625
3359681
3359697
3359817
3359824
3359852
3359931
3359947
3359973
3360001
3360019
3360042
3360060
3360093
3360104
3360182
3360225
3360232
3360248
3360254
3360305
3360351
3360384
3360408
3360427
3360453
3360486
3360495
3360506
3360512
3360533
3360557
3360568
3360570
3360585
3360617
3360646
3360663
3360691
3360728
3360756
3360761
3360803
3360836
3360845
3360867
3360874
3360889
3360890
3360902
3360996
3361010
3361035
3361044
3361072
3361105
3361137
3361166
3361192
3361234
3361242
3361278
3361306
3361312
3361321
3361333
3361349
3361357
3361368
3361370
3361423
3361441
3361459
3361488
3361496
3361508
3361527
3361539
3361613
3361648
3361669
3361676
3361711
3361722
3361809
3361846
3361852
3361863
3361891
3361904
3361929
3361982
3361998
3362005
3362037
3362066
3362092
3362107
3362135
3362161
3362183
3362212
3362221
3362249
3362270
3362319
3362326
3362360
3362417
3362463
3362480
3362513
3362548
3362554
3362608
3362639
3362729
3362747
3362750
3362765
3362823
3362888
3362967
3362974
3363024
3363046
3363108
3363127
3363153
3363162
3363195
3363236
3363245
3363258
3363289
3363323
3363341
3363364
3363443
3363531
3363610
3363628
3363644
3363683
3363699
3363748
3363797
3363801
3363826
3363878
3363970
3363985
3364004
3364016
3364031
3364082
3364101
3364126
3364134
3364142
3364155
3364160
3364205
3364220
3364243
3364251
3364279
3364300
3364313
3364332
3364348
3364376
3364445
3364467
3364474
3364490
3364524
3364538
3364580
3364606
3364649
3364670
3364702
3364741
3364788
3364871
3364895
3364928
3364999
3365041
3365059
3365077
3365100
3365148
3365176
3365231
3365247
3365265
3365298
3365309
3365338
3365346
3365363
3365375
3365407
3365456
3365483
3365503
3365536
3365574
3365605
3365684
3365692
3365714
3365727
3365739
3365753
3365806
3365821
3365833
3365849
3365870
3365919
3365942
3365987
3365993
3366053
3366062
3366086
3366095
3366117
3366146
3366163
3366180
3366191
3366215
3366223
3366264
3366322
3366345
3366401
3366419
3366434
3366556
3366561
3366572
3366650
3366682
3366706
3366721
3366733
3366749
3366757
3366785
3366794
3366805
3366843
3366851
3366879
3366913
3366954
3367011
3367168
3367228
3367261
3367283
3367308
3367314
3367340
3367386
3367450
3367541
3367564
3367596
3367619
3367678
3367687
3367724
3367763
3367780
3367791
3367800
3367848
3367854
3367905
3367918
3367920
3367943
3367979
3368012
3368033
3368049
3368085
3368111
3368174
3368189
3368227
3368253
3368262
3368286
3368295
3368307
3368310
3368356
3368361
3368481
3368555
3368560
3368578
3368587
3368602
3368630
3368641
3368677
3368737
3368751
3368829
3368831
3368847
3368850
3368865
3368873
3368882
3368909
3368963
3369013
3369048
3369076
3369123
3369130
3369164
3369177
3369196
3369209
3369217
3369238
3369291
3369329
3369365
3369373
3369412
3369457
3369505
3369518
3369520
3369584
3369592
3369603
3369622
3369636
3369645
3369667
3369674
3369719
3369726
3369778
3369807
3369883
3369914
3369927
3369939
3369971
3369995
3370006
3370085
3370094
3370111
3370145
3370167
3370174
3370190
3370214
3370253
3370262
3370286
3370356
3370372
3370413
3370425
3370448
3370469
3370555
3370593
3370602
3370615
3370623
3370659
3370664
3370705
3370737
3370743
3370751
3370766
3370792
3370882
3370909
3370938
3370975
3370991
3371005
3371020
3371037
3371043
3371066
3371079
3371092
3371107
3371128
3371135
3371161
3371172
3371199
3371206
3371221
3371233
3371301
3371319
3371334
3371342
3371378
3371417
3371424
3371438
3371446
3371480
3371525
3371532
3371554
3371653
3371662
3371686
3371695
3371747
3371750
3371782
3371815
3371823
3371830
3371945
3371974
3371989
3371990
3372044
3372105
3372120
3372137
3372143
3372192
3372226
3372242
3372255
3372349
3372368
3372370
3372394
3372464
3372496
3372508
3372540
3372595
3372625
3372632
3372654
3372676
3372697
3372711
3372722
3372736
3372767
3372789
3372809
3372863
3372875
3372880
3372929
3372965
3372982
3373015
3373023
3373030
3373041
3373064
3373077
3373113
3373125
3373132
3373154
3373169
3373216
3373352
3373363
3373375
3373380
3373391
3373428
3373483
3373499
3373503
3373536
3373574
3373589
3373618
3373620
3373666
3373679
3373692
3373727
3373739
3373762
3373795
3373849
3373894
3373901
3373926
3373934
3373942
3373955
3373978
3373987
3374011
3374036
3374058
3374133
3374149
3374157
3374170
3374207
3374261
3374272
3374308
3374353
3374386
3374416
3374431
3374473
3374502
3374523
3374530
3374577
3374588
3374660
3374678
3374763
3374780
3374813
3374854
3374876
3374937
3374984
3375024
3375038
3375052
3375063
3375114
3375140
3375186
3375203
3375211
3375222
3375245
3375289
3375315
3375341
3375359
3375405
3375479
3375516
3375547
3375550
3375598
3375607
3375635
3375700
3375748
3375754
3375776
3375781
3375797
3375819
3375842
3375906
3375912
3375949
3375994
3376013
3376032
3376048
3376054
3376081
3376115
3376130
3376159
3376217
3376238
3376263
3376291
3376331
3376347
3376350
3376382
3376412
3376421
3376433
3376468
3376485
3376518
3376537
3376551
3376579
3376592
3376636
3376658
3376690
3376787
3376828
3376844
3376856
3376883
3376914
3376927
3376953
3376962
3377029
3377065
3377178
3377187
3377218
3377220
3377243
3377266
3377292
3377300
3377313
3377381
3377411
3377422
3377445
3377467
3377509
3377517
3377538
3377546
3377552
3377563
3377580
3377591
3377621
3377633
3377657
3377670
3377715
3377788
3377808
3377827
3377853
3377886
3377935
3377944
3377956
3377961
3378019
3378034
3378078
3378087
3378104
3378129
3378182
3378318
3378384
3378408
3378414
3378427
3378440
3378453
3378462
3378471
3378486
3378506
3378512
3378594
3378646
3378663
3378675
3378680
3378728
3378735
3378772
3378783
3378890
3378902
3378941
3379014
3379027
3379039
3379053
3379117
3379152
3379223
3379259
3379264
3379303
3379367
3379390
3379442
3379460
3379507
3379510
3379528
3379556
3379629
3379631
3379647
3379665
3379721
3379749
3379757
3379770
3379805
3379818
3379820
3379837
3379843
3379884
3379925
3379932
3379948
3379969
3379976
3379997
3380041
3380064
3380077
3380100
3380125
3380148
3380169
3380176
3380216
3380231
3380250
3380298
3380346
3380363
3380375
3380391
3380428
3380472
3380499
3380511
3380522
3380545
3380574
3380605
3380620
3380637
3380643
3380666
3380679
3380714
3380727
3380739
3380740
3380753
3380786
3380821
3380857
3380960
3381008
3381040
3381095
3381109
3381138
3381146
3381163
3381191
3381202
3381303
3381311
3381345
3381367
3381374
3381401
3381419
3381442
3381528
3381561
3381616
3381673
3381682
3381706
3381712
3381757
3381794
3381837
3381879
3381884
3381892
3381900
3381954
3381976
3381997
3382017
3382024
3382046
3382063
3382075
3382108
3382139
3382153
3382186
3382211
3382236
3382245
3382267
3382302
3382315
3382377
3382388
3382405
3382443
3382466
3382479
3382504
3382529
3382531
3382550
3382610
3382656
3382672
3382700
3382769
3382776
3382819
3382834
3382887
3382893
3382912
3382933
3382985
3382994
3383018
3383037
3383079
3383084
3383107
3383110
3383128
3383135
3383144
3383172
3383183
3383206
3383212
3383294
3383326
3383334
3383360
3383393
3383424
3383446
3383452
3383475
3383500
3383525
3383532
3383548
3383554
3383597
3383614
3383662
3383686
3383716
3383729
3383731
3383773
3383798
3383802
3383888
3383911
3383974
3384000
3384048
3384081
3384097
3384102
3384115
3384123
3384159
3384164
3384188
3384196
3384217
3384246
3384275
3384347
3384365
3384406
3384412
3384421
3384468
3384518
3384579
3384592
3384603
3384645
3384667
3384674
3384689
3384690
3384719
3384734
3384742
3384778
3384807
3384835
3384861
3384914
3384927
3384971
3384986
3385019
3385042
3385093
3385182
3385276
3385281
3385305
3385337
3385343
3385384
3385392
3385453
3385506
3385557
3385594
3385624
3385707
3385710
3385744
3385756
3385811
3385822
3385858
3385890
3385915
3385959
3385964
3386061
3386120
3386137
3386192
3386201
3386255
3386312
3386349
3386357
3386394
3386402
3386415
3386423
3386430
3386441
3386459
3386496
3386514
3386562
3386586
3386595
3386600
3386613
3386654
3386736
3386745
3386758
3386809
3386824
3386863
3386904
3386929
3386950
3386973
3386982
3387012
3387021
3387057
3387070
3387085
3387094
3387103
3387145
3387227
3387239
3387240
3387271
3387286
3387413
3387425
3387448
3387481
3387501
3387519
3387526
3387555
3387587
3387593
3387623
3387630
3387659
3387664
3387677
3387705
3387743
3387751
3387804
3387831
3387850
3387865
3387873
3387882
3387898
3387917
3387924
3387946
3387952
3387991
3388003
3388036
3388074
3388090
3388133
3388157
3388168
3388170
3388194
3388210
3388244
3388283
3388299
3388314
3388340
3388371
3388386
3388395
3388429
3388431
3388473
3388502
3388530
3388559
3388596
3388626
3388642
3388678
3388693
3388717
3388752
3388780
3388791
3388800
3388832
3388848
3388854
3388869
3388881
3388905
3388918
3388943
3388966
3389029
3389047
3389126
3389134
3389142
3389178
3389205
3389218
3389220
3389237
3389292
3389325
3389332
3389354
3389381
3389403
3389411
3389422
3389445
3389467
3389474
3389546
3389591
3389606
3389612
3389621
3389633
3389649
3389670
3389685
3389715
3389741
3389759
3389827
3389840
3389862
3389871
3389886
3389895
3389944
3389956
3389972
3390005
3390020
3390037
3390079
3390092
3390110
3390144
3390156
3390206
3390212
3390270
3390285
3390294
3390355
3390387
3390393
3390475
3390480
3390500
3390525
3390532
3390554
3390581
3390597
3390662
3390671
3390765
3390773
3390782
3390864
3390896
3390911
3390922
3390945
3390958
3390990
3391016
3391031
3391047
3391073
3391082
3391098
3391142
3391160
3391187
3391205
3391218
3391237
3391243
3391279
3391292
3391300
3391325
3391348
3391369
3391376
3391445
3391458
3391489
3391490
3391517
3391546
3391575
3391580
3391621
3391633
3391670
3391694
3391702
3391777
3391840
3391853
3391862
3391886
3391895
3391928
3391935
3391956
3392034
3392078
3392087
3392129
3392173
3392198
3392232
3392269
3392276
3392305
3392337
3392343
3392384
3392392
3392408
3392414
3392427
3392462
3392471
3392486
3392495
3392506
3392549
3392557
3392594
3392646
3392675
3392691
3392707
3392744
3392803
3392915
3392930
3392996
3393008
3393014
3393040
3393117
3393138
3393163
3393259
3393288
3393296
3393311
3393322
3393358
3393374
3393390
3393426
3393460
3393510
3393561
3393604
3393616
3393647
3393665
3393682
3393721
3393749
3393768
3393770
3393879
3393892
3393969
3393997
3394007
3394010
3394028
3394035
3394061
3394118
3394179
3394184
3394201
3394219
3394234
3394242
3394260
3394278
3394306
3394333
3394368
3394402
3394423
3394441
3394459
3394477
3394488
3394496
3394562
3394571
3394595
3394600
3394648
3394669
3394722
3394736
3394758
3394767
3394789
3394809
3394824
3394863
3394875
3394916
3394973
3394982
3395003
3395011
3395058
3395067
3395074
3395089
3395157
3395168
3395170
3395194
3395207
3395210
3395235
3395272
3395283
3395299
3395339
3395340
3395362
3395371
3395395
3395416
3395429
3395447
3395450
3395465
3395473
3395482
3395498
3395502
3395541
3395577
3395601
3395619
3395687
3395709
3395763
3395775
3395780
3395791
3395800
3395832
3395848
3395869
3395937
3395943
3395966
3395979
3395992
3396017
3396038
3396080
3396140
3396186
3396245
3396258
3396267
3396274
3396290
3396302
3396330
3396341
3396359
3396377
3396396
3396418
3396420
3396437
3396451
3396466
3396484
3396492
3396531
3396628
3396644
3396672
3396700
3396713
3396725
3396748
3396754
3396797
3396826
3396842
3396887
3396893
3396906
3396912
3396949
3396968
3397015
3397132
3397148
3397169
3397181
3397216
3397273
3397298
3397317
3397324
3397338
3397346
3397363
3397375
3397407
3397410
3397456
3397472
3397536
3397574
3397589
3397590
3397643
3397740
3397806
3397812
3397821
3397833
3397857
3397885
3397894
3397942
3397955
3397978
3397993
3398013
3398054
3398076
3398130
3398141
3398159
3398177
3398196
3398209
3398238
3398246
3398304
3398316
3398331
3398373
3398433
3398468
3398470
3398494
3398505
3398537
3398551
3398566
3398603
3398622
3398658
3398701
3398719
3398778
3398787
3398793
3398828
3398861
3398872
3398908
3398914
3398940
3398971
3399012
3399021
3399033
3399136
3399145
3399190
3399239
3399310
3399328
3399344
3399356
3399383
3399399
3399400
3399425
3399432
3399448
3399469
3399481
3399501
3399519
3399542
3399555
3399587
3399615
3399623
3399630
3399641
3399688
3399696
3399766
3399804
3399816
3399831
3399847
3399850
3399865
3399873
3399917
3399946
3399952
3399975
