2600346
2600651
2601071
2602290
2604076
2604102
2606459
2606586
2607012
2607033
2607924
2608106
2610946
2612226
2613216
2613870
2613942
2616000
2616899
2618182
2618392
2620515
2622528
2624122
2625911
2626348
2626411
2626759
2626827
2628064
2628096
2629166
2629184
2629459
2631477
2632409
2634458
2635176
2635753
2636572
2636851
2638688
2641467
2642923
2643191
2643997
2644061
2645170
2645482
2645559
2647684
2648645
2649804
2650296
2651383
2652473
2652642
2653160
2653944
2654479
2654504
2654529
2654781
2658527
2661346
2663766
2663898
2664165
2665654
2666395
2668258
2669639
2670573
2671365
2673234
2674202
2675497
2676859
2676945
2677042
2677129
2679763
2681738
2682630
2683719
2683856
2684135
2686309
2686428
2686461
2688311
2690188
2691959
2695095
2695175
2697477
2697562
