5501300
5506091
5506893
5509938
5510352
5510503
5510522
5510919
5511264
5511288
5513319
5515001
5515200
5516846
5517400
5518121
5518194
5519237
5519983
5520280
5521427
5521462
5522489
5526578
5527242
5527817
5528249
5528360
5530642
5531046
5532455
5533165
5534542
5534664
5534718
5535765
5535936
5536871
5539260
5539508
5540631
5543517
5543886
5544661
5545810
5550591
5554414
5555527
5556660
5557932
5558504
5558933
5562998
5563309
5563786
5564596
5564897
5565289
5565754
5568959
5569455
5572043
5572079
5572967
5574552
5574983
5576969
5578307
5578335
5579252
5580153
5580418
5581908
5582363
5582870
5582955
5588999
5591149
5591634
5593494
5597443
5598561
5599248
