5500005
5500018
5500020
5500037
5500043
5500051
5500066
5500079
5500084
5500092
5500107
5500110
5500128
5500135
5500144
5500156
5500161
5500172
5500183
5500199
5500206
5500212
5500221
5500233
5500249
5500257
5500268
5500270
5500285
5500294
5500301
5500319
5500326
5500334
5500342
5500355
5500360
5500378
5500393
5500409
5500424
5500438
5500446
5500452
5500463
5500475
5500480
5500491
5500500
5500513
5500525
5500532
5500548
5500554
5500569
5500576
5500581
5500597
5500608
5500614
5500627
5500639
5500640
5500653
5500662
5500671
5500695
5500704
5500716
5500731
5500747
5500750
5500765
5500773
5500782
5500798
5500802
5500815
5500823
5500830
5500841
5500859
5500864
5500877
5500888
5500896
5500903
5500911
5500922
5500936
5500945
5500958
5500967
5500974
5500989
5500990
5501004
5501016
5501029
5501031
5501047
5501050
5501065
5501073
5501082
5501098
5501101
5501119
5501126
5501134
5501142
5501155
5501160
5501178
5501187
5501193
5501205
5501218
5501220
5501237
5501243
5501251
5501266
5501279
5501284
5501292
5501300
5501325
5501332
5501348
5501354
5501369
5501376
5501381
5501397
5501403
5501411
5501422
5501436
5501445
5501467
5501474
5501489
5501490
5501509
5501524
5501538
5501546
5501552
5501563
5501575
5501606
5501612
5501621
5501633
5501649
5501668
5501670
5501694
5501702
5501715
5501723
5501730
5501741
5501759
5501764
5501777
5501788
5501796
5501808
5501814
5501839
5501840
5501853
5501862
5501895
5501907
5501910
5501928
5501935
5501944
5501956
5501961
5501972
5501983
5501999
5502001
5502019
5502026
5502034
5502042
5502055
5502060
5502078
5502087
5502093
5502104
5502116
5502129
5502131
5502147
5502150
5502165
5502173
5502182
5502200
5502213
5502225
5502248
5502269
5502305
5502337
5502343
5502351
5502366
5502379
5502392
5502408
5502414
5502427
5502439
5502440
5502453
5502462
5502471
5502486
5502495
5502506
5502512
5502533
5502549
5502557
5502568
5502570
5502585
5502594
5502617
5502624
5502638
5502646
5502652
5502663
5502680
5502691
5502707
5502710
5502728
5502735
5502744
5502756
5502761
5502772
5502783
5502799
5502803
5502811
5502822
5502836
5502858
5502867
5502874
5502889
5502890
5502902
5502915
5502923
5502930
5502941
5502964
5502977
5502988
5502996
5503008
5503014
5503027
5503039
5503040
5503053
5503062
5503071
5503086
5503095
5503109
5503117
5503124
5503138
5503146
5503152
5503163
5503180
5503191
5503202
5503215
5503223
5503230
5503241
5503259
5503264
5503277
5503288
5503303
5503311
5503336
5503345
5503358
5503367
5503374
5503389
5503390
5503401
5503419
5503426
5503434
5503442
5503455
5503460
5503478
5503507
5503510
5503528
5503535
5503561
5503572
5503583
5503599
5503604
5503616
5503629
5503631
5503647
5503650
5503673
5503682
5503698
5503706
5503712
5503749
5503768
5503770
5503785
5503794
5503805
5503818
5503820
5503837
5503851
5503866
5503892
5503900
5503913
5503925
5503932
5503969
5503976
5504007
5504010
5504035
5504044
5504072
5504083
5504099
5504105
5504118
5504120
5504143
5504151
5504166
5504184
5504192
5504201
5504219
5504226
5504234
5504242
5504260
5504278
5504287
5504293
5504306
5504312
5504321
5504333
5504349
5504357
5504368
5504370
5504394
5504402
5504423
5504430
5504441
5504459
5504464
5504477
5504488
5504496
5504508
5504514
5504527
5504539
5504540
5504553
5504562
5504571
5504586
5504595
5504600
5504613
5504625
5504648
5504654
5504669
5504676
5504681
5504697
5504703
5504711
5504722
5504736
5504745
5504758
5504767
5504774
5504790
5504809
5504824
5504838
5504846
5504852
5504863
5504875
5504891
5504904
5504916
5504929
5504931
5504947
5504950
5504965
5504973
5504982
5504998
5505003
5505011
5505022
5505036
5505045
5505058
5505067
5505074
5505089
5505106
5505112
5505121
5505133
5505149
5505157
5505170
5505185
5505194
5505207
5505210
5505228
5505235
5505244
5505256
5505261
5505272
5505283
5505299
5505308
5505314
5505327
5505339
5505340
5505353
5505362
5505371
5505386
5505395
5505404
5505416
5505429
5505431
5505447
5505450
5505465
5505473
5505498
5505502
5505515
5505523
5505530
5505541
5505559
5505564
5505577
5505588
5505596
5505601
5505619
5505626
5505634
5505642
5505655
5505660
5505678
5505693
5505709
5505717
5505738
5505752
5505763
5505775
5505780
5505791
5505800
5505813
5505825
5505832
5505848
5505854
5505869
5505876
5505881
5505897
5505905
5505918
5505920
5505937
5505943
5505966
5505979
5505984
5505992
5506009
5506017
5506038
5506046
5506052
5506063
5506075
5506080
5506091
5506114
5506127
5506139
5506140
5506153
5506162
5506171
5506186
5506195
5506203
5506211
5506222
5506236
5506245
5506258
5506267
5506274
5506289
5506290
5506302
5506315
5506323
5506330
5506341
5506359
5506364
5506377
5506388
5506420
5506437
5506443
5506451
5506466
5506479
5506484
5506492
5506504
5506516
5506529
5506531
5506547
5506550
5506565
5506573
5506582
5506598
5506610
5506635
5506644
5506656
5506661
5506683
5506699
5506700
5506713
5506725
5506732
5506748
5506754
5506776
5506781
5506797
5506801
5506819
5506826
5506834
5506842
5506855
5506860
5506878
5506887
5506893
5506906
5506912
5506921
5506933
5506949
5506957
5506985
5506994
5507002
5507015
5507030
5507041
5507059
5507064
5507077
5507088
5507096
5507100
5507113
5507125
5507132
5507148
5507154
5507169
5507176
5507181
5507197
5507204
5507216
5507229
5507231
5507247
5507250
5507265
5507273
5507282
5507309
5507317
5507324
5507338
5507346
5507363
5507375
5507380
5507391
5507407
5507410
5507428
5507435
5507444
5507456
5507461
5507472
5507483
5507499
5507503
5507511
5507522
5507536
5507545
5507558
5507567
5507574
5507589
5507590
5507605
5507618
5507620
5507637
5507643
5507651
5507679
5507684
5507692
5507708
5507714
5507727
5507739
5507740
5507753
5507762
5507771
5507786
5507795
5507806
5507812
5507833
5507857
5507868
5507885
5507894
5507901
5507919
5507926
5507934
5507942
5507955
5507960
5507978
5507987
5507993
5508000
5508025
5508032
5508048
5508054
5508069
5508076
5508081
5508097
5508102
5508115
5508123
5508130
5508141
5508159
5508164
5508177
5508188
5508196
5508209
5508217
5508224
5508238
5508252
5508263
5508275
5508280
5508304
5508316
5508329
5508331
5508347
5508350
5508365
5508373
5508382
5508398
5508406
5508421
5508449
5508457
5508468
5508470
5508485
5508494
5508505
5508518
5508520
5508537
5508543
5508551
5508579
5508584
5508592
5508603
5508611
5508622
5508636
5508645
5508658
5508674
5508689
5508690
5508701
5508719
5508726
5508742
5508755
5508760
5508778
5508787
5508793
5508810
5508828
5508835
5508844
5508856
5508861
5508872
5508883
5508899
5508908
5508914
5508927
5508939
5508940
5508953
5508971
5508986
5508995
5509006
5509012
5509021
5509033
5509049
5509057
5509068
5509070
5509085
5509094
5509103
5509111
5509122
5509136
5509145
5509158
5509167
5509174
5509189
5509190
5509208
5509214
5509227
5509239
5509240
5509253
5509262
5509271
5509286
5509295
5509307
5509310
5509328
5509335
5509344
5509356
5509361
5509372
5509383
5509399
5509400
5509413
5509432
5509454
5509476
5509481
5509497
5509501
5509519
5509526
5509542
5509555
5509560
5509587
5509593
5509602
5509615
5509623
5509630
5509659
5509664
5509688
5509705
5509718
5509720
5509737
5509743
5509751
5509766
5509779
5509784
5509792
5509804
5509816
5509829
5509831
5509847
5509850
5509865
5509873
5509882
5509909
5509917
5509924
5509938
5509952
5509963
5509975
5509980
5509991
5510002
5510023
5510030
5510041
5510059
5510077
5510088
5510096
5510100
5510113
5510125
5510132
5510148
5510154
5510169
5510176
5510181
5510197
5510216
5510229
5510231
5510247
5510250
5510265
5510273
5510282
5510298
5510309
5510317
5510324
5510338
5510346
5510352
5510363
5510375
5510391
5510407
5510428
5510435
5510444
5510456
5510461
5510472
5510483
5510499
5510503
5510511
5510522
5510545
5510558
5510567
5510574
5510589
5510590
5510605
5510618
5510620
5510637
5510643
5510651
5510666
5510679
5510692
5510708
5510714
5510727
5510739
5510740
5510753
5510762
5510771
5510795
5510806
5510812
5510821
5510833
5510849
5510857
5510868
5510870
5510885
5510894
5510901
5510919
5510926
5510934
5510942
5510955
5510960
5510978
5510987
5510993
5511008
5511014
5511027
5511039
5511040
5511053
5511062
5511071
5511086
5511095
5511109
5511117
5511124
5511146
5511152
5511163
5511175
5511180
5511191
5511202
5511215
5511223
5511230
5511241
5511264
5511277
5511288
5511296
5511303
5511311
5511322
5511336
5511345
5511358
5511367
5511374
5511389
5511390
5511401
5511419
5511426
5511434
5511442
5511455
5511460
5511478
5511487
5511493
5511507
5511510
5511528
5511535
5511556
5511561
5511572
5511583
5511599
5511604
5511616
5511629
5511631
5511647
5511650
5511665
5511673
5511682
5511706
5511712
5511721
5511733
5511749
5511757
5511768
5511770
5511785
5511794
5511818
5511820
5511837
5511843
5511851
5511866
5511879
5511884
5511892
5511900
5511913
5511925
5511932
5511948
5511954
5511969
5511976
5511981
5512009
5512017
5512024
5512038
5512046
5512052
5512063
5512075
5512080
5512091
5512108
5512114
5512127
5512139
5512140
5512153
5512171
5512186
5512195
5512203
5512222
5512236
5512245
5512258
5512267
5512274
5512289
5512290
5512302
5512323
5512330
5512341
5512377
5512388
5512396
5512405
5512420
5512437
5512443
5512451
5512466
5512479
5512484
5512492
5512504
5512516
5512529
5512531
5512547
5512550
5512565
5512573
5512582
5512598
5512607
5512610
5512628
5512635
5512644
5512661
5512672
5512683
5512699
5512700
5512713
5512725
5512732
5512748
5512754
5512769
5512776
5512781
5512797
5512801
5512819
5512826
5512834
5512842
5512860
5512878
5512887
5512906
5512921
5512933
5512949
5512957
5512968
5512970
5512985
5512994
5513005
5513018
5513020
5513037
5513043
5513051
5513066
5513079
5513084
5513092
5513107
5513135
5513144
5513156
5513161
5513172
5513183
5513199
5513206
5513221
5513233
5513249
5513257
5513270
5513294
5513301
5513319
5513326
5513334
5513342
5513355
5513360
5513378
5513387
5513393
5513409
5513417
5513424
5513438
5513446
5513452
5513463
5513475
5513480
5513491
5513500
5513513
5513525
5513532
5513548
5513554
5513569
5513576
5513581
5513608
5513614
5513627
5513653
5513662
5513671
5513704
5513716
5513729
5513731
5513747
5513750
5513765
5513773
5513782
5513798
5513823
5513830
5513841
5513859
5513864
5513877
5513888
5513903
5513911
5513936
5513945
5513958
5513967
5513974
5513989
5513990
5514000
5514013
5514025
5514032
5514048
5514054
5514076
5514081
5514097
5514102
5514115
5514123
5514130
5514141
5514159
5514164
5514177
5514188
5514196
5514209
5514217
5514224
5514246
5514252
5514263
5514275
5514280
5514291
5514304
5514316
5514329
5514347
5514350
5514365
5514373
5514382
5514398
5514406
5514412
5514421
5514433
5514449
5514457
5514468
5514470
5514494
5514505
5514537
5514543
5514551
5514566
5514579
5514584
5514603
5514611
5514622
5514636
5514645
5514658
5514667
5514674
5514690
5514701
5514719
5514726
5514734
5514742
5514755
5514760
5514778
5514787
5514793
5514807
5514810
5514828
5514835
5514844
5514856
5514872
5514883
5514899
5514927
5514939
5514940
5514953
5514962
5514971
5514986
5514995
5515001
5515019
5515026
5515034
5515042
5515055
5515060
5515078
5515087
5515093
5515104
5515116
5515129
5515131
5515147
5515150
5515165
5515173
5515182
5515198
5515200
5515213
5515225
5515232
5515248
5515269
5515276
5515281
5515297
5515305
5515318
5515320
5515337
5515343
5515351
5515366
5515379
5515408
5515414
5515427
5515439
5515453
5515462
5515471
5515486
5515495
5515506
5515512
5515521
5515533
5515549
5515557
5515568
5515570
5515585
5515594
5515609
5515617
5515624
5515638
5515646
5515663
5515675
5515680
5515707
5515710
5515728
5515744
5515756
5515772
5515783
5515799
5515803
5515811
5515836
5515845
5515858
5515867
5515874
5515889
5515890
5515915
5515923
5515930
5515941
5515959
5515964
5515977
5515988
5515996
5516007
5516010
5516028
5516035
5516044
5516056
5516061
5516072
5516083
5516099
5516105
5516118
5516120
5516137
5516143
5516151
5516166
5516179
5516184
5516192
5516201
5516219
5516226
5516234
5516242
5516255
5516260
5516278
5516287
5516293
5516306
5516312
5516321
5516333
5516349
5516357
5516368
5516370
5516385
5516394
5516402
5516415
5516423
5516430
5516441
5516459
5516464
5516477
5516488
5516496
5516508
5516527
5516539
5516553
5516571
5516595
5516600
5516613
5516625
5516632
5516648
5516654
5516676
5516681
5516697
5516703
5516711
5516722
5516736
5516745
5516758
5516767
5516774
5516789
5516790
5516809
5516817
5516838
5516846
5516852
5516863
5516875
5516880
5516891
5516904
5516916
5516931
5516947
5516950
5516965
5516973
5516982
5516998
5517006
5517012
5517021
5517033
5517049
5517057
5517068
5517070
5517085
5517094
5517103
5517111
5517122
5517136
5517145
5517158
5517167
5517174
5517189
5517190
5517208
5517227
5517240
5517253
5517262
5517271
5517286
5517295
5517307
5517310
5517328
5517335
5517344
5517356
5517361
5517372
5517383
5517399
5517400
5517413
5517425
5517432
5517448
5517454
5517469
5517476
5517481
5517497
5517501
5517519
5517526
5517534
5517542
5517560
5517578
5517587
5517593
5517602
5517615
5517623
5517630
5517641
5517659
5517664
5517677
5517696
5517705
5517720
5517737
5517743
5517751
5517779
5517784
5517792
5517804
5517816
5517829
5517847
5517850
5517865
5517873
5517882
5517898
5517909
5517917
5517924
5517946
5517952
5517963
5517975
5517980
5517991
5518003
5518022
5518036
5518045
5518058
5518067
5518074
5518089
5518090
5518106
5518112
5518121
5518133
5518149
5518157
5518168
5518170
5518185
5518194
5518207
5518210
5518235
5518244
5518256
5518261
5518272
5518283
5518299
5518308
5518314
5518339
5518340
5518362
5518371
5518386
5518395
5518404
5518416
5518429
5518431
5518447
5518450
5518465
5518473
5518482
5518498
5518502
5518515
5518523
5518530
5518541
5518559
5518564
5518588
5518596
5518601
5518619
5518626
5518634
5518642
5518655
5518660
5518687
5518693
5518709
5518717
5518724
5518738
5518746
5518752
5518763
5518780
5518791
5518800
5518813
5518825
5518832
5518848
5518854
5518869
5518876
5518881
5518897
5518905
5518918
5518920
5518937
5518943
5518951
5518966
5518979
5518984
5518992
5519004
5519016
5519029
5519031
5519047
5519050
5519065
5519082
5519098
5519101
5519119
5519126
5519134
5519142
5519155
5519160
5519178
5519187
5519193
5519205
5519218
5519220
5519237
5519243
5519251
5519266
5519279
5519284
5519292
5519300
5519313
5519325
5519354
5519369
5519381
5519397
5519403
5519411
5519422
5519445
5519458
5519467
5519474
5519489
5519490
5519509
5519517
5519524
5519538
5519546
5519552
5519563
5519575
5519580
5519591
5519606
5519621
5519633
5519657
5519668
5519685
5519694
5519702
5519715
5519723
5519730
5519741
5519759
5519764
5519777
5519796
5519808
5519814
5519827
5519839
5519840
5519853
5519862
5519871
5519886
5519895
5519907
5519910
5519928
5519935
5519944
5519961
5519983
5519999
5520000
5520013
5520025
5520032
5520048
5520054
5520076
5520081
5520097
5520102
5520115
5520130
5520159
5520177
5520188
5520196
5520209
5520217
5520224
5520238
5520246
5520252
5520263
5520275
5520280
5520291
5520304
5520316
5520329
5520331
5520347
5520350
5520365
5520373
5520382
5520398
5520406
5520421
5520433
5520449
5520457
5520468
5520470
5520485
5520494
5520505
5520518
5520520
5520537
5520543
5520551
5520566
5520579
5520584
5520592
5520603
5520611
5520622
5520636
5520645
5520658
5520667
5520674
5520689
5520690
5520701
5520719
5520734
5520742
5520755
5520760
5520778
5520787
5520793
5520807
5520810
5520828
5520835
5520844
5520856
5520861
5520872
5520883
5520899
5520908
5520914
5520927
5520939
5520953
5520962
5520971
5520986
5520995
5521001
5521019
5521026
5521034
5521042
5521055
5521060
5521078
5521093
5521104
5521116
5521129
5521131
5521150
5521165
5521182
5521198
5521200
5521213
5521225
5521232
5521248
5521254
5521269
5521281
5521297
5521305
5521318
5521320
5521337
5521343
5521351
5521366
5521379
5521384
5521392
5521408
5521414
5521427
5521439
5521440
5521453
5521462
5521471
5521486
5521495
5521521
5521549
5521557
5521568
5521570
5521585
5521594
5521624
5521638
5521646
5521652
5521663
5521675
5521680
5521691
5521707
5521710
5521728
5521735
5521744
5521756
5521761
5521772
5521783
5521799
5521811
5521822
5521836
5521845
5521858
5521867
5521874
5521889
5521890
5521902
5521915
5521923
5521930
5521941
5521959
5521964
5521977
5521988
5521996
5522016
5522029
5522031
5522047
5522050
5522073
5522082
5522098
5522101
5522126
5522134
5522142
5522155
5522160
5522178
5522187
5522193
5522205
5522218
5522220
5522237
5522251
5522279
5522284
5522292
5522300
5522313
5522332
5522348
5522354
5522369
5522376
5522381
5522397
5522403
5522411
5522422
5522436
5522445
5522467
5522474
5522489
5522490
5522509
5522517
5522524
5522538
5522552
5522563
5522575
5522580
5522591
5522606
5522612
5522621
5522633
5522649
5522657
5522668
5522670
5522685
5522694
5522702
5522715
5522723
5522730
5522759
5522777
5522788
5522796
5522808
5522814
5522827
5522839
5522840
5522853
5522862
5522871
5522895
5522907
5522910
5522928
5522935
5522944
5522956
5522961
5522972
5522983
5522999
5523003
5523011
5523022
5523036
5523045
5523058
5523067
5523074
5523089
5523090
5523106
5523112
5523121
5523133
5523149
5523168
5523170
5523185
5523194
5523207
5523210
5523228
5523235
5523244
5523256
5523261
5523272
5523283
5523299
5523308
5523314
5523327
5523339
5523340
5523353
5523362
5523371
5523386
5523395
5523416
5523429
5523431
5523447
5523450
5523465
5523473
5523482
5523498
5523502
5523515
5523523
5523530
5523541
5523559
5523564
5523577
5523588
5523596
5523601
5523619
5523634
5523642
5523655
5523660
5523678
5523693
5523709
5523717
5523724
5523738
5523746
5523752
5523763
5523775
5523780
5523791
5523800
5523813
5523832
5523848
5523854
5523869
5523876
5523881
5523905
5523918
5523920
5523937
5523943
5523951
5523966
5523979
5523984
5523992
5524002
5524015
5524023
5524030
5524041
5524059
5524064
5524077
5524088
5524096
5524100
5524113
5524125
5524132
5524148
5524154
5524176
5524181
5524197
5524216
5524229
5524231
5524247
5524250
5524265
5524273
5524282
5524298
5524324
5524338
5524346
5524352
5524363
5524375
5524380
5524391
5524407
5524410
5524428
5524444
5524456
5524461
5524472
5524483
5524499
5524503
5524511
5524522
5524536
5524545
5524558
5524567
5524574
5524589
5524590
5524605
5524618
5524620
5524637
5524643
5524651
5524666
5524679
5524684
5524692
5524708
5524714
5524727
5524739
5524740
5524753
5524762
5524771
5524786
5524795
5524806
5524812
5524821
5524833
5524849
5524857
5524868
5524870
5524885
5524894
5524901
5524919
5524926
5524934
5524955
5524960
5524978
5524987
5524993
5525008
5525014
5525027
5525039
5525040
5525053
5525062
5525071
5525086
5525095
5525109
5525138
5525146
5525163
5525180
5525191
5525202
5525215
5525223
5525241
5525259
5525264
5525277
5525288
5525296
5525303
5525322
5525336
5525345
5525358
5525367
5525374
5525389
5525390
5525401
5525419
5525426
5525442
5525455
5525460
5525478
5525487
5525493
5525507
5525510
5525528
5525535
5525544
5525556
5525561
5525572
5525583
5525599
5525604
5525616
5525629
5525631
5525650
5525665
5525673
5525682
5525698
5525706
5525712
5525721
5525749
5525757
5525768
5525770
5525785
5525794
5525805
5525818
5525820
5525837
5525843
5525866
5525879
5525884
5525892
5525900
5525913
5525932
5525948
5525954
5525969
5525976
5525997
5526006
5526012
5526021
5526033
5526049
5526057
5526068
5526070
5526085
5526094
5526103
5526111
5526122
5526136
5526145
5526158
5526167
5526174
5526189
5526190
5526208
5526214
5526227
5526239
5526240
5526253
5526262
5526271
5526286
5526307
5526310
5526328
5526335
5526344
5526356
5526361
5526372
5526383
5526399
5526400
5526413
5526425
5526432
5526448
5526454
5526469
5526476
5526481
5526501
5526519
5526526
5526534
5526542
5526555
5526560
5526578
5526587
5526593
5526615
5526623
5526630
5526641
5526659
5526664
5526677
5526688
5526705
5526718
5526720
5526737
5526751
5526766
5526779
5526784
5526792
5526804
5526816
5526829
5526831
5526850
5526865
5526873
5526898
5526909
5526924
5526938
5526946
5526952
5526963
5526975
5526980
5526991
5527007
5527010
5527028
5527035
5527044
5527056
5527061
5527072
5527083
5527105
5527120
5527137
5527143
5527151
5527166
5527179
5527184
5527192
5527201
5527219
5527226
5527234
5527242
5527255
5527260
5527278
5527287
5527293
5527306
5527321
5527349
5527357
5527368
5527370
5527385
5527394
5527402
5527415
5527423
5527430
5527441
5527459
5527464
5527477
5527496
5527508
5527527
5527539
5527540
5527553
5527562
5527571
5527586
5527595
5527600
5527625
5527632
5527648
5527654
5527669
5527676
5527681
5527697
5527703
5527711
5527722
5527736
5527745
5527758
5527767
5527774
5527789
5527809
5527817
5527824
5527838
5527846
5527852
5527863
5527875
5527880
5527916
5527929
5527931
5527947
5527950
5527965
5527973
5527982
5527998
5528005
5528018
5528020
5528037
5528043
5528051
5528066
5528079
5528084
5528092
5528110
5528128
5528135
5528144
5528156
5528161
5528172
5528183
5528212
5528221
5528233
5528249
5528257
5528268
5528270
5528285
5528294
5528301
5528319
5528326
5528342
5528355
5528360
5528378
5528387
5528393
5528409
5528417
5528424
5528438
5528446
5528452
5528463
5528475
5528480
5528491
5528500
5528513
5528525
5528532
5528554
5528576
5528581
5528597
5528608
5528614
5528639
5528640
5528653
5528662
5528671
5528686
5528695
5528704
5528716
5528729
5528731
5528747
5528750
5528765
5528782
5528798
5528802
5528815
5528823
5528830
5528841
5528864
5528877
5528888
5528896
5528903
5528911
5528922
5528936
5528945
5528958
5528967
5528974
5528990
5529017
5529024
5529038
5529046
5529052
5529063
5529075
5529080
5529091
5529108
5529114
5529127
5529139
5529140
5529153
5529162
5529195
5529203
5529211
5529222
5529236
5529245
5529258
5529267
5529274
5529289
5529290
5529302
5529315
5529323
5529330
5529341
5529359
5529364
5529377
5529388
5529396
5529418
5529420
5529443
5529451
5529466
5529479
5529492
5529504
5529516
5529531
5529547
5529550
5529565
5529573
5529582
5529598
5529607
5529610
5529628
5529635
5529644
5529656
5529661
5529672
5529700
5529713
5529732
5529748
5529754
5529769
5529776
5529781
5529797
5529801
5529819
5529826
5529834
5529842
5529855
5529860
5529878
5529887
5529893
5529906
5529912
5529921
5529949
5529957
5529968
5529970
5529985
5529994
5530003
5530011
5530022
5530045
5530058
5530067
5530074
5530106
5530112
5530121
5530133
5530149
5530157
5530168
5530170
5530185
5530194
5530207
5530210
5530228
5530235
5530244
5530256
5530261
5530272
5530283
5530299
5530308
5530314
5530327
5530339
5530353
5530362
5530371
5530395
5530404
5530416
5530429
5530431
5530447
5530450
5530465
5530473
5530482
5530498
5530502
5530515
5530523
5530530
5530541
5530559
5530564
5530577
5530588
5530596
5530601
5530619
5530626
5530634
5530642
5530655
5530660
5530678
5530687
5530693
5530709
5530724
5530738
5530752
5530763
5530775
5530780
5530791
5530813
5530825
5530832
5530848
5530854
5530876
5530897
5530905
5530918
5530920
5530937
5530943
5530966
5530979
5530984
5530992
5531009
5531017
5531024
5531038
5531046
5531052
5531063
5531075
5531080
5531091
5531114
5531127
5531139
5531140
5531153
5531162
5531171
5531186
5531195
5531203
5531211
5531222
5531236
5531245
5531258
5531267
5531274
5531289
5531290
5531302
5531315
5531323
5531330
5531341
5531359
5531364
5531377
5531388
5531396
5531405
5531418
5531437
5531451
5531466
5531479
5531484
5531492
5531504
5531516
5531529
5531547
5531550
5531565
5531573
5531582
5531598
5531607
5531610
5531628
5531635
5531644
5531656
5531661
5531672
5531683
5531699
5531700
5531713
5531732
5531748
5531754
5531769
5531781
5531797
5531801
5531834
5531855
5531860
5531887
5531906
5531912
5531921
5531933
5531949
5531968
5531970
5531985
5532008
5532014
5532027
5532039
5532040
5532053
5532062
5532071
5532086
5532095
5532109
5532117
5532124
5532146
5532152
5532163
5532175
5532180
5532191
5532202
5532223
5532230
5532241
5532259
5532264
5532277
5532288
5532296
5532303
5532311
5532322
5532336
5532345
5532358
5532367
5532374
5532389
5532390
5532419
5532426
5532442
5532455
5532460
5532478
5532493
5532507
5532510
5532528
5532535
5532544
5532556
5532561
5532572
5532599
5532616
5532629
5532631
5532647
5532650
5532665
5532673
5532682
5532698
5532706
5532721
5532733
5532749
5532768
5532770
5532785
5532794
5532805
5532837
5532843
5532851
5532866
5532879
5532884
5532892
5532913
5532925
5532932
5532948
5532954
5532969
5532976
5533001
5533019
5533026
5533034
5533042
5533055
5533060
5533078
5533087
5533093
5533104
5533116
5533129
5533147
5533150
5533165
5533173
5533182
5533198
5533225
5533232
5533248
5533254
5533269
5533276
5533281
5533297
5533305
5533318
5533320
5533337
5533351
5533379
5533384
5533392
5533408
5533414
5533427
5533439
5533440
5533453
5533462
5533471
5533495
5533512
5533521
5533533
5533549
5533557
5533568
5533570
5533585
5533594
5533609
5533617
5533624
5533638
5533646
5533652
5533663
5533675
5533680
5533707
5533710
5533735
5533744
5533756
5533761
5533772
5533783
5533799
5533803
5533811
5533822
5533836
5533845
5533858
5533867
5533874
5533889
5533890
5533902
5533915
5533923
5533930
5533941
5533959
5533964
5533977
5533988
5533996
5534006
5534012
5534021
5534033
5534049
5534057
5534070
5534085
5534094
5534111
5534136
5534145
5534158
5534167
5534174
5534189
5534190
5534208
5534214
5534239
5534240
5534253
5534262
5534271
5534286
5534295
5534307
5534310
5534335
5534356
5534361
5534372
5534383
5534399
5534400
5534413
5534432
5534448
5534469
5534476
5534481
5534497
5534501
5534519
5534526
5534534
5534542
5534555
5534560
5534578
5534587
5534593
5534602
5534615
5534623
5534630
5534641
5534659
5534664
5534677
5534688
5534696
5534705
5534718
5534720
5534737
5534743
5534751
5534766
5534784
5534792
5534804
5534816
5534829
5534831
5534847
5534850
5534865
5534873
5534882
5534898
5534909
5534917
5534924
5534938
5534946
5534952
5534963
5534975
5534980
5534991
5535005
5535018
5535020
5535037
5535043
5535051
5535066
5535079
5535084
5535092
5535107
5535128
5535135
5535144
5535156
5535161
5535172
5535183
5535199
5535206
5535221
5535233
5535249
5535268
5535270
5535285
5535294
5535301
5535319
5535326
5535334
5535342
5535355
5535378
5535387
5535393
5535409
5535424
5535438
5535452
5535463
5535475
5535480
5535491
5535500
5535513
5535525
5535532
5535548
5535554
5535569
5535576
5535581
5535608
5535614
5535627
5535639
5535640
5535653
5535662
5535671
5535686
5535695
5535704
5535716
5535731
5535747
5535765
5535773
5535782
5535798
5535802
5535815
5535823
5535830
5535841
5535859
5535864
5535877
5535888
5535896
5535903
5535922
5535936
5535945
5535958
5535974
5535989
5535990
5536004
5536029
5536031
5536047
5536050
5536065
5536073
5536082
5536098
5536101
5536119
5536126
5536134
5536142
5536155
5536160
5536178
5536187
5536193
5536205
5536218
5536220
5536237
5536243
5536251
5536266
5536284
5536292
5536300
5536313
5536325
5536332
5536348
5536354
5536369
5536376
5536381
5536397
5536403
5536411
5536422
5536436
5536445
5536458
5536489
5536490
5536509
5536517
5536538
5536552
5536563
5536580
5536591
5536606
5536612
5536621
5536633
5536649
5536657
5536668
5536670
5536685
5536694
5536702
5536715
5536723
5536730
5536741
5536764
5536788
5536796
5536808
5536814
5536827
5536839
5536840
5536853
5536862
5536871
5536886
5536895
5536907
5536910
5536928
5536935
5536944
5536956
5536961
5536972
5536983
5536999
5537000
5537032
5537048
5537054
5537069
5537076
5537081
5537097
5537102
5537115
5537123
5537130
5537141
5537159
5537164
5537177
5537188
5537196
5537209
5537217
5537224
5537246
5537252
5537263
5537275
5537280
5537291
5537304
5537316
5537329
5537331
5537347
5537350
5537365
5537373
5537382
5537398
5537406
5537412
5537433
5537449
5537457
5537470
5537485
5537494
5537518
5537520
5537537
5537543
5537551
5537566
5537579
5537584
5537592
5537603
5537611
5537622
5537636
5537645
5537658
5537667
5537674
5537689
5537690
5537701
5537719
5537726
5537734
5537742
5537755
5537760
5537778
5537787
5537793
5537807
5537810
5537828
5537844
5537856
5537861
5537872
5537883
5537899
5537914
5537927
5537940
5537953
5537962
5537971
5537986
5538015
5538023
5538030
5538041
5538059
5538064
5538077
5538088
5538096
5538100
5538113
5538125
5538132
5538148
5538154
5538169
5538176
5538181
5538197
5538216
5538229
5538247
5538250
5538265
5538273
5538282
5538298
5538309
5538317
5538324
5538346
5538352
5538363
5538375
5538380
5538391
5538407
5538410
5538428
5538435
5538444
5538456
5538461
5538472
5538483
5538499
5538503
5538511
5538522
5538536
5538558
5538567
5538574
5538589
5538590
5538605
5538618
5538620
5538637
5538643
5538651
5538666
5538679
5538692
5538708
5538714
5538727
5538739
5538740
5538753
5538762
5538771
5538786
5538795
5538806
5538812
5538821
5538833
5538849
5538857
5538868
5538870
5538885
5538894
5538901
5538919
5538926
5538934
5538942
5538955
5538960
5538978
5538987
5538993
5539007
5539010
5539028
5539035
5539044
5539056
5539061
5539072
5539083
5539099
5539105
5539118
5539120
5539137
5539143
5539151
5539166
5539179
5539184
5539192
5539219
5539226
5539234
5539242
5539255
5539260
5539278
5539287
5539293
5539306
5539312
5539321
5539333
5539349
5539357
5539368
5539370
5539385
5539394
5539415
5539423
5539430
5539441
5539459
5539464
5539477
5539488
5539496
5539508
5539514
5539527
5539539
5539540
5539553
5539562
5539571
5539586
5539600
5539613
5539625
5539632
5539648
5539654
5539669
5539676
5539681
5539697
5539703
5539711
5539722
5539736
5539745
5539758
5539767
5539774
5539809
5539817
5539824
5539838
5539852
5539863
5539875
5539880
5539891
5539904
5539916
5539929
5539931
5539947
5539950
5539965
5539982
5539998
5540008
5540014
5540027
5540039
5540040
5540053
5540062
5540071
5540086
5540095
5540109
5540117
5540124
5540138
5540146
5540152
5540163
5540175
5540180
5540191
5540202
5540223
5540230
5540241
5540259
5540264
5540277
5540296
5540303
5540311
5540322
5540336
5540345
5540358
5540367
5540374
5540389
5540390
5540401
5540419
5540426
5540434
5540442
5540455
5540460
5540478
5540487
5540493
5540507
5540510
5540535
5540544
5540556
5540561
5540572
5540583
5540599
5540604
5540616
5540629
5540631
5540647
5540650
5540682
5540698
5540706
5540712
5540721
5540749
5540757
5540768
5540770
5540785
5540794
5540805
5540818
5540820
5540837
5540843
5540851
5540866
5540879
5540884
5540892
5540913
5540925
5540932
5540948
5540969
5540976
5540981
5540997
5541006
5541012
5541021
5541033
5541049
5541057
5541068
5541070
5541085
5541094
5541103
5541111
5541122
5541136
5541158
5541167
5541174
5541189
5541190
5541214
5541227
5541253
5541262
5541271
5541286
5541295
5541307
5541310
5541335
5541356
5541361
5541372
5541383
5541399
5541400
5541432
5541448
5541454
5541469
5541476
5541481
5541501
5541519
5541526
5541534
5541542
5541555
5541560
5541578
5541587
5541593
5541602
5541615
5541623
5541630
5541641
5541659
5541664
5541677
5541688
5541696
5541705
5541718
5541720
5541743
5541751
5541766
5541779
5541784
5541792
5541804
5541816
5541831
5541847
5541850
5541865
5541873
5541882
5541898
5541909
5541917
5541924
5541938
5541946
5541952
5541963
5541975
5541980
5541991
5542003
5542011
5542022
5542036
5542045
5542058
5542067
5542089
5542090
5542106
5542112
5542121
5542133
5542149
5542157
5542168
5542170
5542194
5542210
5542228
5542235
5542244
5542256
5542261
5542272
5542283
5542299
5542308
5542314
5542327
5542339
5542340
5542353
5542362
5542371
5542386
5542395
5542404
5542416
5542429
5542431
5542447
5542450
5542465
5542473
5542502
5542515
5542523
5542530
5542541
5542559
5542564
5542577
5542588
5542596
5542619
5542626
5542634
5542642
5542655
5542660
5542678
5542687
5542693
5542709
5542717
5542724
5542738
5542746
5542752
5542763
5542775
5542780
5542791
5542800
5542813
5542825
5542832
5542848
5542854
5542869
5542876
5542881
5542897
5542905
5542918
5542920
5542937
5542943
5542966
5542979
5542984
5542992
5543016
5543029
5543047
5543050
5543065
5543073
5543082
5543098
5543101
5543119
5543126
5543134
5543142
5543155
5543160
5543178
5543187
5543193
5543205
5543218
5543220
5543237
5543243
5543251
5543266
5543279
5543284
5543292
5543300
5543313
5543325
5543332
5543354
5543369
5543376
5543381
5543397
5543403
5543411
5543422
5543436
5543445
5543458
5543467
5543474
5543489
5543490
5543509
5543517
5543538
5543552
5543563
5543575
5543606
5543612
5543621
5543633
5543649
5543657
5543668
5543670
5543685
5543694
5543702
5543715
5543723
5543730
5543741
5543759
5543764
5543777
5543788
5543796
5543808
5543814
5543827
5543840
5543853
5543862
5543871
5543886
5543895
5543907
5543910
5543928
5543935
5543956
5543972
5543983
5543999
5544009
5544017
5544024
5544038
5544046
5544063
5544080
5544091
5544114
5544127
5544139
5544140
5544153
5544162
5544171
5544186
5544195
5544203
5544211
5544236
5544245
5544258
5544267
5544274
5544289
5544290
5544302
5544315
5544330
5544341
5544359
5544364
5544377
5544388
5544405
5544418
5544420
5544437
5544443
5544451
5544479
5544492
5544504
5544516
5544529
5544531
5544550
5544565
5544573
5544582
5544598
5544607
5544610
5544628
5544635
5544644
5544656
5544661
5544683
5544699
5544700
5544713
5544725
5544732
5544748
5544754
5544769
5544776
5544781
5544797
5544801
5544819
5544826
5544834
5544842
5544855
5544860
5544878
5544887
5544893
5544906
5544912
5544921
5544933
5544949
5544957
5544968
5544970
5544985
5544994
5545000
5545013
5545025
5545032
5545048
5545054
5545069
5545076
5545081
5545097
5545102
5545115
5545123
5545130
5545141
5545164
5545177
5545188
5545196
5545209
5545217
5545238
5545246
5545252
5545263
5545275
5545280
5545291
5545304
5545316
5545329
5545347
5545350
5545365
5545373
5545382
5545406
5545412
5545433
5545449
5545457
5545468
5545470
5545485
5545494
5545505
5545518
5545520
5545537
5545543
5545551
5545566
5545584
5545592
5545603
5545611
5545622
5545636
5545645
5545658
5545667
5545674
5545689
5545690
5545701
5545719
5545726
5545734
5545742
5545755
5545760
5545778
5545787
5545793
5545807
5545810
5545835
5545844
5545856
5545861
5545872
5545883
5545899
5545908
5545914
5545927
5545939
5545940
5545953
5545962
5545971
5545986
5545995
5546001
5546026
5546034
5546042
5546055
5546060
5546078
5546087
5546093
5546104
5546116
5546129
5546131
5546147
5546150
5546173
5546182
5546198
5546213
5546225
5546232
5546248
5546254
5546269
5546276
5546281
5546305
5546318
5546320
5546337
5546343
5546351
5546366
5546379
5546392
5546408
5546414
5546427
5546439
5546440
5546453
5546462
5546471
5546486
5546495
5546506
5546512
5546521
5546533
5546549
5546557
5546568
5546570
5546594
5546609
5546617
5546624
5546638
5546646
5546652
5546663
5546675
5546680
5546691
5546710
5546728
5546735
5546744
5546756
5546761
5546772
5546783
5546799
5546803
5546811
5546822
5546836
5546845
5546858
5546867
5546874
5546889
5546890
5546902
5546915
5546923
5546930
5546941
5546959
5546964
5546977
5546996
5547018
5547020
5547037
5547043
5547051
5547066
5547084
5547092
5547110
5547128
5547135
5547144
5547156
5547161
5547172
5547183
5547199
5547206
5547212
5547221
5547233
5547249
5547257
5547268
5547270
5547285
5547294
5547301
5547319
5547326
5547334
5547342
5547355
5547360
5547378
5547387
5547393
5547417
5547424
5547438
5547446
5547452
5547463
5547475
5547480
5547491
5547500
5547513
5547525
5547532
5547548
5547554
5547569
5547576
5547581
5547597
5547608
5547614
5547627
5547639
5547640
5547653
5547662
5547671
5547686
5547695
5547704
5547729
5547731
5547747
5547750
5547773
5547782
5547798
5547802
5547815
5547823
5547830
5547864
5547877
5547896
5547903
5547911
5547922
5547936
5547945
5547958
5547974
5547989
5547990
5548007
5548010
5548028
5548035
5548044
5548056
5548061
5548072
5548083
5548099
5548105
5548118
5548120
5548137
5548143
5548151
5548166
5548179
5548184
5548201
5548226
5548234
5548242
5548255
5548260
5548278
5548287
5548312
5548321
5548333
5548349
5548357
5548368
5548370
5548385
5548394
5548415
5548423
5548441
5548459
5548464
5548477
5548488
5548496
5548508
5548514
5548527
5548539
5548540
5548553
5548562
5548571
5548586
5548595
5548600
5548613
5548625
5548632
5548648
5548654
5548669
5548676
5548681
5548697
5548703
5548711
5548722
5548736
5548745
5548758
5548767
5548789
5548790
5548809
5548817
5548824
5548838
5548846
5548852
5548863
5548875
5548880
5548891
5548904
5548916
5548929
5548931
5548947
5548950
5548965
5548973
5548982
5548998
5549002
5549015
5549023
5549030
5549041
5549059
5549064
5549077
5549088
5549096
5549100
5549113
5549125
5549132
5549148
5549154
5549169
5549176
5549181
5549197
5549204
5549216
5549229
5549231
5549247
5549250
5549265
5549273
5549282
5549298
5549317
5549324
5549338
5549346
5549363
5549375
5549380
5549391
5549407
5549410
5549435
5549461
5549472
5549483
5549503
5549511
5549522
5549536
5549545
5549558
5549567
5549574
5549589
5549590
5549618
5549620
5549637
5549643
5549666
5549679
5549684
5549692
5549708
5549714
5549727
5549739
5549753
5549771
5549786
5549795
5549806
5549812
5549821
5549833
5549849
5549857
5549870
5549885
5549894
5549919
5549926
5549934
5549942
5549960
5549978
5549987
5549993
5550004
5550016
5550029
5550031
5550047
5550050
5550065
5550073
5550098
5550101
5550119
5550126
5550134
5550155
5550160
5550178
5550187
5550193
5550205
5550218
5550220
5550237
5550243
5550251
5550279
5550284
5550292
5550300
5550313
5550325
5550332
5550348
5550354
5550369
5550376
5550381
5550397
5550411
5550422
5550445
5550458
5550467
5550474
5550489
5550490
5550509
5550517
5550524
5550546
5550563
5550575
5550591
5550606
5550612
5550621
5550633
5550649
5550657
5550668
5550670
5550685
5550702
5550715
5550723
5550730
5550759
5550777
5550788
5550796
5550814
5550827
5550839
5550840
5550853
5550862
5550871
5550886
5550895
5550907
5550910
5550928
5550944
5550956
5550961
5550972
5550983
5550999
5551002
5551015
5551023
5551030
5551059
5551064
5551077
5551088
5551096
5551100
5551113
5551125
5551132
5551148
5551154
5551169
5551176
5551181
5551197
5551204
5551216
5551229
5551231
5551247
5551250
5551265
5551273
5551282
5551309
5551317
5551324
5551338
5551352
5551363
5551375
5551380
5551391
5551407
5551410
5551428
5551435
5551461
5551472
5551483
5551499
5551503
5551511
5551522
5551536
5551545
5551558
5551567
5551574
5551589
5551590
5551605
5551618
5551637
5551643
5551651
5551666
5551679
5551684
5551692
5551708
5551714
5551727
5551739
5551740
5551753
5551762
5551771
5551786
5551795
5551806
5551812
5551821
5551849
5551857
5551868
5551870
5551885
5551894
5551901
5551926
5551934
5551942
5551955
5551960
5551978
5551987
5551993
5552000
5552013
5552032
5552048
5552054
5552069
5552076
5552081
5552097
5552102
5552115
5552123
5552141
5552159
5552164
5552177
5552188
5552196
5552209
5552217
5552224
5552238
5552246
5552252
5552263
5552275
5552280
5552291
5552304
5552329
5552331
5552347
5552350
5552365
5552373
5552398
5552406
5552412
5552421
5552433
5552449
5552457
5552468
5552485
5552494
5552505
5552518
5552520
5552537
5552543
5552551
5552566
5552579
5552584
5552592
5552603
5552611
5552622
5552636
5552645
5552658
5552667
5552674
5552689
5552690
5552701
5552719
5552726
5552734
5552742
5552755
5552760
5552778
5552793
5552807
5552810
5552828
5552835
5552844
5552861
5552872
5552883
5552908
5552927
5552939
5552940
5552953
5552962
5552971
5552986
5552995
5553006
5553012
5553021
5553033
5553049
5553057
5553068
5553070
5553094
5553103
5553111
5553122
5553136
5553145
5553158
5553167
5553174
5553189
5553190
5553208
5553214
5553227
5553239
5553240
5553253
5553262
5553271
5553286
5553295
5553307
5553328
5553344
5553356
5553361
5553372
5553383
5553399
5553400
5553413
5553425
5553432
5553448
5553454
5553469
5553476
5553481
5553497
5553501
5553519
5553526
5553534
5553542
5553555
5553560
5553578
5553587
5553593
5553623
5553630
5553641
5553659
5553677
5553688
5553696
5553705
5553718
5553720
5553737
5553743
5553751
5553766
5553779
5553784
5553792
5553804
5553816
5553829
5553831
5553847
5553850
5553865
5553882
5553898
5553909
5553917
5553924
5553938
5553946
5553952
5553963
5553975
5553980
5553991
5554001
5554019
5554026
5554034
5554055
5554060
5554078
5554087
5554093
5554104
5554116
5554129
5554131
5554147
5554150
5554165
5554173
5554182
5554198
5554200
5554213
5554225
5554232
5554248
5554254
5554269
5554276
5554281
5554297
5554305
5554318
5554320
5554337
5554343
5554351
5554366
5554379
5554384
5554392
5554408
5554414
5554427
5554439
5554440
5554462
5554471
5554486
5554495
5554506
5554521
5554533
5554549
5554557
5554568
5554570
5554585
5554594
5554609
5554617
5554624
5554646
5554652
5554663
5554675
5554680
5554691
5554728
5554735
5554744
5554756
5554761
5554772
5554799
5554803
5554811
5554822
5554836
5554858
5554867
5554874
5554889
5554902
5554915
5554923
5554930
5554941
5554959
5554964
5554977
5554988
5554996
5555007
5555010
5555028
5555035
5555044
5555061
5555072
5555099
5555118
5555137
5555143
5555151
5555166
5555179
5555184
5555192
5555201
5555219
5555226
5555234
5555242
5555255
5555260
5555278
5555287
5555293
5555306
5555312
5555321
5555333
5555357
5555368
5555370
5555385
5555394
5555415
5555423
5555430
5555441
5555459
5555464
5555477
5555488
5555496
5555508
5555514
5555527
5555539
5555540
5555553
5555571
5555586
5555595
5555600
5555613
5555625
5555632
5555648
5555654
5555669
5555676
5555681
5555697
5555703
5555711
5555722
5555736
5555745
5555758
5555767
5555774
5555789
5555790
5555809
5555817
5555824
5555838
5555846
5555852
5555875
5555880
5555891
5555904
5555916
5555929
5555931
5555947
5555950
5555965
5555973
5555982
5555998
5556003
5556011
5556036
5556045
5556058
5556067
5556074
5556089
5556090
5556106
5556112
5556121
5556133
5556168
5556170
5556185
5556194
5556207
5556210
5556228
5556235
5556244
5556256
5556261
5556272
5556283
5556299
5556308
5556314
5556339
5556340
5556353
5556362
5556371
5556395
5556404
5556416
5556429
5556431
5556447
5556450
5556465
5556473
5556482
5556498
5556502
5556523
5556530
5556559
5556564
5556577
5556588
5556596
5556601
5556619
5556626
5556634
5556642
5556655
5556660
5556678
5556687
5556693
5556709
5556717
5556724
5556738
5556746
5556775
5556780
5556800
5556813
5556825
5556832
5556848
5556854
5556876
5556881
5556897
5556905
5556937
5556943
5556951
5556966
5556979
5556984
5556992
5557008
5557014
5557027
5557039
5557040
5557053
5557062
5557071
5557095
5557109
5557117
5557138
5557146
5557152
5557163
5557175
5557180
5557191
5557202
5557215
5557223
5557230
5557241
5557259
5557264
5557288
5557296
5557303
5557311
5557322
5557336
5557345
5557358
5557367
5557389
5557390
5557401
5557419
5557426
5557434
5557442
5557460
5557478
5557487
5557493
5557507
5557510
5557528
5557544
5557556
5557561
5557572
5557583
5557599
5557604
5557616
5557629
5557631
5557647
5557650
5557665
5557673
5557682
5557706
5557712
5557721
5557733
5557749
5557757
5557768
5557770
5557785
5557794
5557805
5557818
5557820
5557837
5557843
5557851
5557866
5557879
5557884
5557892
5557900
5557913
5557925
5557932
5557948
5557954
5557969
5557976
5557981
5557997
5558009
5558017
5558024
5558046
5558052
5558063
5558075
5558080
5558091
5558108
5558114
5558127
5558153
5558162
5558171
5558186
5558195
5558203
5558211
5558222
5558236
5558245
5558267
5558274
5558289
5558290
5558302
5558315
5558323
5558330
5558341
5558359
5558364
5558377
5558388
5558396
5558405
5558418
5558420
5558437
5558443
5558451
5558466
5558479
5558484
5558504
5558516
5558529
5558531
5558547
5558550
5558573
5558582
5558598
5558607
5558610
5558628
5558635
5558644
5558656
5558661
5558672
5558683
5558699
5558700
5558713
5558725
5558732
5558748
5558769
5558776
5558781
5558797
5558801
5558819
5558826
5558842
5558855
5558860
5558878
5558887
5558893
5558906
5558912
5558921
5558933
5558949
5558957
5558968
5558970
5558985
5559005
5559018
5559037
5559043
5559051
5559066
5559084
5559092
5559107
5559110
5559128
5559135
5559144
5559156
5559161
5559172
5559199
5559206
5559212
5559221
5559233
5559249
5559257
5559268
5559285
5559294
5559301
5559319
5559326
5559334
5559342
5559355
5559360
5559378
5559393
5559409
5559417
5559424
5559438
5559446
5559452
5559463
5559475
5559480
5559491
5559500
5559513
5559525
5559532
5559548
5559554
5559569
5559576
5559581
5559597
5559614
5559627
5559639
5559640
5559653
5559662
5559671
5559686
5559695
5559704
5559716
5559729
5559731
5559747
5559750
5559765
5559773
5559782
5559798
5559802
5559815
5559823
5559830
5559841
5559859
5559864
5559877
5559888
5559903
5559911
5559922
5559936
5559945
5559958
5559967
5559989
5559990
5560006
5560012
5560021
5560033
5560049
5560057
5560068
5560070
5560085
5560094
5560103
5560111
5560122
5560136
5560145
5560158
5560167
5560174
5560189
5560190
5560208
5560227
5560239
5560240
5560253
5560262
5560271
5560286
5560295
5560307
5560310
5560328
5560335
5560344
5560356
5560361
5560383
5560399
5560400
5560413
5560425
5560432
5560448
5560454
5560469
5560476
5560481
5560497
5560501
5560526
5560555
5560560
5560578
5560587
5560593
5560602
5560615
5560623
5560630
5560641
5560659
5560664
5560677
5560688
5560696
5560705
5560718
5560720
5560743
5560751
5560766
5560779
5560784
5560792
5560804
5560816
5560829
5560831
5560847
5560850
5560873
5560898
5560909
5560917
5560924
5560938
5560946
5560952
5560963
5560975
5560980
5561005
5561018
5561020
5561037
5561043
5561051
5561066
5561079
5561084
5561092
5561107
5561110
5561128
5561135
5561144
5561156
5561161
5561172
5561183
5561199
5561206
5561212
5561221
5561233
5561249
5561268
5561270
5561285
5561294
5561301
5561319
5561326
5561334
5561342
5561355
5561378
5561393
5561409
5561417
5561424
5561438
5561446
5561463
5561475
5561480
5561491
5561513
5561525
5561532
5561548
5561554
5561569
5561576
5561581
5561597
5561608
5561614
5561627
5561639
5561640
5561653
5561662
5561671
5561686
5561695
5561704
5561716
5561729
5561731
5561747
5561750
5561765
5561773
5561782
5561802
5561815
5561823
5561841
5561859
5561864
5561888
5561896
5561903
5561911
5561936
5561958
5561974
5561989
5561990
5562007
5562010
5562028
5562035
5562056
5562061
5562072
5562083
5562099
5562105
5562118
5562120
5562137
5562151
5562166
5562179
5562184
5562192
5562201
5562219
5562226
5562234
5562242
5562255
5562278
5562287
5562293
5562306
5562312
5562321
5562333
5562357
5562370
5562385
5562402
5562415
5562423
5562430
5562441
5562459
5562464
5562488
5562496
5562508
5562514
5562527
5562539
5562540
5562553
5562562
5562571
5562586
5562595
5562600
5562613
5562625
5562632
5562648
5562654
5562676
5562681
5562697
5562703
5562711
5562722
5562736
5562745
5562758
5562767
5562774
5562789
5562809
5562817
5562824
5562838
5562846
5562852
5562863
5562880
5562904
5562929
5562931
5562950
5562965
5562973
5562982
5562998
5563002
5563015
5563023
5563030
5563041
5563059
5563064
5563077
5563096
5563100
5563113
5563125
5563132
5563148
5563169
5563176
5563181
5563197
5563204
5563216
5563229
5563231
5563247
5563250
5563265
5563282
5563298
5563309
5563317
5563324
5563338
5563346
5563363
5563375
5563380
5563391
5563407
5563410
5563428
5563435
5563444
5563456
5563461
5563472
5563483
5563499
5563503
5563511
5563536
5563545
5563558
5563567
5563589
5563590
5563605
5563618
5563620
5563637
5563666
5563679
5563692
5563708
5563714
5563727
5563739
5563740
5563771
5563786
5563795
5563806
5563812
5563821
5563833
5563849
5563857
5563868
5563870
5563885
5563894
5563901
5563919
5563926
5563934
5563942
5563955
5563960
5563978
5563987
5563993
5564003
5564011
5564022
5564036
5564045
5564058
5564067
5564074
5564089
5564090
5564106
5564121
5564133
5564149
5564157
5564168
5564170
5564185
5564194
5564207
5564210
5564228
5564235
5564244
5564256
5564261
5564272
5564299
5564327
5564340
5564353
5564371
5564386
5564395
5564404
5564416
5564431
5564447
5564450
5564465
5564482
5564498
5564502
5564515
5564523
5564530
5564541
5564559
5564564
5564577
5564588
5564596
5564601
5564619
5564626
5564634
5564642
5564655
5564660
5564678
5564687
5564693
5564709
5564717
5564724
5564738
5564746
5564752
5564763
5564775
5564780
5564791
5564800
5564813
5564825
5564832
5564848
5564854
5564869
5564876
5564897
5564905
5564918
5564920
5564937
5564943
5564951
5564966
5564979
5564984
5565009
5565017
5565038
5565046
5565052
5565063
5565075
5565080
5565091
5565108
5565114
5565139
5565140
5565153
5565162
5565171
5565186
5565195
5565203
5565211
5565222
5565245
5565258
5565267
5565274
5565289
5565290
5565302
5565323
5565330
5565341
5565359
5565364
5565377
5565388
5565396
5565405
5565418
5565420
5565437
5565443
5565466
5565479
5565484
5565492
5565504
5565516
5565529
5565531
5565547
5565550
5565565
5565582
5565598
5565607
5565610
5565628
5565635
5565644
5565656
5565661
5565683
5565700
5565713
5565725
5565732
5565748
5565754
5565776
5565781
5565797
5565801
5565819
5565826
5565834
5565842
5565855
5565860
5565878
5565887
5565893
5565906
5565912
5565921
5565933
5565957
5565970
5565985
5565994
5566000
5566013
5566025
5566054
5566069
5566081
5566097
5566102
5566115
5566123
5566141
5566159
5566177
5566188
5566196
5566209
5566238
5566246
5566252
5566275
5566280
5566291
5566304
5566316
5566329
5566331
5566347
5566350
5566365
5566373
5566382
5566406
5566412
5566421
5566433
5566449
5566457
5566468
5566470
5566485
5566494
5566505
5566518
5566520
5566537
5566543
5566551
5566566
5566579
5566584
5566592
5566603
5566611
5566622
5566636
5566645
5566658
5566667
5566674
5566689
5566690
5566701
5566719
5566726
5566742
5566760
5566778
5566787
5566793
5566807
5566810
5566828
5566835
5566844
5566856
5566861
5566872
5566899
5566908
5566914
5566927
5566939
5566953
5566962
5566971
5566986
5566995
5567004
5567016
5567029
5567031
5567047
5567065
5567073
5567082
5567098
5567101
5567119
5567126
5567134
5567142
5567155
5567160
5567178
5567187
5567193
5567205
5567218
5567220
5567237
5567243
5567251
5567266
5567279
5567284
5567292
5567313
5567325
5567332
5567348
5567354
5567369
5567376
5567397
5567403
5567411
5567422
5567436
5567445
5567458
5567467
5567474
5567517
5567524
5567538
5567546
5567552
5567563
5567575
5567580
5567591
5567621
5567633
5567649
5567657
5567668
5567670
5567685
5567694
5567702
5567715
5567723
5567730
5567741
5567759
5567764
5567777
5567788
5567796
5567814
5567827
5567839
5567840
5567853
5567862
5567871
5567886
5567907
5567910
5567928
5567935
5567944
5567956
5567961
5567972
5567983
5567999
5568001
5568019
5568026
5568034
5568042
5568055
5568060
5568078
5568087
5568093
5568104
5568116
5568129
5568131
5568147
5568150
5568165
5568173
5568182
5568198
5568200
5568213
5568225
5568232
5568248
5568254
5568269
5568276
5568281
5568297
5568305
5568318
5568320
5568337
5568343
5568351
5568366
5568379
5568384
5568392
5568408
5568414
5568427
5568439
5568440
5568453
5568462
5568471
5568486
5568495
5568506
5568512
5568521
5568557
5568568
5568570
5568585
5568594
5568609
5568617
5568624
5568638
5568646
5568652
5568663
5568675
5568680
5568691
5568707
5568710
5568735
5568744
5568761
5568772
5568783
5568799
5568811
5568822
5568836
5568858
5568867
5568874
5568889
5568890
5568902
5568915
5568923
5568930
5568941
5568959
5568964
5568977
5568988
5569008
5569014
5569027
5569039
5569040
5569053
5569062
5569071
5569086
5569095
5569109
5569117
5569124
5569138
5569146
5569152
5569175
5569180
5569191
5569202
5569215
5569223
5569230
5569241
5569259
5569264
5569288
5569296
5569303
5569311
5569322
5569336
5569345
5569358
5569367
5569374
5569389
5569390
5569401
5569419
5569426
5569434
5569442
5569455
5569460
5569478
5569493
5569507
5569510
5569528
5569535
5569544
5569556
5569561
5569572
5569583
5569599
5569604
5569616
5569631
5569647
5569650
5569665
5569673
5569682
5569698
5569706
5569712
5569721
5569733
5569749
5569757
5569768
5569770
5569785
5569794
5569805
5569818
5569820
5569837
5569843
5569866
5569879
5569884
5569892
5569900
5569913
5569925
5569932
5569948
5569954
5569969
5569976
5569981
5569997
5570001
5570019
5570026
5570034
5570042
5570055
5570060
5570078
5570087
5570093
5570104
5570116
5570129
5570131
5570147
5570165
5570173
5570182
5570198
5570200
5570213
5570225
5570232
5570248
5570254
5570269
5570276
5570297
5570305
5570320
5570337
5570343
5570351
5570366
5570379
5570384
5570392
5570408
5570414
5570427
5570439
5570440
5570453
5570462
5570471
5570486
5570495
5570506
5570512
5570521
5570549
5570568
5570570
5570585
5570594
5570617
5570624
5570638
5570646
5570652
5570663
5570675
5570680
5570691
5570707
5570710
5570728
5570735
5570744
5570756
5570772
5570783
5570803
5570811
5570822
5570845
5570858
5570867
5570874
5570889
5570890
5570902
5570915
5570923
5570930
5570941
5570959
5570964
5570977
5570988
5570996
5571007
5571010
5571028
5571035
5571044
5571061
5571072
5571083
5571099
5571105
5571118
5571120
5571137
5571143
5571151
5571166
5571179
5571184
5571192
5571201
5571219
5571226
5571234
5571242
5571255
5571260
5571278
5571287
5571293
5571306
5571312
5571321
5571349
5571357
5571368
5571370
5571385
5571394
5571402
5571415
5571423
5571430
5571441
5571459
5571464
5571477
5571488
5571496
5571508
5571514
5571527
5571539
5571540
5571553
5571562
5571571
5571586
5571595
5571600
5571613
5571625
5571632
5571648
5571654
5571669
5571676
5571681
5571697
5571703
5571711
5571722
5571736
5571745
5571767
5571774
5571789
5571790
5571809
5571817
5571838
5571846
5571852
5571863
5571875
5571880
5571891
5571904
5571916
5571929
5571931
5571947
5571950
5571965
5571973
5571982
5571998
5572005
5572018
5572020
5572037
5572043
5572051
5572066
5572079
5572084
5572092
5572107
5572110
5572128
5572135
5572144
5572156
5572161
5572172
5572183
5572206
5572212
5572233
5572249
5572257
5572268
5572285
5572294
5572301
5572326
5572334
5572342
5572355
5572360
5572378
5572387
5572393
5572409
5572417
5572424
5572438
5572446
5572452
5572463
5572480
5572491
5572500
5572513
5572525
5572532
5572548
5572554
5572569
5572576
5572581
5572597
5572608
5572614
5572627
5572639
5572640
5572653
5572662
5572671
5572686
5572695
5572704
5572716
5572729
5572731
5572747
5572750
5572765
5572782
5572798
5572815
5572823
5572830
5572841
5572864
5572877
5572888
5572896
5572903
5572911
5572922
5572936
5572945
5572958
5572967
5572974
5572989
5572990
5573009
5573017
5573024
5573038
5573046
5573052
5573063
5573075
5573108
5573114
5573127
5573139
5573153
5573162
5573171
5573186
5573195
5573203
5573211
5573222
5573236
5573245
5573258
5573267
5573274
5573289
5573290
5573302
5573315
5573330
5573341
5573359
5573364
5573377
5573388
5573396
5573405
5573418
5573420
5573437
5573443
5573451
5573466
5573479
5573484
5573492
5573504
5573529
5573531
5573547
5573550
5573565
5573573
5573582
5573607
5573610
5573628
5573635
5573644
5573656
5573661
5573672
5573683
5573699
5573700
5573725
5573732
5573748
5573754
5573769
5573776
5573781
5573797
5573819
5573834
5573842
5573855
5573860
5573878
5573887
5573893
5573912
5573921
5573949
5573957
5573968
5573970
5573985
5573994
5574004
5574016
5574029
5574031
5574047
5574050
5574065
5574082
5574098
5574101
5574126
5574134
5574142
5574155
5574160
5574178
5574187
5574193
5574205
5574220
5574237
5574243
5574251
5574266
5574279
5574284
5574292
5574300
5574313
5574325
5574332
5574348
5574369
5574376
5574381
5574397
5574403
5574411
5574422
5574436
5574445
5574474
5574489
5574490
5574509
5574517
5574538
5574546
5574552
5574563
5574575
5574580
5574591
5574606
5574612
5574621
5574633
5574649
5574657
5574668
5574670
5574685
5574694
5574702
5574715
5574723
5574741
5574759
5574764
5574788
5574796
5574808
5574814
5574827
5574839
5574840
5574853
5574862
5574871
5574886
5574895
5574907
5574928
5574935
5574944
5574961
5574972
5574983
5574999
5575002
5575015
5575023
5575030
5575041
5575059
5575064
5575077
5575088
5575096
5575100
5575113
5575125
5575132
5575148
5575154
5575169
5575176
5575181
5575197
5575204
5575216
5575229
5575231
5575247
5575250
5575265
5575273
5575282
5575298
5575309
5575317
5575324
5575338
5575346
5575352
5575380
5575391
5575407
5575410
5575428
5575435
5575444
5575461
5575472
5575483
5575499
5575503
5575511
5575522
5575536
5575545
5575567
5575574
5575589
5575590
5575605
5575618
5575620
5575637
5575643
5575651
5575666
5575684
5575692
5575708
5575714
5575727
5575739
5575740
5575753
5575762
5575771
5575786
5575806
5575812
5575821
5575833
5575857
5575868
5575870
5575885
5575894
5575901
5575926
5575934
5575942
5575955
5575960
5575978
5575987
5575993
5576008
5576014
5576027
5576039
5576040
5576062
5576071
5576086
5576095
5576109
5576117
5576124
5576138
5576146
5576152
5576175
5576180
5576191
5576202
5576223
5576230
5576241
5576259
5576264
5576277
5576288
5576296
5576303
5576311
5576322
5576336
5576345
5576358
5576367
5576374
5576390
5576401
5576419
5576426
5576434
5576442
5576455
5576460
5576487
5576493
5576510
5576528
5576535
5576544
5576556
5576561
5576572
5576583
5576599
5576604
5576616
5576629
5576631
5576647
5576650
5576665
5576673
5576682
5576698
5576706
5576712
5576721
5576733
5576749
5576757
5576770
5576785
5576794
5576805
5576818
5576820
5576837
5576843
5576851
5576866
5576879
5576884
5576892
5576900
5576913
5576932
5576954
5576969
5576976
5576981
5576997
5577003
5577011
5577022
5577036
5577045
5577058
5577067
5577074
5577089
5577090
5577106
5577112
5577121
5577133
5577157
5577168
5577170
5577185
5577194
5577207
5577210
5577228
5577235
5577244
5577256
5577272
5577283
5577299
5577308
5577314
5577327
5577339
5577340
5577353
5577362
5577371
5577386
5577395
5577404
5577416
5577429
5577431
5577447
5577450
5577465
5577482
5577502
5577515
5577523
5577530
5577541
5577559
5577577
5577588
5577596
5577601
5577619
5577626
5577634
5577642
5577655
5577660
5577678
5577687
5577693
5577709
5577717
5577738
5577746
5577752
5577763
5577775
5577780
5577791
5577800
5577813
5577825
5577832
5577848
5577854
5577869
5577876
5577881
5577918
5577920
5577937
5577943
5577951
5577979
5577984
5577992
5578006
5578012
5578021
5578033
5578049
5578068
5578070
5578085
5578094
5578103
5578111
5578122
5578136
5578145
5578167
5578174
5578189
5578190
5578208
5578214
5578227
5578239
5578240
5578253
5578262
5578271
5578295
5578307
5578310
5578328
5578335
5578344
5578356
5578361
5578372
5578383
5578399
5578400
5578413
5578425
5578432
5578448
5578454
5578469
5578476
5578481
5578497
5578501
5578519
5578526
5578534
5578555
5578560
5578578
5578587
5578593
5578602
5578615
5578630
5578641
5578659
5578664
5578677
5578688
5578696
5578705
5578718
5578720
5578737
5578743
5578751
5578766
5578779
5578784
5578792
5578804
5578816
5578829
5578831
5578847
5578850
5578865
5578873
5578882
5578898
5578909
5578917
5578924
5578938
5578946
5578952
5578963
5578980
5579000
5579013
5579025
5579032
5579048
5579054
5579069
5579076
5579081
5579097
5579102
5579115
5579123
5579130
5579141
5579159
5579164
5579177
5579196
5579209
5579217
5579224
5579238
5579246
5579252
5579263
5579275
5579291
5579304
5579316
5579329
5579331
5579347
5579365
5579373
5579382
5579398
5579406
5579412
5579421
5579433
5579449
5579457
5579468
5579470
5579485
5579494
5579505
5579518
5579520
5579537
5579543
5579551
5579566
5579579
5579584
5579592
5579603
5579611
5579622
5579658
5579667
5579674
5579690
5579701
5579719
5579726
5579734
5579742
5579755
5579760
5579778
5579787
5579793
5579807
5579810
5579828
5579835
5579844
5579856
5579861
5579872
5579883
5579899
5579908
5579927
5579939
5579940
5579953
5579971
5579986
5580009
5580017
5580024
5580038
5580046
5580052
5580075
5580080
5580091
5580114
5580127
5580153
5580162
5580171
5580186
5580195
5580203
5580211
5580222
5580236
5580245
5580258
5580267
5580274
5580289
5580290
5580315
5580323
5580330
5580359
5580364
5580388
5580396
5580405
5580418
5580420
5580443
5580451
5580466
5580479
5580484
5580504
5580516
5580529
5580531
5580547
5580550
5580565
5580573
5580582
5580598
5580607
5580610
5580628
5580635
5580644
5580656
5580661
5580672
5580683
5580699
5580700
5580713
5580725
5580732
5580748
5580754
5580769
5580776
5580781
5580801
5580826
5580834
5580842
5580855
5580860
5580878
5580887
5580893
5580906
5580921
5580933
5580949
5580957
5580968
5580970
5580985
5580994
5581000
5581013
5581025
5581032
5581048
5581054
5581076
5581081
5581097
5581102
5581115
5581123
5581130
5581141
5581159
5581164
5581177
5581188
5581196
5581209
5581217
5581224
5581238
5581246
5581252
5581275
5581280
5581291
5581316
5581329
5581331
5581347
5581350
5581365
5581373
5581382
5581398
5581406
5581412
5581421
5581433
5581449
5581457
5581468
5581470
5581494
5581505
5581520
5581537
5581551
5581566
5581579
5581584
5581592
5581603
5581611
5581622
5581636
5581645
5581658
5581674
5581689
5581690
5581701
5581719
5581726
5581734
5581742
5581755
5581760
5581778
5581787
5581793
5581807
5581810
5581828
5581835
5581844
5581856
5581861
5581872
5581883
5581899
5581908
5581927
5581939
5581953
5581962
5581971
5581986
5582002
5582015
5582023
5582030
5582041
5582059
5582064
5582077
5582088
5582096
5582100
5582113
5582132
5582148
5582154
5582169
5582176
5582197
5582204
5582229
5582247
5582265
5582273
5582282
5582298
5582309
5582317
5582324
5582338
5582352
5582363
5582375
5582380
5582407
5582428
5582444
5582456
5582461
5582472
5582483
5582499
5582503
5582511
5582522
5582536
5582545
5582558
5582567
5582574
5582589
5582590
5582605
5582618
5582620
5582637
5582643
5582651
5582666
5582679
5582684
5582692
5582708
5582714
5582727
5582739
5582740
5582753
5582762
5582771
5582786
5582795
5582806
5582812
5582821
5582849
5582857
5582868
5582870
5582885
5582894
5582901
5582919
5582926
5582942
5582955
5582960
5582978
5582987
5582993
5583007
5583028
5583035
5583044
5583056
5583061
5583072
5583083
5583099
5583105
5583118
5583120
5583137
5583143
5583151
5583166
5583179
5583184
5583192
5583201
5583219
5583226
5583234
5583255
5583260
5583278
5583287
5583293
5583312
5583321
5583333
5583349
5583357
5583368
5583370
5583385
5583394
5583402
5583415
5583423
5583441
5583459
5583464
5583477
5583488
5583496
5583508
5583514
5583527
5583539
5583540
5583562
5583571
5583586
5583595
5583600
5583613
5583625
5583632
5583648
5583654
5583669
5583676
5583681
5583697
5583703
5583722
5583745
5583758
5583767
5583774
5583789
5583809
5583824
5583838
5583846
5583852
5583863
5583875
5583880
5583891
5583904
5583916
5583929
5583931
5583950
5583965
5583973
5583982
5584008
5584014
5584027
5584039
5584040
5584053
5584071
5584086
5584095
5584109
5584124
5584138
5584146
5584152
5584163
5584175
5584180
5584191
5584202
5584215
5584223
5584230
5584241
5584259
5584264
5584288
5584296
5584303
5584311
5584322
5584336
5584345
5584358
5584367
5584374
5584389
5584390
5584401
5584419
5584426
5584434
5584442
5584455
5584460
5584478
5584487
5584493
5584507
5584510
5584528
5584535
5584544
5584556
5584561
5584572
5584583
5584599
5584604
5584616
5584629
5584631
5584647
5584650
5584665
5584673
5584682
5584698
5584706
5584712
5584721
5584733
5584749
5584757
5584768
5584770
5584785
5584794
5584805
5584818
5584820
5584837
5584843
5584851
5584866
5584879
5584884
5584892
5584900
5584913
5584932
5584954
5584969
5584976
5584981
5584997
5585006
5585012
5585021
5585049
5585068
5585070
5585085
5585094
5585103
5585111
5585122
5585136
5585145
5585158
5585167
5585174
5585189
5585190
5585208
5585214
5585227
5585239
5585240
5585253
5585262
5585271
5585286
5585295
5585307
5585310
5585328
5585335
5585344
5585356
5585361
5585372
5585383
5585425
5585432
5585448
5585454
5585469
5585476
5585481
5585497
5585501
5585542
5585555
5585560
5585578
5585587
5585593
5585602
5585615
5585623
5585641
5585659
5585677
5585696
5585705
5585718
5585720
5585737
5585743
5585751
5585779
5585784
5585792
5585804
5585816
5585829
5585831
5585847
5585850
5585865
5585873
5585882
5585898
5585909
5585917
5585924
5585946
5585963
5585975
5585980
5585991
5586005
5586018
5586020
5586037
5586043
5586066
5586079
5586084
5586092
5586107
5586110
5586135
5586144
5586156
5586161
5586172
5586183
5586199
5586212
5586221
5586249
5586257
5586268
5586270
5586285
5586294
5586301
5586319
5586326
5586334
5586342
5586355
5586360
5586378
5586387
5586393
5586409
5586417
5586424
5586446
5586463
5586475
5586480
5586491
5586513
5586525
5586532
5586548
5586554
5586569
5586576
5586581
5586597
5586608
5586614
5586627
5586639
5586640
5586653
5586662
5586671
5586686
5586704
5586716
5586729
5586731
5586747
5586750
5586765
5586773
5586798
5586802
5586815
5586823
5586830
5586841
5586859
5586864
5586877
5586888
5586896
5586903
5586911
5586936
5586945
5586958
5586967
5586989
5586990
5587001
5587019
5587026
5587034
5587042
5587055
5587060
5587078
5587087
5587093
5587104
5587116
5587129
5587131
5587147
5587150
5587165
5587173
5587182
5587198
5587200
5587213
5587232
5587248
5587254
5587269
5587276
5587281
5587297
5587318
5587320
5587337
5587343
5587366
5587384
5587392
5587408
5587414
5587427
5587439
5587453
5587462
5587471
5587486
5587495
5587506
5587512
5587521
5587533
5587549
5587557
5587568
5587585
5587594
5587609
5587617
5587624
5587638
5587646
5587652
5587663
5587675
5587680
5587691
5587707
5587710
5587728
5587735
5587744
5587756
5587761
5587772
5587783
5587799
5587803
5587811
5587822
5587836
5587845
5587858
5587867
5587889
5587890
5587915
5587923
5587930
5587941
5587959
5587964
5587977
5587988
5587996
5588004
5588016
5588029
5588031
5588047
5588050
5588065
5588073
5588082
5588101
5588119
5588126
5588134
5588142
5588155
5588160
5588178
5588187
5588193
5588205
5588218
5588220
5588237
5588243
5588251
5588266
5588279
5588284
5588292
5588300
5588313
5588325
5588332
5588348
5588354
5588369
5588376
5588381
5588397
5588403
5588411
5588422
5588436
5588445
5588467
5588474
5588489
5588490
5588509
5588517
5588538
5588546
5588552
5588575
5588580
5588606
5588612
5588621
5588633
5588649
5588668
5588670
5588685
5588694
5588702
5588715
5588723
5588730
5588741
5588759
5588764
5588777
5588788
5588796
5588808
5588814
5588827
5588839
5588840
5588853
5588862
5588871
5588886
5588895
5588907
5588910
5588928
5588935
5588944
5588956
5588961
5588972
5588983
5588999
5589003
5589011
5589022
5589045
5589058
5589067
5589074
5589089
5589090
5589106
5589112
5589121
5589133
5589149
5589157
5589168
5589170
5589185
5589194
5589207
5589210
5589228
5589235
5589244
5589256
5589261
5589272
5589283
5589299
5589308
5589314
5589327
5589340
5589353
5589362
5589371
5589386
5589395
5589404
5589416
5589429
5589431
5589447
5589450
5589473
5589482
5589498
5589502
5589515
5589523
5589530
5589541
5589559
5589564
5589588
5589596
5589601
5589619
5589626
5589634
5589642
5589655
5589660
5589678
5589687
5589693
5589709
5589717
5589746
5589752
5589763
5589780
5589791
5589800
5589813
5589825
5589832
5589848
5589854
5589876
5589905
5589918
5589920
5589937
5589943
5589951
5589979
5589984
5589992
5590007
5590010
5590028
5590035
5590044
5590056
5590061
5590072
5590083
5590105
5590118
5590120
5590143
5590151
5590166
5590179
5590184
5590192
5590201
5590219
5590226
5590234
5590242
5590255
5590260
5590278
5590287
5590293
5590306
5590312
5590321
5590333
5590357
5590368
5590370
5590385
5590394
5590402
5590415
5590423
5590430
5590441
5590459
5590464
5590477
5590488
5590496
5590508
5590514
5590539
5590540
5590553
5590562
5590571
5590586
5590595
5590600
5590613
5590625
5590632
5590648
5590654
5590669
5590676
5590697
5590703
5590711
5590722
5590736
5590745
5590767
5590774
5590789
5590790
5590809
5590817
5590824
5590838
5590846
5590852
5590863
5590880
5590891
5590904
5590916
5590929
5590931
5590947
5590950
5590965
5590973
5590982
5590998
5591003
5591011
5591022
5591036
5591045
5591058
5591067
5591074
5591090
5591106
5591112
5591121
5591133
5591149
5591157
5591168
5591170
5591185
5591194
5591207
5591210
5591228
5591235
5591244
5591256
5591261
5591272
5591299
5591308
5591314
5591327
5591339
5591340
5591353
5591362
5591371
5591386
5591395
5591404
5591416
5591429
5591431
5591447
5591450
5591465
5591482
5591498
5591502
5591515
5591523
5591530
5591541
5591559
5591564
5591577
5591588
5591596
5591601
5591619
5591626
5591634
5591642
5591655
5591660
5591678
5591687
5591693
5591709
5591717
5591724
5591752
5591763
5591775
5591780
5591791
5591800
5591813
5591825
5591832
5591848
5591869
5591876
5591881
5591897
5591905
5591918
5591920
5591937
5591943
5591951
5591966
5591979
5591984
5591992
5592006
5592012
5592033
5592049
5592057
5592068
5592070
5592085
5592094
5592103
5592111
5592122
5592136
5592145
5592158
5592167
5592174
5592189
5592190
5592208
5592214
5592227
5592239
5592240
5592253
5592262
5592286
5592295
5592307
5592310
5592328
5592335
5592344
5592356
5592361
5592372
5592383
5592399
5592413
5592425
5592432
5592448
5592454
5592469
5592476
5592481
5592497
5592501
5592519
5592526
5592534
5592542
5592555
5592578
5592587
5592593
5592602
5592615
5592623
5592630
5592641
5592659
5592664
5592677
5592688
5592696
5592705
5592718
5592720
5592737
5592743
5592751
5592766
5592779
5592784
5592792
5592804
5592816
5592829
5592831
5592847
5592850
5592865
5592873
5592898
5592909
5592917
5592924
5592938
5592946
5592952
5592963
5592980
5592991
5593000
5593013
5593025
5593032
5593048
5593054
5593076
5593081
5593097
5593102
5593115
5593123
5593130
5593141
5593159
5593164
5593177
5593188
5593196
5593209
5593217
5593224
5593238
5593246
5593252
5593263
5593275
5593280
5593291
5593304
5593316
5593329
5593331
5593347
5593350
5593365
5593373
5593382
5593398
5593406
5593412
5593421
5593433
5593449
5593457
5593468
5593470
5593494
5593505
5593518
5593520
5593537
5593543
5593551
5593566
5593579
5593584
5593603
5593611
5593622
5593636
5593658
5593667
5593674
5593690
5593701
5593726
5593734
5593755
5593760
5593778
5593787
5593793
5593807
5593810
5593828
5593835
5593844
5593856
5593861
5593872
5593908
5593914
5593927
5593939
5593940
5593953
5593962
5593971
5593986
5593995
5594005
5594018
5594020
5594037
5594043
5594051
5594079
5594084
5594092
5594107
5594110
5594128
5594135
5594144
5594156
5594161
5594172
5594183
5594199
5594206
5594212
5594221
5594233
5594249
5594257
5594268
5594270
5594285
5594294
5594301
5594319
5594326
5594334
5594342
5594355
5594360
5594378
5594387
5594393
5594409
5594417
5594424
5594438
5594446
5594452
5594463
5594491
5594513
5594525
5594548
5594554
5594569
5594576
5594581
5594608
5594614
5594627
5594639
5594640
5594653
5594662
5594671
5594686
5594695
5594704
5594716
5594729
5594731
5594747
5594750
5594765
5594773
5594782
5594798
5594802
5594815
5594823
5594830
5594841
5594859
5594864
5594877
5594888
5594896
5594903
5594911
5594922
5594936
5594945
5594958
5594967
5594974
5594989
5594990
5595004
5595016
5595029
5595031
5595047
5595050
5595065
5595073
5595082
5595098
5595101
5595119
5595126
5595142
5595155
5595160
5595178
5595187
5595193
5595218
5595220
5595237
5595243
5595251
5595279
5595284
5595292
5595300
5595313
5595325
5595332
5595348
5595354
5595369
5595376
5595381
5595397
5595403
5595411
5595422
5595436
5595445
5595458
5595467
5595474
5595489
5595490
5595509
5595517
5595524
5595538
5595546
5595552
5595563
5595575
5595580
5595591
5595606
5595612
5595621
5595633
5595649
5595657
5595668
5595670
5595685
5595694
5595715
5595723
5595730
5595741
5595764
5595777
5595788
5595814
5595827
5595839
5595840
5595853
5595862
5595871
5595886
5595895
5595907
5595910
5595928
5595935
5595944
5595956
5595961
5595972
5595983
5595999
5596015
5596023
5596030
5596041
5596064
5596077
5596088
5596096
5596100
5596113
5596125
5596132
5596148
5596154
5596176
5596181
5596197
5596204
5596216
5596229
5596231
5596250
5596265
5596273
5596282
5596309
5596317
5596324
5596338
5596346
5596352
5596363
5596375
5596380
5596391
5596407
5596410
5596435
5596444
5596456
5596461
5596472
5596483
5596499
5596503
5596522
5596545
5596558
5596567
5596574
5596590
5596605
5596618
5596620
5596637
5596643
5596651
5596666
5596679
5596684
5596692
5596708
5596714
5596727
5596739
5596740
5596753
5596762
5596771
5596786
5596795
5596806
5596812
5596821
5596833
5596849
5596857
5596868
5596870
5596885
5596894
5596901
5596919
5596926
5596934
5596942
5596955
5596960
5596978
5596987
5596993
5597009
5597017
5597024
5597046
5597052
5597063
5597075
5597080
5597091
5597108
5597114
5597127
5597139
5597140
5597153
5597171
5597186
5597195
5597203
5597211
5597222
5597236
5597245
5597258
5597267
5597274
5597289
5597290
5597302
5597315
5597323
5597330
5597341
5597359
5597364
5597377
5597396
5597405
5597418
5597420
5597443
5597451
5597466
5597479
5597484
5597492
5597504
5597516
5597529
5597531
5597547
5597550
5597565
5597573
5597582
5597598
5597607
5597610
5597628
5597635
5597644
5597656
5597661
5597672
5597683
5597700
5597713
5597725
5597732
5597748
5597754
5597769
5597776
5597781
5597797
5597819
5597826
5597834
5597842
5597855
5597860
5597878
5597887
5597893
5597906
5597912
5597921
5597933
5597949
5597957
5597968
5597970
5597994
5598008
5598014
5598027
5598039
5598040
5598053
5598071
5598086
5598095
5598109
5598117
5598124
5598138
5598146
5598163
5598180
5598191
5598202
5598215
5598241
5598264
5598277
5598288
5598303
5598311
5598322
5598336
5598345
5598358
5598367
5598374
5598389
5598390
5598401
5598426
5598434
5598442
5598455
5598478
5598487
5598493
5598507
5598510
5598528
5598535
5598556
5598561
5598572
5598583
5598599
5598604
5598616
5598629
5598631
5598647
5598650
5598665
5598673
5598682
5598698
5598706
5598712
5598721
5598733
5598749
5598757
5598768
5598770
5598785
5598794
5598805
5598818
5598820
5598837
5598843
5598851
5598866
5598879
5598884
5598892
5598900
5598913
5598925
5598932
5598954
5598969
5598976
5598981
5599001
5599019
5599026
5599034
5599042
5599055
5599060
5599078
5599087
5599093
5599116
5599131
5599147
5599150
5599165
5599173
5599182
5599200
5599213
5599225
5599232
5599248
5599254
5599269
5599276
5599281
5599297
5599305
5599320
5599337
5599343
5599366
5599379
5599384
5599392
5599408
5599427
5599439
5599440
5599453
5599471
5599486
5599495
5599506
5599512
5599521
5599533
5599549
5599557
5599568
5599570
5599585
5599594
5599609
5599617
5599624
5599638
5599646
5599652
5599663
5599675
5599680
5599691
5599707
5599710
5599744
5599756
5599761
5599772
5599783
5599799
5599803
5599811
5599822
5599836
5599845
5599858
5599867
5599874
5599889
5599890
5599902
5599930
5599964
5599977
5599988
5599996
