3100305
3100439
3100440
3100761
3100889
3101201
3101349
3101464
3101863
3102020
3102475
3102974
3103052
3103114
3103315
3103968
3104621
3105620
3106039
3108534
3110752
3115107
3115576
3118786
3120602
3121513
3122105
3124416
3125893
3127178
3127237
3128248
3129146
3130273
3133110
3137070
3137587
3143120
3146020
3146172
3146393
3146463
3148445
3148649
3151168
3151596
3151687
3152335
3152469
3152831
3153726
3154936
3156590
3156618
3157420
3158478
3159026
3160622
3161570
3163530
3166214
3166630
3166792
3168221
3168990
3169009
3171065
3176396
3176699
3179743
3181240
3182678
3182920
3183670
3185505
3186129
3186811
3187614
3187686
3188654
3190300
3193664
3197794
3198289
3198957
3199967
3199974
