3100165
3100343
3100379
3100414
3100506
3100512
3100585
3100707
3101219
3101234
3101242
3101255
3101260
3101321
3101333
3101370
3101385
3101394
3101423
3101430
3101496
3101508
3101514
3101527
3101539
3101540
3101586
3101595
3101669
3101681
3101722
3101736
3101745
3101824
3101891
3101950
3101965
3101973
3101982
3102037
3102043
3102079
3102107
3102110
3102135
3102144
3102156
3102172
3102206
3102212
3102233
3102268
3102301
3102334
3102360
3102387
3102393
3102409
3102417
3102424
3102452
3102576
3102614
3102639
3102695
3102704
3102731
3102782
3102802
3102830
3102864
3102896
3102911
3102922
3102936
3102945
3102989
3103153
3103162
3103195
3103290
3103323
3103330
3103359
3103466
3103479
3103484
3103504
3103529
3103573
3103628
3103644
3103656
3103672
3103732
3103748
3103769
3103776
3103797
3103842
3103933
3104004
3104047
3104073
3104134
3104237
3104284
3104325
3104369
3104376
3104467
3104489
3104546
3104668
3104694
3104702
3104715
3104741
3104777
3104814
3104840
3104862
3104910
3104935
3104972
3104983
3104999
3105023
3105064
3105100
3105148
3105176
3105197
3105204
3105216
3105273
3105309
3105346
3105352
3105380
3105472
3105483
3105522
3105536
3105558
3105590
3105643
3105684
3105740
3105786
3105821
3105849
3105885
3105926
3105942
3105978
3124979
3124984
3124992
3125009
3125046
3125052
3125139
3125140
3125195
3125203
3125211
3125236
3125258
3125289
3125290
3125315
3125418
3125420
3125443
3125451
3125516
3125582
3125598
3125656
3125661
3125769
3125819
3125912
3125921
3125933
3125968
3125994
3126069
3126097
3126130
3126209
3126252
3126263
3126280
3126304
3126350
3126382
3126406
3126449
3126494
3126603
3126636
3126690
3126810
3126856
3126927
3126962
3126986
3127029
3127031
3127187
3127279
3127284
3127348
3127354
3127369
3127422
3127445
3127517
3127538
3127621
3127633
3127649
3127702
3127764
3127839
3127862
3128001
3128019
3128087
3128093
3128116
3128147
3128225
3128269
3128384
3128427
3128462
3128471
3128557
3128568
3128594
3128624
3128638
3128680
3128728
3128772
3128799
3128836
3128902
3128923
3128930
3128996
3129008
3129027
3129040
3129053
3129109
3129175
3129241
3129264
3129358
3129374
3129455
3129478
3129487
3129493
3129528
3129535
3129544
3129572
3129616
3129665
3129843
3129851
3129866
3129900
3129948
3129981
3130002
3130030
3130041
3130197
3130216
3130428
3130461
3130472
3130536
3130545
3130643
3130651
3130684
3130692
3130795
3130806
3130821
3130833
3130849
3130885
3130919
3130926
3131053
3131062
3131175
3131191
3131202
3131241
3131264
3131296
3131303
3131389
3131507
3131556
3131561
3131583
3131647
3131706
3131712
3131733
3131749
3131757
3131770
3131794
3131805
3131837
3131851
3131879
3131892
3131913
3131925
3131948
3131954
3132038
3132114
3132140
3132203
3132211
3132323
3132341
3132359
3132377
3132405
3132418
3132437
3132484
3132529
3132531
3132582
3132683
3132700
3132769
3132776
3132834
3132855
3132893
3132906
3132985
3133079
3133092
3133135
3133161
3133183
3133233
3133257
3133301
3133334
3133393
3133424
3133446
3133475
3133500
3133548
3133569
3133627
3133747
3133765
3133798
3133815
3133823
3133841
3133864
3133877
3133888
3133903
3133936
3133974
3133989
3134025
3134054
3134081
3134224
3134246
3134263
3134316
3134329
3134382
3134421
3134449
3134566
3134611
3134636
3134689
3134701
3134719
3134742
3134778
3134835
3134872
3134899
3134927
3134940
3134962
3134995
3135001
3135026
3135055
3135116
3135150
3135248
3135254
3135269
3135281
3135297
3135318
3135320
3135337
3135343
3135351
3135379
3135414
3135462
3135486
3135521
3135549
3135624
3135646
3135675
3135707
3135735
3135761
3135772
3135783
3135803
3135845
3135858
3135867
3135890
3135915
3135964
3135988
3135996
3136028
3136044
3136072
3136083
3136099
3136219
3136226
3136234
3136242
3136260
3136287
3136312
3136321
3136368
3136496
3136508
3136514
3136527
3136562
3136571
3136586
3136654
3136669
3136676
3136681
3136697
3136703
3136711
3136774
3136809
3136817
3136824
3136852
3136880
3136904
3136947
3136950
3137006
3137021
3137033
3137057
3137068
3137094
3137122
3137145
3137174
3137214
3137227
3137271
3137361
3137383
3137399
3137425
3137432
3137454
3137481
3137519
3137526
3137534
3137602
3137630
3137664
3137718
3137720
3137751
3137766
3137784
3137816
3137847
3137882
3137898
3137909
3137917
3137924
3137980
3138067
3138074
3138210
3138244
3138283
3138299
3138314
