3107036
3108413
3110058
3111017
3124371
3144303
3145664
3148839
3148862
3155187
3157672
3158109
3159959
3160224
3160518
3160986
3161462
3163283
3178013
3178658
3178883
3178986
3179006
3179816
3180818
3180969
3181049
3181070
3181094
3181214
3181239
3181253
3181454
3181469
3181476
3181519
3181542
3181578
3181804
3181816
3181831
3181882
3181909
3181938
3181952
3182074
3182089
3182194
3182207
3182244
3182395
3182429
3182465
3182498
3182601
3182626
3182642
3182660
3182687
3182746
3182763
3182881
3182943
3182984
3183016
3183073
3183155
3183193
3183300
3183633
3183668
3183788
3183839
3183907
3183935
3183944
3184046
3184195
3184258
3184341
3184531
3184699
3184781
3184819
3184921
3184968
3184994
3185123
3185470
3185636
3185719
3185856
3185861
3185927
3185986
3186019
3186182
3186200
3186225
3186343
3186351
3186366
3186384
3186471
3186486
3186506
3186512
3186521
3186557
3186568
3186646
3186652
3186663
3186707
3186902
3186959
3187005
3187018
3187037
3187079
3187092
3187107
3187156
3187199
3187301
3187475
3187491
3187500
3187513
3187581
3187695
3187704
3187782
3187841
3187864
3187896
3187967
3188083
3188099
3188120
3188219
3188242
3188260
3188293
3188306
3188402
3188464
3188477
3188488
3188553
3188562
3188586
3188632
3188681
3188703
3188736
3188758
3188767
3188790
3188809
3188824
3188838
3188904
3188916
3188929
3188973
3189002
3189059
3189077
3189132
3189181
3189273
3189298
3189309
3189324
3189363
3189407
3189503
3189522
3189545
3189589
3189637
3189666
3189714
3189727
3189753
3189868
3189885
3189919
3189955
3189978
3189987
3189993
3190016
3190101
3190126
3190134
3190178
3190237
3190266
3190279
3190313
3190325
3190332
3190354
3190411
3190489
3190490
3190633
3190668
3190685
3190723
3190741
3190777
3190796
3190839
3190853
3190910
3190961
3191002
3191015
3191088
3191113
3191132
3191154
3191176
3191231
3191265
3191309
3191324
3191428
3191461
3191472
3191545
3191620
3191643
3191762
3191795
3191812
3191833
3191857
3191870
3191942
3191955
3191978
3192032
3192069
3192081
3192159
3192164
3192209
3192238
3192329
3192518
3192543
3192566
3192584
3192592
3192611
3192636
3192689
3192690
3192755
3192760
3192807
3192861
3192939
3193021
3193068
3193136
3193145
3193167
3193240
3193271
3193310
3193400
3193413
3193425
3193448
3193469
3193481
3193593
3193602
3193623
3193630
3193696
3193705
3193720
3193743
3193792
3193804
3193816
3193847
3193938
3194060
3194078
3194182
3194198
3194200
3194232
3194281
3194297
3194305
3194318
3194343
3194379
3194471
3194512
3194521
3194557
3194594
3194609
3194617
3194874
3194890
3194941
3194977
3194988
3195061
3195072
3195083
3195099
3195143
3195151
3195179
3195192
3195219
3195255
3195260
3195278
3195287
3195306
3195459
3195496
3195540
3195600
3195632
3195648
3195676
3195681
3195736
3195789
3195817
3195947
3195950
3195965
3195973
3195982
3196003
3196022
3196058
3196074
3196089
3196121
3196157
3196185
3196210
3196272
3196299
3196308
3196314
3196353
3196362
3196371
3196429
3196450
3196473
3196502
3196523
3196530
3196564
3196577
3196655
3196709
3196717
3196738
3196763
3196791
3196800
3196848
3196905
3196920
3196966
3196984
3197053
3197086
3197117
3197202
3197230
3197277
3197296
3197322
3197374
3197389
3197460
3197507
3197572
3197583
3197629
3197650
3197665
3197757
3197785
3197820
3197843
3197879
3197892
3197913
3197969
3198038
3198052
3198063
3198114
3198127
3198139
3198211
3198290
3198377
3198388
3198451
3198484
3198492
3198531
3198550
3198565
3198582
3198607
3198610
3198635
3198644
3198732
3198776
3198855
3198921
3198949
3199018
3199020
3199084
3199092
3199107
3199156
3199161
3199249
3199294
3199355
3199360
3199378
3199438
3199525
3199576
3199614
3199627
3199639
3199686
3199716
3199782
3199830
3199841
3199864
3199958
3199989
