3600119
3600266
3600354
3600649
3600668
3600777
3600935
3601346
3601589
3601605
3601692
3601739
3601885
3601978
3602032
3602081
3602123
3602304
3602433
3602485
3602883
3602927
3603208
3603295
3603344
3603454
3603542
3603865
3604232
3604297
3604305
3604453
3604506
3604822
3605105
3605632
3605916
3605965
3606157
3606353
3606465
3606482
3606564
3606577
3606626
3606655
3606746
3606752
3606800
3606813
3606854
3606937
3607027
3607259
3607345
3607629
3607665
3607785
3607879
3607900
3608017
3608420
3608492
3608531
3608661
3608748
3608921
3608985
3609084
3609301
3609548
3609581
3610264
3610650
3611068
3611070
3611425
3611448
3611677
3611766
3611816
3612058
3612261
3612416
3612515
3612655
3612724
3613082
3613178
3613220
3613445
3613458
3613467
3613606
3613796
3613814
3613972
3614405
3614418
3614451
3614582
3614754
3614819
3615048
3615054
3615224
3615468
3615485
3615579
3616173
3616225
3616408
3616624
3616646
3616663
3616772
3616941
3616959
3617018
3617051
3617199
3617221
3617270
3617640
3617798
3617802
3617859
3618370
3618562
3618632
3619113
3619229
3619428
3619708
3619762
3619795
3619857
3619934
3620038
3620127
3620171
3620437
3620451
3620644
3620801
3620826
3620855
3621032
3621081
3621263
3621726
3621872
3621995
3622197
3622352
3622536
3622589
3622934
3623370
3623817
3624215
3624264
3624493
3624837
3625208
3625227
3625240
3625286
3625476
3625587
3625784
3625804
3625917
3625975
3626342
3626480
3627060
3627343
3627440
3627533
3628474
3628546
3628606
3628796
3629340
3629371
3629876
3629920
3630184
3630192
3630255
3630681
3630722
3630891
3630973
3631022
3631283
3631340
3631465
3632167
3632174
3632227
3632696
3632743
3632975
3633209
3633246
3633449
3633622
3634020
3634092
3634355
3634360
3634438
3634896
3635279
3635403
3635591
3635685
3635796
3635808
3635895
3636282
3636309
3636574
3636894
3637245
3637420
3637683
3637776
3637893
3638027
3638071
3638117
3638146
3638202
3638264
3638629
3638913
3639320
3639506
3639549
3639783
3640425
3640432
3640497
3640779
3641020
3641475
3642242
3642394
3642477
3642488
3642508
3642625
3643154
3643273
3643298
3643338
3643410
3643428
3643590
3644207
3644261
3644353
3644564
3644619
3644832
3644897
3644979
3645127
3645153
3645236
3645245
3645396
3646081
3646115
3646382
3646579
3646793
3646861
3647354
3647552
3647730
3647759
3647871
3647999
3648026
3648150
3648225
3648232
3648248
3648609
3649008
3649138
3649390
3649583
3649900
3649925
3649969
3650197
3650679
3650857
3651180
3651303
3651837
3652139
3652341
3652443
3652529
3652855
3652985
3653092
3653172
3653729
3653958
3653989
3654130
3654164
3654246
3654263
3654674
3654835
3655019
3655147
3655930
3656105
3656370
3656402
3656415
3656488
3657033
3657070
3657174
3657227
3657286
3657328
3657361
3657432
3657593
3657779
3657865
3658261
3658482
3658588
3658832
3659004
3659073
3659126
3659354
3659381
3659474
3659814
3659886
3660066
3660161
3660393
3660409
3660446
3660686
3660716
3660896
3660945
3661098
3661715
3662351
3662799
3662867
3663948
3663981
3664105
3664143
3664370
3664703
3664758
3664789
3664929
3664931
3665244
3665371
3665619
3665660
3665791
3665800
3665813
3665854
3665943
3666017
3666046
3666153
3666203
3666364
3666418
3666529
3666672
3666776
3666968
3666985
3667023
3667100
3667125
3667338
3667499
3667978
3668217
3668304
3668457
3668485
3668645
3668755
3668861
3669021
3669122
3669400
3669924
3669991
3670032
3670076
3670196
3670316
3670331
3670347
3670412
3670449
3670518
3670719
3670760
3670835
3671078
3671116
3671320
3671691
3671811
3671923
3671941
3672073
3672126
3672160
3672300
3672313
3672403
3672649
3672685
3672715
3672777
3672839
3672910
3673011
3673074
3673314
3673327
3673386
3673431
3673687
3673854
3674282
3674324
3674407
3674444
3674456
3674522
3674960
3675152
3675230
3675390
3675544
3675843
3675879
3675932
3676253
3677056
3677255
3677441
3677488
3677514
3677681
3677774
3677875
3677965
3678043
3678342
3678513
3678576
3679211
3679267
3679504
3679529
3679713
3679968
3679970
3680353
3680395
3680515
3681290
3681656
3681887
3681957
3682124
3682230
3682419
3682460
3682510
3682629
3682866
3682913
3683001
3683116
3683182
3683232
3683318
3683414
3683439
3683471
3683506
3683568
3683691
3683803
3683889
3684012
3684111
3684542
3684593
3684743
3684829
3685018
3685107
3685387
3685463
3685704
3685864
3686218
3686284
3686381
3686808
3686886
3687000
3687115
3687224
3687275
3687316
3687421
3687603
3687807
3687899
3687939
3688041
3688169
3688216
3688298
3688317
3688380
3688391
3688511
3688708
3688714
3688942
3689201
3689441
3689562
3689586
3689613
3689676
3689824
3689998
3690116
3690269
3690439
3690440
3690549
3690728
3690836
3691973
3692342
3692393
3692409
3692463
3692500
3692627
3692704
3692990
3693046
3693186
3693211
3693359
3693550
3693598
3693834
3693842
3693906
3694050
3694381
3694517
3695002
3695132
3695762
3695926
3696215
3696442
3696616
3697036
3697541
3697642
3697687
3697693
3698006
3698214
3698227
3698262
3698476
3698560
3698578
3698850
3698975
3699076
3699081
3699246
3699275
3699520
3699622
3699939
