3601169
3602329
3603070
3603766
3605293
3605595
3606371
3606920
3607712
3608140
3608359
3608377
3610345
3610389
3612272
3613552
3615645
3617020
3617128
3617438
3620893
3623293
3623722
3625850
3626438
3627078
3627093
3627675
3628657
3628715
3630061
3630151
3630767
3631992
3633835
3635031
3635552
3635702
3635935
3636786
3638303
3639078
3639131
3640068
3643885
3645080
3648923
3652656
3652887
3652970
3653731
3656179
3657519
3657831
3659759
3661702
3664035
3668159
3671026
3671557
3671803
3671930
3672458
3673299
3674113
3674461
3674483
3675426
3675805
3676344
3677703
3678270
3679038
3679108
3679531
3679887
3681139
3682892
3685043
3685841
3686490
3690131
3691137
3692079
3695375
3696932
3697235
3697299
3697678
3698328
3699000
3699518
