2700548
2700958
2702060
2702173
2702198
2702594
2704540
2705106
2705244
2705339
2705596
2705876
2706186
2706364
2706644
2707100
2707169
2707282
2707483
2707786
2707821
2707942
2708719
2708971
2709383
2709469
2709555
2709630
2710125
2710352
2710428
2710456
2710684
2710795
2710894
2711202
2711311
2711390
2711721
2711913
2712466
2712769
2713922
2713958
2714196
2714209
2714579
2715471
2715609
2715691
2715996
2716099
2716105
2716402
2716809
2717938
2719279
2719458
2719649
2721200
2721225
2721379
2721384
2722621
2723003
2725175
2725296
2725712
2726068
2726122
2727632
2728782
2728802
2729171
2729364
2729418
2729656
2730848
2730979
2731038
2731573
2732146
2732442
2732631
2733147
2734286
2734615
2734898
2734991
2735686
2735859
2736445
2736633
2736862
2737081
2737537
2737719
2737810
2738503
2739745
2739774
2739998
2740109
2740913
2741448
2741784
2742003
2742541
2742775
2742848
2743101
2743606
2745115
2746055
2746453
2746680
2747051
2747233
2747731
2747773
2747967
2748056
2749064
2749684
2749727
2749771
2750458
2750886
2751113
2751605
2752883
2752940
2753068
2753307
2754034
2754131
2754276
2754320
2754638
2755496
2755539
2755790
2756022
2756395
2757040
2757277
2757535
2758140
2758203
2758405
2758504
2758516
2759005
2759438
2759695
2760432
2761597
2761627
2761704
2761911
2761990
2762056
2762287
2762496
2762508
2763410
2763536
2763885
2764067
2764854
2765732
2765933
2766701
2767458
2767741
2767935
2768150
2768414
2768570
2768707
2769175
2769706
2770439
2770533
2770617
2770728
2771255
2772525
2772614
2772859
2772990
2773222
2773529
2774065
2774300
2774538
2775375
2775380
2775499
2775870
2776117
2777067
2777752
2778696
2778975
2779097
2779329
2779592
2779760
2780970
2781252
2782472
2782762
2782821
2783044
2783226
2783459
2783477
2785208
2786446
2786576
2786695
2787988
2788422
2788458
2789564
2789832
2790184
2790625
2790789
2791058
2791523
2791905
2791943
2792980
2794378
2794480
2794671
2794686
2794936
2795243
2795279
2795633
2796059
2796231
2796942
2796960
2797479
2797754
2798487
2799129
2799858
