3600284
3600348
3600403
3602054
3602382
3602449
3602592
3602807
3602856
3603804
3604116
3604269
3604512
3604691
3604890
3605035
3606045
3606133
3606168
3606362
3606660
3606775
3607180
3607215
3608504
3609360
3609452
3610507
3611012
3611295
3611344
3611555
3611718
3612559
3612937
3614776
3615013
3615032
3615196
3615275
3615518
3615939
3616343
3616392
3616744
3616836
3617393
3617750
3617911
3618846
3619023
3619868
3620075
3620114
3620516
3620748
3621025
3621365
3621971
3622317
3622651
3623234
3623703
3624040
3624583
3624682
3624706
3624794
3626716
3626974
3627453
3627617
3628029
3628047
3628119
3629090
3629133
3629775
3629800
3630488
3630774
3631067
3631170
3631185
3631800
3631832
3632021
3632310
3632400
3632623
3632641
3632882
3633793
3633807
3633828
3634446
3635082
3635155
3635187
3635348
3635436
3635649
3635788
3635907
3636197
3636273
3637075
3637162
3637484
3638572
3638712
3638954
3639638
3640057
3640070
3640122
3641257
3641500
3641653
3641662
3641841
3641936
3642118
3643605
3644011
3645504
3645565
3645598
3646013
3646844
3647218
3647928
3648034
3648087
3648129
3648173
3648305
3648392
3648874
3650023
3650352
3650692
3651631
3651884
3652186
3652396
3653285
3653491
3653877
3654032
3654494
3654971
3655471
3656496
3656916
3657262
3657664
3657882
3658881
3659251
3660257
3660491
3660773
3661411
3661983
3662200
3662495
3662617
3663419
3663510
3663768
3664151
3664312
3664973
3666114
3666162
3666171
3666289
3666516
3666531
3667363
3667545
3667727
3668025
3668141
3668883
3669136
3669481
3669615
3669784
3669952
3670406
3670986
3671131
3671756
3671799
3671890
3671902
3672509
3672538
3673157
3673404
3673791
3674503
3674590
3675455
3676158
3676534
3676873
3676938
3677287
3677357
3678107
3678257
3679700
3679893
3679994
3680244
3680272
3680655
3680920
3681009
3681063
3681364
3681418
3682086
3682288
3682805
3682851
3683165
3683486
3683570
3684103
3684615
3684909
3684952
3685020
3686047
3686205
3686243
3686300
3686546
3687398
3688282
3688833
3688894
3690680
3690710
3691357
3691586
3691736
3691947
3692206
3692823
3693063
3693957
3694098
3694777
3695064
3695483
3695574
3695643
3696296
3696976
3697090
3697185
3697207
3697371
3697800
3697881
3698361
3699102
3699316
3699350
3699674
3699760
