2900839
2901352
2902658
2902986
2905242
2905817
2907175
2908573
2910837
2913436
2914887
2914994
2915025
2916042
2918875
2919282
2921835
2922795
2923234
2923402
2924805
2925208
2926958
2927594
2928685
2929869
2933861
2934513
2934750
2935251
2936096
2940111
2941144
2941463
2942540
2944984
2945323
2945359
2945661
2948351
2949345
2950456
2953903
2954246
2957743
2958752
2959895
2962799
2962803
2964676
2967849
2969526
2970054
2970412
2970962
2971408
2971756
2972730
2973067
2973244
2973678
2974231
2975535
2976946
2977242
2977306
2978452
2978463
2978576
2978989
2980619
2984779
2986999
2987069
2987350
2987844
2988795
2989654
2990427
2991105
2991809
2992334
2993139
2993776
2994376
2994649
2995714
2996698
2998865
2999365
2999962
