2900004
2900016
2900029
2900031
2900047
2900050
2900065
2900073
2900082
2900101
2900119
2900126
2900134
2900142
2900155
2900160
2900178
2900187
2900193
2900218
2900220
2900237
2900243
2900251
2900266
2900279
2900284
2900300
2900313
2900325
2900332
2900348
2900354
2900369
2900376
2900381
2900397
2900411
2900422
2900436
2900445
2900458
2900474
2900489
2900490
2900517
2900524
2900538
2900546
2900552
2900563
2900580
2900591
2900612
2900621
2900633
2900649
2900657
2900670
2900685
2900694
2900702
2900723
2900730
2900741
2900759
2900764
2900777
2900788
2900808
2900827
2900839
2900840
2900853
2900862
2900871
2900886
2900907
2900910
2900928
2900944
2900956
2900961
2900972
2900983
2900999
2901002
2901015
2901023
2901030
2901041
2901059
2901064
2901077
2901088
2901096
2901113
2901125
2901132
2901148
2901154
2901176
2901181
2901197
2901204
2901216
2901229
2901231
2901247
2901250
2901265
2901273
2901282
2901298
2901309
2901317
2901324
2901338
2901346
2901352
2901363
2901375
2901380
2901391
2901407
2901428
2901444
2901456
2901461
2901472
2901499
2901503
2901511
2901522
2901536
2901545
2901558
2901567
2901574
2901589
2901590
2901605
2901618
2901620
2901637
2901643
2901651
2901666
2901679
2901684
2901692
2901708
2901714
2901727
2901739
2901740
2901753
2901762
2901771
2901786
2901795
2901806
2901812
2901821
2901833
2901849
2901857
2901868
2901870
2901885
2901894
2901901
2901919
2901926
2901934
2901942
2901955
2901960
2901978
2901987
2901993
2902000
2902013
2902025
2902032
2902048
2902054
2902069
2902076
2902081
2902097
2902102
2902115
2902123
2902130
2902141
2902159
2902164
2902177
2902188
2902196
2902209
2902217
2902224
2902238
2902246
2902252
2902263
2902275
2902280
2902291
2902304
2902316
2902329
2902331
2902350
2902373
2902382
2902398
2902406
2902412
2902421
2902433
2902457
2902468
2902470
2902485
2902494
2902505
2902518
2902520
2902537
2902543
2902566
2902579
2902584
2902592
2902603
2902611
2902622
2902636
2902645
2902658
2902667
2902674
2902689
2902690
2902719
2902726
2902734
2902742
2902755
2902760
2902787
2902807
2902810
2902828
2902835
2902844
2902856
2902861
2902872
2902883
2902899
2902914
2902927
2902939
2902953
2902962
2902971
2902986
2902995
2903006
2903012
2903021
2903033
2903049
2903057
2903068
2903070
2903085
2903094
2903103
2903136
2903145
2903158
2903167
2903174
2903189
2903190
2903208
2903214
2903227
2903239
2903240
2903253
2903262
2903271
2903286
2903295
2903310
2903328
2903335
2903344
2903356
2903361
2903372
2903383
2903399
2903400
2903413
2903425
2903432
2903448
2903454
2903469
2903476
2903481
2903497
2903519
2903526
2903534
2903542
2903555
2903578
2903587
2903593
2903602
2903615
2903623
2903630
2903641
2903659
2903664
2903677
2903688
2903696
2903718
2903737
2903743
2903751
2903766
2903779
2903784
2903792
2903829
2903831
2903847
2903850
2903865
2903873
2903882
2903898
2903909
2903917
2903924
2903938
2903946
2903952
2903963
2903975
2903980
2903991
2904019
2904026
2904034
2904042
2904055
2904060
2904078
2904087
2904104
2904116
2904129
2904131
2904147
2904165
2904173
2904182
2904198
2904200
2904225
2904232
2904248
2904254
2904269
2904276
2904281
2904297
2904305
2904318
2904320
2904337
2904343
2904351
2904379
2904384
2904392
2904408
2904414
2904427
2904439
2904440
2904453
2904462
2904471
2904486
2904495
2904506
2904521
2904549
2904557
2904568
2904570
2904585
2904594
2904609
2904617
2904638
2904646
2904652
2904663
2904675
2904680
2904691
2904707
2904710
2904728
2904735
2904744
2904756
2904761
2904772
2904783
2904799
2904803
2904811
2904836
2904845
2904858
2904867
2904874
2904890
2904902
2904915
2904923
2904930
2904941
2904959
2904964
2904977
2904988
2905007
2905010
2905028
2905035
2905044
2905056
2905061
2905072
2905083
2905099
2905105
2905118
2905120
2905137
2905143
2905151
2905166
2905179
2905184
2905192
2905201
2905219
2905226
2905234
2905242
2905255
2905278
2905287
2905293
2905312
2905321
2905349
2905368
2905370
2905385
2905394
2905402
2905415
2905430
2905441
2905459
2905464
2905477
2905488
2905508
2905514
2905527
2905539
2905540
2905553
2905562
2905571
2905586
2905595
2905600
2905613
2905625
2905632
2905648
2905654
2905669
2905676
2905681
2905711
2905722
2905736
2905745
2905758
2905767
2905774
2905789
2905790
2905809
2905817
2905824
2905846
2905852
2905863
2905875
2905880
2905891
2905904
2905916
2905929
2905931
2905950
2905965
2905973
2905982
2905998
2906003
2906011
2906022
2906036
2906045
2906058
2906074
2906089
2906090
2906106
2906112
2906121
2906133
2906149
2906168
2906170
2906185
2906194
2906207
2906210
2906228
2906235
2906244
2906256
2906261
2906272
2906299
2906308
2906314
2906327
2906339
2906340
2906353
2906362
2906371
2906386
2906395
2906404
2906416
2906429
2906447
2906450
2906465
2906473
2906482
2906498
2906502
2906515
2906523
2906530
2906541
2906559
2906564
2906577
2906588
2906596
2906601
2906619
2906626
2906634
2906642
2906655
2906660
2906678
2906687
2906693
2906709
2906717
2906724
2906738
2906746
2906752
2906763
2906775
2906780
2906791
2906800
2906813
2906825
2906832
2906869
2906881
2906905
2906918
2906920
2906937
2906951
2906966
2906979
2907008
2907014
2907027
2907039
2907040
2907053
2907062
2907071
2907086
2907095
2907109
2907117
2907124
2907146
2907152
2907163
2907175
2907180
2907191
2907202
2907215
2907223
2907230
2907241
2907259
2907264
2907277
2907288
2907296
2907303
2907311
2907322
2907336
2907345
2907358
2907367
2907374
2907389
2907390
2907419
2907426
2907434
2907455
2907460
2907478
2907487
2907493
2907507
2907510
2907528
2907535
2907544
2907556
2907561
2907572
2907583
2907599
2907604
2907616
2907629
2907631
2907647
2907650
2907673
2907682
2907698
2907706
2907712
2907733
2907749
2907757
2907768
2907770
2907794
2907805
2907818
2907837
2907843
2907851
2907866
2907879
2907884
2907892
2907913
2907925
2907932
2907948
2907969
2907976
2907997
2908009
2908017
2908024
2908038
2908046
2908052
2908063
2908075
2908080
2908091
2908108
2908114
2908127
2908139
2908140
2908153
2908162
2908171
2908186
2908195
2908203
2908211
2908222
2908236
2908245
2908258
2908267
2908274
2908289
2908290
2908302
2908315
2908323
2908330
2908341
2908359
2908364
2908377
2908388
2908396
2908405
2908418
2908420
2908437
2908443
2908451
2908466
2908479
2908484
2908492
2908504
2908516
2908529
2908547
2908550
2908565
2908573
2908582
2908598
2908607
2908610
2908628
2908635
2908644
2908656
2908661
2908672
2908683
2908699
2908700
2908713
2908725
2908732
2908748
2908754
2908769
2908776
2908781
2908797
2908801
2908819
2908826
2908834
2908842
2908855
2908860
2908878
2908887
2908893
2908906
2908912
2908921
2908933
2908949
2908957
2908970
2908985
2908994
2909005
2909018
2909037
2909043
2909051
2909066
2909079
2909084
2909092
2909107
2909110
2909128
2909135
2909144
2909161
2909172
2909183
2909199
2909206
2909212
2909221
2909233
2909257
2909268
2909270
2909294
2909319
2909326
2909334
2909355
2909360
2909378
2909387
2909393
2909409
2909417
2909424
2909438
2909446
2909452
2909480
2909491
2909500
2909513
2909525
2909532
2909548
2909554
2909576
2909581
2909597
2909608
2909627
2909639
2909640
2909653
2909662
2909671
2909686
2909695
2909704
2909716
2909729
2909731
2909747
2909750
2909765
2909773
2909782
2909798
2909802
2909815
2909823
2909830
2909841
2909859
2909864
2909877
2909888
2909896
2909903
2909911
2909922
2909936
2909945
2909958
2909967
2909974
2909989
2909990
2910008
2910014
2910027
2910039
2910040
2910053
2910062
2910071
2910086
2910095
2910117
2910124
2910138
2910146
2910163
2910175
2910191
2910215
2910223
2910230
2910241
2910259
2910277
2910288
2910296
2910303
2910311
2910322
2910336
2910345
2910358
2910367
2910390
2910401
2910419
2910426
2910434
2910442
2910455
2910460
2910478
2910487
2910493
2910507
2910510
2910528
2910535
2910544
2910556
2910561
2910572
2910583
2910599
2910604
2910631
2910647
2910650
2910665
2910673
2910682
2910698
2910706
2910712
2910721
2910733
2910749
2910757
2910768
2910785
2910794
2910805
2910820
2910837
2910843
2910851
2910866
2910879
2910884
2910892
2910900
2910913
2910925
2910932
2910948
2910954
2910969
2910976
2910981
2911006
2911012
2911021
2911033
2911049
2911057
2911068
2911070
2911085
2911094
2911103
2911111
2911122
2911136
2911145
2911158
2911167
2911174
2911189
2911190
2911239
2911240
2911253
2911262
2911271
2911286
2911295
2911307
2911310
2911328
2911335
2911344
2911356
2911361
2911372
2911383
2911399
2911400
2911413
2911432
2911448
2911454
2911469
2911476
2911481
2911497
2911519
2911526
2911534
2911542
2911555
2911560
2911578
2911587
2911593
2911602
2911615
2911623
2911630
2911641
2911659
2911664
2911677
2911688
2911696
2911705
2911718
2911720
2911737
2911751
2911766
2911779
2911784
2911792
2911804
2911816
2911829
2911847
2911865
2911873
2911882
2911898
2911909
2911917
2911924
2911938
2911946
2911952
2911963
2911975
2911980
2912022
2912036
2912045
2912058
2912067
2912074
2912089
2912090
2912106
2912112
2912121
2912133
2912149
2912168
2912170
2912185
2912194
2912207
2912210
2912228
2912235
2912244
2912256
2912261
2912272
2912283
2912299
2912308
2912314
2912327
2912339
2912340
2912353
2912362
2912371
2912386
2912395
2912404
2912416
2912431
2912447
2912450
2912473
2912482
2912498
2912502
2912523
2912530
2912541
2912559
2912564
2912588
2912619
2912626
2912634
2912655
2912687
2912693
2912709
2912717
2912724
2912746
2912752
2912763
2912775
2912791
2912800
2912813
2912825
2912832
2912848
2912854
2912869
2912881
2912897
2912905
2912920
2912937
2912943
2912951
2912966
2912979
2913004
2913016
2913029
2913031
2913047
2913050
2913065
2913073
2913082
2913098
2913101
2913119
2913126
2913134
2913142
2913155
2913160
2913178
2913187
2913193
2913205
2913218
2913220
2913237
2913243
2913251
2913266
2913284
2913292
2913300
2913313
2913325
2913332
2913348
2913354
2913369
2913376
2913381
2913397
2913403
2913411
2913422
2913436
2913445
2913458
2913474
2913489
2913490
2913517
2913524
2913538
2913546
2913563
2913575
2913580
2913591
2913606
2913621
2913633
2913649
2913657
2913668
2913670
2913685
2913694
2913702
2913715
2913723
2913730
2913741
2913764
2913777
2913796
2913808
2913814
2913827
2913839
2913840
2913853
2913871
2913886
2913895
2913907
2913928
2913935
2913944
2913956
2913961
2913972
2913983
2913999
2914009
2914017
2914024
2914038
2914046
2914052
2914063
2914075
2914080
2914091
2914108
2914127
2914139
2914140
2914153
2914171
2914186
2914195
2914211
2914222
2914236
2914258
2914267
2914274
2914289
2914290
2914302
2914315
2914323
2914330
2914341
2914359
2914364
2914377
2914388
2914396
2914405
2914418
2914420
2914437
2914443
2914451
2914466
2914479
2914492
2914504
2914516
2914529
2914531
2914547
2914550
2914573
2914582
2914598
2914607
2914610
2914628
2914635
2914644
2914656
2914661
2914672
2914683
2914699
2914700
2914713
2914725
2914732
2914748
2914769
2914776
2914781
2914797
2914801
2914819
2914826
2914842
2914855
2914860
2914878
2914887
2914893
2914906
2914921
2914933
2914949
2914968
2914970
2914985
2914994
2915000
2915013
2915025
2915032
2915048
2915054
2915069
2915076
2915081
2915097
2915102
2915115
2915123
2915130
2915141
2915159
2915164
2915177
2915188
2915196
2915209
2915217
2915224
2915238
2915246
2915252
2915263
2915280
2915291
2915304
2915316
2915329
2915331
2915347
2915350
2915365
2915382
2915398
2915406
2915412
2915421
2915433
2915449
2915457
2915470
2915485
2915494
2915505
2915518
2915520
2915537
2915551
2915566
2915579
2915584
2915592
2915603
2915622
2915636
2915645
2915658
2915667
2915674
2915689
2915690
2915701
2915719
2915726
2915734
2915742
2915755
2915760
2915778
2915787
2915793
2915810
2915828
2915835
2915844
2915856
2915861
2915872
2915883
2915899
2915908
2915914
2915927
2915939
2915940
2915953
2915971
2915986
2915995
2916001
2916019
2916026
2916034
2916042
2916055
2916060
2916078
2916087
2916093
2916104
2916116
2916129
2916131
2916150
2916173
2916182
2916198
2916200
2916213
2916225
2916248
2916254
2916269
2916276
2916281
2916297
2916305
2916318
2916320
2916337
2916343
2916351
2916366
2916379
2916384
2916392
2916408
2916427
2916439
2916453
2916462
2916471
2916486
2916495
2916506
2916512
2916521
2916533
2916549
2916557
2916568
2916570
2916585
2916594
2916609
2916617
2916624
2916638
2916646
2916652
2916663
2916675
2916680
2916691
2916707
2916710
2916728
2916735
2916744
2916756
2916761
2916772
2916783
2916799
2916803
2916811
2916822
2916836
2916845
2916858
2916867
2916874
2916889
2916890
2916902
2916915
2916923
2916930
2916941
2916959
2916964
2916977
2916988
2916996
2917005
2917018
2917020
2917037
2917043
2917051
2917066
2917079
2917084
2917092
2917107
2917110
2917128
2917135
2917144
2917156
2917161
2917172
2917183
2917199
2917206
2917212
2917221
2917233
2917257
2917268
2917270
2917285
2917294
2917319
2917326
2917334
2917342
2917355
2917360
2917378
2917387
2917393
2917409
2917417
2917424
2917446
2917452
2917463
2917475
2917480
2917491
2917500
2917513
2917525
2917532
2917548
2917554
2917569
2917576
2917581
2917597
2917608
2917614
2917627
2917639
2917640
2917662
2917671
2917686
2917695
2917704
2917716
2917729
2917731
2917747
2917750
2917765
2917773
2917782
2917798
2917802
2917815
2917823
2917830
2917841
2917859
2917864
2917877
2917888
2917896
2917903
2917911
2917922
2917936
2917945
2917958
2917967
2917974
2917989
2917990
2918007
2918010
2918028
2918035
2918044
2918056
2918061
2918072
2918083
2918099
2918118
2918120
2918137
2918143
2918151
2918166
2918179
2918184
2918201
2918219
2918226
2918234
2918242
2918255
2918260
2918278
2918287
2918293
2918306
2918312
2918321
2918333
2918349
2918357
2918368
2918370
2918385
2918394
2918402
2918415
2918423
2918430
2918441
2918459
2918464
2918477
2918496
2918508
2918514
2918527
2918539
2918540
2918553
2918562
2918571
2918586
2918595
2918600
2918613
2918625
2918632
2918648
2918654
2918669
2918676
2918681
2918697
2918703
2918711
2918722
2918736
2918745
2918758
2918767
2918774
2918789
2918790
2918809
2918817
2918824
2918838
2918846
2918852
2918863
2918875
2918880
2918891
2918904
2918916
2918931
2918947
2918950
2918965
2918973
2918982
2918998
2919015
2919023
2919030
2919059
2919064
2919077
2919088
2919096
2919100
2919113
2919132
2919148
2919154
2919169
2919176
2919181
2919197
2919204
2919216
2919229
2919231
2919247
2919250
2919265
2919273
2919282
2919298
2919309
2919317
2919324
2919338
2919352
2919363
2919375
2919380
2919391
2919407
2919410
2919428
2919435
2919444
2919461
2919472
2919483
2919499
2919503
2919511
2919522
2919536
2919545
2919558
2919567
2919574
2919589
2919590
2919605
2919618
2919620
2919637
2919643
2919651
2919666
2919679
2919684
2919708
2919714
2919727
2919739
2919740
2919753
2919771
2919786
2919795
2919806
2919821
2919833
2919849
2919857
2919868
2919870
2919885
2919894
2919901
2919919
2919926
2919934
2919942
2919955
2919960
2919978
2919987
2919993
2920009
2920017
2920024
2920038
2920052
2920063
2920075
2920080
2920091
2920108
2920114
2920127
2920139
2920140
2920153
2920162
2920171
2920186
2920195
2920203
2920236
2920245
2920258
2920267
2920274
2920289
2920290
2920302
2920315
2920323
2920330
2920359
2920364
2920388
2920396
2920405
2920418
2920420
2920437
2920443
2920451
2920466
2920479
2920484
2920492
2920504
2920516
2920529
2920531
2920547
2920550
2920573
2920582
2920610
2920628
2920635
2920644
2920656
2920661
2920672
2920683
2920699
2920700
2920713
2920732
2920754
2920769
2920776
2920781
2920797
2920801
2920819
2920826
2920834
2920855
2920860
2920878
2920887
2920893
2920906
2920933
2920949
2920968
2920970
2920994
2921000
2921025
2921032
2921048
2921054
2921069
2921097
2921102
2921115
2921123
2921130
2921141
2921159
2921164
2921177
2921188
2921196
2921209
2921217
2921224
2921238
2921246
2921252
2921263
2921275
2921280
2921304
2921316
2921329
2921331
2921347
2921365
2921373
2921382
2921398
2921406
2921412
2921433
2921457
2921468
2921470
2921485
2921505
2921518
2921520
2921537
2921543
2921551
2921566
2921579
2921584
2921592
2921603
2921611
2921622
2921636
2921645
2921658
2921667
2921674
2921689
2921690
2921701
2921719
2921726
2921734
2921742
2921760
2921778
2921787
2921793
2921807
2921810
2921835
2921844
2921861
2921872
2921883
2921899
2921908
2921914
2921927
2921939
2921940
2921962
2921971
2921986
2921995
2922002
2922023
2922030
2922041
2922059
2922064
2922077
2922088
2922100
2922113
2922125
2922132
2922148
2922154
2922176
2922181
2922197
2922204
2922216
2922229
2922247
2922250
2922265
2922273
2922282
2922298
2922309
2922317
2922324
2922338
2922346
2922352
2922363
2922375
2922380
2922391
2922407
2922410
2922428
2922435
2922456
2922461
2922472
2922499
2922503
2922511
2922522
2922536
2922545
2922558
2922567
2922574
2922589
2922590
2922605
2922618
2922620
2922637
2922643
2922651
2922666
2922684
2922692
2922708
2922714
2922727
2922739
2922740
2922753
2922762
2922771
2922786
2922795
2922806
2922812
2922821
2922849
2922868
2922870
2922885
2922894
2922919
2922926
2922934
2922942
2922955
2922960
2922978
2922993
2923007
2923028
2923035
2923044
2923056
2923061
2923072
2923083
2923099
2923118
2923120
2923137
2923143
2923151
2923166
2923179
2923192
2923201
2923219
2923234
2923242
2923255
2923260
2923278
2923287
2923293
2923306
2923312
2923321
2923333
2923357
2923368
2923370
2923385
2923394
2923402
2923415
2923423
2923430
2923441
2923459
2923464
2923477
2923488
2923496
2923508
2923514
2923527
2923539
2923540
2923553
2923562
2923571
2923586
2923595
2923600
2923613
2923625
2923632
2923648
2923654
2923669
2923676
2923681
2923697
2923722
2923736
2923745
2923758
2923767
2923774
2923789
2923790
2923817
2923838
2923846
2923852
2923863
2923875
2923880
2923891
2923904
2923916
2923929
2923931
2923947
2923950
2923965
2923973
2923982
2923998
2924008
2924014
2924039
2924040
2924062
2924071
2924095
2924117
2924138
2924146
2924152
2924163
2924175
2924180
2924202
2924215
2924223
2924241
2924259
2924264
2924277
2924288
2924296
2924303
2924322
2924336
2924345
2924358
2924367
2924374
2924389
2924390
2924401
2924419
2924426
2924434
2924442
2924455
2924487
2924493
2924510
2924528
2924535
2924544
2924556
2924561
2924572
2924583
2924604
2924616
2924629
2924631
2924647
2924650
2924665
2924673
2924682
2924698
2924706
2924712
2924721
2924749
2924768
2924770
2924785
2924794
2924805
2924818
2924820
2924837
2924843
2924851
2924879
2924884
2924892
2924900
2924913
2924925
2924932
2924948
2924954
2924969
2924976
2924997
2925006
2925012
2925021
2925033
2925057
2925068
2925070
2925085
2925094
2925111
2925122
2925136
2925145
2925167
2925174
2925189
2925190
2925208
2925214
2925227
2925239
2925240
2925253
2925262
2925271
2925286
2925295
2925307
2925310
2925335
2925344
2925361
2925372
2925399
2925400
2925413
2925425
2925432
2925448
2925454
2925469
2925476
2925481
2925497
2925501
2925519
2925526
2925534
2925542
2925555
2925560
2925578
2925587
2925593
2925602
2925615
2925623
2925630
2925641
2925659
2925664
2925677
2925688
2925696
2925705
2925718
2925720
2925737
2925743
2925751
2925779
2925784
2925792
2925804
2925816
2925829
2925831
2925850
2925865
2925873
2925882
2925898
2925909
2925917
2925924
2925938
2925946
2925952
2925963
2925975
2925991
2926005
2926018
2926020
2926037
2926051
2926066
2926084
2926092
2926107
2926110
2926128
2926135
2926156
2926161
2926172
2926183
2926199
2926206
2926212
2926233
2926249
2926257
2926268
2926270
2926285
2926319
2926334
2926342
2926355
2926360
2926378
2926387
2926393
2926409
2926417
2926424
2926438
2926446
2926452
2926463
2926480
2926491
2926500
2926525
2926532
2926554
2926569
2926576
2926581
2926597
2926608
2926614
2926627
2926639
2926640
2926653
2926662
2926671
2926686
2926695
2926704
2926716
2926729
2926731
2926747
2926765
2926773
2926782
2926798
2926802
2926815
2926823
2926841
2926859
2926864
2926877
2926888
2926896
2926903
2926911
2926936
2926945
2926958
2926967
2926974
2926989
2926990
2927001
2927019
2927026
2927034
2927042
2927055
2927060
2927078
2927087
2927093
2927104
2927129
2927131
2927147
2927150
2927165
2927173
2927182
2927198
2927200
2927213
2927225
2927232
2927248
2927269
2927276
2927297
2927305
2927318
2927320
2927337
2927343
2927366
2927379
2927384
2927392
2927408
2927414
2927427
2927439
2927440
2927453
2927462
2927471
2927495
2927506
2927512
2927521
2927533
2927557
2927568
2927570
2927585
2927594
2927609
2927624
2927638
2927646
2927652
2927663
2927675
2927680
2927691
2927710
2927728
2927735
2927744
2927756
2927761
2927772
2927783
2927799
2927803
2927811
2927836
2927845
2927858
2927867
2927874
2927889
2927890
2927902
2927915
2927923
2927930
2927941
2927959
2927964
2927977
2927988
2927996
2928004
2928016
2928029
2928031
2928047
2928050
2928065
2928073
2928082
2928098
2928101
2928134
2928142
2928155
2928160
2928178
2928187
2928205
2928218
2928220
2928237
2928243
2928251
2928266
2928279
2928292
2928300
2928313
2928325
2928332
2928348
2928354
2928369
2928376
2928381
2928397
2928403
2928411
2928422
2928436
2928445
2928458
2928467
2928474
2928489
2928490
2928509
2928524
2928546
2928552
2928575
2928580
2928591
2928606
2928621
2928633
2928649
2928657
2928668
2928670
2928685
2928694
2928702
2928715
2928723
2928741
2928764
2928777
2928788
2928796
2928808
2928814
2928827
2928839
2928840
2928853
2928862
2928871
2928886
2928895
2928907
2928928
2928935
2928944
2928961
2928972
2928983
2928999
2929003
2929011
2929022
2929036
2929045
2929067
2929074
2929090
2929106
2929112
2929121
2929133
2929157
2929168
2929170
2929185
2929207
2929210
2929228
2929256
2929261
2929272
2929299
2929308
2929314
2929327
2929339
2929340
2929353
2929362
2929371
2929386
2929395
2929416
2929429
2929431
2929447
2929450
2929465
2929482
2929515
2929523
2929541
2929564
2929577
2929588
2929596
2929601
2929619
2929626
2929634
2929642
2929655
2929687
2929693
2929709
2929724
2929738
2929752
2929763
2929775
2929780
2929791
2929800
2929813
2929825
2929832
2929848
2929854
2929869
2929876
2929881
2929897
2929905
2929918
2929920
2929937
2929943
2929951
2929966
2929979
2929984
2929992
2930007
2930010
2930028
2930035
2930044
2930056
2930061
2930072
2930083
2930099
2930105
2930118
2930120
2930137
2930143
2930151
2930166
2930179
2930184
2930192
2930201
2930219
2930234
2930242
2930255
2930260
2930278
2930287
2930293
2930306
2930321
2930333
2930349
2930357
2930368
2930370
2930385
2930394
2930402
2930415
2930423
2930441
2930464
2930477
2930488
2930496
2930508
2930514
2930527
2930540
2930553
2930562
2930571
2930586
2930595
2930600
2930613
2930632
2930648
2930654
2930669
2930681
2930703
2930711
2930722
2930736
2930745
2930758
2930767
2930789
2930790
2930809
2930817
2930824
2930846
2930852
2930863
2930875
2930880
2930891
2930904
2930916
2930929
2930931
2930947
2930950
2930965
2930982
2930998
2931003
2931011
2931022
2931036
2931045
2931058
2931067
2931074
2931090
2931106
2931112
2931121
2931133
2931149
2931157
2931168
2931170
2931185
2931194
2931207
2931228
2931235
2931244
2931256
2931261
2931272
2931283
2931314
2931327
2931339
2931340
2931353
2931362
2931371
2931386
2931395
2931404
2931416
2931429
2931431
2931447
2931450
2931465
2931473
2931482
2931498
2931502
2931523
2931530
2931541
2931564
2931577
2931596
2931601
2931619
2931626
2931642
2931655
2931660
2931678
2931687
2931693
2931709
2931717
2931724
2931738
2931746
2931752
2931763
2931780
2931791
2931813
2931825
2931832
2931848
2931854
2931869
2931876
2931881
2931897
2931905
2931920
2931937
2931943
2931951
2931966
2931979
2931984
2931992
2932006
2932012
2932021
2932033
2932057
2932068
2932070
2932085
2932094
2932103
2932111
2932136
2932145
2932158
2932167
2932174
2932189
2932190
2932208
2932214
2932227
2932240
2932253
2932262
2932271
2932286
2932307
2932328
2932335
2932344
2932356
2932361
2932372
2932383
2932399
2932400
2932413
2932432
2932448
2932454
2932469
2932476
2932497
2932501
2932519
2932526
2932534
2932542
2932560
2932578
2932587
2932593
2932615
2932623
2932630
2932641
2932659
2932664
2932688
2932696
2932705
2932718
2932720
2932737
2932743
2932751
2932766
2932784
2932792
2932804
2932816
2932829
2932847
2932850
2932865
2932873
2932882
2932898
2932909
2932917
2932924
2932938
2932946
2932952
2932963
2932975
2932980
2932991
2933000
2933013
2933025
2933032
2933048
2933054
2933069
2933081
2933097
2933102
2933115
2933130
2933141
2933159
2933164
2933177
2933188
2933196
2933209
2933217
2933238
2933246
2933252
2933263
2933275
2933280
2933304
2933316
2933331
2933365
2933373
2933382
2933398
2933406
2933412
2933421
2933433
2933449
2933457
2933468
2933470
2933485
2933494
2933505
2933518
2933537
2933543
2933551
2933566
2933579
2933584
2933592
2933603
2933611
2933622
2933645
2933658
2933667
2933674
2933689
2933690
2933701
2933719
2933734
2933742
2933755
2933760
2933778
2933787
2933793
2933810
2933828
2933835
2933844
2933856
2933861
2933872
2933883
2933899
2933908
2933914
2933927
2933940
2933953
2933962
2933986
2933995
2934005
2934018
2934020
2934037
2934043
2934051
2934066
2934092
2934110
2934128
2934135
2934156
2934161
2934172
2934183
2934199
2934206
2934212
2934221
2934233
2934249
2934257
2934268
2934270
2934285
2934294
2934301
2934326
2934334
2934342
2934355
2934360
2934378
2934393
2934409
2934417
2934424
2934438
2934446
2934452
2934463
2934475
2934480
2934491
2934500
2934513
2934525
2934532
2934548
2934554
2934569
2934581
2934597
2934608
2934614
2934627
2934639
2934640
2934653
2934662
2934671
2934686
2934704
2934716
2934729
2934731
2934747
2934750
2934765
2934773
2934782
2934802
2934815
2934823
2934830
2934841
2934864
2934877
2934888
2934896
2934903
2934911
2934922
2934936
2934945
2934958
2934967
2934974
2934989
2934990
2935004
2935016
2935029
2935031
2935047
2935073
2935082
2935098
2935101
2935119
2935126
2935134
2935142
2935155
2935160
2935178
2935187
2935193
2935205
2935218
2935220
2935237
2935243
2935251
2935266
2935279
2935284
2935292
2935300
2935325
2935332
2935348
2935354
2935369
2935376
2935397
2935403
2935411
2935422
2935445
2935467
2935474
2935490
2935509
2935517
2935524
2935538
2935546
2935552
2935563
2935575
2935580
2935591
2935606
2935621
2935633
2935649
2935657
2935668
2935670
2935685
2935694
2935702
2935715
2935723
2935730
2935741
2935759
2935764
2935777
2935788
2935796
2935808
2935814
2935827
2935839
2935840
2935853
2935862
2935886
2935895
2935907
2935910
2935928
2935935
2935944
2935972
2935983
2935999
2936002
2936015
2936023
2936030
2936041
2936059
2936064
2936077
2936088
2936096
2936100
2936113
2936125
2936132
2936148
2936154
2936169
2936176
2936181
2936197
2936204
2936216
2936229
2936231
2936247
2936250
2936273
2936282
2936309
2936317
2936324
2936338
2936346
2936352
2936363
2936380
2936391
2936410
2936428
2936435
2936444
2936456
2936461
2936472
2936483
2936499
2936503
2936511
2936522
2936536
2936545
2936558
2936567
2936589
2936605
2936618
2936620
2936637
2936643
2936651
2936666
2936684
2936692
2936708
2936714
2936727
2936739
2936740
2936753
2936762
2936771
2936786
2936795
2936806
2936812
2936821
2936849
2936857
2936868
2936885
2936894
2936901
2936919
2936926
2936934
2936942
2936955
2936987
2936993
2937009
2937017
2937024
2937038
2937046
2937052
2937063
2937075
2937080
2937091
2937108
2937114
2937127
2937139
2937140
2937153
2937162
2937171
2937186
2937195
2937211
2937222
2937236
2937245
2937258
2937267
2937274
2937289
2937290
2937315
2937323
2937330
2937341
2937364
2937377
2937388
2937396
2937405
2937418
2937420
2937437
2937443
2937451
2937466
2937479
2937484
2937492
2937516
2937529
2937547
2937550
2937565
2937573
2937582
2937598
2937607
2937610
2937628
2937635
2937644
2937656
2937661
2937672
2937683
2937699
2937700
2937713
2937732
2937748
2937754
2937776
2937781
2937797
2937801
2937819
2937826
2937834
2937842
2937860
2937878
2937887
2937893
2937906
2937912
2937921
2937933
2937949
2937957
2937968
2937970
2937985
2937994
2938008
2938014
2938027
2938039
2938040
2938053
2938071
2938086
2938095
2938109
2938117
2938124
2938146
2938152
2938163
2938175
2938180
2938191
2938202
2938215
2938223
2938230
2938259
2938277
2938288
2938296
2938303
2938311
2938322
2938336
2938358
2938367
2938374
2938389
2938390
2938401
2938419
2938426
2938434
2938442
2938455
2938460
2938487
2938493
2938507
2938510
2938528
2938535
2938544
2938556
2938561
2938572
2938583
2938599
2938604
2938616
2938629
2938631
2938647
2938650
2938665
2938682
2938706
2938712
2938721
2938733
2938749
2938757
2938768
2938770
2938785
2938794
2938805
2938818
2938820
2938837
2938843
2938851
2938866
2938879
2938884
2938892
2938900
2938913
2938925
2938932
2938954
2938969
2938976
2938981
2938997
2939001
2939019
2939026
2939034
2939042
2939055
2939060
2939078
2939087
2939093
2939104
2939116
2939129
2939131
2939147
2939150
2939165
2939182
2939198
2939200
2939213
2939232
2939248
2939269
2939276
2939281
2939297
2939305
2939318
2939320
2939343
2939351
2939379
2939384
2939392
2939414
2939427
2939439
2939440
2939453
2939462
2939486
2939495
2939506
2939512
2939521
2939533
2939549
2939557
2939568
2939570
2939585
2939594
2939609
2939617
2939624
2939638
2939646
2939652
2939663
2939675
2939680
2939691
2939707
2939710
2939735
2939744
2939756
2939761
2939772
2939783
2939799
2939803
2939822
2939836
2939845
2939858
2939867
2939874
2939889
2939890
2939902
2939915
2939923
2939930
2939941
2939959
2939964
2939977
2939988
2939996
2940012
2940021
2940033
2940049
2940057
2940068
2940070
2940085
2940103
2940111
2940136
2940145
2940158
2940167
2940174
2940189
2940190
2940208
2940214
2940227
2940239
2940240
2940253
2940262
2940271
2940286
2940295
2940307
2940328
2940335
2940344
2940356
2940361
2940383
2940399
2940400
2940413
2940425
2940432
2940448
2940454
2940469
2940476
2940481
2940497
2940501
2940519
2940526
2940534
2940542
2940555
2940560
2940578
2940587
2940593
2940602
2940615
2940623
2940630
2940641
2940688
2940696
2940705
2940718
2940720
2940737
2940751
2940766
2940779
2940784
2940792
2940804
2940816
2940829
2940831
2940847
2940850
2940865
2940873
2940882
2940898
2940909
2940917
2940924
2940946
2940952
2940963
2940975
2940991
2941005
2941018
2941020
2941043
2941051
2941066
2941079
2941084
2941092
2941107
2941110
2941128
2941144
2941156
2941161
2941172
2941183
2941199
2941206
2941212
2941221
2941233
2941249
2941257
2941268
2941270
2941285
2941294
2941301
2941319
2941326
2941334
2941342
2941355
2941360
2941378
2941387
2941393
2941409
2941417
2941424
2941438
2941446
2941452
2941463
2941475
2941480
2941500
2941513
2941525
2941532
2941548
2941554
2941569
2941576
2941581
2941597
2941608
2941614
2941627
2941639
2941640
2941653
2941662
2941671
2941686
2941695
2941704
2941716
2941729
2941750
2941773
2941782
2941798
2941802
2941815
2941823
2941830
2941841
2941859
2941864
2941877
2941888
2941896
2941903
2941911
2941922
2941936
2941945
2941958
2941974
2941989
2941990
2942007
2942028
2942035
2942044
2942056
2942072
2942083
2942099
2942105
2942118
2942120
2942137
2942143
2942151
2942166
2942179
2942184
2942192
2942201
2942219
2942226
2942242
2942255
2942260
2942278
2942293
2942306
2942312
2942321
2942333
2942357
2942385
2942394
2942402
2942423
2942430
2942459
2942464
2942477
2942488
2942496
2942508
2942514
2942527
2942539
2942540
2942553
2942562
2942571
2942586
2942595
2942600
2942613
2942625
2942632
2942648
2942654
2942669
2942676
2942681
2942697
2942711
2942722
2942736
2942745
2942758
2942767
2942774
2942789
2942790
2942809
2942817
2942824
2942838
2942846
2942852
2942863
2942875
2942880
2942891
2942904
2942916
2942929
2942931
2942947
2942965
2942973
2942982
2942998
2943002
2943023
2943041
2943059
2943064
2943077
2943088
2943096
2943100
2943113
2943125
2943132
2943148
2943154
2943169
2943176
2943181
2943197
2943204
2943229
2943231
2943247
2943250
2943265
2943273
2943282
2943298
2943309
2943324
2943338
2943346
2943352
2943363
2943375
2943391
2943407
2943410
2943428
2943444
2943456
2943461
2943472
2943483
2943499
2943503
2943511
2943522
2943536
2943545
2943558
2943567
2943574
2943589
2943590
2943605
2943618
2943620
2943637
2943643
2943651
2943666
2943679
2943684
2943692
2943708
2943714
2943727
2943739
2943740
2943762
2943771
2943786
2943795
2943806
2943812
2943821
2943833
2943849
2943857
2943868
2943870
2943885
2943894
2943901
2943919
2943926
2943934
2943942
2943955
2943960
2943978
2943987
2943993
2944003
2944011
2944022
2944036
2944045
2944058
2944067
2944074
2944089
2944090
2944106
2944121
2944133
2944149
2944157
2944168
2944170
2944185
2944194
2944207
2944210
2944228
2944235
2944244
2944256
2944261
2944272
2944283
2944299
2944308
2944314
2944327
2944339
2944340
2944353
2944362
2944371
2944386
2944395
2944404
2944416
2944431
2944447
2944465
2944473
2944482
2944498
2944502
2944515
2944523
2944530
2944541
2944559
2944564
2944577
2944588
2944596
2944601
2944619
2944626
2944634
2944642
2944655
2944660
2944678
2944687
2944693
2944709
2944717
2944724
2944738
2944746
2944752
2944763
2944775
2944780
2944791
2944800
2944813
2944825
2944832
2944848
2944854
2944869
2944876
2944881
2944897
2944905
2944918
2944920
2944937
2944951
2944966
2944979
2944984
2944992
2945009
2945017
2945038
2945046
2945052
2945063
2945075
2945080
2945091
2945108
2945114
2945127
2945139
2945140
2945153
2945162
2945171
2945186
2945195
2945203
2945211
2945222
2945236
2945245
2945258
2945267
2945274
2945289
2945290
2945302
2945315
2945323
2945330
2945341
2945359
2945364
2945377
2945396
2945405
2945418
2945420
2945437
2945443
2945451
2945466
2945479
2945484
2945492
2945516
2945531
2945547
2945565
2945573
2945582
2945598
2945607
2945610
2945628
2945635
2945644
2945656
2945661
2945672
2945699
2945713
2945725
2945732
2945748
2945754
2945769
2945781
2945797
2945801
2945819
2945826
2945834
2945842
2945855
2945860
2945878
2945887
2945906
2945912
2945921
2945933
2945949
2945957
2945968
2945970
2945985
2945994
2946000
2946013
2946025
2946048
2946054
2946069
2946076
2946081
2946097
2946102
2946115
2946123
2946141
2946159
2946164
2946177
2946188
2946196
2946209
2946217
2946224
2946238
2946246
2946252
2946263
2946275
2946280
2946291
2946304
2946329
2946350
2946365
2946373
2946382
2946398
2946406
2946412
2946421
2946433
2946449
2946457
2946468
2946470
2946485
2946494
2946505
2946518
2946520
2946537
2946543
2946551
2946579
2946584
2946592
2946603
2946611
2946622
2946636
2946645
2946658
2946667
2946674
2946689
2946690
2946701
2946719
2946726
2946734
2946742
2946755
2946760
2946778
2946787
2946793
2946807
2946810
2946828
2946835
2946844
2946856
2946861
2946872
2946899
2946908
2946927
2946939
2946940
2946953
2946962
2946971
2946986
2946995
2947016
2947029
2947031
2947047
2947050
2947065
2947073
2947082
2947098
2947101
2947119
2947126
2947134
2947142
2947155
2947160
2947178
2947187
2947193
2947205
2947218
2947220
2947237
2947243
2947266
2947279
2947284
2947292
2947300
2947313
2947325
2947332
2947348
2947354
2947369
2947376
2947397
2947403
2947411
2947422
2947436
2947445
2947458
2947467
2947474
2947489
2947490
2947509
2947517
2947524
2947538
2947546
2947552
2947563
2947575
2947580
2947591
2947612
2947621
2947633
2947649
2947657
2947668
2947670
2947685
2947702
2947715
2947723
2947730
2947759
2947777
2947788
2947808
2947814
2947827
2947839
2947840
2947853
2947862
2947886
2947895
2947907
2947910
2947928
2947935
2947944
2947956
2947961
2947972
2947983
2947999
2948001
2948019
2948026
2948034
2948042
2948055
2948060
2948078
2948087
2948104
2948116
2948129
2948131
2948147
2948150
2948165
2948173
2948182
2948198
2948200
2948225
2948232
2948248
2948254
2948269
2948276
2948281
2948297
2948318
2948320
2948337
2948351
2948379
2948392
2948408
2948414
2948427
2948439
2948440
2948453
2948462
2948471
2948486
2948495
2948506
2948512
2948521
2948533
2948549
2948557
2948568
2948570
2948585
2948594
2948609
2948617
2948624
2948638
2948652
2948663
2948675
2948680
2948691
2948707
2948710
2948728
2948744
2948756
2948761
2948772
2948783
2948799
2948811
2948822
2948845
2948858
2948867
2948874
2948889
2948890
2948902
2948923
2948930
2948941
2948959
2948964
2948988
2948996
2949008
2949014
2949027
2949039
2949040
2949071
2949086
2949095
2949117
2949138
2949146
2949152
2949175
2949180
2949191
2949202
2949215
2949223
2949230
2949241
2949259
2949264
2949277
2949288
2949296
2949311
2949336
2949345
2949358
2949367
2949389
2949390
2949401
2949419
2949426
2949434
2949442
2949455
2949460
2949478
2949487
2949493
2949507
2949510
2949528
2949535
2949544
2949556
2949561
2949572
2949583
2949599
2949604
2949616
2949629
2949631
2949665
2949673
2949682
2949706
2949721
2949733
2949749
2949757
2949768
2949770
2949785
2949794
2949805
2949818
2949820
2949837
2949843
2949851
2949866
2949879
2949884
2949892
2949913
2949925
2949932
2949948
2949954
2949969
2949976
2949981
2949997
2950002
2950015
2950023
2950041
2950059
2950064
2950077
2950088
2950096
2950100
2950113
2950125
2950132
2950148
2950154
2950169
2950176
2950181
2950197
2950204
2950216
2950229
2950231
2950247
2950250
2950265
2950273
2950282
2950298
2950317
2950324
2950338
2950346
2950352
2950363
2950375
2950380
2950391
2950407
2950410
2950428
2950435
2950444
2950456
2950461
2950472
2950499
2950503
2950511
2950522
2950536
2950545
2950567
2950574
2950589
2950590
2950605
2950618
2950620
2950637
2950643
2950651
2950666
2950679
2950684
2950692
2950708
2950714
2950727
2950739
2950753
2950762
2950771
2950786
2950795
2950812
2950821
2950833
2950857
2950868
2950870
2950885
2950894
2950901
2950919
2950926
2950934
2950942
2950955
2950960
2950978
2950987
2950993
2951008
2951014
2951027
2951039
2951053
2951062
2951071
2951086
2951095
2951109
2951117
2951124
2951138
2951146
2951152
2951163
2951180
2951191
2951202
2951215
2951223
2951230
2951241
2951259
2951264
2951277
2951288
2951303
2951311
2951322
2951336
2951345
2951358
2951367
2951374
2951389
2951390
2951419
2951434
2951442
2951460
2951478
2951487
2951493
2951507
2951510
2951528
2951535
2951544
2951556
2951572
2951583
2951599
2951604
2951616
2951631
2951647
2951650
2951665
2951682
2951698
2951706
2951712
2951721
2951733
2951749
2951757
2951768
2951770
2951785
2951794
2951805
2951818
2951820
2951837
2951843
2951851
2951866
2951879
2951884
2951892
2951900
2951925
2951932
2951948
2951954
2951969
2951976
2951981
2951997
2952009
2952017
2952024
2952038
2952046
2952052
2952063
2952075
2952080
2952091
2952108
2952114
2952127
2952140
2952153
2952162
2952171
2952186
2952195
2952203
2952211
2952222
2952236
2952245
2952258
2952267
2952274
2952289
2952290
2952302
2952315
2952323
2952330
2952341
2952359
2952364
2952377
2952388
2952396
2952405
2952418
2952420
2952437
2952443
2952451
2952466
2952479
2952484
2952492
2952504
2952529
2952531
2952547
2952550
2952565
2952573
2952582
2952598
2952607
2952610
2952628
2952635
2952644
2952656
2952661
2952672
2952683
2952699
2952700
2952713
2952725
2952732
2952748
2952754
2952769
2952776
2952781
2952797
2952801
2952819
2952826
2952842
2952855
2952860
2952878
2952887
2952893
2952906
2952912
2952921
2952949
2952957
2952968
2952970
2952985
2952994
2953005
2953018
2953020
2953051
2953066
2953079
2953084
2953092
2953107
2953110
2953128
2953135
2953144
2953156
2953161
2953172
2953183
2953199
2953206
2953212
2953221
2953233
2953249
2953257
2953268
2953270
2953285
2953294
2953301
2953319
2953326
2953334
2953342
2953355
2953360
2953378
2953387
2953393
2953409
2953417
2953424
2953438
2953446
2953452
2953463
2953475
2953480
2953491
2953500
2953525
2953532
2953548
2953569
2953576
2953581
2953597
2953614
2953627
2953639
2953640
2953653
2953662
2953671
2953695
2953704
2953716
2953729
2953731
2953747
2953750
2953765
2953782
2953798
2953802
2953815
2953830
2953841
2953859
2953877
2953888
2953896
2953903
2953911
2953936
2953945
2953958
2953989
2953990
2954000
2954013
2954025
2954032
2954048
2954076
2954081
2954097
2954102
2954115
2954130
2954141
2954164
2954177
2954188
2954196
2954209
2954217
2954224
2954238
2954246
2954252
2954263
2954275
2954280
2954291
2954304
2954316
2954329
2954331
2954347
2954365
2954373
2954398
2954406
2954412
2954421
2954433
2954449
2954457
2954468
2954485
2954494
2954505
2954518
2954520
2954537
2954543
2954551
2954566
2954579
2954584
2954603
2954611
2954622
2954636
2954645
2954658
2954667
2954674
2954689
2954690
2954701
2954719
2954726
2954734
2954742
2954755
2954760
2954778
2954787
2954793
2954807
2954810
2954828
2954835
2954844
2954856
2954861
2954872
2954883
2954899
2954908
2954914
2954927
2954939
2954940
2954953
2954986
2954995
2955001
2955019
2955026
2955034
2955042
2955055
2955060
2955078
2955087
2955093
2955116
2955129
2955131
2955147
2955165
2955173
2955182
2955198
2955200
2955213
2955225
2955248
2955254
2955269
2955276
2955281
2955305
2955318
2955320
2955337
2955343
2955351
2955366
2955379
2955384
2955392
2955408
2955414
2955427
2955439
2955440
2955453
2955462
2955471
2955486
2955506
2955512
2955521
2955533
2955549
2955557
2955568
2955570
2955585
2955594
2955609
2955617
2955624
2955638
2955652
2955663
2955675
2955680
2955691
2955707
2955710
2955728
2955735
2955744
2955756
2955761
2955772
2955783
2955799
2955803
2955811
2955822
2955836
2955845
2955858
2955867
2955889
2955890
2955915
2955923
2955930
2955941
2955959
2955964
2955977
2955988
2955996
2956007
2956010
2956028
2956035
2956044
2956056
2956061
2956072
2956083
2956099
2956105
2956118
2956143
2956151
2956166
2956179
2956184
2956192
2956201
2956226
2956242
2956255
2956260
2956278
2956287
2956293
2956306
2956321
2956333
2956349
2956357
2956368
2956394
2956402
2956415
2956430
2956441
2956459
2956464
2956477
2956488
2956496
2956508
2956514
2956539
2956540
2956553
2956562
2956586
2956595
2956600
2956613
2956625
2956632
2956648
2956654
2956669
2956676
2956697
2956711
2956722
2956767
2956789
2956790
2956809
2956817
2956824
2956838
2956846
2956852
2956875
2956880
2956891
2956904
2956916
2956929
2956931
2956947
2956950
2956965
2956973
2956982
2956998
2957012
2957021
2957033
2957049
2957057
2957068
2957070
2957085
2957094
2957103
2957111
2957122
2957136
2957145
2957158
2957167
2957174
2957189
2957190
2957208
2957227
2957239
2957240
2957253
2957262
2957286
2957295
2957307
2957310
2957328
2957335
2957344
2957356
2957372
2957383
2957399
2957400
2957413
2957425
2957432
2957454
2957469
2957476
2957481
2957497
2957519
2957534
2957555
2957560
2957578
2957587
2957593
2957602
2957615
2957623
2957630
2957641
2957659
2957664
2957677
2957688
2957705
2957718
2957720
2957737
2957743
2957751
2957766
2957779
2957792
2957804
2957816
2957829
2957847
2957850
2957865
2957873
2957882
2957898
2957909
2957917
2957924
2957938
2957946
2957952
2957963
2957975
2957980
2957991
2958003
2958011
2958022
2958036
2958045
2958058
2958067
2958074
2958089
2958106
2958112
2958121
2958133
2958149
2958157
2958170
2958185
2958194
2958207
2958210
2958228
2958235
2958244
2958256
2958261
2958272
2958283
2958299
2958308
2958314
2958327
2958339
2958340
2958353
2958362
2958371
2958386
2958395
2958404
2958416
2958429
2958431
2958447
2958450
2958465
2958473
2958482
2958498
2958502
2958515
2958523
2958530
2958559
2958564
2958577
2958588
2958596
2958601
2958619
2958626
2958634
2958655
2958678
2958687
2958693
2958709
2958717
2958724
2958738
2958746
2958752
2958763
2958775
2958791
2958800
2958813
2958825
2958832
2958854
2958869
2958876
2958881
2958897
2958905
2958918
2958920
2958937
2958943
2958951
2958966
2958979
2958984
2958992
2959004
2959016
2959029
2959047
2959050
2959065
2959073
2959082
2959098
2959101
2959119
2959126
2959142
2959155
2959160
2959178
2959187
2959193
2959205
2959218
2959220
2959237
2959243
2959266
2959279
2959284
2959292
2959300
2959313
2959325
2959332
2959348
2959354
2959369
2959381
2959397
2959403
2959411
2959422
2959436
2959445
2959467
2959474
2959489
2959490
2959509
2959517
2959524
2959538
2959552
2959563
2959575
2959580
2959591
2959606
2959612
2959621
2959633
2959649
2959657
2959668
2959685
2959694
2959702
2959715
2959723
2959730
2959741
2959759
2959764
2959777
2959788
2959808
2959814
2959827
2959839
2959840
2959853
2959862
2959871
2959886
2959895
2959907
2959910
2959928
2959935
2959944
2959956
2959961
2959972
2959983
2959999
2960005
2960018
2960020
2960043
2960051
2960066
2960079
2960084
2960092
2960107
2960110
2960128
2960135
2960144
2960156
2960161
2960172
2960183
2960199
2960206
2960212
2960221
2960233
2960249
2960257
2960268
2960270
2960285
2960294
2960319
2960326
2960334
2960342
2960355
2960360
2960378
2960387
2960393
2960409
2960417
2960424
2960438
2960446
2960452
2960475
2960480
2960491
2960500
2960525
2960532
2960548
2960569
2960576
2960581
2960608
2960614
2960627
2960639
2960640
2960662
2960671
2960695
2960704
2960716
2960731
2960750
2960765
2960773
2960782
2960798
2960802
2960815
2960823
2960830
2960841
2960864
2960877
2960888
2960896
2960903
2960911
2960922
2960936
2960945
2960967
2960974
2960989
2960990
2961004
2961016
2961029
2961031
2961047
2961050
2961065
2961073
2961082
2961098
2961101
2961126
2961134
2961142
2961155
2961178
2961187
2961193
2961205
2961218
2961220
2961243
2961251
2961279
2961284
2961300
2961313
2961332
2961348
2961354
2961369
2961376
2961381
2961397
2961403
2961411
2961422
2961436
2961445
2961458
2961467
2961489
2961490
2961509
2961517
2961524
2961538
2961546
2961552
2961575
2961580
2961591
2961606
2961621
2961633
2961649
2961657
2961668
2961670
2961694
2961702
2961715
2961723
2961730
2961741
2961759
2961764
2961777
2961788
2961796
2961808
2961814
2961827
2961840
2961853
2961862
2961871
2961886
2961907
2961910
2961928
2961944
2961956
2961961
2961972
2961999
2962001
2962019
2962026
2962034
2962055
2962078
2962087
2962093
2962116
2962129
2962131
2962150
2962165
2962182
2962198
2962213
2962225
2962232
2962248
2962254
2962269
2962276
2962281
2962297
2962305
2962318
2962320
2962337
2962351
2962366
2962379
2962384
2962392
2962408
2962414
2962427
2962439
2962440
2962453
2962462
2962471
2962486
2962495
2962506
2962512
2962521
2962533
2962549
2962557
2962570
2962585
2962594
2962609
2962617
2962624
2962638
2962646
2962652
2962663
2962675
2962680
2962691
2962707
2962728
2962735
2962744
2962756
2962761
2962772
2962783
2962799
2962803
2962811
2962822
2962836
2962845
2962858
2962867
2962874
2962889
2962890
2962902
2962915
2962923
2962930
2962941
2962959
2962964
2962977
2962996
2963008
2963014
2963027
2963039
2963040
2963053
2963062
2963071
2963086
2963095
2963109
2963117
2963124
2963138
2963146
2963152
2963163
2963175
2963180
2963191
2963202
2963215
2963230
2963241
2963264
2963277
2963296
2963303
2963311
2963322
2963345
2963358
2963367
2963374
2963389
2963390
2963401
2963419
2963426
2963434
2963442
2963478
2963487
2963493
2963507
2963510
2963528
2963535
2963544
2963556
2963561
2963572
2963583
2963599
2963604
2963616
2963629
2963631
2963647
2963650
2963673
2963682
2963698
2963706
2963712
2963721
2963733
2963749
2963757
2963768
2963770
2963785
2963794
2963805
2963818
2963820
2963837
2963843
2963851
2963866
2963879
2963884
2963892
2963900
2963913
2963925
2963932
2963948
2963954
2963969
2963976
2963981
2963997
2964007
2964010
2964028
2964035
2964044
2964056
2964061
2964083
2964105
2964120
2964137
2964166
2964179
2964184
2964192
2964201
2964219
2964226
2964234
2964242
2964255
2964260
2964278
2964287
2964293
2964306
2964312
2964321
2964333
2964349
2964357
2964368
2964370
2964385
2964394
2964402
2964415
2964423
2964430
2964441
2964459
2964464
2964477
2964488
2964496
2964508
2964514
2964527
2964539
2964540
2964553
2964562
2964571
2964586
2964595
2964600
2964613
2964625
2964632
2964648
2964654
2964676
2964681
2964697
2964703
2964711
2964722
2964745
2964758
2964767
2964774
2964790
2964809
2964817
2964824
2964838
2964846
2964852
2964863
2964875
2964880
2964891
2964916
2964929
2964931
2964947
2964950
2964965
2964973
2964982
2964998
2965003
2965011
2965022
2965036
2965045
2965058
2965067
2965074
2965106
2965112
2965121
2965133
2965149
2965157
2965170
2965185
2965194
2965207
2965210
2965228
2965235
2965244
2965261
2965272
2965283
2965299
2965308
2965314
2965327
2965339
2965340
2965353
2965362
2965371
2965386
2965395
2965404
2965416
2965429
2965431
2965447
2965450
2965473
2965482
2965498
2965502
2965515
2965523
2965530
2965541
2965559
2965564
2965577
2965588
2965596
2965601
2965619
2965626
2965634
2965642
2965660
2965678
2965693
2965717
2965724
2965738
2965752
2965763
2965775
2965791
2965800
2965825
2965832
2965848
2965854
2965876
2965881
2965897
2965905
2965918
2965920
2965937
2965943
2965951
2965966
2965979
2965992
2966009
2966017
2966038
2966046
2966052
2966063
2966080
2966091
2966108
2966114
2966127
2966139
2966140
2966162
2966171
2966186
2966195
2966203
2966211
2966222
2966236
2966245
2966258
2966267
2966274
2966289
2966290
2966302
2966315
2966323
2966330
2966341
2966359
2966364
2966377
2966388
2966396
2966405
2966418
2966420
2966437
2966443
2966451
2966466
2966479
2966492
2966504
2966516
2966529
2966531
2966547
2966550
2966565
2966573
2966582
2966598
2966607
2966610
2966628
2966635
2966644
2966656
2966672
2966683
2966699
2966700
2966713
2966725
2966732
2966748
2966754
2966769
2966776
2966781
2966801
2966819
2966826
2966834
2966842
2966860
2966878
2966887
2966893
2966906
2966949
2966957
2966994
2967002
2967015
2967023
2967030
2967041
2967059
2967077
2967088
2967096
2967100
2967113
2967125
2967132
2967148
2967154
2967169
2967176
2967197
2967204
2967216
2967229
2967231
2967247
2967250
2967265
2967273
2967282
2967298
2967309
2967317
2967324
2967338
2967346
2967352
2967363
2967375
2967380
2967407
2967410
2967428
2967435
2967444
2967456
2967461
2967472
2967483
2967499
2967503
2967511
2967522
2967536
2967545
2967558
2967567
2967574
2967589
2967590
2967605
2967618
2967637
2967643
2967651
2967666
2967679
2967684
2967692
2967708
2967727
2967739
2967740
2967753
2967762
2967771
2967786
2967795
2967812
2967821
2967833
2967849
2967857
2967868
2967885
2967919
2967926
2967934
2967942
2967960
2967978
2967987
2967993
2968000
2968013
2968025
2968032
2968048
2968054
2968069
2968076
2968081
2968097
2968102
2968115
2968123
2968130
2968141
2968164
2968177
2968188
2968196
2968209
2968217
2968224
2968246
2968252
2968263
2968275
2968291
2968304
2968316
2968329
2968331
2968347
2968350
2968365
2968373
2968382
2968398
2968406
2968412
2968421
2968433
2968449
2968457
2968468
2968470
2968485
2968494
2968505
2968520
2968537
2968543
2968566
2968579
2968584
2968592
2968603
2968611
2968622
2968636
2968645
2968658
2968667
2968674
2968689
2968690
2968701
2968719
2968726
2968734
2968742
2968760
2968778
2968787
2968793
2968807
2968810
2968828
2968835
2968844
2968856
2968861
2968872
2968883
2968899
2968908
2968914
2968927
2968939
2968940
2968953
2968962
2968971
2968986
2968995
2969006
2969012
2969021
2969033
2969049
2969057
2969068
2969070
2969094
2969103
2969111
2969122
2969136
2969158
2969167
2969174
2969190
2969208
2969214
2969227
2969240
2969253
2969262
2969271
2969286
2969295
2969307
2969310
2969328
2969335
2969344
2969356
2969361
2969372
2969383
2969399
2969400
2969413
2969425
2969432
2969448
2969454
2969469
2969476
2969481
2969497
2969501
2969519
2969526
2969534
2969542
2969555
2969560
2969578
2969587
2969593
2969602
2969615
2969623
2969630
2969641
2969659
2969664
2969688
2969696
2969705
2969718
2969720
2969737
2969743
2969766
2969779
2969784
2969792
2969804
2969816
2969829
2969831
2969847
2969850
2969865
2969873
2969882
2969898
2969909
2969924
2969938
2969946
2969952
2969975
2969980
2969991
2970000
2970013
2970025
2970032
2970048
2970054
2970069
2970076
2970081
2970097
2970102
2970115
2970123
2970130
2970159
2970164
2970177
2970188
2970196
2970209
2970217
2970238
2970246
2970252
2970263
2970275
2970280
2970291
2970304
2970316
2970329
2970331
2970347
2970350
2970373
2970382
2970412
2970421
2970433
2970449
2970457
2970468
2970470
2970485
2970494
2970505
2970518
2970520
2970537
2970543
2970551
2970566
2970579
2970584
2970592
2970611
2970636
2970645
2970658
2970667
2970674
2970689
2970690
2970701
2970726
2970742
2970755
2970760
2970778
2970787
2970793
2970807
2970828
2970835
2970844
2970856
2970861
2970872
2970883
2970899
2970908
2970914
2970939
2970940
2970953
2970962
2970971
2970986
2970995
2971001
2971019
2971026
2971034
2971042
2971055
2971060
2971078
2971087
2971093
2971104
2971116
2971131
2971147
2971150
2971165
2971173
2971198
2971200
2971213
2971225
2971232
2971254
2971269
2971276
2971281
2971297
2971305
2971318
2971320
2971337
2971343
2971351
2971379
2971384
2971392
2971408
2971414
2971427
2971439
2971440
2971453
2971462
2971471
2971486
2971495
2971506
2971521
2971557
2971568
2971570
2971585
2971594
2971609
2971617
2971624
2971638
2971646
2971652
2971663
2971675
2971680
2971691
2971707
2971728
2971735
2971744
2971756
2971761
2971772
2971799
2971803
2971811
2971822
2971836
2971845
2971858
2971867
2971874
2971889
2971902
2971915
2971923
2971930
2971941
2971959
2971964
2971977
2971988
2971996
2972004
2972016
2972029
2972031
2972047
2972050
2972065
2972073
2972082
2972098
2972101
2972119
2972126
2972134
2972142
2972155
2972160
2972178
2972187
2972193
2972205
2972218
2972220
2972237
2972251
2972266
2972279
2972284
2972292
2972313
2972325
2972332
2972348
2972354
2972369
2972381
2972397
2972403
2972411
2972422
2972436
2972445
2972458
2972467
2972474
2972489
2972490
2972509
2972517
2972524
2972538
2972546
2972552
2972563
2972575
2972580
2972591
2972606
2972612
2972621
2972633
2972649
2972657
2972670
2972694
2972715
2972723
2972730
2972741
2972759
2972764
2972777
2972788
2972814
2972827
2972839
2972840
2972853
2972862
2972871
2972886
2972895
2972907
2972910
2972928
2972935
2972944
2972956
2972961
2972983
2972999
2973011
2973022
2973036
2973058
2973067
2973074
2973089
2973090
2973106
2973112
2973133
2973157
2973168
2973170
2973185
2973194
2973207
2973228
2973235
2973244
2973256
2973261
2973272
2973299
2973308
2973314
2973327
2973339
2973340
2973353
2973362
2973371
2973386
2973395
2973404
2973416
2973429
2973431
2973447
2973450
2973465
2973473
2973482
2973498
2973502
2973515
2973530
2973564
2973577
2973588
2973596
2973601
2973619
2973626
2973634
2973642
2973655
2973660
2973678
2973687
2973693
2973709
2973717
2973724
2973746
2973752
2973763
2973775
2973780
2973791
2973800
2973813
2973825
2973848
2973854
2973869
2973881
2973897
2973905
2973918
2973920
2973937
2973943
2973966
2973979
2973992
2974002
2974015
2974023
2974030
2974041
2974059
2974077
2974088
2974096
2974100
2974113
2974125
2974148
2974154
2974169
2974176
2974181
2974197
2974204
2974216
2974229
2974231
2974247
2974250
2974265
2974273
2974282
2974298
2974309
2974317
2974324
2974338
2974346
2974363
2974380
2974391
2974407
2974410
2974428
2974456
2974461
2974472
2974483
2974499
2974503
2974511
2974522
2974536
2974545
2974558
2974567
2974574
2974589
2974618
2974620
2974637
2974651
2974666
2974684
2974708
2974714
2974727
2974739
2974740
2974753
2974762
2974771
2974786
2974795
2974806
2974812
2974821
2974833
2974849
2974857
2974868
2974870
2974885
2974894
2974901
2974919
2974926
2974934
2974942
2974955
2974960
2974978
2974987
2975008
2975014
2975027
2975040
2975053
2975062
2975086
2975095
2975109
2975117
2975124
2975138
2975146
2975152
2975163
2975175
2975180
2975191
2975202
2975215
2975223
2975230
2975241
2975259
2975264
2975277
2975288
2975296
2975303
2975311
2975322
2975345
2975358
2975367
2975374
2975389
2975401
2975419
2975426
2975434
2975442
2975455
2975460
2975478
2975487
2975493
2975507
2975510
2975535
2975544
2975556
2975561
2975572
2975583
2975599
2975604
2975616
2975629
2975631
2975647
2975650
2975665
2975673
2975682
2975698
2975706
2975712
2975721
2975733
2975749
2975757
2975768
2975770
2975785
2975794
2975805
2975818
2975820
2975843
2975851
2975866
2975879
2975884
2975892
2975900
2975913
2975925
2975932
2975948
2975954
2975969
2975976
2975981
2976006
2976012
2976021
2976033
2976049
2976057
2976068
2976070
2976085
2976094
2976103
2976111
2976122
2976136
2976145
2976158
2976174
2976189
2976239
2976240
2976253
2976262
2976271
2976286
2976295
2976307
2976310
2976328
2976335
2976356
2976361
2976372
2976383
2976399
2976400
2976413
2976425
2976432
2976448
2976454
2976469
2976476
2976481
2976497
2976501
2976519
2976526
2976534
2976542
2976555
2976560
2976578
2976593
2976602
2976615
2976630
2976659
2976664
2976677
2976688
2976696
2976705
2976718
2976720
2976737
2976743
2976751
2976784
2976792
2976804
2976816
2976829
2976831
2976847
2976850
2976865
2976873
2976882
2976898
2976909
2976917
2976938
2976946
2976952
2976963
2976975
2976980
2976991
2977007
2977010
2977035
2977044
2977056
2977061
2977072
2977083
2977099
2977105
2977120
2977137
2977151
2977166
2977179
2977184
2977192
2977219
2977226
2977234
2977242
2977255
2977260
2977287
2977293
2977306
2977349
2977357
2977368
2977370
2977385
2977394
2977415
2977423
2977430
2977441
2977459
2977464
2977477
2977488
2977496
2977508
2977514
2977527
2977539
2977540
2977553
2977562
2977571
2977586
2977595
2977600
2977613
2977625
2977632
2977648
2977654
2977669
2977676
2977681
2977697
2977703
2977711
2977722
2977736
2977745
2977758
2977767
2977790
2977809
2977817
2977824
2977863
2977875
2977880
2977891
2977904
2977916
2977929
2977931
2977947
2977950
2977965
2977973
2977982
2977998
2978005
2978018
2978020
2978037
2978043
2978051
2978066
2978079
2978084
2978092
2978107
2978110
2978128
2978135
2978144
2978156
2978161
2978172
2978183
2978199
2978206
2978212
2978221
2978233
2978249
2978257
2978268
2978270
2978285
2978294
2978319
2978326
2978334
2978342
2978355
2978360
2978387
2978393
2978409
2978417
2978424
2978438
2978446
2978452
2978463
2978475
2978480
2978491
2978500
2978513
2978525
2978532
2978548
2978554
2978569
2978576
2978581
2978597
2978608
2978614
2978627
2978639
2978640
2978653
2978662
2978671
2978695
2978704
2978716
2978729
2978731
2978747
2978750
2978765
2978773
2978782
2978798
2978802
2978815
2978823
2978830
2978841
2978859
2978864
2978888
2978896
2978903
2978911
2978922
2978936
2978945
2978958
2978967
2978974
2978989
2978990
2979009
2979017
2979024
2979038
2979046
2979052
2979063
2979075
2979080
2979091
2979108
2979114
2979127
2979139
2979140
2979153
2979162
2979171
2979186
2979195
2979203
2979211
2979236
2979245
2979267
2979274
2979289
2979290
2979302
2979315
2979323
2979330
2979341
2979359
2979364
2979388
2979396
2979405
2979418
2979420
2979437
2979443
2979451
2979466
2979479
2979484
2979492
2979504
2979516
2979531
2979550
2979565
2979582
2979598
2979607
2979610
2979628
2979635
2979644
2979661
2979672
2979683
2979700
2979713
2979725
2979748
2979754
2979769
2979776
2979781
2979797
2979801
2979819
2979826
2979842
2979855
2979860
2979878
2979887
2979893
2979906
2979912
2979933
2979957
2979968
2979970
2979985
2979994
2980003
2980011
2980022
2980036
2980058
2980067
2980074
2980089
2980090
2980112
2980121
2980133
2980149
2980157
2980168
2980170
2980185
2980194
2980207
2980210
2980228
2980235
2980244
2980256
2980272
2980283
2980299
2980308
2980314
2980327
2980340
2980353
2980362
2980371
2980386
2980395
2980404
2980416
2980429
2980431
2980447
2980450
2980465
2980473
2980482
2980498
2980502
2980515
2980523
2980530
2980559
2980564
2980588
2980596
2980601
2980619
2980626
2980634
2980642
2980655
2980660
2980678
2980687
2980693
2980709
2980717
2980724
2980738
2980746
2980752
2980763
2980775
2980780
2980791
2980800
2980813
2980832
2980854
2980869
2980876
2980881
2980897
2980905
2980918
2980920
2980937
2980943
2980951
2980966
2980979
2980984
2980992
2981009
2981017
2981024
2981038
2981046
2981052
2981063
2981080
2981091
2981114
2981127
2981139
2981140
2981153
2981162
2981171
2981186
2981195
2981203
2981211
2981222
2981236
2981245
2981267
2981274
2981289
2981290
2981302
2981315
2981323
2981330
2981341
2981359
2981364
2981377
2981388
2981396
2981405
2981418
2981420
2981437
2981443
2981451
2981466
2981479
2981484
2981492
2981504
2981516
2981529
2981531
2981547
2981550
2981573
2981582
2981607
2981610
2981628
2981635
2981644
2981656
2981661
2981672
2981699
2981700
2981713
2981725
2981732
2981748
2981754
2981769
2981776
2981781
2981797
2981801
2981819
2981826
2981834
2981842
2981855
2981860
2981878
2981887
2981893
2981906
2981912
2981921
2981933
2981949
2981957
2981968
2981970
2981985
2981994
2982014
2982039
2982040
2982062
2982071
2982086
2982095
2982109
2982117
2982124
2982138
2982146
2982152
2982163
2982175
2982180
2982191
2982202
2982215
2982230
2982241
2982259
2982264
2982277
2982288
2982296
2982303
2982311
2982322
2982336
2982345
2982367
2982374
2982389
2982390
2982401
2982419
2982426
2982434
2982442
2982455
2982478
2982487
2982493
2982507
2982510
2982528
2982535
2982544
2982556
2982561
2982572
2982583
2982599
2982604
2982616
2982631
2982647
2982650
2982665
2982673
2982682
2982698
2982706
2982712
2982721
2982733
2982749
2982757
2982768
2982770
2982805
2982818
2982820
2982837
2982843
2982851
2982866
2982879
2982884
2982892
2982900
2982913
2982932
2982948
2982954
2982969
2982976
2982981
2982997
2983001
2983019
2983034
2983042
2983055
2983060
2983078
2983087
2983104
2983116
2983129
2983131
2983147
2983150
2983165
2983173
2983182
2983198
2983200
2983213
2983232
2983248
2983254
2983269
2983276
2983281
2983297
2983305
2983318
2983320
2983337
2983343
2983351
2983366
2983379
2983384
2983392
2983408
2983414
2983427
2983439
2983440
2983453
2983462
2983471
2983486
2983495
2983512
2983521
2983533
2983549
2983568
2983570
2983594
2983609
2983617
2983624
2983646
2983652
2983663
2983680
2983691
2983707
2983710
2983728
2983744
2983756
2983761
2983772
2983783
2983799
2983803
2983822
2983836
2983845
2983858
2983867
2983874
2983889
2983890
2983902
2983915
2983923
2983941
2983959
2983964
2983977
2983988
2983996
2984006
2984012
2984021
2984033
2984049
2984057
2984068
2984070
2984085
2984103
2984111
2984122
2984136
2984145
2984158
2984167
2984174
2984189
2984190
2984208
2984214
2984227
2984239
2984240
2984253
2984271
2984286
2984295
2984307
2984310
2984328
2984335
2984344
2984361
2984372
2984383
2984399
2984413
2984425
2984432
2984448
2984454
2984469
2984476
2984481
2984497
2984501
2984526
2984534
2984542
2984555
2984560
2984587
2984593
2984602
2984615
2984623
2984630
2984641
2984659
2984664
2984677
2984688
2984696
2984705
2984718
2984720
2984743
2984751
2984766
2984779
2984784
2984792
2984804
2984816
2984831
2984847
2984850
2984865
2984873
2984882
2984898
2984909
2984917
2984924
2984938
2984946
2984952
2984963
2984975
2984980
2984991
2985005
2985018
2985020
2985037
2985043
2985051
2985066
2985079
2985084
2985092
2985107
2985110
2985128
2985135
2985144
2985156
2985161
2985172
2985183
2985199
2985212
2985221
2985233
2985249
2985268
2985270
2985285
2985294
2985301
2985319
2985326
2985334
2985342
2985360
2985378
2985387
2985393
2985417
2985424
2985438
2985446
2985452
2985463
2985475
2985480
2985491
2985513
2985532
2985554
2985569
2985576
2985581
2985597
2985608
2985627
2985639
2985640
2985653
2985671
2985686
2985695
2985704
2985729
2985731
2985747
2985750
2985765
2985773
2985782
2985798
2985802
2985815
2985823
2985830
2985841
2985859
2985888
2985903
2985911
2985922
2985945
2985958
2985974
2985989
2985990
2986004
2986016
2986029
2986031
2986047
2986050
2986065
2986073
2986082
2986098
2986101
2986119
2986126
2986134
2986142
2986155
2986178
2986187
2986193
2986205
2986218
2986220
2986237
2986243
2986251
2986279
2986284
2986292
2986300
2986313
2986325
2986332
2986348
2986354
2986369
2986376
2986381
2986397
2986403
2986411
2986422
2986436
2986445
2986458
2986467
2986474
2986489
2986490
2986509
2986517
2986524
2986546
2986552
2986575
2986580
2986591
2986612
2986621
2986633
2986649
2986657
2986668
2986670
2986685
2986702
2986723
2986730
2986741
2986759
2986764
2986777
2986788
2986796
2986808
2986814
2986839
2986840
2986853
2986862
2986871
2986886
2986895
2986907
2986910
2986928
2986935
2986944
2986961
2986972
2986983
2986999
2987000
2987013
2987025
2987032
2987048
2987054
2987069
2987076
2987081
2987097
2987102
2987115
2987123
2987130
2987141
2987159
2987164
2987177
2987188
2987196
2987209
2987224
2987238
2987246
2987252
2987263
2987275
2987280
2987291
2987304
2987316
2987329
2987331
2987347
2987350
2987365
2987373
2987382
2987398
2987406
2987412
2987421
2987433
2987457
2987468
2987470
2987485
2987494
2987505
2987518
2987520
2987537
2987543
2987551
2987566
2987579
2987584
2987592
2987603
2987611
2987622
2987636
2987645
2987658
2987667
2987674
2987689
2987690
2987701
2987719
2987726
2987734
2987742
2987755
2987760
2987778
2987787
2987793
2987807
2987810
2987828
2987835
2987844
2987861
2987872
2987883
2987899
2987908
2987914
2987927
2987939
2987940
2987953
2987962
2987971
2987986
2987995
2988002
2988015
2988030
2988041
2988059
2988064
2988077
2988088
2988096
2988113
2988125
2988132
2988148
2988154
2988169
2988176
2988181
2988197
2988216
2988229
2988231
2988247
2988250
2988265
2988273
2988298
2988309
2988317
2988324
2988346
2988352
2988363
2988380
2988391
2988407
2988410
2988428
2988435
2988444
2988456
2988472
2988483
2988499
2988503
2988511
2988522
2988536
2988545
2988558
2988567
2988574
2988589
2988590
2988605
2988618
2988620
2988637
2988643
2988651
2988666
2988679
2988684
2988692
2988708
2988714
2988727
2988739
2988753
2988762
2988771
2988795
2988806
2988812
2988821
2988833
2988857
2988868
2988870
2988894
2988901
2988919
2988934
2988955
2988960
2988978
2988987
2988993
2989007
2989010
2989028
2989044
2989056
2989061
2989072
2989083
2989099
2989105
2989118
2989120
2989137
2989143
2989151
2989166
2989179
2989184
2989201
2989219
2989226
2989234
2989242
2989255
2989260
2989278
2989287
2989293
2989306
2989312
2989321
2989349
2989357
2989368
2989370
2989394
2989402
2989415
2989423
2989430
2989441
2989464
2989477
2989496
2989508
2989514
2989527
2989539
2989540
2989553
2989562
2989571
2989600
2989613
2989625
2989654
2989669
2989676
2989681
2989703
2989711
2989722
2989736
2989745
2989758
2989767
2989774
2989790
2989809
2989817
2989824
2989838
2989846
2989852
2989863
2989875
2989880
2989904
2989916
2989929
2989931
2989947
2989950
2989965
2989973
2989982
2989998
2990001
2990019
2990026
2990034
2990042
2990055
2990060
2990078
2990087
2990093
2990104
2990116
2990129
2990131
2990147
2990150
2990165
2990173
2990182
2990200
2990213
2990225
2990232
2990248
2990254
2990269
2990276
2990281
2990297
2990305
2990318
2990320
2990337
2990351
2990366
2990379
2990384
2990392
2990408
2990414
2990427
2990439
2990440
2990453
2990462
2990471
2990486
2990495
2990512
2990521
2990533
2990549
2990585
2990594
2990609
2990617
2990638
2990646
2990652
2990663
2990675
2990680
2990691
2990707
2990710
2990735
2990744
2990756
2990761
2990772
2990783
2990799
2990803
2990811
2990836
2990845
2990858
2990867
2990874
2990890
2990902
2990915
2990923
2990930
2990941
2990964
2990977
2990988
2990996
2991007
2991010
2991028
2991035
2991044
2991056
2991061
2991072
2991083
2991099
2991105
2991118
2991120
2991137
2991143
2991151
2991166
2991179
2991184
2991192
2991201
2991219
2991226
2991234
2991242
2991255
2991260
2991278
2991287
2991293
2991306
2991312
2991321
2991333
2991349
2991357
2991368
2991370
2991385
2991394
2991402
2991415
2991423
2991430
2991441
2991459
2991464
2991477
2991488
2991496
2991508
2991527
2991539
2991540
2991553
2991562
2991571
2991586
2991595
2991600
2991625
2991632
2991648
2991654
2991669
2991676
2991681
2991697
2991703
2991711
2991736
2991745
2991758
2991767
2991774
2991789
2991790
2991809
2991817
2991824
2991838
2991846
2991863
2991875
2991880
2991891
2991904
2991916
2991931
2991947
2991950
2991965
2991982
2991998
2992005
2992018
2992020
2992037
2992043
2992051
2992066
2992079
2992084
2992092
2992107
2992110
2992128
2992135
2992144
2992156
2992161
2992172
2992183
2992199
2992206
2992212
2992221
2992233
2992249
2992268
2992285
2992294
2992301
2992319
2992326
2992334
2992342
2992355
2992360
2992378
2992387
2992393
2992409
2992417
2992424
2992438
2992446
2992452
2992463
2992475
2992480
2992500
2992513
2992525
2992548
2992576
2992581
2992597
2992608
2992614
2992627
2992639
2992640
2992653
2992662
2992671
2992686
2992695
2992704
2992716
2992729
2992731
2992747
2992750
2992765
2992773
2992782
2992798
2992802
2992815
2992823
2992830
2992841
2992859
2992864
2992877
2992888
2992896
2992903
2992911
2992922
2992936
2992945
2992958
2992967
2992974
2992989
2992990
2993009
2993017
2993024
2993038
2993046
2993052
2993063
2993075
2993080
2993108
2993114
2993127
2993139
2993140
2993153
2993162
2993171
2993186
2993195
2993203
2993211
2993222
2993236
2993245
2993258
2993267
2993274
2993289
2993290
2993302
2993315
2993323
2993330
2993341
2993364
2993377
2993388
2993396
2993418
2993420
2993437
2993443
2993451
2993466
2993479
2993484
2993492
2993504
2993516
2993529
2993531
2993547
2993550
2993573
2993582
2993598
2993607
2993610
2993628
2993635
2993644
2993661
2993672
2993683
2993699
2993700
2993713
2993725
2993732
2993748
2993754
2993769
2993776
2993781
2993797
2993801
2993819
2993826
2993834
2993842
2993855
2993860
2993878
2993887
2993893
2993906
2993912
2993921
2993933
2993949
2993957
2993968
2993970
2993985
2993994
2994004
2994016
2994029
2994031
2994047
2994050
2994065
2994073
2994082
2994098
2994101
2994119
2994126
2994134
2994142
2994155
2994160
2994178
2994187
2994205
2994218
2994220
2994237
2994251
2994266
2994279
2994284
2994292
2994313
2994325
2994332
2994348
2994354
2994376
2994381
2994397
2994403
2994411
2994422
2994445
2994458
2994467
2994474
2994489
2994490
2994509
2994517
2994524
2994538
2994546
2994552
2994563
2994575
2994580
2994591
2994606
2994612
2994621
2994633
2994649
2994657
2994668
2994670
2994685
2994694
2994702
2994715
2994723
2994730
2994741
2994759
2994764
2994777
2994788
2994796
2994808
2994814
2994827
2994840
2994853
2994862
2994871
2994886
2994895
2994907
2994928
2994935
2994944
2994972
2994983
2994999
2995002
2995015
2995023
2995030
2995041
2995059
2995064
2995077
2995088
2995100
2995113
2995125
2995132
2995148
2995154
2995169
2995176
2995181
2995197
2995204
2995216
2995231
2995247
2995250
2995273
2995282
2995298
2995309
2995317
2995324
2995338
2995346
2995352
2995363
2995375
2995380
2995391
2995407
2995410
2995428
2995435
2995444
2995456
2995461
2995472
2995483
2995499
2995503
2995511
2995522
2995536
2995545
2995558
2995574
2995589
2995590
2995605
2995637
2995643
2995651
2995666
2995679
2995684
2995692
2995708
2995714
2995727
2995739
2995740
2995753
2995762
2995771
2995786
2995795
2995806
2995812
2995821
2995833
2995849
2995857
2995868
2995870
2995885
2995894
2995901
2995919
2995926
2995934
2995942
2995955
2995960
2995978
2995987
2995993
2996008
2996014
2996027
2996039
2996040
2996053
2996062
2996086
2996095
2996109
2996117
2996124
2996146
2996152
2996163
2996175
2996180
2996191
2996202
2996215
2996223
2996230
2996259
2996264
2996277
2996288
2996296
2996303
2996311
2996322
2996336
2996345
2996358
2996367
2996374
2996389
2996390
2996401
2996419
2996426
2996434
2996442
2996455
2996478
2996487
2996493
2996507
2996510
2996528
2996535
2996544
2996556
2996561
2996572
2996583
2996599
2996604
2996616
2996629
2996647
2996665
2996673
2996682
2996698
2996706
2996712
2996721
2996749
2996768
2996770
2996785
2996794
2996805
2996818
2996820
2996837
2996843
2996851
2996866
2996879
2996892
2996900
2996913
2996932
2996954
2996969
2996976
2996981
2996997
2997011
2997022
2997036
2997045
2997058
2997074
2997089
2997090
2997106
2997121
2997133
2997149
2997157
2997168
2997170
2997185
2997194
2997207
2997210
2997228
2997235
2997244
2997256
2997261
2997272
2997283
2997299
2997308
2997314
2997327
2997339
2997353
2997362
2997371
2997386
2997395
2997404
2997416
2997429
2997431
2997447
2997450
2997465
2997473
2997482
2997498
2997502
2997515
2997523
2997530
2997541
2997559
2997564
2997577
2997588
2997596
2997601
2997619
2997626
2997634
2997642
2997655
2997660
2997678
2997687
2997693
2997709
2997717
2997724
2997738
2997746
2997752
2997763
2997775
2997780
2997791
2997800
2997825
2997832
2997854
2997869
2997876
2997881
2997897
2997905
2997918
2997920
2997937
2997943
2997951
2997966
2997979
2997984
2997992
2998006
2998012
2998021
2998033
2998049
2998057
2998068
2998070
2998085
2998094
2998103
2998111
2998122
2998136
2998145
2998158
2998167
2998174
2998189
2998190
2998208
2998214
2998227
2998239
2998240
2998253
2998262
2998271
2998286
2998307
2998310
2998328
2998335
2998344
2998356
2998361
2998372
2998383
2998399
2998400
2998413
2998425
2998432
2998448
2998454
2998469
2998476
2998481
2998497
2998501
2998519
2998542
2998555
2998578
2998593
2998602
2998615
2998623
2998641
2998659
2998664
2998677
2998688
2998696
2998705
2998718
2998720
2998737
2998743
2998766
2998779
2998784
2998792
2998804
2998816
2998829
2998831
2998850
2998865
2998873
2998882
2998898
2998909
2998917
2998924
2998938
2998946
2998952
2998963
2998975
2998980
2998991
2999000
2999013
2999025
2999032
2999048
2999054
2999069
2999076
2999081
2999097
2999115
2999123
2999130
2999141
2999159
2999164
2999188
2999196
2999217
2999224
2999238
2999246
2999252
2999263
2999275
2999280
2999291
2999304
2999316
2999329
2999331
2999347
2999350
2999365
2999382
2999398
2999406
2999412
2999421
2999433
2999449
2999457
2999468
2999470
2999485
2999494
2999505
2999518
2999520
2999537
2999543
2999551
2999566
2999584
2999592
2999603
2999611
2999636
2999645
2999658
2999667
2999674
2999689
2999690
2999701
2999719
2999726
2999734
2999742
2999755
2999778
2999787
2999793
2999807
2999828
2999835
2999844
2999856
2999861
2999872
2999883
2999899
2999908
2999914
2999939
2999940
2999953
2999962
2999986
2999995
