4001322
4003554
4004468
4007804
4008693
4012255
4012931
4016690
4018710
4019086
4019296
4019510
4022027
4023104
4023408
4023959
4024286
4025135
4027543
4028684
4029083
4033139
4033748
4034563
4035169
4035795
4036322
4036487
4036510
4036997
4037832
4037966
4041999
4042182
4042198
4043698
4044226
4044711
4045235
4045256
4045339
4045395
4047456
4048645
4048927
4049111
4049399
4049847
4050336
4052395
4060928
4061428
4063068
4065676
4066011
4067146
4067757
4071224
4072015
4072771
4073430
4074460
4077026
4077799
4080151
4081045
4081058
4081256
4081634
4082068
4083246
4083350
4083778
4084911
4087017
4088124
4089439
4090115
4092332
4092403
4095768
