4000250
4001086
4001426
4002186
4002565
4002933
4003183
4003393
4003936
4006151
4006226
4006293
4007831
4008089
4008655
4009538
4009788
4009839
4010033
4010158
4010356
4011249
4012669
4012767
4014022
4014473
4015024
4015582
4017134
4017759
4017956
4018343
4018351
4018964
4019117
4020170
4020634
4021038
4021479
4024189
4024602
4024882
4024938
4025750
4025765
4025967
4026332
4027658
4028926
4029846
4032084
4032480
4032532
4032686
4033323
4033479
4034862
4036820
4037058
4037482
4038779
4039246
4039760
4040500
4040525
4040945
4041702
4042521
4043455
4044192
4044676
4044774
4044973
4045045
4045588
4046797
4047265
4047812
4047894
4047987
4048883
4049049
4049122
4049615
4050892
4050976
4051400
4051980
4054887
4055485
4055872
4056585
4057378
4057548
4057627
4058514
4060999
4061216
4061229
4061231
4063103
4065745
4066943
4066979
4067175
4067241
4067259
4067976
4068046
4068479
4068492
4070108
4070683
4071123
4071719
4072901
4073929
4074163
4074389
4074712
4075208
4075214
4076084
4077811
4078300
4078741
4079709
4080083
4080595
4080758
4080809
4081194
4081596
4082307
4082850
4082975
4083421
4083518
4083551
4083755
4084773
4086113
4086435
4087573
4088599
4088820
4089646
4090316
4090382
4090658
4090927
4091761
4092126
4092633
4093404
4093465
4095583
4095599
4097184
4097226
4097459
4097809
4098417
