5700299
5703959
5704068
5704122
5704542
5704737
5707304
5710579
5712524
5712741
5714229
5716214
5717120
5717586
5719153
5721706
5722267
5722797
5722985
5723888
5723903
5724069
5724159
5724217
5724291
5726817
5727006
5727501
5728207
5728244
5728693
5729509
5729886
5730285
5730491
5731928
5732617
5733535
5734736
5735036
5735660
5736855
5737338
5738899
5739534
5740351
5740366
5740710
5740845
5741192
5742729
5743628
5743801
5744065
5744082
5744649
5745410
5747530
5747825
5748033
5754419
5755136
5755208
5755850
5757131
5757150
5757276
5758101
5759261
5759951
5762469
5762850
5765670
5765871
5766522
5766574
5766849
5768180
5768303
5768837
5769761
5769799
5770296
5772897
5773047
5773839
5774781
5775908
5775940
5778430
5785880
5791037
5796159
5799650
