5901603
5903852
5905310
5905497
5906183
5906747
5907318
5908403
5908422
5909327
5910996
5912334
5912475
5912922
5913114
5913451
5914251
5914814
5914907
5915919
5916288
5916785
5917515
5917746
5919331
5921868
5924710
5926340
5927296
5927757
5928274
5929285
5930641
5931597
5932875
5934149
5934763
5937685
5938366
5938941
5939374
5941588
5942792
5943263
5944249
5946993
5947396
5950188
5950592
5950908
5953825
5954589
5955478
5955954
5956924
5956991
5957056
5957120
5957648
5958747
5959573
5962053
5964909
5965144
5967953
5970023
5971163
5971434
5973446
5973581
5974962
5975116
5976007
5976010
5976745
5976809
5977240
5977399
5979580
5980326
5981403
5983014
5983230
5984508
5984767
5985133
5986573
5987154
5987499
5988674
5991122
5991873
5992235
5992577
5993300
5993871
5994267
5995304
5995611
5995908
5995927
5996225
5996337
5997221
5997695
5997823
5998072
5998255
5998824
5999324
5999483
5999901
