5900290
5900801
5901032
5901468
5903028
5903143
5903306
5903349
5903973
5904095
5904367
5904976
5904981
5906199
5906729
5906922
5907116
5907874
5908332
5908546
5909074
5909655
5910617
5910707
5912989
5914098
5914524
5915428
5916163
5916665
5917228
5918111
5919054
5919468
5920546
5920871
5921926
5922543
5923924
5923975
5924297
5924439
5924638
5925477
5926058
5926272
5926473
5926687
5926775
5929110
5929731
5929773
5930012
5931268
5932010
5933391
5933483
5934256
5934272
5935893
5936013
5937119
5938756
5938783
5939008
5939040
5939345
5939721
5939879
5942012
5942519
5942630
5943054
5943081
5943667
5944475
5946282
5948843
5949902
5951609
5951822
5952489
5954132
5954154
5954352
5955027
5956425
5956696
5957099
5957234
5958161
5958653
5958671
5958922
5959315
5959754
5960523
5961855
5962336
5962401
5962599
5963042
5963638
5964952
5965409
5965765
5966741
5966814
5967316
5967520
5968265
5968589
5970231
5970536
5970740
5971401
5971419
5971794
5973765
5975232
5975414
5975453
5975761
5975941
5975996
5977208
5977335
5977975
5978431
5978687
5978854
5978876
5979004
5980576
5980773
5981670
5982042
5982093
5982297
5982836
5983389
5983866
5984423
5985848
5986186
5986222
5986302
5986607
5986754
5987942
5988518
5988622
5989519
5990358
5990631
5991372
5991615
5991630
5992515
