2300001
2300213
2300254
2300351
2300680
2300756
2300761
2300811
2300959
2301184
2301321
2301496
2301527
2301654
2301767
2301809
2302066
2302084
2302144
2302156
2302378
2302387
2302823
2302859
2302864
2303114
2303302
2303420
2303610
2303672
2303748
2303781
2303970
2304016
2304119
2304155
2304205
2304220
2304376
2304546
2304575
2304580
2304796
2304839
2304910
2304972
2305113
2305317
2305324
2305499
2305605
2305637
2305708
2306040
2306303
2306460
2306673
2306770
2306818
2306932
2307210
2307308
2307564
2307626
2307825
2307920
2308057
2308158
2308372
2308630
2308850
2309025
2309048
2309054
2309159
2309382
2309449
2309505
2309592
2309939
2310067
2310339
2310362
2310371
2310473
2310541
2310937
2311091
2311290
2311341
2311504
2311644
2311700
2311855
2311949
2312014
2312039
2312152
2312264
2312296
2312770
2312794
2312843
2313019
2313078
2313408
2313594
2314094
2314189
2314227
2314677
2314705
2314743
2314751
2314792
2314816
2314873
2315326
2315614
2315903
2316126
2316142
2316218
2316243
2316348
2316376
2316397
2316445
2316546
2316591
2316723
2316999
2317076
2317159
2317246
2317304
2317398
2317505
2317939
2318197
2318247
2318558
2318714
2318727
2318740
2319143
2319234
2319242
2319385
2319736
2320094
2320189
2320454
2320501
2320677
2321135
2321355
2321387
2321417
2321446
2321525
2321608
2321695
2321896
2321903
2322151
2322891
2323077
2323096
2323125
2323461
2323499
2324058
2324112
2324194
2324314
2324327
2324450
2324515
2324709
2324746
2324791
2324943
2325162
2325479
2325547
2325819
2325826
2326579
2326899
2326971
2327134
2327376
2327538
2327563
2327862
2328060
2328570
2328585
2328646
2328663
2328783
2328811
2329062
2329336
2329345
2329389
2329805
2330197
2330229
2330273
2330461
2330868
2331604
2332290
2332315
2332635
2332713
2332878
2332893
2333107
2333221
2333662
2333671
2334076
2334177
2334421
2334584
2334755
2334760
2334995
2335034
2335150
2335248
2335254
2335557
2335652
2335761
2335845
2335874
2336007
2336099
2336242
2336402
2336464
2336514
2336600
2336625
2336669
2336711
2336875
2336880
2337033
2337103
2337356
2337413
2337497
2337555
2337560
2337602
2337641
2338121
2338170
2338308
2338314
2338327
2338339
2338371
2338660
2338687
2338791
2338825
2338943
2339073
2339284
2339411
2339552
2339827
2339935
2340009
2340162
2340211
2340236
2340341
2340661
2340672
2340878
2340994
2341025
2341280
2341304
2341584
2341667
2341742
2341787
2342002
2342030
2342100
2342247
2342511
2342589
2342651
2342901
2342955
2343035
2343477
2343488
2343527
2343562
2343676
2343758
2343838
2343947
2344175
2344434
2344599
2344665
2344768
2345174
2345328
2345372
2345383
2345664
2345784
2346107
2346172
2346393
2346671
2346731
2346782
2346936
2347165
2347198
2347254
2347557
2347652
2347728
2347811
2347867
2347959
2348142
2348458
2348546
2348685
2348796
2348827
2349090
2349523
2349655
2349738
2349832
2349854
2349920
2349984
2349992
2350929
2351011
2351813
2351869
2352174
2352344
2352526
2352615
2352751
2352831
2352917
2353246
2353382
2353689
2353883
2354144
2354212
2354249
2354301
2354387
2354729
2354864
2355050
2355101
2355218
2355403
2355591
2355853
2355935
2356338
2356620
2356708
2356740
2357038
2357075
2357091
2357114
2357203
2357245
2357267
2357274
2357330
2357359
2357405
2357437
2357504
2357819
2357860
2357878
2357887
2358027
2358303
2358493
2358673
2358721
2359392
2359471
2359533
2359557
2360054
2360076
2360398
2360449
2360520
2361087
2361150
2361165
2361182
2361305
2361512
2361638
2362029
2362160
2362292
2362381
2362467
2362910
2363074
2363450
2363473
2363564
2363634
2363854
2363876
2364391
2364590
2364692
2364926
2365138
2365191
2365434
2365507
2365510
2365698
2366021
2366033
2366085
2366399
2366519
2366534
2366720
2366792
2366980
2367105
2367508
2367703
2367982
2368128
2368144
2368183
2368212
2368249
2368463
2368581
2368597
2368627
2369203
2369267
2369330
2369341
2369516
2369565
2369656
2369672
2370005
2370079
2370161
2370257
2370319
2370342
2370409
2370532
2370716
2370864
2370958
2370974
2371065
2371073
2371119
2371178
2371193
2371606
2371788
2371871
2371983
2372087
2372225
2372232
2372557
2372585
2372744
2372890
2372902
2372996
2373117
2373259
2373322
2373604
2373647
2373682
2373698
2373733
2373851
2374817
2374904
2374947
2375465
2375473
2375619
2375881
2375897
2376713
2376754
2376855
2376878
2377096
2377247
2377435
2377472
2377511
2377812
2377857
2377926
2377942
2378097
2378130
2378224
2378537
2378543
2378872
2378971
2379519
2379615
2379659
2379766
2379850
2380008
2380014
2380733
2380900
2380997
2381253
2381372
2381432
2381526
2381946
2382011
2382045
2382058
2382121
2382170
2382530
2382619
2382660
2383004
2383016
2383237
2383458
2383606
2383621
2383633
2383670
2383759
2383788
2384114
2384186
2384607
2384672
2384834
2384906
2385224
2385291
2385592
2385667
2385674
2385719
2385726
2385742
2385914
2386414
2386568
2386624
2386663
2386735
2386858
2387005
2387020
2387092
2387480
2387597
2387815
2388007
2388099
2388137
2388192
2388278
2388287
2388349
2388357
2388415
2388539
2388562
2388586
2388929
2389407
2389740
2390563
2391023
2391088
2391113
2391346
2391407
2391795
2391833
2391857
2391868
2392164
2392196
2392398
2392719
2392787
2392908
2393057
2393361
2393534
2393898
2393909
2394147
2394150
2394269
2394486
2394761
2394923
2395137
2395151
2395242
2395312
2395464
2395703
2395711
2395722
2395846
2395875
2396022
2396089
2396106
2396149
2396299
2396339
2396660
2396813
2396848
2397259
2397374
2397866
2398140
2398211
2398466
2398842
2398970
2399051
2399268
2399270
2399387
2399532
2399716
2399782
