1093520
1093470
1093468
1093449
1093433
1093406
1093398
1093373
1093350
1093280
1093252
1093196
1093188
1093164
1093141
1093130
1093102
1093081
1093069
1093025
1092975
1092938
1092882
1092873
1092847
1092804
1092792
1092779
1092766
1092751
1092720
1092696
1092688
1092677
1092664
1092659
1092641
1092602
1092578
1092560
1092555
1092526
1092476
1092432
1092425
1092413
1092399
1092383
1092372
1092328
1092307
1092271
1092262
1092240
1092239
1092227
1092208
1092190
1092174
1092145
1092136
1092122
1092111
1092094
1092085
1092068
1092049
1091992
1091951
1091943
1091918
1091905
1091897
1091876
1091848
1091813
1091791
1091775
1091717
1091634
1091619
1091559
1091498
1091473
1091465
1091429
1091404
1091308
1091272
1091256
1091244
1091194
1091185
1091170
1091133
1091106
1091067
1091058
1091045
1091011
1091003
1090982
1090965
1090947
1090931
1090929
1090880
1090846
1090809
1090767
1090758
1090703
1090681
1090676
1090595
1090586
1090553
1090539
1090514
1090496
1090488
1090423
1090368
1090357
1090312
1090306
1090293
1090260
1090255
1090226
1090184
1090151
1090120
1090105
1090083
1090072
1090061
1090044
1089937
1089918
1089881
1089869
1089825
1089800
1089780
1089775
1089752
1089717
1089678
1089642
1089596
1089577
1089564
1089515
1089498
1089473
1089465
1089450
1089404
1089386
1089327
1089283
1089261
1089244
1089228
1089210
1089207
1089194
1089170
1089168
1089157
1089149
1089045
1089036
1089003
1088972
1088961
1088895
1088871
1088839
1088827
1088814
1088808
1088788
1088764
1088723
1088715
1088702
1088670
1088668
1088657
1088649
1088606
1088591
1088575
1088563
1088517
1088490
1088474
1088445
1088436
1088411
1088397
1088354
1088325
1088313
1088292
1088266
1088251
1088243
1088218
1088205
1088187
1088178
1088142
1088119
1088098
1088047
1087988
1087977
1087964
1087902
1087836
1087803
1087691
1087675
1087663
1087638
1087624
1087609
1087585
1087570
1087568
1087486
1087408
1087392
1087384
1087366
1087351
1087343
1087276
1087269
1087232
1087225
1087198
1087182
1087173
1087150
1087131
1087129
1087104
1087042
1086990
1086989
1086967
1086896
1086877
1086823
1086802
1086773
1086704
1086695
1086686
1086639
1086608
1086597
1086576
1086548
1086532
1086513
1086500
1086438
1086387
1086378
1086355
1086334
1086301
1086294
1086257
1086249
1086221
1086212
1086199
1086183
1086156
1086144
1086107
1086092
1086084
1085975
1085963
1085952
1085898
1085850
1085847
1085804
1085792
1085743
1085718
1085705
1085696
1085688
1085664
1085630
1085615
1085593
1085587
1085578
1085542
1085481
1085454
1085448
1085432
1085425
1085400
1085399
1085335
1085307
1085286
1085271
1085227
1085208
1085190
1085174
1085103
1085068
1085057
1085049
1085012
1084981
1084948
1084900
1084866
1084851
1084820
1084818
1084785
1084768
1084733
1084698
1084682
1084650
1084647
1084629
1084616
1084561
1084535
1084487
1084442
1084367
1084241
1084223
1084202
1084180
1084138
1084124
1084062
1084053
1084040
1084039
1084014
1083998
1083965
1083931
1083929
1083904
1083880
1083875
1083852
1083846
1083838
1083817
1083809
1083789
1083758
1083681
1083669
1083632
1083586
1083553
1083527
1083514
1083488
1083459
1083441
1083402
1083394
1083368
1083349
1083312
1083293
1083242
1083234
1083226
1083219
1083166
1083120
1083118
1083056
1083044
1083035
1083007
1082821
1082806
1082771
1082762
1082753
1082740
1082714
1082708
1082692
1082651
1082643
1082574
1082558
1082499
1082456
1082435
1082428
1082391
1082380
1082363
1082338
1082324
1082317
1082298
1082265
1082229
1082216
1082197
1082154
1082148
1082132
1082125
1082113
1082096
1082059
1082030
1081986
1081962
1081939
1081927
1081908
1081872
1081861
1081844
1081835
1081828
1081793
1081787
1081742
1081726
1081719
1081690
1081658
1081636
1081579
1081566
1081551
1081433
1081412
1081406
1081373
1081329
1081275
1081246
1081188
1081164
1081159
1081141
1081123
1081081
1081069
1081054
1081048
1081013
1080985
1080968
1080957
1080912
1080906
1080893
1080834
1080826
1080801
1080797
1080781
1080748
1080725
1080699
1080661
1080644
1080628
1080610
1080550
1080547
1080323
1080302
1080236
1080222
1080203
1080186
1080171
1080114
1080108
1080080
1080017
1079971
1079939
1079861
1079760
1079742
1079719
1079689
1079611
1079449
1075282
1075273
1075247
1075231
1075197
1075181
1075132
1075113
1075096
1075030
1075023
1074983
1074935
1074853
1074840
1074759
1074741
1074702
1074694
1074670
1074657
1074612
1074546
1074524
1074509
1074422
1074403
1074354
1074300
1074266
1074220
1074205
1074187
1074155
1074098
1074050
1074047
1073985
1073912
1073842
1073826
1073781
1073700
1073644
1073492
