1048745
1052520
1054147
1054638
1054988
1055143
1055586
1055632
1055681
1055916
1056800
1056813
1057109
1059079
1059110
1059294
1059417
1060307
1060432
1060718
1060938
1061005
1061110
1061221
1061270
1061360
1061608
1061614
1061704
1061823
1061888
1061958
1062072
1062151
1062179
1062368
1062459
1062508
1062562
1062632
1062681
1062767
1063113
1063181
1063197
1063250
1063282
1067004
1069976
1070343
1070680
1070735
1070772
1070799
1071278
1071287
1071385
1071488
1071600
1072491
1072653
1072903
1072945
1072967
1073195
1073388
1073420
1073451
1073550
1073855
1074031
1074279
1074332
1074621
1074633
1076040
1076259
1076288
1076389
1076733
1076794
1077157
1077210
1077429
1077465
1077530
1077634
1077678
1077724
1077752
1077800
1077854
1077897
1077984
1078094
1078111
1078145
1078174
1078361
1078399
1078542
1078593
1078602
1078664
1078705
1078751
1078946
1079013
1079188
1079209
1079217
1079263
1079518
1079793
1079807
1079835
1080330
1080420
1080776
1080949
1081421
1093543
1093551
1093592
1093636
1093674
1093726
1093755
1093778
1093810
1093844
1093883
1093927
1093995
1094005
1094037
1094066
1094144
1094172
1094183
1094206
1094212
1094342
1094355
1094360
1094378
1094424
1094438
1094463
1094475
1094513
1094548
1094554
1094581
1094639
1094640
1094653
1094662
1094750
1094798
1094815
1094864
1094903
1094922
1094945
1094958
1094967
1094990
1095004
1095031
1095047
1095050
1095126
1095142
1095155
1095160
1095220
1095266
1095279
1095284
1095300
1095313
1095348
1095354
1095422
1095436
1095445
1095467
1095524
1095575
1095580
1095591
1095612
1095702
1095715
1095777
1095827
1095839
1095871
1095895
1095907
1095910
1095928
1095935
1095944
1095956
1095983
1095999
1096041
1096096
1096100
1096113
1096132
1096148
1096169
1096176
1096204
1096229
1096231
1096273
1096346
1096363
1096375
1096391
1096428
1096435
1096444
1096472
1096522
1096574
1096590
1096637
1096643
1096666
1096727
1096926
1096934
1096960
1096978
1097046
1097075
1097153
1097162
1097211
1097222
1097245
1097267
1097274
1097290
1097396
1097405
1097418
1097437
1097466
1097492
1097529
1097547
1097582
1097607
1097610
1097635
1097644
1097656
1097672
1097699
1097700
1097732
1097776
1097781
1097842
1097855
1097860
1097878
1097893
1097906
1097957
1097968
1097970
1097985
1097994
1098008
1098014
1098027
1098039
1098053
1098095
1098146
1098202
1098322
1098345
1098367
1098390
1098426
1098460
1098507
1098510
1098535
1098561
1098631
1098647
1098650
1098673
1098682
1098721
1098785
1098805
1098818
1098820
1098843
1098866
1098900
1098969
1098997
1099001
1099026
1099034
1099042
1099078
1099147
1099150
1099225
1099248
1099269
1099276
1099281
1099318
1099366
1099384
1099392
1099439
1099440
1099453
1099506
1099557
1099570
1099624
1099646
1099675
1099691
1099707
1099761
1099811
1099836
1099845
1099867
1099890
1099930
