1000051
1002941
1012420
1015414
1015799
1016722
1017012
1017262
1017909
1018523
1019047
1019436
1026271
1026310
1026448
1027349
1027904
1028480
1028731
1030074
1030185
1031315
1038273
1038993
1039312
1039676
1040401
1041804
1043134
1043218
1048745
1053307
1053696
1053938
1054147
1054232
1055441
1055508
1057230
1058769
1059285
1059716
1062527
1062669
1062745
1067840
1070248
1070585
1070959
1071824
1072387
1073516
1074458
1074796
1078792
1079275
1079592
1080063
1081518
1081734
1082857
1083143
1084215
1084544
1084954
1085784
1086051
1086268
1086270
1086614
1086864
1096771
1096955
