1000051
1000326
1001354
1002941
1003507
1004415
1004595
1004632
1006080
1008000
1008844
1008962
1009239
1010204
1012420
1012933
1015414
1015799
1016722
1017012
1017262
1017909
1017938
1018523
1019047
1019436
1019886
1020177
1020347
1022073
1022546
1022999
1024216
1025682
1026271
1026310
1026448
1027349
1027904
1028409
1028480
1028731
1028864
1029906
1030074
1030185
1031315
1033959
1034136
1034526
1034534
1034924
1035199
1035342
1036187
1037048
1037433
1038273
1038993
1039226
1039312
1039676
1040401
1040768
1041006
1041804
1042655
1042752
1043134
1043218
1043403
1045658
1046078
1047581
1048998
1049407
1050155
1050205
1050251
1050796
1050814
1053307
1053696
1053938
1054232
1054570
1055166
1055184
1055349
1055368
1055441
1055508
1057230
1058359
1058769
1059285
1059463
1060068
1061475
1061911
1062527
1062669
1062745
1063643
1063795
1063993
1064074
1064261
1064327
1064832
1065302
1065769
1065797
1066048
1067580
1067759
1068533
1068557
1068822
1068996
1070248
1070585
1070959
1071824
1072387
1073516
1074458
1074796
1078792
1079275
1079592
1080063
1081518
1081734
1082857
1083143
1084215
1084544
1084954
1085784
1086051
1086268
1086270
1086614
1086864
1088741
1092481
1092784
1093291
1093719
1094936
1095218
1096247
1096771
1096955
1097195
1098583
1098706
1099923
1099964
