1000043
1000079
1000128
1000144
1000172
1000199
1000206
1000233
1000257
1000326
1000342
1000360
1000393
1000409
1000452
1000475
1000569
1000576
1000581
1000597
1000608
1000639
1000671
1000729
1000731
1000782
1000798
1000802
1000823
1000830
1000859
1000864
1000888
1000903
1000911
1000936
1000990
1001016
1001029
1001031
1001050
1001082
1001134
1001142
1001155
1001160
1001178
1001187
1001193
1001279
1001284
1001300
1001313
1001354
1001422
1001445
1001474
1001489
1001538
1001552
1001580
1001591
1001621
1001633
1001730
1001759
1001777
1001796
1001808
1001814
1001827
1001839
1001871
1001907
1001928
1001944
1001999
1002001
1002034
1002055
1002078
1002129
1002147
1002165
1002182
1002200
1002213
1002276
1002281
1002305
1002414
1002427
1002440
1002462
1002486
1002533
1002609
1002652
1002675
1002728
1002761
1002772
1002822
1002845
1002930
1002988
1002996
1003008
1003027
1003053
1003109
1003163
1003180
1003202
1003311
1003336
1003390
1003419
1003442
1003455
1003460
1003478
1003487
1003507
1003535
1003599
1003604
1003665
1003673
1003682
1003698
1003757
1003805
1003818
1003820
1003837
1003843
1003866
1003884
1003913
1003997
1004010
1004137
1004151
1004184
1004242
1004255
1004260
1004293
1004385
1004415
1004430
1004441
1004459
1004514
1004540
1004586
1004595
1004632
1004654
1004669
1004711
1004745
1004758
1004767
1004789
1004846
1004880
1004891
1004916
1005011
1005106
1005168
1005194
1005210
1005228
1005235
1005256
1005308
1005314
1005353
1005371
1005502
1005530
1005577
1005596
1005634
1005642
1005693
1005717
1005738
1005775
1005780
1005848
1005876
1005897
1005905
1005951
1005984
1005992
1006052
1006063
1006080
1006091
1006108
1006114
1006139
1006162
1006186
1006203
1006211
1006222
1006245
1006341
1006388
1006396
1006405
1006451
1006492
1006504
1006516
1006565
1006598
1006635
1006644
1006656
1006699
1006725
1006748
1006754
1006776
1006801
1006819
1006906
1006912
1006957
1006994
1007002
1007023
1007077
1007088
1007132
1007154
1007169
1007197
1007229
1007247
1007282
1007298
1007363
1007410
1007435
1007444
1007456
1007461
1007483
1007503
1007574
1007589
1007618
1007620
1007637
1007679
1007739
1007753
1007786
1007821
1007857
1007870
1007885
1007894
1007934
1007955
1007960
1007978
1007987
1008000
1008032
1008048
1008076
1008123
1008141
1008159
1008188
1008238
1008246
1008252
1008263
1008280
1008304
1008331
1008350
1008412
1008449
1008468
1008470
1008543
1008584
1008592
1008611
1008645
1008674
1008690
1008719
1008760
1008778
1008787
1008844
1008856
1008908
1008914
1008962
1008971
1009006
1009094
1009122
1009158
1009167
1009174
1009190
1009208
1009227
1009239
1009240
1009307
1009310
1009383
1009399
1009432
1009469
1009501
1009519
1009526
1009542
1009578
1009615
1009623
1009641
1009696
1009705
1009718
1009737
1009792
1009804
1009816
1009829
1009831
1009865
1009909
1009917
1009924
1009938
1009952
1009963
1010002
1010015
1010023
1010059
1010088
1010096
1010100
1010113
1010125
1010132
1010181
1010204
1010229
1010231
1010247
1010273
1010282
1010298
1010317
1010352
1010375
1010407
1010435
1010461
1010483
1010558
1010574
1010590
1010643
1010666
1010684
1010708
1010714
1010753
1010762
1010821
1010894
1010960
1010993
1011008
1011027
1011040
1011053
1011109
1011117
1011124
1011152
1011163
1011175
1011202
1011223
1011241
1011264
1011311
1011336
1011367
1011390
1011419
1011426
1011434
1011544
1011561
1011599
1011604
1011616
1011665
1011749
1011757
1011768
1011785
1011837
1011866
1011879
1011925
1012017
1012024
1012038
1012046
1012075
1012108
1012127
1012153
1012186
1012211
1012245
1012258
1012289
1012323
1012364
1012377
1012396
1012466
1012492
1012504
1012531
1012547
1012550
1012573
1012628
1012635
1012672
1012699
1012713
1012725
1012748
1012769
1012801
1012826
1012855
1012921
1012933
1012957
1013018
1013084
1013092
1013128
1013135
1013144
1013183
1013212
1013221
1013249
1013268
1013285
1013360
1013387
1013393
1013446
1013491
1013569
1013576
1013640
1013662
1013782
1013798
1013830
1013864
1013896
1013945
1013990
1014000
1014048
1014054
1014076
1014102
1014164
1014188
1014209
1014217
1014238
1014263
1014329
1014365
1014421
1014505
1014518
1014520
1014551
1014622
1014674
1014787
1014835
1014861
1014883
1014927
1014986
1015001
1015019
1015042
1015055
1015060
1015078
1015104
1015116
1015131
1015182
1015213
1015232
1015343
1015351
1015366
1015384
1015408
1015439
1015486
1015495
1015512
1015521
1015533
1015549
1015609
1015624
1015646
1015680
1015691
1015783
1015845
1015915
1015941
1015959
1015977
1015988
1015996
1016072
1016083
1016105
1016118
1016201
1016242
1016278
1016306
1016402
1016415
1016464
1016527
1016539
1016553
1016571
1016586
1016595
1016600
1016669
1016703
1016711
1016789
1016891
1016916
1016947
1017068
1017103
1017111
1017122
1017174
1017190
1017208
1017214
1017239
1017286
1017307
1017335
1017344
1017356
1017383
1017400
1017413
1017448
1017501
1017519
1017526
1017587
1017593
1017615
1017623
1017641
1017664
1017705
1017751
1017804
1017865
1017873
1017917
1017938
1017946
1017952
1017975
1017980
1018036
1018045
1018067
1018133
1018157
1018194
1018210
1018228
1018235
1018283
1018362
1018386
1018404
1018450
1018465
1018502
1018515
1018541
1018559
1018588
1018619
1018626
1018634
1018642
1018678
1018709
1018717
1018724
1018752
1018775
1018780
1018791
1018800
1018854
1018920
1018943
1018951
1018979
1018984
1019004
1019050
1019119
1019218
1019251
1019266
1019284
1019300
1019332
1019354
1019397
1019403
1019411
1019458
1019490
1019552
1019575
1019580
1019657
1019668
1019670
1019685
1019694
1019759
1019777
1019796
1019839
1019840
1019853
1019886
1019907
1019910
1019956
1019961
1019983
1020000
1020032
1020048
1020054
1020076
1020081
1020130
1020141
1020159
1020177
1020188
1020217
1020246
1020252
1020263
1020280
1020291
1020329
1020331
1020347
1020350
1020365
1020373
1020406
1020412
1020421
1020457
1020468
1020494
1020518
1020520
1020592
1020611
1020622
1020667
1020689
1020701
1020810
1020835
1020844
1020856
1020861
1020872
1020927
1020953
1020962
1020986
1021034
1021042
1021087
1021093
1021150
1021165
1021173
1021182
1021254
1021297
1021305
1021320
1021337
1021379
1021427
1021440
1021486
1021495
1021512
1021521
1021549
1021570
1021585
1021594
1021663
1021675
1021691
1021728
1021735
1021756
1021803
1021811
1021836
1021890
1021930
1021959
1021988
1022004
1022029
1022065
1022073
1022098
1022126
1022134
1022155
1022193
1022218
1022292
1022325
1022354
1022376
1022436
1022458
1022490
1022509
1022517
1022538
1022546
1022552
1022591
1022612
1022633
1022657
1022670
1022702
1022730
1022759
1022808
1022814
1022839
1022871
1022895
1022961
1022983
1022999
1023003
1023036
1023067
1023106
1023133
1023149
1023185
1023207
1023210
1023272
1023283
1023308
1023327
1023353
1023362
1023371
1023395
1023404
1023450
1023473
1023482
1023541
1023559
1023601
1023619
1023678
1023687
1023709
1023717
1023752
1023763
1023775
1023780
1023825
1023854
1023876
1023881
1023897
1023918
1023943
1023979
1024059
1024096
1024125
1024148
1024154
1024216
1024231
1024282
1024298
1024346
1024352
1024380
1024407
1024444
1024472
1024522
1024558
1024589
1024637
1024727
1024739
1024762
1024771
1024795
1024806
1024857
1024868
1024960
1024987
1025008
1025027
1025109
1025138
1025152
1025175
1025202
1025223
1025288
1025322
1025358
1025389
1025426
1025434
1025478
1025487
1025493
1025510
1025535
1025631
1025647
1025650
1025682
1025706
1025721
1025770
1025785
1025818
1025820
1025837
1025851
1025879
1025892
1025954
1026033
1026049
1026070
1026094
1026122
1026145
1026174
1026189
1026227
1026253
1026262
1026286
1026335
1026344
1026372
1026399
1026400
1026481
1026526
1026534
1026542
1026578
1026593
1026659
1026696
1026784
1026804
1026829
1026850
1026909
1027044
1027061
1027137
1027143
1027226
1027242
1027260
1027278
1027287
1027357
1027370
1027394
1027488
1027586
1027613
1027711
1027722
1027774
1027789
1027809
1027824
1027875
1027880
1027916
1027929
1027950
1027973
1027998
1028018
1028020
1028037
1028128
1028161
1028206
1028249
1028257
1028268
1028294
1028301
1028326
1028334
1028342
1028378
1028387
1028409
1028417
1028424
1028446
1028475
1028491
1028532
1028548
1028581
1028608
1028614
1028627
1028639
1028653
1028671
1028695
1028704
1028729
1028750
1028782
1028815
1028864
1028888
1028896
1028911
1028936
1028990
1029009
1029024
1029038
1029108
1029153
1029258
1029267
1029323
1029364
1029388
1029418
1029479
1029516
1029531
1029547
1029565
1029573
1029607
1029610
1029635
1029656
1029661
1029672
1029699
1029700
1029713
1029748
1029776
1029801
1029819
1029826
1029834
1029887
1029893
1029906
1029933
1030003
1030036
1030045
1030067
1030089
1030090
1030106
1030168
1030170
1030207
1030210
1030244
1030261
1030272
1030339
1030340
1030353
1030362
1030386
1030395
1030404
1030429
1030431
1030447
1030465
1030498
1030502
1030530
1030601
1030626
1030655
1030717
1030724
1030738
1030780
1030800
1030825
1030869
1030876
1030920
1030966
1030979
1030992
1031017
1031038
1031063
1031075
1031127
1031139
1031140
1031162
1031171
1031211
1031258
1031289
1031330
1031377
1031405
1031418
1031420
1031443
1031484
1031516
1031550
1031565
1031582
1031607
1031610
1031635
1031644
1031656
1031725
1031769
1031781
1031801
1031834
1031855
1031921
1031933
1031949
1031970
1031985
1032014
1032027
1032138
1032152
1032163
1032202
1032215
1032241
1032288
1032303
1032322
1032345
1032358
1032374
1032401
1032460
1032487
1032535
1032544
1032556
1032561
1032583
1032616
1032629
1032631
1032650
1032682
1032698
1032721
1032749
1032768
1032805
1032884
1032900
1032913
1032925
1032948
1032969
1032981
1033026
1033034
1033042
1033055
1033087
1033093
1033131
1033147
1033150
1033173
1033198
1033200
1033232
1033318
1033351
1033392
1033427
1033439
1033440
1033471
1033495
1033506
1033512
1033521
1033533
1033557
1033585
1033609
1033624
1033652
1033691
1033735
1033761
1033803
1033822
1033890
1033923
1033941
1033959
1033977
1033988
1034006
1034021
1034033
1034049
1034103
1034111
1034136
1034158
1034174
1034189
1034190
1034208
1034239
1034240
1034253
1034295
1034307
1034328
1034361
1034372
1034399
1034413
1034454
1034469
1034476
1034481
1034497
1034526
1034534
1034542
1034578
1034587
1034602
1034623
1034630
1034659
1034688
1034696
1034705
1034720
1034751
1034766
1034804
1034831
1034847
1034873
1034882
1034917
1034924
1034952
1035005
1035037
1035051
1035066
1035128
1035199
1035206
1035212
1035233
1035270
1035326
1035334
1035342
1035355
1035393
1035452
1035463
1035480
1035491
1035525
1035532
1035581
1035627
1035653
1035662
1035729
1035782
1035798
1035802
1035888
1035911
1035945
1035958
1035990
1036031
1036047
1036050
1036065
1036073
1036101
1036119
1036134
1036160
1036187
1036193
1036205
1036237
1036243
1036266
1036279
1036300
1036313
1036325
1036332
1036354
1036369
1036397
1036422
1036436
1036467
1036474
1036524
1036538
1036546
1036552
1036575
1036580
1036621
1036633
1036649
1036657
1036741
1036759
1036764
1036796
1036839
1036871
1036910
1036928
1036983
1037000
1037013
1037048
1037141
1037188
1037217
1037224
1037238
1037263
1037280
1037304
1037316
1037329
1037331
1037347
1037350
1037373
1037382
1037412
1037421
1037433
1037468
1037485
1037551
1037566
1037579
1037592
1037603
1037611
1037622
1037645
1037658
1037734
1037742
1037787
1037835
1037856
1037908
1037914
1037939
1037940
1037971
1038077
1038088
1038100
1038125
1038148
1038176
1038181
1038216
1038229
1038231
1038250
1038282
1038298
1038380
1038391
1038410
1038461
1038472
1038483
1038503
1038545
1038567
1038574
1038589
1038618
1038620
1038666
1038684
1038727
1038739
1038740
1038753
1038786
1038795
1038812
1038870
1038901
1038919
1038934
1039007
1039035
1039099
1039105
1039120
1039166
1039179
1039192
1039201
1039226
1039255
1039287
1039293
1039333
1039349
1039385
1039394
1039402
1039441
1039464
1039527
1039553
1039562
1039600
1039613
1039625
1039648
1039722
1039736
1039758
1039774
1039789
1039817
1039904
1039916
1039947
1039982
1040039
1040071
1040095
1040117
1040152
1040163
1040175
1040215
1040259
1040288
1040296
1040303
1040358
1040367
1040374
1040390
1040434
1040455
1040478
1040510
1040528
1040535
1040544
1040572
1040665
1040682
1040749
1040768
1040770
1040785
1040805
1040851
1040892
1040900
1040932
1040954
1040969
1040976
1041006
1041057
1041070
1041085
1041094
1041103
1041145
1041167
1041190
1041214
1041227
1041271
1041307
1041361
1041383
1041432
1041476
1041481
1041501
1041526
1041623
1041659
1041705
1041718
1041720
1041743
1041766
1041779
1041784
1041792
1041816
1041831
1041865
1041873
1041924
1041975
1041991
1042036
1042058
1042067
1042074
1042089
1042106
1042121
1042210
1042272
1042327
1042339
1042362
1042386
1042429
1042447
1042465
1042482
1042523
1042559
1042564
1042596
1042626
1042642
1042655
1042678
1042746
1042752
1042832
1042848
1042905
1042937
1042951
1042966
1042984
1042992
1043073
1043098
1043126
1043142
1043187
1043193
1043220
1043243
1043292
1043300
1043332
1043376
1043403
1043411
1043436
1043445
1043458
1043467
1043474
1043524
1043546
1043575
1043633
1043649
1043657
1043668
1043670
1043694
1043723
1043788
1043808
1043814
1043839
1043853
1043871
1043886
1043895
1043910
1043928
1043944
1043961
1043983
1044009
1044024
1044046
1044052
1044114
1044127
1044203
1044222
1044245
1044289
1044315
1044330
1044341
1044359
1044396
1044418
1044451
1044484
1044492
1044504
1044516
1044529
1044547
1044573
1044607
1044644
1044656
1044699
1044700
1044713
1044769
1044776
1044797
1044826
1044842
1044878
1044921
1044970
1044985
1044994
1045013
1045069
1045081
1045130
1045188
1045209
1045304
1045316
1045329
1045373
1045398
1045406
1045457
1045485
1045494
1045505
1045537
1045543
1045551
1045611
1045622
1045645
1045658
1045689
1045719
1045908
1045939
1046019
1046034
1046078
1046104
1046147
1046150
1046173
1046182
1046248
1046281
1046297
1046305
1046337
1046343
1046366
1046392
1046439
1046440
1046453
1046521
1046533
1046549
1046570
1046609
1046646
1046680
1046691
1046707
1046728
1046735
1046744
1046772
1046858
1046874
1046889
1046902
1046941
1046964
1046977
1046988
1047066
1047110
1047135
1047156
1047172
1047249
1047268
1047285
1047301
1047334
1047393
1047446
1047452
1047475
1047480
1047500
1047513
1047548
1047554
1047569
1047581
1047608
1047639
1047640
1047671
1047695
1047747
1047815
1047823
1047830
1047903
1047945
1047967
1047989
1048028
1048035
1048044
1048056
1048105
1048118
1048137
1048179
1048192
1048219
1048226
1048278
1048293
1048312
1048321
1048357
1048394
1048402
1048441
1048459
1048464
1048477
1048488
1048496
1048508
1048600
1048625
1048632
1048697
1048745
1048774
1048789
1048790
1048838
1048846
1048863
1048875
1048929
1048931
1048982
1048998
1049023
1049030
1049059
1049088
1049100
1049113
1049125
1049132
1049148
1049197
1049216
1049231
1049298
1049346
1049352
1049407
1049410
1049435
1049444
1049483
1049499
1049503
1049558
1049567
1049643
1049651
1049692
1049708
1049714
1049727
1049753
1049812
1049857
1049885
1049926
1049960
1049993
1050031
1050101
1050134
1050155
1050178
1050205
1050251
1050279
1050292
1050300
1050313
1050348
1050354
1050403
1050411
1050422
1050436
1050458
1050467
1050490
1050524
1050552
1050575
1050580
1050606
1050633
1050649
1050657
1050694
1050702
1050723
1050764
1050788
1050796
1050808
1050814
1050853
1050886
1050907
1050972
1050999
1051002
1051059
1051100
1051113
1051154
1051216
1051229
1051231
1051265
1051309
1051363
1051375
1051380
1051407
1051428
1051435
1051574
1051605
1051679
1051684
1051708
1051740
1051762
1051771
1051786
1051812
1051821
1051857
1051919
1051960
1051978
1052025
1052032
1052097
1052102
1052115
1052123
1052130
1052141
1052177
1052209
1052217
1052224
1052238
1052280
1052291
1052316
1052329
1052347
1052373
1052470
1052494
1052518
1052543
1052551
1052566
1052579
1052584
1052674
1052689
1052690
1052726
1052742
1052828
1052856
1052861
1052899
1052908
1052995
1053068
1053145
1053158
1053167
1053190
1053208
1053227
1053253
1053271
1053310
1053335
1053399
1053448
1053476
1053497
1053519
1053542
1053593
1053615
1053641
1053718
1053720
1053737
1053779
1053816
1053829
1053865
1053898
1053909
1053924
1053963
1053975
1053980
1053991
1054034
1054042
1054060
1054078
1054116
1054147
1054173
1054182
1054198
1054200
1054225
1054254
1054281
1054318
1054320
1054337
1054384
1054408
1054427
1054453
1054471
1054486
1054495
1054557
1054570
1054617
1054624
1054638
1054663
1054680
1054691
1054707
1054756
1054845
1054890
1054977
1055007
1055120
1055143
1055151
1055166
1055184
1055192
1055219
1055255
1055349
1055357
1055368
1055477
1055496
1055527
1055539
1055540
1055562
1055586
1055595
1055600
1055632
1055654
1055669
1055676
1055681
1055703
1055745
1055789
1055790
1055852
1055875
1055880
1055916
1056045
1056067
1056133
1056149
1056157
1056170
1056194
1056210
1056228
1056256
1056299
1056339
1056340
1056371
1056429
1056447
1056450
1056473
1056482
1056498
1056502
1056523
1056541
1056564
1056588
1056619
1056626
1056634
1056642
1056717
1056763
1056800
1056825
1056848
1056918
1056920
1056937
1056943
1056984
1057008
1057027
1057053
1057071
1057086
1057109
1057124
1057241
1057259
1057277
1057288
1057303
1057322
1057345
1057358
1057374
1057401
1057426
1057434
1057442
1057460
1057487
1057493
1057507
1057604
1057616
1057647
1057712
1057721
1057770
1057785
1057794
1057818
1057892
1057900
1057932
1057948
1057969
1058009
1058024
1058038
1058046
1058052
1058063
1058091
1058108
1058114
1058139
1058153
1058186
1058203
1058211
1058236
1058245
1058267
1058289
1058302
1058330
1058359
1058405
1058418
1058420
1058437
1058451
1058504
1058529
1058565
1058573
1058610
1058644
1058656
1058661
1058683
1058713
1058781
1058801
1058826
1058834
1058842
1058933
1058968
1058970
1058985
1059043
1059110
1059128
1059161
1059199
1059233
1059249
1059257
1059270
1059301
1059393
1059424
1059438
1059463
1059480
1059491
1059525
1059548
1059569
1059608
1059627
1059639
1059653
1059662
1059671
1059731
1059782
1059798
1059859
1059896
1059903
1059967
1059989
1060006
1060068
1060094
1060189
1060190
1060227
1060271
1060310
1060328
1060425
1060501
1060534
1060542
1060578
1060688
1060705
1060779
1060784
1060865
1060873
1060882
1060917
1060938
1060946
1060952
1060991
1061051
1061084
1061092
1061107
1061128
1061144
1061161
1061172
1061183
1061199
1061206
1061233
1061326
1061334
1061355
1061378
1061446
1061452
1061463
1061480
1061491
1061513
1061554
1061569
1061576
1061639
1061653
1061695
1061716
1061731
1061802
1061815
1061823
1061830
1061859
1061896
1061903
1061911
1062007
1062028
1062083
1062105
1062242
1062385
1062394
1062402
1062415
1062430
1062441
1062540
1062553
1062571
1062676
1062703
1062711
1062774
1062790
1062817
1062838
1062929
1062973
1062982
1063041
1063059
1063077
1063125
1063247
1063265
1063317
1063324
1063338
1063363
1063375
1063407
1063410
1063435
1063456
1063499
1063536
1063545
1063605
1063692
1063708
1063714
1063786
1063806
1063868
1063987
1064036
1064045
1064067
1064090
1064112
1064121
1064133
1064157
1064168
1064228
1064272
1064299
1064308
1064339
1064371
1064395
1064465
1064482
1064498
1064515
1064523
1064559
1064596
1064601
1064619
1064626
1064634
1064660
1064678
1064746
1064752
1064763
1064775
1064876
1064897
1064905
1064937
1064951
1064966
1065024
1065038
1065063
1065108
1065114
1065127
1065140
1065162
1065171
1065203
1065222
1065289
1065315
1065330
1065341
1065359
1065418
1065420
1065466
1065479
1065565
1065573
1065628
1065635
1065776
1065801
1065819
1065826
1065842
1065855
1065860
1065893
1065912
1065933
1065949
1065970
1066000
1066013
1066025
1066081
1066102
1066115
1066123
1066130
1066141
1066159
1066164
1066177
1066188
1066196
1066263
1066291
1066316
1066365
1066412
1066470
1066494
1066505
1066537
1066592
1066658
1066674
1066690
1066701
1066719
1066726
1066742
1066793
1066807
1066810
1066828
1066835
1066856
1066872
1066899
1066908
1066939
1066940
1066953
1066986
1066995
1067016
1067031
1067047
1067101
1067126
1067134
1067155
1067160
1067178
1067187
1067220
1067284
1067313
1067325
1067332
1067369
1067381
1067458
1067467
1067489
1067538
1067563
1067621
1067668
1067694
1067702
1067788
1067796
1067808
1067862
1067886
1068001
1068055
1068093
1068129
1068165
1068182
1068198
1068225
1068269
1068281
1068297
1068427
1068462
1068486
1068512
1068521
1068617
1068638
1068646
1068652
1068691
1068728
1068772
1068803
1068836
1068845
1068858
1068874
1068889
1068959
1068964
1069039
1069053
1069071
1069086
1069117
1069138
1069152
1069175
1069191
1069202
1069223
1069241
1069264
1069288
1069345
1069367
1069389
1069455
1069478
1069493
1069528
1069535
1069556
1069572
1069599
1069757
1069794
1069805
1069843
1069851
1069866
1069879
1069900
1069913
1069925
1069948
1069997
1070026
1070055
1070060
1070093
1070131
1070213
1070225
1070281
1070297
1070318
1070337
1070366
1070408
1070427
1070440
1070453
1070512
1070557
1070568
1070570
1070638
1070675
1070691
1070710
1070744
1070756
1070783
1070811
1070822
1070890
1070923
1070930
1070941
1070964
1071061
1071099
1071120
1071143
1071166
1071184
1071192
1071293
1071370
1071514
1071527
1071553
1071571
1071595
1071613
1071632
1071669
1071681
1071697
1071736
1071745
1071774
1071790
1071875
1071929
1071950
1071965
1071982
1072005
1072037
1072144
1072183
1072221
1072233
1072268
1072326
1072342
1072378
1072409
1072525
1072532
1072576
1072608
1072614
1072640
1072662
1072671
1072695
1072704
1072729
1072747
1072773
1072798
1072815
1072823
1072830
1072841
1072859
1072864
1072877
1072888
1072974
1073038
1073046
1073052
1073075
1073171
1073222
1073258
1073267
1073274
1073359
1073396
1073418
1073443
1073492
1073565
1073573
1073598
1073610
1073644
1073656
1073700
1073732
1073776
1073781
1073819
1073826
1073842
1073887
1073906
1073912
1073949
1073985
1074004
1074047
1074050
1074155
1074187
1074205
1074220
1074266
1074300
1074354
1074403
1074422
1074509
1074524
1074546
1074612
1074657
1074670
1074694
1074702
1074741
1074759
1074840
1074853
1074935
1074983
1075030
1075096
1075113
1075132
1075181
1075197
1075247
1075273
1075282
1075298
1075324
1075338
1075380
1075444
1075545
1075574
1075620
1075637
1075643
1075666
1075679
1075692
1075708
1075714
1075739
1075762
1075833
1075870
1075919
1075926
1075934
1075993
1076027
1076062
1076071
1076138
1076146
1076180
1076215
1076230
1076241
1076277
1076311
1076322
1076336
1076367
1076401
1076419
1076442
1076510
1076544
1076556
1076561
1076616
1076647
1076673
1076682
1076721
1076749
1076757
1076837
1076851
1076879
1076954
1076997
1077036
1077045
1077058
1077133
1077168
1077170
1077194
1077207
1077244
1077299
1077339
1077340
1077371
1077386
1077395
1077404
1077447
1077482
1077515
1077523
1077564
1077596
1077619
1077693
1077738
1077746
1077763
1077780
1077825
1077876
1077881
1077920
1077937
1078068
1078103
1078158
1078190
1078227
1078239
1078310
1078335
1078344
1078383
1078400
1078448
1078519
1078534
1078555
1078615
1078623
1078696
1078718
1078743
1078784
1078829
1078850
1078882
1078924
1078963
1078980
1079025
1079102
1079164
1079246
1079304
1079316
1079329
1079331
1079365
1079433
1079449
1079457
1079470
1079543
1079579
1079584
1079603
1079611
1079622
1079636
1079645
1079689
1079719
1079742
1079760
1079861
1079908
1079939
1079971
1079986
1080017
1080080
1080108
1080114
1080171
1080186
1080203
1080222
1080236
1080302
1080323
1080451
1080516
1080547
1080550
1080573
1080610
1080628
1080644
1080661
1080699
1080725
1080748
1080781
1080797
1080801
1080826
1080834
1080893
1080906
1080912
1080957
1080968
1080985
1081013
1081048
1081054
1081069
1081081
1081123
1081141
1081159
1081164
1081188
1081246
1081275
1081329
1081373
1081406
1081412
1081433
1081551
1081566
1081579
1081636
1081658
1081690
1081719
1081726
1081742
1081787
1081793
1081828
1081835
1081844
1081861
1081872
1081908
1081927
1081939
1081986
1082030
1082059
1082096
1082113
1082125
1082132
1082148
1082154
1082197
1082216
1082229
1082265
1082298
1082317
1082324
1082338
1082363
1082380
1082391
1082428
1082435
1082456
1082499
1082558
1082574
1082643
1082651
1082692
1082708
1082714
1082740
1082753
1082762
1082771
1082806
1082821
1083007
1083035
1083044
1083118
1083120
1083166
1083219
1083234
1083242
1083293
1083349
1083368
1083402
1083441
1083488
1083514
1083527
1083553
1083586
1083789
1083817
1083846
1083852
1083875
1083904
1083929
1083931
1083965
1083998
1084039
1084040
1084053
1084062
1084180
1084202
1084223
1084367
1084442
1084535
1084561
1084629
1084647
1084650
1084682
1084733
1084768
1084785
1084818
1084820
1084851
1084866
1084900
1084948
1084981
1085049
1085057
1085068
1085103
1085174
1085208
1085227
1085271
1085286
1085307
1085335
1085400
1085425
1085432
1085448
1085454
1085481
1085542
1085578
1085587
1085593
1085615
1085630
1085688
1085696
1085705
1085718
1085743
1085792
1085804
1085847
1085850
1085898
1085952
1085963
1086084
1086092
1086107
1086144
1086156
1086183
1086199
1086212
1086221
1086249
1086257
1086301
1086334
1086355
1086378
1086500
1086513
1086532
1086548
1086576
1086639
1086686
1086704
1086802
1086877
1086896
1087042
1087104
1087131
1087150
1087182
1087225
1087232
1087269
1087276
1087343
1087351
1087366
1087384
1087392
1087486
1087568
1087570
1087585
1087609
1087624
1087663
1087675
1087691
1087803
1087836
1087902
1087964
1087977
1088047
1088098
1088119
1088142
1088178
1088187
1088205
1088218
1088243
1088251
1088266
1088292
1088313
1088325
1088354
1088397
1088411
1088436
1088445
1088474
1088490
1088517
1088575
1088591
1088606
1088649
1088657
1088668
1088670
1088702
1088715
1088723
1088741
1088764
1088788
1088808
1088814
1088827
1088839
1088871
1088895
1088961
1088972
1089036
1089045
1089149
1089168
1089170
1089194
1089207
1089210
1089228
1089244
1089283
1089327
1089386
1089450
1089465
1089473
1089498
1089564
1089596
1089642
1089678
1089717
1089752
1089780
1089800
1089825
1089869
1089881
1089918
1090044
1090072
1090083
1090105
1090120
1090151
1090184
1090226
1090255
1090260
1090293
1090306
1090312
1090368
1090488
1090496
1090514
1090539
1090553
1090586
1090595
1090676
1090681
1090703
1090758
1090767
1090809
1090846
1090880
1090929
1090931
1090947
1090965
1090982
1091011
1091045
1091058
1091067
1091106
1091133
1091185
1091194
1091256
1091272
1091308
1091404
1091465
1091498
1091619
1091634
1091717
1091775
1091813
1091848
1091876
1091897
1091905
1091943
1092049
1092068
1092085
1092111
1092136
1092208
1092227
1092239
1092240
1092271
1092307
1092328
1092383
1092399
1092413
1092425
1092432
1092481
1092526
1092560
1092602
1092641
1092659
1092664
1092677
1092688
1092696
1092720
1092751
1092766
1092779
1092784
1092804
1092873
1092882
1092938
1092975
1093069
1093081
1093102
1093141
1093164
1093188
1093196
1093252
1093280
1093291
1093350
1093373
1093398
1093406
1093433
1093449
1093468
1093470
1093520
1093543
1093551
1093592
1093636
1093674
1093719
1093726
1093755
1093760
1093778
1093810
1093844
1093883
1093927
1093995
1094005
1094037
1094066
1094144
1094172
1094183
1094206
1094212
1094342
1094355
1094360
1094378
1094424
1094438
1094463
1094475
1094513
1094548
1094554
1094581
1094639
1094640
1094653
1094662
1094750
1094798
1094815
1094864
1094903
1094922
1094936
1094945
1094958
1094967
1094990
1095004
1095031
1095047
1095050
1095126
1095142
1095155
1095160
1095218
1095220
1095266
1095279
1095284
1095300
1095313
1095348
1095354
1095422
1095436
1095445
1095467
1095524
1095575
1095580
1095591
1095612
1095702
1095715
1095777
1095827
1095839
1095871
1095895
1095907
1095910
1095928
1095935
1095944
1095956
1095983
1095999
1096041
1096096
1096100
1096113
1096125
1096132
1096148
1096169
1096176
1096204
1096229
1096231
1096247
1096273
1096346
1096363
1096375
1096391
1096428
1096435
1096444
1096472
1096522
1096574
1096590
1096637
1096643
1096666
1096727
1096926
1096934
1096960
1096978
1097046
1097075
1097153
1097162
1097171
1097195
1097211
1097222
1097245
1097267
1097274
1097290
1097396
1097405
1097418
1097437
1097466
1097492
1097529
1097547
1097550
1097582
1097607
1097610
1097635
1097644
1097656
1097672
1097699
1097700
1097732
1097776
1097781
1097797
1097842
1097855
1097860
1097878
1097893
1097906
1097957
1097968
1097970
1097985
1097994
1098008
1098014
1098027
1098039
1098053
1098095
1098146
1098202
1098322
1098345
1098367
1098390
1098426
1098460
1098507
1098510
1098535
1098561
1098583
1098631
1098647
1098650
1098673
1098682
1098706
1098721
1098785
1098805
1098818
1098820
1098843
1098866
1098900
1098969
1098997
1099001
1099026
1099034
1099042
1099078
1099147
1099150
1099225
1099248
1099269
1099276
1099281
1099318
1099366
1099384
1099392
1099439
1099440
1099453
1099506
1099557
1099570
1099624
1099646
1099675
1099691
1099707
1099761
1099811
1099836
1099845
1099867
1099890
1099923
