1000294
1000945
1001243
1001788
1002254
1002297
1002318
1002889
1002959
1003264
1003583
1003892
1004234
1004357
1004508
1004562
1004613
1004722
1004809
1005003
1005089
1005112
1005244
1005429
1005564
1005588
1006140
1006267
1006466
1006504
1006725
1006994
1007169
1007229
1007247
1007338
1007444
1007483
1007589
1007620
1007679
1007739
1007753
1007934
1007960
1008032
1008048
1008331
1008584
1008611
1008908
1008971
1009006
1009737
1010015
1010059
1010229
1010231
1010317
1010574
1010684
1010708
1010714
1010960
1010993
1011027
1011124
1011768
1012038
1012258
1012289
1012437
1012547
1012957
1012985
1013051
1013475
1013608
1014275
1014457
1014760
1014828
1014856
1015150
1015392
1015568
1016151
1016234
1016625
1016681
1016697
1017033
1017784
1017882
1018121
1018416
1018693
1018738
1018937
1018966
1019187
1019685
1019796
1020263
1020331
1020457
1020701
1020962
1021570
1021594
1021691
1021735
1022029
1022538
1023854
1024231
1025138
1025223
1025389
1026033
1026122
1026664
1026737
1026751
1027219
1027669
1027863
1028107
1028135
1028576
1029290
1030881
1030984
1031290
1031341
1031388
1031598
1031906
1031968
1032071
1032191
1032535
1032913
1033200
1033557
1033988
1034239
1034372
1034659
1034751
1035581
1036065
1036101
1036575
1037350
1037412
1038833
1039010
1040053
1040345
1040460
1040818
1041356
1041413
1041454
1041615
1043325
1043935
1044195
1044607
1044713
1044921
1045505
1045995
1046462
1046570
1046646
1046680
1046735
1046874
1046988
1047671
1048035
1048044
1048219
1050411
1050983
1051456
1051567
1051618
1052350
1053602
1053677
1054351
1054710
1055488
1056089
1057138
1057866
1057954
1058377
1059841
1060049
1060335
1060792
1060831
1061268
1061319
1061393
1061765
1061864
1062035
1062056
1063100
1063503
1063771
1063901
1065017
1065405
1065748
1066778
1066883
1066962
1067649
1067670
1068343
1068495
1069040
1069230
1069604
1069733
1069749
1070379
1070996
1072206
1074029
1074436
1074886
1075618
1075786
1076507
1076785
1076866
1077353
1077966
1078021
1078049
1078085
1078189
1078677
1079238
1081102
1082002
1082282
1082955
1082993
1083010
1083540
1084008
1084426
1085033
1085560
1087710
1087874
1088284
1088759
1088910
1089660
1089791
1090028
1090278
1090998
1091314
1091523
1091596
1091869
1092070
1092718
1092831
1093054
1093224
1093347
1094301
1095741
1097009
1097063
1097080
1097186
1097504
1098981
1099200
1099343
