1052520
1054988
1056813
1059079
1059294
1059417
1060307
1060432
1060718
1061005
1061110
1061221
1061270
1061360
1061608
1061614
1061704
1061888
1061958
1062072
1062151
1062179
1062368
1062459
1062508
1062562
1062632
1062681
1062767
1063113
1063181
1063197
1063250
1063282
1067004
1069976
1070343
1070680
1070735
1070772
1070799
1071278
1071287
1071385
1071488
1071600
1072491
1072653
1072903
1072945
1072967
1073195
1073388
1073420
1073451
1073550
1073855
1074031
1074098
1074279
1074332
1074621
1074633
1075023
1075231
1076040
1076259
1076288
1076389
1076733
1076794
1077157
1077210
1077429
1077465
1077530
1077634
1077678
1077724
1077752
1077800
1077854
1077897
1077984
1078094
1078111
1078145
1078174
1078361
1078399
1078542
1078593
1078602
1078664
1078705
1078751
1078946
1079013
1079188
1079209
1079217
1079263
1079518
1079793
1079807
1079835
1080330
1080420
1080776
1080949
1081421
1081962
1083056
1083226
1083312
1083394
1083459
1083632
1083669
1083681
1083758
1083809
1083838
1083880
1084014
1084124
1084138
1084241
1084487
1084616
1084698
1085012
1085190
1085399
1085664
1085975
1086294
1086387
1086438
1086597
1086608
1086695
1086773
1086823
1086967
1086989
1086990
1087129
1087173
1087198
1087408
1087638
1087988
1088563
1089003
1089157
1089261
1089404
1089515
1089577
1089775
1089937
1090061
1090357
1090423
1091003
1091170
1091244
1091429
1091473
1091559
1091791
1091918
1091951
1091992
1092094
1092122
1092145
1092174
1092190
1092262
1092372
1092476
1092555
1092578
1092792
1092847
1093025
1093130
1099930
