2300019
2300026
2300042
2300055
2300078
2300104
2300116
2300129
2300131
2300147
2300165
2300182
2300232
2300305
2300343
2300379
2300392
2300408
2300414
2300440
2300462
2300486
2300495
2300506
2300512
2300521
2300557
2300568
2300570
2300585
2300617
2300624
2300638
2300646
2300663
2300675
2300710
2300772
2300783
2300799
2300822
2300858
2301044
2301056
2301061
2301083
2301105
2301118
2301120
2301143
2301151
2301179
2301226
2301242
2301255
2301260
2301293
2301306
2301333
2301349
2301357
2301385
2301402
2301423
2301430
2301441
2301459
2301464
2301488
2301514
2301539
2301540
2301562
2301625
2301648
2301669
2301703
2301745
2301758
2301817
2301838
2301852
2301863
2301916
2301929
2301947
2301950
2301965
2301998
2302079
2302172
2302199
2302212
2302249
2302294
2302319
2302334
2302393
2302417
2302424
2302446
2302452
2302475
2302491
2302513
2302554
2302576
2302608
2302662
2302671
2302716
2302731
2302765
2302798
2302815
2302888
2302896
2302936
2302958
2302989
2303024
2303052
2303063
2303091
2303127
2303153
2303162
2303186
2303236
2303258
2303274
2303315
2303341
2303359
2303405
2303484
2303504
2303529
2303531
2303550
2303573
2303656
2303661
2303683
2303700
2303713
2303732
2303801
2303860
2303893
2303906
2303921
2303933
2303985
2303994
2304029
2304050
2304073
2304082
2304101
2304126
2304142
2304160
2304178
2304187
2304243
2304251
2304284
2304300
2304325
2304397
2304403
2304445
2304489
2304509
2304517
2304538
2304591
2304612
2304730
2304764
2304840
2304853
2304862
2304871
2304895
2304928
2304956
2305030
2305077
2305100
2305216
2305229
2305231
2305282
2305309
2305346
2305375
2305444
2305461
2305483
2305522
2305536
2305545
2305567
2305618
2305679
2305684
2305762
2305771
2305795
2305806
2305821
2305849
2305857
2305870
2305894
2305955
2305960
2306008
2306014
2306027
2306053
2306062
2306071
2306086
2306095
2306152
2306163
2306175
2306241
2306277
2306296
2306345
2306390
2306401
2306434
2306455
2306478
2306507
2306528
2306572
2306631
2306650
2306682
2306706
2306712
2306733
2306749
2306794
2306805
2306820
2306851
2306879
2306892
2306913
2306925
2306969
2306976
2306997
2307003
2307011
2307022
2307036
2307074
2307089
2307090
2307106
2307112
2307121
2307149
2307170
2307228
2307244
2307272
2307339
2307340
2307386
2307416
2307429
2307450
2307502
2307515
2307523
2307530
2307577
2307588
2307601
2307655
2307709
2307724
2307752
2307775
2307780
2307800
2307813
2307905
2307943
2307951
2307966
2307992
2308021
2308033
2308070
2308085
2308111
2308167
2308227
2308253
2308271
2308295
2308328
2308344
2308356
2308400
2308413
2308454
2308481
2308501
2308519
2308526
2308534
2308560
2308587
2308593
2308602
2308677
2308688
2308696
2308737
2308792
2308804
2308816
2308847
2308865
2308873
2308909
2308917
2308924
2308952
2308963
2308980
2309069
2309196
2309224
2309263
2309304
2309347
2309365
2309373
2309433
2309457
2309470
2309518
2309551
2309603
2309622
2309636
2309645
2309658
2309667
2309701
2309726
2309734
2309742
2309755
2309793
2309807
2309835
2309844
2309856
2309861
2309872
2309899
2309914
2309927
2309986
2309995
2310003
2310058
2310089
2310112
2310133
2310168
2310185
2310194
2310207
2310235
2310244
2310272
2310299
2310353
2310386
2310431
2310450
2310502
2310530
2310601
2310619
2310626
2310660
2310693
2310746
2310752
2310780
2310813
2310825
2310869
2310881
2310918
2310951
2311038
2311046
2311114
2311127
2311139
2311140
2311153
2311162
2311186
2311195
2311211
2311222
2311258
2311267
2311315
2311330
2311359
2311364
2311377
2311396
2311418
2311437
2311451
2311466
2311484
2311492
2311516
2311529
2311547
2311550
2311565
2311573
2311635
2311656
2311725
2311732
2311754
2311776
2311797
2311801
2311819
2311834
2311842
2311893
2311906
2311912
2311933
2312040
2312062
2312071
2312086
2312095
2312109
2312124
2312146
2312180
2312223
2312230
2312277
2312288
2312303
2312311
2312345
2312367
2312374
2312390
2312419
2312493
2312507
2312535
2312561
2312604
2312629
2312631
2312665
2312706
2312733
2312805
2312820
2312837
2312879
2312892
2312913
2312925
2312932
2312948
2312976
2312981
2312997
2313001
2313093
2313116
2313150
2313173
2313232
2313281
2313305
2313318
2313320
2313343
2313384
2313462
2313471
2313512
2313549
2313557
2313638
2313652
2313675
2313707
2313710
2313728
2313803
2313811
2313845
2313867
2313890
2313930
2313959
2313988
2313996
2314006
2314021
2314033
2314103
2314111
2314136
2314190
2314239
2314307
2314335
2314383
2314400
2314425
2314448
2314476
2314593
2314615
2314641
2314737
2314766
2314779
2314865
2314909
2314924
2314963
2314991
2315018
2315043
2315066
2315079
2315144
2315206
2315249
2315294
2315319
2315342
2315360
2315378
2315424
2315446
2315452
2315491
2315525
2315532
2315554
2315581
2315608
2315639
2315662
2315704
2315773
2315782
2315830
2315864
2315922
2315974
2316004
2316016
2316029
2316031
2316098
2316134
2316160
2316205
2316279
2316284
2316292
2316300
2316313
2316325
2316381
2316403
2316458
2316509
2316524
2316538
2316552
2316563
2316575
2316649
2316657
2316668
2316670
2316685
2316694
2316715
2316759
2316788
2316796
2316808
2316814
2316827
2316871
2316895
2316907
2316956
2316961
2316972
2316983
2317025
2317069
2317097
2317130
2317177
2317188
2317224
2317238
2317252
2317263
2317280
2317291
2317331
2317421
2317433
2317449
2317518
2317537
2317543
2317566
2317579
2317584
2317592
2317690
2317760
2317778
2317787
2317793
2317835
2317844
2317861
2317872
2317883
2317908
2317927
2317940
2317953
2317962
2318002
2318015
2318041
2318088
2318096
2318113
2318125
2318148
2318181
2318250
2318309
2318352
2318363
2318407
2318410
2318435
2318444
2318456
2318483
2318499
2318574
2318590
2318605
2318620
2318643
2318708
2318762
2318771
2318806
2318812
2318833
2318857
2318885
2318894
2318901
2318926
2318934
2318942
2318955
2319007
2319010
2319044
2319072
2319105
2319137
2319166
2319179
2319184
2319260
2319287
2319293
2319306
2319321
2319349
2319368
2319402
2319415
2319423
2319459
2319477
2319539
2319613
2319632
2319654
2319669
2319697
2319711
2319745
2319767
2319774
2319789
2319790
2319809
2319880
2319929
2319931
2319965
2319973
2320033
2320049
2320085
2320111
2320136
2320158
2320167
2320208
2320227
2320239
2320271
2320295
2320307
2320356
2320399
2320497
2320519
2320542
2320593
2320615
2320623
2320659
2320688
2320705
2320720
2320792
2320804
2320831
2320865
2320873
2320882
2320938
2320952
2321005
2321018
2321043
2321079
2321092
2321107
2321110
2321206
2321221
2321294
2321319
2321334
2321378
2321393
2321452
2321463
2321475
2321576
2321581
2321597
2321627
2321640
2321662
2321671
2321750
2321782
2321798
2321802
2321877
2321911
2321989
2322028
2322035
2322061
2322072
2322118
2322137
2322166
2322179
2322192
2322234
2322287
2322357
2322368
2322370
2322385
2322415
2322430
2322459
2322488
2322496
2322539
2322540
2322562
2322586
2322600
2322625
2322632
2322648
2322669
2322676
2322681
2322703
2322722
2322758
2322767
2322774
2322790
2322817
2322824
2322852
2322863
2322875
2322880
2322904
2322916
2322950
2322982
2322998
2323023
2323100
2323148
2323176
2323181
2323197
2323204
2323216
2323247
2323250
2323346
2323352
2323391
2323407
2323410
2323456
2323472
2323522
2323567
2323574
2323589
2323618
2323620
2323679
2323684
2323714
2323727
2323762
2323786
2323795
2323812
2323833
2323868
2323885
2323901
2323955
2323978
2323987
2323993
2324003
2324045
2324074
2324121
2324170
2324235
2324244
2324283
2324353
2324447
2324473
2324502
2324541
2324564
2324577
2324634
2324642
2324655
2324738
2324780
2324825
2324832
2324854
2324869
2324876
2324897
2324918
2324951
2324966
2324979
2324992
2325038
2325063
2325080
2325091
2325108
2325114
2325140
2325171
2325195
2325236
2325245
2325274
2325289
2325359
2325377
2325396
2325443
2325492
2325504
2325529
2325573
2325582
2325607
2325683
2325699
2325700
2325713
2325769
2325776
2325797
2325842
2325906
2325912
2325921
2325968
2326000
2326054
2326069
2326115
2326141
2326159
2326224
2326238
2326252
2326275
2326280
2326291
2326350
2326406
2326449
2326494
2326505
2326518
2326584
2326603
2326611
2326622
2326636
2326658
2326689
2326690
2326701
2326719
2326726
2326760
2326778
2326787
2326835
2326844
2326908
2326986
2326995
2327065
2327073
2327082
2327155
2327178
2327187
2327220
2327237
2327284
2327300
2327354
2327369
2327403
2327411
2327445
2327458
2327467
2327517
2327546
2327633
2327649
2327694
2327702
2327723
2327730
2327759
2327777
2327796
2327839
2327853
2327910
2327928
2327935
2327944
2327956
2328019
2328034
2328042
2328055
2328078
2328087
2328116
2328131
2328147
2328150
2328173
2328225
2328232
2328269
2328305
2328318
2328366
2328379
2328384
2328392
2328440
2328453
2328486
2328521
2328533
2328549
2328609
2328652
2328680
2328691
2328710
2328728
2328772
2328822
2328836
2328845
2328867
2328915
2328964
2328977
2329008
2329124
2329138
2329146
2329152
2329202
2329230
2329241
2329390
2329401
2329419
2329434
2329478
2329493
2329507
2329528
2329544
2329604
2329629
2329650
2329665
2329682
2329712
2329733
2329757
2329820
2329851
2329866
2329884
2329892
2329925
2329932
2329948
2329997
2330002
2330030
2330041
2330077
2330088
2330100
2330125
2330154
2330181
2330204
2330216
2330250
2330265
2330282
2330298
2330324
2330338
2330346
2330352
2330363
2330375
2330407
2330472
2330499
2330511
2330522
2330536
2330545
2330574
2330590
2330605
2330618
2330620
2330679
2330692
2330714
2330727
2330740
2330821
2330901
2330942
2330955
2331095
2331109
2331117
2331124
2331180
2331202
2331215
2331264
2331277
2331288
2331303
2331322
2331345
2331358
2331401
2331426
2331478
2331487
2331507
2331510
2331528
2331561
2331583
2331616
2331647
2331650
2331665
2331682
2331721
2331757
2331768
2331785
2331794
2331820
2331851
2331879
2331932
2331969
2331981
2332017
2332024
2332052
2332080
2332114
2332127
2332139
2332203
2332211
2332236
2332245
2332258
2332302
2332323
2332330
2332364
2332418
2332420
2332437
2332504
2332516
2332531
2332582
2332607
2332628
2332661
2332672
2332699
2332700
2332732
2332748
2332769
2332776
2332781
2332797
2332801
2332819
2332826
2332842
2332855
2332906
2332957
2332970
2332994
2333005
2333066
2333092
2333135
2333144
2333161
2333172
2333212
2333257
2333294
2333326
2333334
2333378
2333409
2333452
2333463
2333525
2333576
2333597
2333608
2333639
2333695
2333731
2333747
2333750
2333765
2333815
2333823
2333841
2333864
2333888
2333896
2333903
2333936
2333945
2333974
2333990
2334000
2334013
2334048
2334069
2334141
2334159
2334188
2334196
2334209
2334224
2334246
2334263
2334280
2334365
2334412
2334433
2334449
2334470
2334485
2334505
2334518
2334537
2334622
2334645
2334674
2334690
2334701
2334793
2334807
2334828
2334835
2334844
2334883
2334908
2334962
2334971
2334986
2335019
2335055
2335129
2335131
2335147
2335173
2335182
2335198
2335213
2335269
2335305
2335337
2335343
2335351
2335462
2335471
2335495
2335506
2335570
2335617
2335624
2335638
2335680
2335691
2335822
2335836
2335915
2335923
2335941
2335977
2336035
2336056
2336061
2336083
2336120
2336143
2336151
2336166
2336184
2336201
2336219
2336226
2336260
2336287
2336293
2336306
2336333
2336394
2336459
2336488
2336496
2336527
2336553
2336595
2336654
2336697
2336722
2336767
2336916
2337006
2337021
2337068
2337094
2337111
2337122
2337136
2337167
2337239
2337253
2337271
2337295
2337310
2337328
2337361
2337383
2337432
2337454
2337469
2337481
2337534
2337542
2337578
2337587
2337593
2337630
2337677
2337688
2337705
2337718
2337737
2337766
2337779
2337792
2337847
2337909
2337963
2338003
2338011
2338067
2338106
2338112
2338133
2338168
2338194
2338207
2338210
2338228
2338235
2338244
2338256
2338272
2338283
2338353
2338404
2338431
2338465
2338473
2338482
2338498
2338523
2338559
2338564
2338577
2338626
2338746
2338763
2338775
2338813
2338854
2338876
2338881
2338918
2338951
2338979
2338992
2339029
2339031
2339047
2339065
2339101
2339126
2339142
2339155
2339160
2339187
2339218
2339220
2339237
2339325
2339332
2339445
2339458
2339474
2339490
2339509
2339517
2339546
2339575
2339606
2339649
2339670
2339685
2339741
2339759
2339764
2339788
2339796
2339839
2339840
2339862
2339944
2339999
2340017
2340052
2340063
2340080
2340091
2340140
2340203
2340245
2340267
2340289
2340364
2340396
2340443
2340466
2340504
2340531
2340550
2340573
2340582
2340628
2340635
2340644
2340656
2340683
2340713
2340748
2340754
2340769
2340776
2340801
2340819
2340842
2340860
2340893
2340933
2341013
2341048
2341069
2341159
2341177
2341188
2341209
2341217
2341263
2341275
2341291
2341329
2341347
2341365
2341406
2341412
2341421
2341449
2341457
2341470
2341485
2341494
2341518
2341520
2341537
2341543
2341579
2341603
2341645
2341674
2341719
2341755
2341793
2341828
2341899
2341908
2341971
2342015
2342059
2342077
2342088
2342125
2342132
2342176
2342197
2342204
2342216
2342231
2342250
2342282
2342298
2342338
2342363
2342375
2342380
2342456
2342536
2342567
2342574
2342618
2342643
2342708
2342739
2342740
2342753
2342771
2342795
2342849
2342857
2342934
2342978
2342987
2342993
2343028
2343044
2343056
2343083
2343099
2343120
2343137
2343143
2343166
2343179
2343192
2343219
2343234
2343278
2343287
2343321
2343357
2343368
2343385
2343415
2343441
2343464
2343508
2343540
2343613
2343648
2343703
2343745
2343774
2343863
2343875
2343891
2343904
2343931
2343950
2343973
2344039
2344040
2344086
2344109
2344180
2344215
2344259
2344296
2344311
2344336
2344345
2344367
2344460
2344487
2344507
2344561
2344616
2344631
2344647
2344698
2344749
2344757
2344820
2344843
2344851
2344866
2344879
2344981
2345012
2345068
2345070
2345094
2345103
2345111
2345189
2345227
2345239
2345240
2345253
2345295
2345361
2345400
2345469
2345476
2345481
2345501
2345519
2345555
2345578
2345623
2345659
2345705
2345718
2345720
2345737
2345792
2345804
2345816
2345847
2345909
2345924
2345938
2345946
2345963
2345991
2346018
2346020
2346066
2346092
2346183
2346199
2346212
2346221
2346249
2346257
2346285
2346294
2346301
2346326
2346342
2346378
2346387
2346491
2346500
2346525
2346548
2346569
2346581
2346608
2346627
2346640
2346716
2346747
2346773
2346798
2346823
2346864
2346958
2346989
2346990
2347001
2347034
2347042
2347055
2347060
2347078
2347116
2347129
2347131
2347147
2347150
2347213
2347276
2347297
2347320
2347366
2347384
2347408
2347427
2347439
2347495
2347506
2347533
2347568
2347594
2347617
2347675
2347691
2347735
2347772
2347783
2347822
2347845
2347874
2347889
2347890
2347915
2347930
2347964
2347996
2348004
2348029
2348031
2348082
2348098
2348101
2348119
2348178
2348193
2348220
2348266
2348279
2348284
2348313
2348348
2348369
2348422
2348436
2348489
2348552
2348563
2348591
2348606
2348612
2348621
2348649
2348657
2348668
2348670
2348702
2348759
2348764
2348839
2348862
2348886
2348910
2348956
2348983
2349022
2349036
2349045
2349058
2349067
2349133
2349149
2349210
2349235
2349261
2349272
2349327
2349339
2349353
2349386
2349395
2349416
2349429
2349431
2349465
2349473
2349498
2349515
2349541
2349559
2349577
2349588
2349601
2349619
2349687
2349724
2349746
2349752
2349775
2349791
2349800
2349813
2349848
2349918
2349966
2350007
2350056
2350083
2350099
2350137
2350184
2350192
2350201
2350219
2350234
2350242
2350255
2350260
2350278
2350287
2350306
2350321
2350333
2350349
2350368
2350370
2350415
2350423
2350459
2350553
2350571
2350595
2350625
2350648
2350669
2350676
2350681
2350711
2350736
2350758
2350809
2350838
2350891
2350904
2350916
2350947
2350965
2351022
2351045
2351121
2351170
2351207
2351210
2351235
2351299
2351314
2351339
2351386
2351429
2351465
2351498
2351502
2351515
2351541
2351559
2351564
2351619
2351626
2351634
2351693
2351709
2351724
2351738
2351752
2351775
2351791
2351876
2351881
2351897
2351943
2351951
2351979
2352094
2352103
2352111
2352122
2352145
2352158
2352208
2352214
2352239
2352286
2352310
2352361
2352372
2352383
2352399
2352400
2352413
2352454
2352469
2352476
2352497
2352555
2352560
2352602
2352623
2352630
2352641
2352664
2352677
2352696
2352779
2352784
2352816
2352850
2352865
2352873
2352909
2352924
2352938
2352980
2353048
2353054
2353069
2353081
2353097
2353115
2353123
2353130
2353164
2353188
2353196
2353209
2353224
2353238
2353263
2353275
2353280
2353316
2353347
2353350
2353398
2353412
2353433
2353470
2353485
2353494
2353505
2353518
2353658
2353742
2353755
2353787
2353810
2353835
2353856
2353861
2353872
2353914
2353995
2354020
2354037
2354043
2354051
2354066
2354079
2354107
2354110
2354135
2354199
2354270
2354285
2354319
2354326
2354360
2354378
2354424
2354446
2354463
2354500
2354548
2354554
2354576
2354581
2354597
2354627
2354639
2354662
2354671
2354704
2354716
2354773
2354782
2354815
2354830
2354841
2354859
2354945
2355098
2355126
2355155
2355178
2355193
2355237
2355266
2355279
2355284
2355348
2355369
2355381
2355411
2355422
2355436
2355458
2355467
2355490
2355546
2355575
2355606
2355621
2355657
2355694
2355715
2355730
2355759
2355788
2355808
2355827
2355840
2355928
2355944
2355983
2356002
2356030
2356059
2356077
2356088
2356113
2356132
2356197
2356204
2356229
2356231
2356247
2356309
2356324
2356352
2356375
2356407
2356435
2356444
2356456
2356472
2356499
2356503
2356545
2356558
2356567
2356605
2356618
2356643
2356651
2356679
2356692
2356714
2356727
2356786
2356812
2356857
2356870
2356885
2356894
2356901
2356919
2356926
2356934
2356955
2356978
2356987
2357009
2357017
2357046
2357063
2357139
2357153
2357162
2357186
2357211
2357222
2357236
2357289
2357302
2357323
2357364
2357388
2357418
2357451
2357492
2357547
2357582
2357628
2357644
2357683
2357699
2357700
2357713
2357725
2357732
2357748
2357754
2357781
2357797
2357801
2357826
2357842
2357933
2357949
2357957
2357968
2357985
2358124
2358223
2358277
2358311
2358336
2358358
2358367
2358419
2358478
2358507
2358544
2358561
2358599
2358604
2358629
2358647
2358733
2358757
2358785
2358805
2358879
2358900
2358932
2358948
2358976
2359026
2359034
2359055
2359060
2359078
2359093
2359116
2359129
2359173
2359225
2359232
2359248
2359269
2359276
2359318
2359337
2359343
2359366
2359408
2359439
2359495
2359521
2359570
2359594
2359652
2359663
2359675
2359728
2359744
2359799
2359836
2359858
2359867
2359889
2359890
2359902
2359915
2359988
2360000
2360013
2360032
2360097
2360123
2360177
2360188
2360196
2360217
2360224
2360246
2360263
2360275
2360280
2360291
2360329
2360331
2360365
2360406
2360412
2360421
2360457
2360494
2360518
2360551
2360579
2360603
2360622
2360667
2360674
2360689
2360719
2360787
2360810
2360856
2360861
2360872
2360883
2360899
2360953
2360962
2360986
2361001
2361019
2361034
2361042
2361078
2361232
2361276
2361318
2361343
2361379
2361440
2361471
2361495
2361506
2361521
2361533
2361557
2361568
2361609
2361652
2361663
2361675
2361707
2361710
2361744
2361799
2361803
2361811
2361822
2361845
2361923
2361930
2361941
2361959
2361964
2361977
2362016
2362134
2362178
2362193
2362205
2362237
2362266
2362300
2362403
2362411
2362422
2362474
2362509
2362538
2362546
2362563
2362575
2362580
2362633
2362668
2362670
2362685
2362715
2362741
2362788
2362808
2362814
2362886
2362895
2362928
2362935
2362972
2362999
2363003
2363045
2363090
2363157
2363170
2363185
2363235
2363244
2363256
2363272
2363339
2363353
2363395
2363429
2363482
2363498
2363515
2363523
2363577
2363619
2363655
2363660
2363678
2363687
2363693
2363717
2363738
2363775
2363780
2363800
2363848
2363897
2363905
2363943
2363951
2363979
2363984
2364064
2364096
2364113
2364132
2364148
2364154
2364176
2364216
2364265
2364317
2364338
2364375
2364407
2364444
2364456
2364461
2364472
2364483
2364499
2364522
2364545
2364558
2364567
2364589
2364618
2364620
2364666
2364753
2364771
2364786
2364795
2364812
2364849
2364857
2364868
2364870
2364885
2364901
2364919
2364942
2365008
2365027
2365062
2365095
2365117
2365152
2365180
2365215
2365277
2365288
2365296
2365311
2365322
2365389
2365390
2365426
2365455
2365460
2365478
2365528
2365544
2365572
2365682
2365712
2365721
2365733
2365757
2365770
2365805
2365818
2365851
2365866
2365884
2365925
2365981
2365997
2366006
2366103
2366122
2366136
2366167
2366174
2366262
2366271
2366307
2366310
2366328
2366372
2366413
2366469
2366526
2366578
2366630
2366641
2366659
2366677
2366688
2366696
2366705
2366718
2366737
2366743
2366766
2366784
2366917
2366924
2366946
2367072
2367166
2367179
2367234
2367242
2367278
2367287
2367333
2367349
2367357
2367385
2367394
2367402
2367423
2367441
2367464
2367488
2367562
2367625
2367669
2367681
2367697
2367711
2367736
2367774
2367790
2367809
2367846
2367852
2367875
2367880
2367904
2367929
2367998
2368018
2368020
2368037
2368066
2368079
2368107
2368172
2368221
2368268
2368270
2368294
2368319
2368342
2368355
2368387
2368409
2368500
2368569
2368608
2368614
2368653
2368662
2368671
2368686
2368704
2368716
2368729
2368773
2368823
2368841
2368903
2368922
2368967
2368989
2369024
2369038
2369075
2369091
2369153
2369162
2369211
2369245
2369274
2369290
2369302
2369315
2369323
2369359
2369364
2369377
2369396
2369418
2369420
2369529
2369547
2369550
2369598
2369628
2369644
2369683
2369713
2369748
2369801
2369819
2369826
2369842
2369855
2369860
2369878
2369933
2369957
2370018
2370066
2370084
2370107
2370110
2370183
2370199
2370206
2370294
2370301
2370326
2370334
2370355
2370387
2370393
2370417
2370446
2370452
2370463
2370491
2370554
2370576
2370581
2370608
2370627
2370639
2370640
2370729
2370747
2370750
2370773
2370782
2370798
2370802
2370841
2370859
2370888
2370945
2371004
2371016
2371031
2371050
2371101
2371155
2371187
2371243
2371251
2371266
2371284
2371313
2371348
2371381
2371397
2371422
2371436
2371489
2371509
2371538
2371591
2371621
2371649
2371657
2371668
2371670
2371685
2371702
2371715
2371741
2371764
2371796
2371827
2371839
2371840
2371853
2371910
2371944
2371972
2371999
2372019
2372026
2372104
2372116
2372129
2372147
2372165
2372173
2372182
2372213
2372248
2372254
2372269
2372281
2372318
2372384
2372392
2372439
2372471
2372486
2372512
2372533
2372549
2372568
2372570
2372594
2372617
2372624
2372675
2372728
2372756
2372761
2372783
2372803
2372845
2372867
2372874
2372915
2372941
2372959
2372964
2372977
2372988
2373027
2373053
2373071
2373124
2373175
2373180
2373223
2373230
2373264
2373336
2373345
2373374
2373390
2373419
2373487
2373493
2373507
2373510
2373544
2373556
2373561
2373599
2373629
2373673
2373706
2373712
2373749
2373768
2373785
2373794
2373866
2373884
2373892
2373900
2373932
2374007
2374010
2374083
2374099
2374105
2374201
2374260
2374278
2374287
2374464
2374496
2374527
2374539
2374571
2374632
2374669
2374697
2374711
2374758
2374774
2374790
2374846
2374852
2374863
2374973
2374998
2375003
2375036
2375045
2375058
2375112
2375157
2375170
2375185
2375207
2375228
2375244
2375261
2375283
2375299
2375314
2375339
2375362
2375386
2375416
2375502
2375523
2375541
2375559
2375564
2375577
2375588
2375678
2375717
2375738
2375752
2375763
2375775
2375780
2375791
2375813
2375918
2375920
2375937
2375992
2376009
2376017
2376038
2376046
2376052
2376075
2376091
2376139
2376140
2376171
2376203
2376222
2376330
2376359
2376364
2376388
2376396
2376405
2376420
2376443
2376451
2376466
2376484
2376516
2376529
2376531
2376547
2376598
2376607
2376656
2376672
2376748
2376769
2376801
2376819
2376834
2376842
2376887
2376893
2376968
2376970
2376994
2377059
2377077
2377100
2377132
2377148
2377154
2377169
2377229
2377231
2377273
2377317
2377338
2377346
2377444
2377456
2377461
2377503
2377536
2377545
2377567
2377574
2377618
2377684
2377692
2377714
2377753
2377795
2377806
2377821
2377868
2377870
2377885
2377894
2377901
2377919
2377955
2377960
2378032
2378076
2378102
2378123
2378159
2378164
2378209
2378238
2378252
2378275
2382036
2382089
2382106
2382112
2382185
2382228
2382235
2382299
2382308
2382314
2382339
2382340
2382362
2382386
2382395
2382429
2382447
2382450
2382465
2382515
2382596
2382642
2382693
2382709
2382724
2382746
2382752
2382780
2382800
2382854
2382869
2382897
2382918
2382920
2382951
2382966
2383029
2383065
2383082
2383126
2383134
2383160
2383205
2383243
2383266
2383279
2383284
2383300
2383313
2383332
2383348
2383354
2383369
2383381
2383411
2383490
2383538
2383575
2383591
2383668
2383685
2383715
2383730
2383808
2383814
2383827
2383839
2383862
2383871
2383935
2383944
2383956
2384009
2384038
2384075
2384080
2384091
2384108
2384127
2384139
2384162
2384203
2384245
2384258
2384302
2384323
2384364
2384377
2384388
2384420
2384451
2384504
2384529
2384531
2384582
2384598
2384610
2384644
2384656
2384713
2384725
2384732
2384776
2384860
2384893
2384921
2384933
2384949
2384957
2384994
2385013
2385032
2385130
2385164
2385177
2385188
2385196
2385209
2385275
2385316
2385329
2385365
2385398
2385406
2385421
2385433
2385468
2385520
2385537
2385543
2385551
2385566
2385603
2385622
2385636
2385658
2385690
2385883
2385908
2385927
2385953
2385995
2386060
2386087
2386129
2386225
2386276
2386281
2386318
2386320
2386343
2386351
2386366
2386439
2386462
2386521
2386533
2386549
2386609
2386638
2386680
2386691
2386728
2386756
2386761
2386799
2386822
2386836
2386845
2386889
2386915
2386930
2386941
2387018
2387037
2387066
2387135
2387156
2387161
2387172
2387212
2387221
2387233
2387249
2387270
2387301
2387334
2387355
2387438
2387452
2387463
2387513
2387525
2387532
2387548
2387576
2387608
2387614
2387686
2387716
2387731
2387802
2387830
2387888
2387896
2387922
2387989
2388010
2388105
2388118
2388143
2388151
2388179
2388242
2388255
2388293
2388306
2388321
2388368
2388430
2388464
2388496
2388527
2388553
2388571
2388595
2388632
2388654
2388669
2388681
2388697
2388736
2388745
2388774
2388790
2388809
2388817
2388824
2388846
2388863
2388880
2388947
2388998
2389002
2389059
2389064
2389088
2389100
2389125
2389148
2389169
2389176
2389204
2389231
2389247
2389250
2389273
2389282
2389324
2389346
2389380
2389410
2389428
2389444
2389456
2389472
2389483
2389499
2389503
2389522
2389536
2389545
2389558
2389574
2389590
2389618
2389620
2389643
2389679
2389684
2389692
2389753
2389771
2389786
2389987
2390016
2390031
2390047
2390065
2390119
2390126
2390134
2390178
2390187
2390193
2390220
2390279
2390325
2390354
2390376
2390422
2390436
2390445
2390458
2390517
2390538
2390552
2390575
2390606
2390649
2390657
2390668
2390670
2390694
2390814
2390839
2390840
2390862
2390910
2390928
2390956
2390972
2390983
2391015
2391030
2391041
2391064
2391077
2391096
2391132
2391148
2391216
2391229
2391247
2391309
2391380
2391410
2391435
2391444
2391456
2391472
2391499
2391503
2391511
2391522
2391574
2391605
2391637
2391666
2391684
2391692
2391708
2391714
2391740
2391753
2391806
2391812
2391821
2391870
2391901
2391919
2391926
2391942
2391960
2392048
2392081
2392097
2392102
2392130
2392159
2392188
2392238
2392252
2392329
2392350
2392373
2392406
2392421
2392470
2392505
2392518
2392579
2392603
2392636
2392645
2392667
2392689
2392726
2392734
2392778
2392807
2392835
2392844
2392856
2392861
2392872
2392883
2392899
2392940
2392953
2392995
2393033
2393049
2393070
2393085
2393094
2393136
2393174
2393227
2393239
2393307
2393344
2393413
2393454
2393481
2393526
2393542
2393578
2393623
2393705
2393718
2393737
2393766
2393779
2393792
2393804
2393829
2393850
2393924
2393938
2393946
2393952
2393963
2393975
2393980
2394001
2394019
2394026
2394042
2394093
2394116
2394173
2394182
2394198
2394232
2394248
2394254
2394297
2394379
2394414
2394462
2394471
2394495
2394512
2394585
2394594
2394609
2394617
2394652
2394772
2394799
2394803
2394811
2394867
2394874
2394915
2394977
2395010
2395056
2395061
2395105
2395120
2395166
2395192
2395219
2395278
2395349
2395368
2395402
2395415
2395441
2395488
2395539
2395540
2395553
2395562
2395586
2395595
2395632
2395648
2395654
2395676
2395697
2395767
2395838
2395852
2395863
2395880
2395947
2396003
2396036
2396074
2396133
2396168
2396194
2396210
2396235
2396244
2396256
2396261
2396353
2396371
2396386
2396404
2396429
2396431
2396450
2396498
2396515
2396523
2396530
2396577
2396588
2396601
2396619
2396626
2396634
2396709
2396724
2396746
2396775
2396791
2396825
2396881
2396897
2396905
2396918
2396937
2396951
2396979
2396984
2397040
2397062
2397071
2397095
2397146
2397180
2397264
2397322
2397358
2397367
2397389
2397426
2397455
2397460
2397487
2397544
2397599
2397647
2397673
2397698
2397706
2397721
2397733
2397785
2397805
2397818
2397820
2397837
2397843
2397884
2397969
2398024
2398046
2398114
2398127
2398195
2398222
2398236
2398258
2398289
2398290
2398323
2398330
2398359
2398377
2398396
2398405
2398420
2398443
2398492
2398598
2398607
2398610
2398635
2398656
2398683
2398713
2398725
2398732
2398754
2398781
2398797
2398878
2398887
2398906
2398933
2398957
2398968
2398994
2399005
2399037
2399043
2399128
2399172
2399285
2399393
2399409
2399417
2399438
2399463
2399480
2399500
2399548
2399554
2399576
2399597
2399639
2399640
2399662
2399671
2399695
2399729
2399747
2399750
2399773
2399815
2399859
2399864
2399888
2399911
2399967
2399989
