2301595
2303968
2304657
2306721
2307832
2308094
2308448
2308542
2309188
2309971
2311171
2311420
2312163
2312460
2313366
2313646
2315576
2315823
2317520
2318795
2319333
2319496
2320578
2322143
2322477
2323637
2323692
2324416
2324800
2325009
2326123
2327218
2328093
2328427
2329163
2330317
2330926
2330978
2331434
2331954
2333532
2334123
2335392
2335568
2335609
2336586
2336929
2338693
2338709
2339082
2340195
2340330
2340492
2340547
2340565
2340968
2341658
2342352
2342870
2343260
2343654
2344510
2345917
2346815
2347624
2349244
2350998
2351473
2351596
2352432
2352448
2352718
2352963
2353159
2353252
2353457
2353611
2354206
2354903
2355029
2358374
2358997
2359453
2359646
2360908
2360927
2361337
2363210
2363832
2365223
2365374
2366070
2366454
2366898
2367255
2368092
2368360
2368830
2369725
2369949
2371886
2372506
2373008
2373109
2373631
2374242
2374385
2374441
2374965
2375404
2376610
2376683
2376725
2377282
2377651
2378115
2378611
2379214
2380124
2380152
2380572
2380913
2381555
2381831
2382738
2383509
2384017
2384855
2385304
2386182
2388402
2388703
2389317
2389727
2389739
2389919
2390082
2390759
2391618
2392674
2392810
2393630
2393688
2394104
2395179
2396045
2396920
2397039
2397191
2397223
2397749
2399233
