4400004
4400029
4400031
4400047
4400050
4400065
4400073
4400082
4400101
4400119
4400126
4400134
4400142
4400155
4400160
4400178
4400187
4400193
4400205
4400218
4400220
4400237
4400243
4400251
4400266
4400279
4400284
4400292
4400300
4400313
4400325
4400332
4400348
4400354
4400369
4400376
4400381
4400397
4400403
4400411
4400422
4400436
4400445
4400458
4400467
4400474
4400489
4400517
4400524
4400538
4400546
4400552
4400563
4400580
4400591
4400606
4400612
4400621
4400633
4400649
4400657
4400668
4400670
4400694
4400702
4400715
4400723
4400730
4400741
4400759
4400764
4400777
4400788
4400796
4400808
4400814
4400827
4400839
4400840
4400853
4400862
4400871
4400886
4400895
4400907
4400910
4400928
4400935
4400944
4400956
4400961
4400972
4400983
4400999
4401015
4401023
4401030
4401041
4401059
4401064
4401077
4401096
4401100
4401113
4401125
4401132
4401148
4401154
4401169
4401176
4401197
4401204
4401216
4401231
4401247
4401265
4401273
4401282
4401298
4401309
4401324
4401338
4401346
4401363
4401375
4401380
4401391
4401407
4401410
4401428
4401435
4401444
4401456
4401461
4401472
4401483
4401499
4401503
4401511
4401522
4401536
4401567
4401574
4401589
4401590
4401605
4401620
4401637
4401643
4401651
4401679
4401684
4401692
4401708
4401714
4401727
4401739
4401740
4401753
4401762
4401771
4401795
4401806
4401821
4401833
4401849
4401857
4401868
4401870
4401894
4401901
4401919
4401926
4401934
4401942
4401955
4401960
4401978
4401993
4402000
4402013
4402025
4402032
4402048
4402054
4402069
4402076
4402097
4402102
4402123
4402130
4402141
4402159
4402164
4402196
4402209
4402224
4402238
4402246
4402252
4402263
4402275
4402280
4402291
4402304
4402316
4402329
4402331
4402347
4402350
4402365
4402373
4402382
4402398
4402406
4402412
4402421
4402433
4402449
4402457
4402468
4402470
4402494
4402505
4402518
4402520
4402537
4402543
4402551
4402566
4402579
4402584
4402592
4402603
4402611
4402636
4402645
4402658
4402667
4402690
4402701
4402719
4402726
4402734
4402755
4402760
4402778
4402787
4402793
4402807
4402810
4402828
4402835
4402844
4402856
4402861
4402883
4402899
4402908
4402914
4402927
4402940
4402953
4402962
4402971
4402986
4402995
4403006
4403021
4403033
4403049
4403057
4403068
4403070
4403085
4403094
4403103
4403111
4403122
4403136
4403145
4403158
4403167
4403174
4403189
4403190
4403208
4403214
4403227
4403253
4403262
4403271
4403286
4403307
4403328
4403344
4403356
4403361
4403372
4403399
4403400
4403413
4403432
4403448
4403454
4403469
4403481
4403497
4403501
4403519
4403526
4403534
4403542
4403555
4403560
4403578
4403587
4403593
4403602
4403615
4403623
4403630
4403659
4403664
4403677
4403688
4403696
4403705
4403718
4403720
4403737
4403743
4403751
4403766
4403779
4403792
4403804
4403829
4403831
4403847
4403850
4403865
4403873
4403882
4403898
4403909
4403917
4403924
4403938
4403946
4403952
4403975
4403980
4403991
4404001
4404019
4404026
4404034
4404042
4404055
4404060
4404078
4404087
4404093
4404104
4404116
4404129
4404131
4404147
4404150
4404165
4404173
4404182
4404198
4404200
4404213
4404225
4404232
4404248
4404276
4404281
4404297
4404305
4404318
4404320
4404337
4404343
4404366
4404379
4404392
4404408
4404414
4404427
4404439
4404453
4404462
4404471
4404486
4404495
4404506
4404512
4404521
4404533
4404549
4404568
4404570
4404585
4404594
4404609
4404617
4404624
4404638
4404646
4404652
4404675
4404680
4404691
4404707
4404710
4404744
4404756
4404761
4404772
4404783
4404799
4404803
4404811
4404822
4404836
4404845
4404858
4404867
4404874
4404889
4404890
4404902
4404915
4404923
4404930
4404941
4404959
4404964
4404977
4404988
4404996
4405007
4405010
4405028
4405035
4405044
4405056
4405061
4405072
4405083
4405099
4405105
4405118
4405120
4405137
4405143
4405151
4405166
4405179
4405184
4405192
4405201
4405219
4405226
4405234
4405242
4405278
4405287
4405293
4405312
4405321
4405333
4405349
4405357
4405368
4405370
4405385
4405394
4405402
4405415
4405423
4405430
4405441
4405459
4405464
4405477
4405488
4405496
4405508
4405514
4405527
4405539
4405540
4405553
4405562
4405571
4405586
4405595
4405600
4405613
4405625
4405632
4405654
4405681
4405697
4405703
4405711
4405722
4405736
4405758
4405767
4405774
4405789
4405790
4405809
4405817
4405824
4405838
4405846
4405852
4405863
4405875
4405880
4405891
4405904
4405916
4405947
4405950
4405965
4405982
4405998
4406003
4406011
4406022
4406036
4406045
4406058
4406067
4406074
4406089
4406090
4406106
4406121
4406133
4406149
4406157
4406168
4406170
4406185
4406194
4406207
4406210
4406228
4406235
4406244
4406256
4406261
4406272
4406283
4406299
4406308
4406314
4406327
4406339
4406340
4406353
4406362
4406371
4406386
4406395
4406404
4406416
4406429
4406447
4406450
4406465
4406473
4406482
4406498
4406502
4406515
4406523
4406530
4406541
4406564
4406577
4406588
4406596
4406601
4406619
4406626
4406634
4406642
4406655
4406660
4406687
4406709
4406717
4406724
4406746
4406752
4406763
4406775
4406780
4406791
4406800
4406813
4406825
4406832
4406848
4406854
4406869
4406876
4406881
4406897
4406918
4406920
4406937
4406943
4406951
4406966
4406984
4406992
4407008
4407014
4407027
4407039
4407040
4407053
4407062
4407086
4407095
4407109
4407117
4407124
4407138
4407146
4407152
4407163
4407175
4407180
4407191
4407202
4407215
4407223
4407230
4407241
4407259
4407264
4407277
4407288
4407296
4407303
4407311
4407322
4407336
4407345
4407358
4407367
4407374
4407389
4407390
4407401
4407419
4407426
4407434
4407442
4407455
4407460
4407478
4407487
4407507
4407510
4407528
4407535
4407544
4407556
4407561
4407572
4407583
4407599
4407604
4407616
4407629
4407631
4407647
4407650
4407665
4407673
4407682
4407698
4407712
4407721
4407733
4407749
4407757
4407768
4407770
4407785
4407794
4407805
4407818
4407820
4407837
4407843
4407851
4407866
4407879
4407884
4407892
4407900
4407913
4407925
4407932
4407948
4407954
4407969
4407976
4407981
4407997
4408009
4408017
4408024
4408038
4408046
4408052
4408063
4408075
4408080
4408091
4408108
4408114
4408127
4408139
4408140
4408153
4408162
4408171
4408186
4408195
4408203
4408211
4408222
4408236
4408245
4408258
4408267
4408274
4408289
4408290
4408302
4408323
4408330
4408341
4408359
4408364
4408377
4408388
4408396
4408418
4408437
4408443
4408451
4408466
4408479
4408504
4408516
4408529
4408531
4408547
4408550
4408565
4408573
4408582
4408598
4408610
4408628
4408635
4408644
4408656
4408661
4408672
4408683
4408699
4408700
4408713
4408725
4408732
4408748
4408754
4408769
4408776
4408781
4408797
4408801
4408819
4408826
4408834
4408842
4408855
4408860
4408878
4408893
4408906
4408912
4408921
4408933
4408949
4408957
4408968
4408970
4408985
4408994
4409005
4409020
4409037
4409043
4409051
4409066
4409079
4409084
4409092
4409107
4409110
4409135
4409144
4409156
4409161
4409172
4409183
4409199
4409206
4409212
4409221
4409249
4409257
4409268
4409270
4409285
4409294
4409301
4409319
4409326
4409334
4409342
4409355
4409360
4409378
4409387
4409393
4409409
4409417
4409424
4409438
4409452
4409463
4409475
4409480
4409491
4409513
4409525
4409532
4409548
4409554
4409569
4409576
4409581
4409608
4409614
4409627
4409639
4409653
4409662
4409671
4409686
4409695
4409704
4409716
4409729
4409731
4409747
4409750
4409765
4409773
4409782
4409798
4409802
4409815
4409823
4409830
4409859
4409877
4409888
4409896
4409911
4409922
4409936
4409945
4409958
4409967
4409974
4409989
4409990
4410008
4410014
4410039
4410040
4410053
4410062
4410071
4410086
4410095
4410109
4410117
4410124
4410138
4410146
4410152
4410163
4410180
4410191
4410202
4410215
4410223
4410230
4410241
4410259
4410264
4410277
4410288
4410296
4410303
4410311
4410322
4410336
4410345
4410358
4410367
4410374
4410389
4410390
4410401
4410419
4410426
4410434
4410442
4410455
4410460
4410478
4410487
4410493
4410507
4410510
4410535
4410544
4410556
4410561
4410572
4410583
4410599
4410604
4410616
4410629
4410631
4410647
4410650
4410665
4410673
4410712
4410721
4410733
4410749
4410757
4410768
4410770
4410785
4410794
4410805
4410820
4410837
4410843
4410851
4410866
4410879
4410884
4410892
4410900
4410913
4410925
4410932
4410948
4410969
4410981
4410997
4411006
4411021
4411033
4411049
4411057
4411068
4411070
4411094
4411103
4411111
4411122
4411136
4411158
4411167
4411174
4411189
4411190
4411208
4411214
4411227
4411240
4411253
4411262
4411271
4411286
4411295
4411307
4411310
4411328
4411335
4411344
4411361
4411372
4411383
4411399
4411400
4411413
4411425
4411432
4411448
4411469
4411476
4411481
4411497
4411519
4411526
4411534
4411555
4411560
4411578
4411587
4411593
4411602
4411615
4411623
4411630
4411641
4411659
4411664
4411677
4411688
4411696
4411705
4411720
4411737
4411743
4411751
4411766
4411779
4411784
4411792
4411804
4411831
4411847
4411850
4411865
4411873
4411882
4411898
4411909
4411917
4411938
4411946
4411952
4411963
4411975
4411980
4411991
4412003
4412011
4412022
4412036
4412045
4412058
4412067
4412074
4412089
4412090
4412106
4412112
4412133
4412149
4412157
4412168
4412170
4412185
4412194
4412207
4412210
4412228
4412235
4412244
4412256
4412261
4412272
4412283
4412299
4412308
4412314
4412339
4412340
4412353
4412362
4412371
4412386
4412395
4412404
4412429
4412431
4412447
4412465
4412473
4412482
4412498
4412502
4412523
4412530
4412541
4412559
4412564
4412577
4412588
4412596
4412619
4412626
4412642
4412655
4412660
4412678
4412687
4412693
4412709
4412717
4412724
4412738
4412746
4412752
4412763
4412775
4412780
4412791
4412800
4412825
4412832
4412854
4412869
4412876
4412881
4412918
4412920
4412937
4412943
4412951
4412966
4412979
4412984
4412992
4413004
4413029
4413031
4413047
4413050
4413065
4413073
4413082
4413098
4413101
4413119
4413126
4413134
4413142
4413155
4413160
4413178
4413187
4413193
4413205
4413218
4413220
4413237
4413243
4413251
4413266
4413279
4413284
4413292
4413300
4413313
4413325
4413332
4413348
4413369
4413376
4413381
4413397
4413403
4413411
4413422
4413436
4413445
4413458
4413467
4413474
4413489
4413490
4413509
4413517
4413524
4413538
4413546
4413552
4413563
4413575
4413580
4413591
4413606
4413612
4413621
4413657
4413668
4413670
4413685
4413694
4413702
4413723
4413730
4413759
4413764
4413777
4413796
4413808
4413814
4413827
4413839
4413840
4413853
4413862
4413871
4413886
4413895
4413907
4413910
4413928
4413944
4413956
4413961
4413972
4413983
4413999
4414009
4414017
4414024
4414038
4414046
4414052
4414063
4414075
4414080
4414091
4414108
4414127
4414139
4414140
4414153
4414162
4414171
4414186
4414203
4414211
4414222
4414236
4414245
4414258
4414267
4414274
4414289
4414290
4414302
4414315
4414323
4414330
4414341
4414359
4414364
4414377
4414388
4414396
4414405
4414418
4414420
4414437
4414443
4414451
4414466
4414479
4414484
4414492
4414504
4414516
4414531
4414547
4414550
4414565
4414573
4414582
4414598
4414607
4414610
4414628
4414635
4414644
4414656
4414661
4414672
4414699
4414700
4414713
4414725
4414732
4414748
4414754
4414769
4414776
4414781
4414797
4414801
4414819
4414826
4414834
4414842
4414855
4414860
4414878
4414887
4414893
4414906
4414912
4414921
4414933
4414949
4414957
4414968
4414970
4414985
4414994
4415000
4415013
4415025
4415032
4415048
4415054
4415069
4415076
4415081
4415097
4415102
4415115
4415130
4415141
4415159
4415164
4415177
4415188
4415196
4415209
4415224
4415238
4415246
4415263
4415275
4415280
4415291
4415304
4415316
4415329
4415331
4415347
4415350
4415373
4415382
4415398
4415406
4415412
4415421
4415433
4415449
4415457
4415468
4415470
4415485
4415494
4415505
4415518
4415520
4415537
4415543
4415551
4415566
4415579
4415584
4415592
4415603
4415611
4415622
4415636
4415645
4415658
4415667
4415674
4415689
4415690
4415701
4415719
4415726
4415734
4415742
4415755
4415760
4415778
4415787
4415793
4415807
4415810
4415828
4415835
4415844
4415856
4415861
4415872
4415883
4415899
4415908
4415914
4415927
4415939
4415940
4415953
4415962
4415971
4415986
4415995
4416001
4416019
4416026
4416034
4416042
4416055
4416060
4416078
4416087
4416116
4416131
4416147
4416150
4416165
4416173
4416182
4416198
4416200
4416213
4416225
4416232
4416248
4416254
4416276
4416281
4416297
4416305
4416320
4416337
4416343
4416351
4416366
4416379
4416384
4416392
4416408
4416414
4416427
4416439
4416440
4416453
4416462
4416471
4416486
4416495
4416506
4416512
4416521
4416533
4416549
4416557
4416568
4416570
4416585
4416594
4416609
4416617
4416624
4416638
4416646
4416652
4416663
4416675
4416680
4416691
4416707
4416710
4416728
4416735
4416744
4416756
4416761
4416772
4416783
4416799
4416803
4416811
4416822
4416845
4416858
4416867
4416874
4416889
4416902
4416923
4416941
4416959
4416964
4416977
4416988
4416996
4417005
4417018
4417020
4417037
4417043
4417051
4417066
4417079
4417084
4417092
4417110
4417128
4417135
4417144
4417156
4417161
4417172
4417183
4417199
4417206
4417212
4417221
4417233
4417249
4417257
4417268
4417270
4417285
4417294
4417301
4417319
4417326
4417334
4417342
4417355
4417360
4417378
4417387
4417393
4417409
4417417
4417424
4417438
4417446
4417452
4417463
4417475
4417480
4417491
4417513
4417525
4417532
4417548
4417554
4417569
4417581
4417597
4417627
4417639
4417640
4417662
4417671
4417686
4417704
4417716
4417729
4417731
4417747
4417750
4417765
4417773
4417782
4417798
4417815
4417823
4417830
4417841
4417859
4417864
4417877
4417888
4417896
4417903
4417911
4417922
4417945
4417989
4417990
4418007
4418010
4418028
4418035
4418044
4418056
4418061
4418072
4418083
4418099
4418118
4418120
4418137
4418143
4418151
4418166
4418179
4418184
4418192
4418201
4418219
4418226
4418234
4418242
4418255
4418260
4418287
4418293
4418306
4418312
4418321
4418349
4418357
4418368
4418370
4418394
4418402
4418415
4418423
4418459
4418464
4418477
4418488
4418508
4418527
4418539
4418540
4418553
4418562
4418571
4418586
4418595
4418600
4418613
4418625
4418632
4418648
4418654
4418676
4418681
4418697
4418703
4418711
4418722
4418736
4418745
4418758
4418767
4418774
4418789
4418790
4418809
4418817
4418824
4418838
4418846
4418852
4418863
4418875
4418880
4418891
4418916
4418929
4418931
4418947
4418950
4418965
4418973
4418982
4419002
4419015
4419023
4419041
4419059
4419077
4419088
4419096
4419100
4419113
4419125
4419132
4419148
4419154
4419169
4419176
4419181
4419197
4419204
4419216
4419229
4419231
4419247
4419250
4419265
4419273
4419282
4419298
4419309
4419317
4419324
4419338
4419352
4419363
4419375
4419380
4419391
4419407
4419410
4419428
4419444
4419456
4419461
4419472
4419483
4419499
4419503
4419511
4419522
4419536
4419545
4419558
4419567
4419574
4419589
4419590
4419618
4419620
4419643
4419651
4419666
4419679
4419684
4419692
4419708
4419714
4419727
4419739
4419740
4419753
4419762
4419771
4419786
4419795
4419806
4419812
4419821
4419833
4419849
4419857
4419868
4419870
4419885
4419894
4419901
4419919
4419926
4419934
4419942
4419955
4419960
4419987
4419993
4420009
4420017
4420024
4420038
4420046
4420052
4420063
4420075
4420080
4420091
4420108
4420114
4420127
4420139
4420140
4420153
4420162
4420171
4420186
4420195
4420203
4420222
4420236
4420245
4420258
4420274
4420289
4420290
4420315
4420323
4420330
4420341
4420359
4420364
4420377
4420388
4420396
4420405
4420418
4420420
4420437
4420443
4420451
4420466
4420479
4420484
4420492
4420504
4420516
4420529
4420531
4420547
4420550
4420565
4420573
4420582
4420607
4420628
4420635
4420644
4420656
4420661
4420672
4420683
4420699
4420700
4420725
4420732
4420748
4420754
4420776
4420781
4420797
4420801
4420826
4420834
4420842
4420855
4420860
4420878
4420887
4420893
4420906
4420912
4420921
4420933
4420949
4420957
4420970
4420985
4420994
4421000
4421013
4421025
4421032
4421048
4421054
4421076
4421081
4421102
4421115
4421123
4421130
4421141
4421159
4421177
4421196
4421209
4421217
4421224
4421238
4421275
4421280
4421291
4421304
4421316
4421329
4421331
4421347
4421350
4421365
4421373
4421382
4421398
4421406
4421412
4421421
4421433
4421457
4421468
4421470
4421485
4421494
4421505
4421518
4421537
4421551
4421566
4421579
4421584
4421592
4421603
4421622
4421636
4421645
4421658
4421667
4421689
4421690
4421701
4421719
4421734
4421742
4421755
4421760
4421778
4421787
4421793
4421807
4421810
4421828
4421844
4421856
4421883
4421899
4421908
4421914
4421927
4421939
4421940
4421953
4421962
4421986
4421995
4422002
4422015
4422023
4422030
4422041
4422059
4422064
4422077
4422088
4422096
4422100
4422113
4422125
4422132
4422148
4422154
4422176
4422181
4422197
4422204
4422216
4422231
4422247
4422250
4422265
4422273
4422282
4422298
4422309
4422317
4422324
4422338
4422346
4422352
4422363
4422375
4422380
4422407
4422410
4422428
4422435
4422444
4422456
4422461
4422472
4422483
4422499
4422503
4422511
4422536
4422545
4422558
4422567
4422574
4422589
4422590
4422605
4422618
4422620
4422637
4422643
4422666
4422679
4422684
4422692
4422708
4422714
4422727
4422739
4422740
4422762
4422771
4422786
4422795
4422806
4422812
4422821
4422849
4422868
4422870
4422885
4422894
4422901
4422919
4422926
4422934
4422942
4422955
4422960
4422978
4422987
4422993
4423007
4423010
4423028
4423035
4423044
4423056
4423061
4423072
4423083
4423099
4423105
4423118
4423120
4423137
4423143
4423151
4423179
4423184
4423192
4423201
4423219
4423226
4423234
4423242
4423255
4423260
4423278
4423287
4423293
4423312
4423321
4423333
4423349
4423357
4423368
4423385
4423394
4423402
4423415
4423423
4423430
4423441
4423459
4423464
4423477
4423488
4423496
4423508
4423514
4423527
4423539
4423540
4423553
4423562
4423571
4423595
4423600
4423613
4423625
4423648
4423654
4423669
4423676
4423681
4423697
4423703
4423711
4423722
4423736
4423745
4423758
4423767
4423774
4423789
4423790
4423809
4423817
4423824
4423838
4423846
4423852
4423863
4423875
4423891
4423916
4423929
4423931
4423947
4423950
4423973
4423982
4423998
4424008
4424014
4424027
4424039
4424040
4424053
4424062
4424071
4424109
4424117
4424124
4424138
4424146
4424152
4424163
4424180
4424191
4424202
4424215
4424223
4424230
4424241
4424259
4424264
4424277
4424288
4424296
4424303
4424311
4424322
4424336
4424345
4424358
4424367
4424374
4424389
4424390
4424401
4424419
4424426
4424434
4424442
4424455
4424460
4424478
4424487
4424493
4424507
4424510
4424528
4424535
4424544
4424556
4424561
4424583
4424604
4424616
4424629
4424631
4424647
4424650
4424665
4424673
4424682
4424698
4424706
4424712
4424721
4424733
4424749
4424757
4424768
4424770
4424785
4424794
4424805
4424818
4424820
4424837
4424843
4424851
4424866
4424879
4424884
4424892
4424900
4424913
4424925
4424932
4424948
4424954
4424969
4424976
4424981
4424997
4425006
4425012
4425021
4425033
4425049
4425057
4425068
4425070
4425085
4425094
4425103
4425111
4425122
4425136
4425145
4425158
4425167
4425174
4425189
4425190
4425208
4425214
4425227
4425239
4425240
4425253
4425262
4425271
4425286
4425295
4425310
4425328
4425344
4425356
4425372
4425383
4425399
4425400
4425413
4425425
4425448
4425454
4425469
4425476
4425497
4425501
4425519
4425526
4425534
4425542
4425555
4425560
4425578
4425587
4425593
4425602
4425615
4425630
4425641
4425659
4425664
4425677
4425688
4425696
4425705
4425718
4425737
4425743
4425751
4425766
4425779
4425784
4425792
4425804
4425816
4425829
4425831
4425847
4425850
4425873
4425882
4425898
4425909
4425917
4425924
4425938
4425946
4425952
4425963
4425975
4425980
4425991
4426005
4426018
4426020
4426037
4426051
4426066
4426079
4426084
4426092
4426107
4426110
4426128
4426135
4426156
4426161
4426172
4426183
4426206
4426212
4426221
4426233
4426249
4426257
4426270
4426285
4426294
4426319
4426326
4426334
4426342
4426355
4426360
4426378
4426387
4426393
4426409
4426417
4426424
4426438
4426446
4426452
4426463
4426475
4426480
4426491
4426500
4426513
4426525
4426532
4426548
4426554
4426569
4426581
4426597
4426608
4426614
4426627
4426639
4426640
4426662
4426671
4426686
4426695
4426704
4426716
4426729
4426731
4426747
4426750
4426765
4426773
4426782
4426798
4426802
4426815
4426823
4426830
4426841
4426859
4426864
4426877
4426896
4426903
4426911
4426922
4426936
4426945
4426958
4426967
4426974
4426989
4426990
4427001
4427019
4427026
4427034
4427042
4427055
4427060
4427087
4427104
4427116
4427129
4427131
4427147
4427150
4427165
4427173
4427182
4427198
4427200
4427213
4427225
4427232
4427248
4427254
4427269
4427276
4427281
4427297
4427318
4427320
4427343
4427351
4427366
4427379
4427384
4427408
4427414
4427427
4427439
4427440
4427453
4427471
4427486
4427495
4427506
4427512
4427521
4427533
4427549
4427557
4427568
4427570
4427585
4427609
4427617
4427624
4427646
4427663
4427675
4427680
4427691
4427707
4427710
4427728
4427735
4427744
4427756
4427772
4427783
4427799
4427803
4427811
4427822
4427836
4427845
4427858
4427867
4427889
4427890
4427902
4427915
4427923
4427930
4427941
4427959
4427964
4427977
4427988
4427996
4428004
4428016
4428029
4428031
4428047
4428065
4428073
4428082
4428098
4428101
4428119
4428126
4428134
4428142
4428155
4428160
4428178
4428187
4428193
4428205
4428218
4428220
4428237
4428243
4428251
4428279
4428284
4428292
4428300
4428313
4428325
4428332
4428348
4428354
4428369
4428376
4428397
4428403
4428411
4428436
4428445
4428458
4428474
4428489
4428490
4428509
4428517
4428524
4428538
4428546
4428552
4428563
4428575
4428580
4428591
4428606
4428612
4428621
4428633
4428649
4428657
4428668
4428670
4428685
4428694
4428702
4428715
4428730
4428741
4428759
4428764
4428777
4428788
4428796
4428808
4428839
4428840
4428853
4428862
4428871
4428895
4428907
4428910
4428944
4428956
4428961
4428972
4428983
4428999
4429003
4429011
4429022
4429036
4429045
4429058
4429067
4429090
4429106
4429112
4429121
4429149
4429168
4429170
4429185
4429194
4429207
4429210
4429228
4429235
4429244
4429256
4429261
4429272
4429283
4429299
4429308
4429314
4429327
4429339
4429340
4429353
4429371
4429386
4429395
4429404
4429416
4429429
4429431
4429447
4429465
4429473
4429498
4429502
4429515
4429523
4429530
4429541
4429559
4429564
4429577
4429588
4429596
4429601
4429619
4429626
4429634
4429642
4429655
4429660
4429678
4429687
4429693
4429709
4429717
4429724
4429738
4429746
4429752
4429763
4429775
4429780
4429791
4429800
4429825
4429832
4429848
4429854
4429869
4429876
4429881
4429897
4429905
4429918
4429920
4429937
4429943
4429951
4429966
4429979
4429984
4429992
4430007
4430010
4430028
4430035
4430044
4430056
4430061
4430083
4430099
4430118
4430120
4430137
4430143
4430151
4430166
4430179
4430184
4430192
4430201
4430219
4430226
4430234
4430242
4430255
4430260
4430278
4430287
4430293
4430306
4430312
4430321
4430333
4430349
4430357
4430368
4430370
4430402
4430415
4430423
4430430
4430441
4430464
4430477
4430488
4430496
4430508
4430514
4430527
4430539
4430540
4430553
4430562
4430571
4430586
4430595
4430600
4430613
4430625
4430632
4430648
4430654
4430669
4430676
4430681
4430697
4430703
4430711
4430722
4430736
4430745
4430758
4430767
4430774
4430789
4430790
4430809
4430817
4430824
4430838
4430846
4430852
4430863
4430891
4430904
4430916
4430929
4430931
4430947
4430950
4430965
4430973
4430982
4430998
4431003
4431011
4431022
4431036
4431045
4431058
4431067
4431074
4431090
4431106
4431112
4431133
4431149
4431157
4431168
4431170
4431185
4431194
4431207
4431210
4431235
4431244
4431261
4431272
4431283
4431299
4431308
4431314
4431327
4431339
4431340
4431353
4431362
4431371
4431386
4431395
4431404
4431429
4431431
4431447
4431450
4431465
4431473
4431482
4431498
4431502
4431515
4431523
4431530
4431541
4431559
4431564
4431588
4431596
4431601
4431619
4431626
4431634
4431642
4431655
4431660
4431678
4431687
4431693
4431709
4431724
4431738
4431746
4431775
4431780
4431800
4431813
4431825
4431848
4431854
4431869
4431876
4431881
4431897
4431905
4431920
4431943
4431951
4431966
4431979
4431992
4432006
4432012
4432021
4432033
4432049
4432057
4432068
4432070
4432085
4432094
4432103
4432111
4432122
4432136
4432145
4432158
4432167
4432174
4432189
4432190
4432208
4432214
4432227
4432239
4432240
4432253
4432271
4432286
4432295
4432310
4432328
4432335
4432344
4432356
4432361
4432372
4432383
4432399
4432400
4432413
4432425
4432448
4432454
4432469
4432476
4432481
4432497
4432501
4432519
4432526
4432534
4432555
4432560
4432578
4432587
4432593
4432602
4432615
4432623
4432630
4432641
4432659
4432664
4432677
4432688
4432696
4432705
4432718
4432720
4432737
4432743
4432766
4432779
4432784
4432792
4432804
4432816
4432829
4432831
4432847
4432850
4432865
4432873
4432882
4432898
4432909
4432917
4432938
4432946
4432952
4432963
4432975
4432980
4432991
4433000
4433013
4433025
4433032
4433048
4433076
4433081
4433097
4433102
4433115
4433123
4433130
4433141
4433159
4433164
4433188
4433196
4433209
4433217
4433224
4433238
4433246
4433252
4433263
4433275
4433280
4433291
4433304
4433316
4433329
4433331
4433347
4433350
4433365
4433373
4433382
4433398
4433412
4433421
4433433
4433449
4433457
4433468
4433470
4433485
4433494
4433505
4433518
4433520
4433537
4433543
4433551
4433579
4433584
4433592
4433603
4433622
4433636
4433645
4433658
4433667
4433674
4433689
4433690
4433719
4433726
4433742
4433755
4433760
4433778
4433787
4433793
4433807
4433810
4433828
4433835
4433844
4433856
4433872
4433883
4433899
4433908
4433914
4433927
4433940
4433953
4433962
4433971
4433986
4433995
4434005
4434018
4434020
4434037
4434043
4434051
4434066
4434079
4434084
4434092
4434107
4434110
4434128
4434135
4434144
4434161
4434172
4434183
4434199
4434206
4434212
4434221
4434233
4434249
4434257
4434268
4434270
4434285
4434301
4434319
4434326
4434334
4434342
4434355
4434360
4434378
4434387
4434393
4434409
4434417
4434424
4434438
4434446
4434452
4434463
4434475
4434480
4434491
4434500
4434513
4434525
4434532
4434548
4434554
4434569
4434576
4434581
4434597
4434614
4434627
4434639
4434640
4434653
4434662
4434671
4434686
4434695
4434704
4434716
4434729
4434731
4434747
4434750
4434765
4434773
4434782
4434798
4434802
4434815
4434823
4434830
4434841
4434859
4434864
4434877
4434888
4434896
4434903
4434911
4434922
4434936
4434945
4434958
4434967
4434974
4434989
4434990
4435016
4435031
4435050
4435065
4435073
4435082
4435098
4435101
4435119
4435126
4435134
4435142
4435155
4435160
4435178
4435193
4435205
4435220
4435237
4435243
4435251
4435266
4435279
4435284
4435292
4435300
4435313
4435332
4435348
4435354
4435369
4435397
4435403
4435411
4435422
4435436
4435445
4435458
4435467
4435474
4435489
4435509
4435517
4435524
4435538
4435546
4435552
4435563
4435575
4435580
4435591
4435606
4435612
4435621
4435633
4435649
4435657
4435668
4435670
4435685
4435694
4435702
4435715
4435723
4435730
4435741
4435759
4435764
4435777
4435788
4435796
4435808
4435814
4435827
4435839
4435853
4435862
4435871
4435886
4435895
4435907
4435910
4435928
4435935
4435944
4435956
4435961
4435972
4435983
4436002
4436015
4436023
4436030
4436041
4436059
4436064
4436088
4436096
4436100
4436113
4436125
4436132
4436148
4436154
4436181
4436197
4436204
4436216
4436229
4436231
4436247
4436250
4436265
4436282
4436298
4436309
4436317
4436324
4436338
4436346
4436352
4436363
4436375
4436380
4436391
4436407
4436410
4436428
4436435
4436444
4436456
4436461
4436472
4436483
4436499
4436503
4436511
4436522
4436536
4436545
4436567
4436574
4436589
4436590
4436618
4436620
4436637
4436643
4436666
4436679
4436684
4436692
4436708
4436714
4436727
4436739
4436753
4436762
4436771
4436795
4436821
4436833
4436849
4436857
4436868
4436870
4436885
4436894
4436901
4436919
4436926
4436934
4436942
4436955
4436978
4436987
4436993
4437009
4437017
4437024
4437038
4437046
4437052
4437063
4437075
4437080
4437091
4437108
4437114
4437139
4437140
4437153
4437171
4437186
4437195
4437203
4437222
4437236
4437245
4437258
4437267
4437274
4437289
4437290
4437302
4437315
4437323
4437330
4437341
4437359
4437364
4437377
4437388
4437396
4437405
4437418
4437437
4437443
4437451
4437466
4437479
4437484
4437492
4437504
4437516
4437529
4437531
4437547
4437550
4437565
4437573
4437582
4437598
4437607
4437610
4437635
4437644
4437656
4437661
4437672
4437683
4437699
4437700
4437713
4437725
4437732
4437748
4437754
4437769
4437776
4437781
4437797
4437801
4437819
4437834
4437842
4437855
4437860
4437878
4437887
4437893
4437906
4437912
4437921
4437933
4437949
4437957
4437968
4437970
4437994
4438008
4438014
4438027
4438039
4438040
4438062
4438071
4438086
4438095
4438109
4438117
4438124
4438138
4438146
4438152
4438163
4438175
4438180
4438191
4438202
4438215
4438223
4438230
4438241
4438259
4438264
4438277
4438288
4438296
4438303
4438311
4438336
4438345
4438358
4438367
4438389
4438390
4438401
4438419
4438426
4438434
4438442
4438455
4438460
4438478
4438487
4438493
4438507
4438510
4438528
4438535
4438544
4438556
4438561
4438572
4438583
4438599
4438604
4438616
4438629
4438631
4438647
4438665
4438673
4438682
4438698
4438706
4438712
4438721
4438733
4438749
4438770
4438785
4438794
4438805
4438818
4438820
4438837
4438851
4438866
4438879
4438884
4438900
4438913
4438925
4438932
4438948
4438954
4438969
4438976
4438981
4438997
4439001
4439019
4439026
4439034
4439042
4439055
4439060
4439078
4439087
4439093
4439104
4439116
4439129
4439131
4439147
4439150
4439165
4439173
4439182
4439198
4439200
4439213
4439225
4439232
4439248
4439254
4439269
4439276
4439281
4439297
4439305
4439320
4439337
4439343
4439351
4439366
4439379
4439384
4439392
4439408
4439414
4439439
4439440
4439453
4439462
4439471
4439486
4439495
4439506
4439512
4439521
4439533
4439549
4439557
4439568
4439570
4439585
4439594
4439609
4439617
4439624
4439638
4439652
4439663
4439680
4439707
4439710
4439728
4439744
4439756
4439761
4439772
4439783
4439799
4439803
4439811
4439822
4439836
4439858
4439867
4439874
4439889
4439890
4439915
4439923
4439930
4439941
4439959
4439964
4439977
4439988
4439996
4440012
4440021
4440033
4440049
4440057
4440068
4440070
4440085
4440094
4440103
4440111
4440122
4440136
4440158
4440167
4440174
4440189
4440190
4440208
4440227
4440239
4440240
4440253
4440262
4440271
4440286
4440307
4440310
4440328
4440335
4440356
4440361
4440372
4440399
4440400
4440413
4440425
4440432
4440448
4440454
4440469
4440476
4440497
4440519
4440526
4440534
4440542
4440555
4440560
4440578
4440587
4440593
4440602
4440623
4440630
4440641
4440659
4440664
4440677
4440688
4440696
4440705
4440718
4440720
4440737
4440743
4440751
4440766
4440779
4440784
4440792
4440804
4440829
4440831
4440847
4440850
4440865
4440882
4440898
4440909
4440917
4440924
4440938
4440946
4440952
4440963
4440975
4440980
4440991
4441005
4441018
4441020
4441037
4441043
4441051
4441066
4441079
4441084
4441092
4441107
4441110
4441128
4441135
4441144
4441156
4441161
4441172
4441183
4441206
4441212
4441221
4441233
4441249
4441257
4441268
4441270
4441285
4441294
4441301
4441319
4441326
4441334
4441342
4441360
4441378
4441387
4441393
4441409
4441417
4441424
4441438
4441446
4441452
4441463
4441475
4441480
4441491
4441500
4441513
4441525
4441532
4441548
4441554
4441576
4441597
4441608
4441614
4441627
4441639
4441640
4441653
4441662
4441671
4441686
4441695
4441704
4441716
4441729
4441747
4441750
4441765
4441773
4441782
4441798
4441802
4441815
4441823
4441830
4441841
4441859
4441864
4441877
4441888
4441896
4441903
4441911
4441922
4441936
4441945
4441958
4441967
4441974
4441989
4441990
4442007
4442010
4442028
4442056
4442061
4442083
4442099
4442105
4442118
4442120
4442143
4442151
4442166
4442179
4442184
4442192
4442201
4442219
4442226
4442234
4442242
4442255
4442260
4442278
4442287
4442293
4442306
4442312
4442321
4442333
4442349
4442368
4442370
4442385
4442394
4442402
4442415
4442423
4442430
4442441
4442459
4442464
4442477
4442488
4442496
4442508
4442527
4442539
4442540
4442553
4442562
4442571
4442586
4442595
4442600
4442613
4442632
4442648
4442654
4442669
4442676
4442681
4442697
4442703
4442711
4442722
4442736
4442745
4442758
4442767
4442774
4442789
4442790
4442817
4442824
4442838
4442846
4442852
4442863
4442875
4442880
4442891
4442904
4442916
4442929
4442931
4442947
4442950
4442965
4442982
4442998
4443002
4443015
4443023
4443030
4443041
4443059
4443064
4443077
4443088
4443096
4443100
4443125
4443132
4443148
4443154
4443169
4443176
4443181
4443197
4443204
4443216
4443229
4443231
4443247
4443250
4443273
4443282
4443298
4443309
4443324
4443346
4443352
4443363
4443375
4443380
4443391
4443407
4443410
4443428
4443435
4443444
4443456
4443461
4443472
4443483
4443499
4443503
4443511
4443522
4443536
4443545
4443558
4443574
4443589
4443590
4443605
4443618
4443620
4443637
4443643
4443651
4443666
4443679
4443684
4443692
4443708
4443727
4443739
4443740
4443753
4443762
4443771
4443786
4443795
4443806
4443812
4443821
4443849
4443857
4443868
4443870
4443885
4443894
4443901
4443919
4443926
4443934
4443955
4443978
4443987
4443993
4444003
4444011
4444022
4444036
4444045
4444058
4444067
4444074
4444089
4444090
4444133
4444149
4444157
4444168
4444170
4444194
4444207
4444210
4444228
4444235
4444244
4444256
4444261
4444272
4444283
4444299
4444308
4444314
4444327
4444339
4444340
4444353
4444362
4444371
4444386
4444395
4444404
4444416
4444431
4444447
4444450
4444465
4444473
4444502
4444515
4444523
4444530
4444541
4444559
4444564
4444588
4444601
4444619
4444626
4444634
4444655
4444660
4444678
4444687
4444693
4444709
4444717
4444724
4444738
4444746
4444775
4444780
4444791
4444800
4444825
4444832
4444848
4444854
4444869
4444876
4444881
4444897
4444905
4444918
4444920
4444937
4444943
4444951
4444966
4444979
4444984
4444992
4445009
4445017
4445024
4445046
4445052
4445063
4445075
4445080
4445091
4445108
4445114
4445127
4445139
4445140
4445153
4445162
4445171
4445186
4445195
4445203
4445211
4445222
4445236
4445245
4445258
4445267
4445274
4445289
4445290
4445302
4445315
4445323
4445330
4445341
4445359
4445364
4445377
4445388
4445396
4445405
4445418
4445420
4445437
4445443
4445451
4445466
4445479
4445484
4445492
4445504
4445529
4445531
4445547
4445550
4445565
4445573
4445582
4445598
4445607
4445610
4445628
4445635
4445644
4445656
4445661
4445672
4445683
4445700
4445713
4445725
4445732
4445748
4445754
4445769
4445776
4445797
4445801
4445819
4445826
4445834
4445842
4445860
4445878
4445887
4445893
4445906
4445912
4445921
4445933
4445949
4445957
4445968
4445970
4445985
4445994
4446000
4446025
4446032
4446048
4446054
4446069
4446076
4446081
4446097
4446102
4446115
4446130
4446141
4446159
4446164
4446188
4446196
4446209
4446217
4446224
4446238
4446246
4446252
4446263
4446275
4446280
4446291
4446304
4446316
4446329
4446331
4446347
4446350
4446365
4446373
4446382
4446398
4446406
4446412
4446421
4446433
4446449
4446457
4446468
4446470
4446485
4446494
4446518
4446520
4446537
4446543
4446551
4446566
4446579
4446584
4446592
4446603
4446622
4446636
4446645
4446658
4446667
4446690
4446701
4446719
4446726
4446734
4446742
4446755
4446760
4446787
4446793
4446807
4446810
4446828
4446835
4446861
4446872
4446883
4446899
4446908
4446914
4446927
4446940
4446953
4446962
4446971
4446986
4446995
4447004
4447016
4447029
4447031
4447047
4447050
4447065
4447073
4447082
4447098
4447119
4447134
4447142
4447155
4447160
4447178
4447187
4447193
4447218
4447220
4447243
4447251
4447266
4447284
4447292
4447300
4447313
4447325
4447332
4447348
4447376
4447381
4447397
4447403
4447411
4447436
4447445
4447458
4447467
4447474
4447489
4447490
4447517
4447538
4447546
4447552
4447563
4447575
4447580
4447591
4447606
4447621
4447633
4447649
4447657
4447668
4447670
4447694
4447702
4447715
4447741
4447764
4447777
4447788
4447796
4447808
4447814
4447827
4447840
4447853
4447862
4447871
4447886
4447895
4447907
4447928
4447935
4447956
4447961
4447972
4447983
4447999
4448001
4448019
4448026
4448034
4448042
4448060
4448078
4448087
4448093
4448104
4448116
4448129
4448131
4448150
4448165
4448173
4448198
4448200
4448213
4448225
4448232
4448248
4448254
4448269
4448281
4448297
4448305
4448318
4448320
4448337
4448343
4448351
4448366
4448379
4448384
4448392
4448408
4448414
4448439
4448440
4448453
4448462
4448471
4448486
4448495
4448506
4448512
4448521
4448533
4448549
4448557
4448568
4448570
4448585
4448594
4448609
4448617
4448624
4448638
4448646
4448652
4448663
4448675
4448680
4448691
4448707
4448710
4448728
4448735
4448744
4448756
4448761
4448772
4448783
4448799
4448803
4448811
4448822
4448836
4448845
4448858
4448867
4448874
4448889
4448902
4448923
4448941
4448959
4448964
4448988
4448996
4449014
4449027
4449039
4449040
4449053
4449062
4449071
4449086
4449095
4449117
4449124
4449138
4449146
4449152
4449175
4449180
4449191
4449202
4449223
4449230
4449241
4449259
4449264
4449277
4449288
4449296
4449303
4449311
4449322
4449336
4449345
4449358
4449367
4449374
4449389
4449390
4449401
4449419
4449426
4449434
4449442
4449455
4449460
4449478
4449487
4449493
4449507
4449510
4449528
4449535
4449544
4449556
4449561
4449572
4449583
4449599
4449604
4449616
4449629
4449631
4449647
4449650
4449665
4449673
4449682
4449698
4449706
4449712
4449721
4449733
4449749
4449757
4449768
4449770
4449785
4449794
4449805
4449837
4449843
4449851
4449866
4449879
4449884
4449892
4449900
4449913
4449925
4449932
4449948
4449954
4449969
4449981
4449997
4450002
4450015
4450023
4450030
4450041
4450059
4450064
4450077
4450088
4450096
4450100
4450113
4450125
4450132
4450148
4450154
4450169
4450176
4450181
4450197
4450204
4450216
4450231
4450247
4450250
4450265
4450273
4450282
4450298
4450309
4450317
4450324
4450338
4450346
4450352
4450363
4450375
4450380
4450391
4450407
4450428
4450435
4450444
4450456
4450461
4450472
4450483
4450499
4450503
4450511
4450522
4450536
4450545
4450558
4450574
4450589
4450590
4450605
4450618
4450620
4450637
4450643
4450651
4450666
4450679
4450684
4450692
4450708
4450714
4450727
4450739
4450740
4450762
4450771
4450795
4450806
4450821
4450833
4450849
4450870
4450885
4450894
4450901
4450919
4450926
4450934
4450942
4450955
4450960
4450978
4450987
4451008
4451014
4451027
4451039
4451053
4451071
4451086
4451095
4451109
4451117
4451124
4451138
4451146
4451152
4451163
4451175
4451180
4451191
4451202
4451215
4451223
4451230
4451259
4451264
4451277
4451288
4451296
4451303
4451311
4451322
4451336
4451358
4451367
4451374
4451389
4451390
4451401
4451419
4451426
4451434
4451442
4451455
4451460
4451478
4451487
4451493
4451507
4451528
4451535
4451544
4451556
4451561
4451572
4451583
4451599
4451604
4451616
4451629
4451631
4451647
4451650
4451665
4451673
4451682
4451698
4451706
4451712
4451721
4451733
4451749
4451757
4451768
4451770
4451785
4451794
4451805
4451818
4451820
4451837
4451843
4451851
4451866
4451879
4451884
4451892
4451900
4451913
4451932
4451948
4451954
4451969
4451976
4451981
4451997
4452009
4452017
4452024
4452038
4452046
4452052
4452063
4452075
4452080
4452091
4452108
4452114
4452127
4452140
4452153
4452162
4452171
4452186
4452203
4452211
4452222
4452236
4452258
4452267
4452274
4452290
4452302
4452315
4452323
4452330
4452341
4452359
4452364
4452377
4452388
4452396
4452405
4452418
4452420
4452437
4452443
4452451
4452466
4452479
4452484
4452492
4452516
4452529
4452531
4452547
4452565
4452582
4452607
4452610
4452628
4452635
4452644
4452656
4452661
4452672
4452699
4452700
4452713
4452725
4452732
4452748
4452754
4452769
4452781
4452801
4452819
4452826
4452834
4452842
4452855
4452860
4452878
4452887
4452893
4452906
4452912
4452921
4452933
4452949
4452957
4452968
4452970
4452985
4452994
4453018
4453020
4453037
4453043
4453051
4453066
4453079
4453084
4453092
4453107
4453110
4453128
4453135
4453156
4453161
4453172
4453183
4453199
4453212
4453221
4453233
4453249
4453257
4453268
4453270
4453285
4453294
4453301
4453319
4453326
4453334
4453342
4453355
4453378
4453387
4453393
4453417
4453424
4453438
4453446
4453452
4453463
4453475
4453480
4453500
4453513
4453525
4453532
4453548
4453554
4453569
4453576
4453581
4453597
4453608
4453627
4453639
4453640
4453653
4453662
4453671
4453686
4453695
4453704
4453716
4453729
4453731
4453747
4453750
4453765
4453773
4453782
4453798
4453802
4453823
4453830
4453841
4453859
4453864
4453877
4453896
4453903
4453922
4453936
4453945
4453958
4453967
4453974
4453989
4453990
4454000
4454013
4454025
4454032
4454048
4454054
4454069
4454076
4454081
4454097
4454102
4454115
4454123
4454130
4454159
4454164
4454177
4454196
4454209
4454217
4454224
4454238
4454246
4454252
4454263
4454275
4454280
4454291
4454304
4454316
4454329
4454331
4454347
4454350
4454365
4454382
4454406
4454412
4454433
4454449
4454457
4454468
4454485
4454494
4454505
4454518
4454520
4454537
4454543
4454551
4454566
4454579
4454584
4454592
4454603
4454611
4454622
4454636
4454645
4454658
4454667
4454674
4454689
4454690
4454719
4454726
4454734
4454742
4454755
4454760
4454778
4454787
4454793
4454807
4454810
4454828
4454835
4454844
4454856
4454861
4454872
4454883
4454899
4454908
4454914
4454927
4454953
4454962
4454971
4454995
4455001
4455019
4455026
4455034
4455042
4455055
4455060
4455087
4455093
4455104
4455116
4455131
4455147
4455150
4455165
4455173
4455182
4455198
4455200
4455213
4455225
4455232
4455248
4455254
4455269
4455276
4455281
4455297
4455305
4455320
4455337
4455343
4455351
4455366
4455379
4455384
4455392
4455408
4455414
4455427
4455439
4455440
4455453
4455462
4455471
4455486
4455495
4455506
4455521
4455533
4455557
4455568
4455570
4455594
4455609
4455617
4455638
4455652
4455663
4455675
4455680
4455691
4455707
4455710
4455728
4455735
4455744
4455756
4455761
4455772
4455783
4455799
4455803
4455811
4455822
4455836
4455845
4455858
4455867
4455874
4455889
4455890
4455915
4455923
4455930
4455941
4455959
4455964
4455977
4455988
4455996
4456007
4456010
4456028
4456056
4456061
4456072
4456083
4456105
4456118
4456120
4456137
4456143
4456151
4456166
4456179
4456184
4456201
4456219
4456234
4456242
4456255
4456260
4456278
4456293
4456306
4456312
4456321
4456333
4456349
4456357
4456368
4456370
4456385
4456394
4456402
4456415
4456423
4456430
4456441
4456459
4456464
4456488
4456496
4456508
4456514
4456527
4456539
4456540
4456553
4456562
4456571
4456586
4456595
4456600
4456613
4456625
4456632
4456648
4456654
4456669
4456676
4456697
4456703
4456711
4456722
4456736
4456745
4456758
4456767
4456774
4456789
4456790
4456809
4456817
4456824
4456838
4456846
4456852
4456863
4456880
4456891
4456904
4456916
4456929
4456931
4456947
4456965
4456973
4456998
4457006
4457021
4457033
4457049
4457057
4457068
4457070
4457085
4457094
4457103
4457111
4457122
4457136
4457145
4457158
4457167
4457174
4457189
4457190
4457208
4457214
4457227
4457239
4457240
4457253
4457262
4457286
4457295
4457307
4457310
4457335
4457344
4457356
4457361
4457383
4457399
4457400
4457413
4457425
4457432
4457448
4457454
4457469
4457476
4457481
4457501
4457519
4457526
4457534
4457542
4457555
4457560
4457578
4457587
4457593
4457602
4457615
4457623
4457630
4457641
4457659
4457664
4457688
4457696
4457705
4457720
4457737
4457743
4457766
4457779
4457784
4457792
4457804
4457816
4457829
4457831
4457850
4457865
4457873
4457882
4457898
4457909
4457938
4457946
4457952
4457963
4457975
4457980
4457991
4458003
4458011
4458022
4458036
4458045
4458058
4458067
4458074
4458090
4458106
4458112
4458121
4458133
4458149
4458157
4458168
4458185
4458194
4458207
4458210
4458228
4458235
4458244
4458256
4458261
4458272
4458283
4458299
4458308
4458314
4458339
4458340
4458353
4458371
4458386
4458395
4458404
4458416
4458429
4458431
4458447
4458450
4458473
4458482
4458498
4458502
4458515
4458523
4458530
4458559
4458564
4458577
4458588
4458596
4458601
4458619
4458626
4458634
4458642
4458660
4458678
4458687
4458693
4458709
4458724
4458738
4458746
4458752
4458763
4458775
4458780
4458791
4458800
4458813
4458832
4458848
4458854
4458869
4458881
4458897
4458905
4458918
4458920
4458937
4458943
4458951
4458966
4458979
4458984
4458992
4459004
4459016
4459029
4459031
4459050
4459073
4459082
4459098
4459101
4459126
4459134
4459142
4459155
4459160
4459178
4459187
4459193
4459205
4459218
4459220
4459237
4459243
4459251
4459266
4459279
4459284
4459300
4459325
4459332
4459348
4459354
4459369
4459376
4459381
4459397
4459403
4459411
4459422
4459445
4459458
4459467
4459474
4459489
4459509
4459517
4459524
4459538
4459546
4459552
4459563
4459575
4459580
4459591
4459606
4459612
4459621
4459633
4459649
4459657
4459668
4459670
4459694
4459702
4459715
4459723
4459730
4459741
4459764
4459777
4459788
4459796
4459808
4459839
4459840
4459853
4459862
4459871
4459886
4459895
4459907
4459910
4459928
4459935
4459944
4459956
4459972
4459983
4460005
4460020
4460043
4460051
4460066
4460079
4460084
4460092
4460107
4460128
4460135
4460144
4460161
4460172
4460199
4460206
4460221
4460249
4460257
4460268
4460270
4460285
4460294
4460301
4460319
4460326
4460334
4460355
4460378
4460387
4460393
4460409
4460417
4460424
4460446
4460452
4460463
4460475
4460491
4460500
4460525
4460532
4460548
4460554
4460569
4460576
4460581
4460597
4460608
4460614
4460639
4460640
4460653
4460662
4460686
4460704
4460716
4460729
4460731
4460747
4460750
4460773
4460782
4460798
4460802
4460815
4460823
4460830
4460841
4460859
4460864
4460877
4460896
4460903
4460911
4460922
4460936
4460945
4460958
4460967
4460974
4460989
4460990
4461004
4461016
4461029
4461050
4461065
4461073
4461082
4461098
4461101
4461126
4461134
4461142
4461155
4461160
4461178
4461193
4461205
4461218
4461237
4461243
4461251
4461266
4461279
4461284
4461292
4461300
4461325
4461332
4461348
4461354
4461369
4461376
4461381
4461397
4461403
4461411
4461422
4461436
4461445
4461458
4461467
4461474
4461489
4461490
4461509
4461517
4461524
4461538
4461552
4461563
4461575
4461580
4461591
4461606
4461612
4461621
4461633
4461649
4461670
4461685
4461694
4461702
4461715
4461723
4461730
4461741
4461759
4461764
4461777
4461788
4461796
4461808
4461839
4461840
4461853
4461862
4461871
4461895
4461907
4461910
4461928
4461935
4461956
4461961
4461983
4461999
4462026
4462034
4462042
4462055
4462060
4462078
4462087
4462093
4462104
4462116
4462129
4462131
4462147
4462150
4462165
4462173
4462182
4462198
4462200
4462213
4462225
4462232
4462248
4462254
4462269
4462276
4462281
4462305
4462337
4462343
4462351
4462366
4462379
4462384
4462408
4462414
4462427
4462440
4462453
4462462
4462471
4462486
4462495
4462506
4462512
4462521
4462533
4462549
4462557
4462570
4462585
4462594
4462609
4462617
4462624
4462638
4462646
4462652
4462663
4462675
4462680
4462691
4462707
4462710
4462728
4462735
4462744
4462756
4462761
4462772
4462783
4462799
4462811
4462822
4462836
4462845
4462858
4462867
4462874
4462890
4462902
4462915
4462923
4462930
4462941
4462964
4462977
4462988
4462996
4463008
4463014
4463039
4463040
4463053
4463062
4463071
4463086
4463095
4463117
4463124
4463138
4463146
4463152
4463163
4463175
4463180
4463191
4463202
4463215
4463223
4463230
4463241
4463259
4463264
4463277
4463288
4463296
4463303
4463311
4463322
4463336
4463345
4463358
4463367
4463374
4463389
4463401
4463419
4463426
4463434
4463442
4463455
4463460
4463478
4463487
4463493
4463507
4463510
4463528
4463535
4463544
4463556
4463561
4463572
4463583
4463599
4463604
4463616
4463629
4463631
4463647
4463650
4463665
4463673
4463682
4463698
4463706
4463712
4463733
4463749
4463757
4463768
4463770
4463785
4463794
4463805
4463818
4463820
4463837
4463843
4463851
4463866
4463879
4463884
4463892
4463900
4463913
4463925
4463948
4463954
4463976
4463981
4463997
4464007
4464010
4464028
4464035
4464044
4464056
4464061
4464072
4464083
4464099
4464105
4464118
4464137
4464143
4464151
4464166
4464179
4464184
4464192
4464201
4464219
4464226
4464234
4464242
4464255
4464278
4464287
4464293
4464306
4464312
4464321
4464349
4464357
4464368
4464370
4464385
4464394
4464402
4464423
4464430
4464441
4464459
4464464
4464477
4464488
4464496
4464508
4464514
4464539
4464540
4464553
4464562
4464571
4464586
4464595
4464600
4464613
4464625
4464632
4464648
4464654
4464676
4464697
4464711
4464722
4464736
4464745
4464758
4464767
4464774
4464789
4464790
4464809
4464817
4464838
4464846
4464852
4464863
4464875
4464880
4464891
4464904
4464916
4464929
4464931
4464947
4464950
4464965
4464982
4464998
4465003
4465011
4465022
4465045
4465058
4465067
4465074
4465089
4465090
4465106
4465112
4465121
4465133
4465149
4465157
4465168
4465170
4465185
4465194
4465207
4465210
4465228
4465235
4465244
4465256
4465272
4465283
4465299
4465308
4465314
4465327
4465339
4465340
4465353
4465362
4465371
4465386
4465395
4465404
4465416
4465429
4465431
4465447
4465450
4465465
4465482
4465498
4465502
4465515
4465523
4465530
4465541
4465559
4465564
4465577
4465588
4465601
4465619
4465626
4465642
4465655
4465660
4465678
4465687
4465693
4465709
4465717
4465738
4465746
4465752
4465763
4465775
4465780
4465791
4465800
4465813
4465825
4465848
4465854
4465869
4465876
4465881
4465897
4465918
4465920
4465937
4465943
4465979
4465992
4466009
4466017
4466024
4466038
4466046
4466052
4466063
4466075
4466080
4466091
4466108
4466114
4466127
4466139
4466140
4466153
4466162
4466171
4466186
4466195
4466203
4466211
4466222
4466236
4466245
4466258
4466267
4466274
4466289
4466302
4466315
4466323
4466330
4466341
4466359
4466364
4466377
4466388
4466396
4466405
4466420
4466437
4466443
4466451
4466466
4466479
4466484
4466504
4466516
4466529
4466531
4466547
4466550
4466565
4466573
4466582
4466598
4466607
4466610
4466628
4466635
4466644
4466656
4466661
4466672
4466683
4466699
4466700
4466713
4466725
4466732
4466748
4466754
4466769
4466776
4466781
4466801
4466819
4466826
4466834
4466842
4466855
4466860
4466878
4466887
4466893
4466912
4466921
4466933
4466949
4466957
4466968
4466985
4466994
4467002
4467015
4467023
4467030
4467041
4467059
4467064
4467077
4467088
4467096
4467100
4467113
4467125
4467132
4467148
4467176
4467181
4467197
4467204
4467216
4467229
4467231
4467250
4467265
4467273
4467282
4467298
4467309
4467317
4467324
4467338
4467346
4467352
4467363
4467380
4467391
4467407
4467410
4467428
4467435
4467444
4467456
4467461
4467472
4467483
4467499
4467511
4467522
4467536
4467558
4467567
4467574
4467589
4467590
4467605
4467618
4467620
4467643
4467651
4467666
4467684
4467692
4467708
4467714
4467739
4467740
4467753
4467762
4467771
4467786
4467795
4467806
4467812
4467821
4467833
4467849
4467857
4467868
4467870
4467885
4467894
4467901
4467919
4467926
4467934
4467942
4467955
4467960
4467978
4467987
4467993
4468000
4468013
4468025
4468032
4468048
4468054
4468069
4468076
4468081
4468102
4468115
4468123
4468130
4468141
4468164
4468177
4468188
4468196
4468209
4468217
4468224
4468238
4468246
4468252
4468263
4468304
4468316
4468329
4468331
4468347
4468350
4468365
4468373
4468398
4468406
4468412
4468421
4468433
4468449
4468457
4468468
4468470
4468485
4468494
4468505
4468518
4468520
4468543
4468551
4468566
4468579
4468584
4468592
4468603
4468622
4468636
4468645
4468658
4468674
4468689
4468690
4468701
4468726
4468734
4468742
4468755
4468760
4468778
4468807
4468810
4468828
4468835
4468844
4468856
4468861
4468872
4468883
4468899
4468908
4468914
4468927
4468939
4468940
4468953
4468971
4468995
4469006
4469012
4469021
4469033
4469049
4469057
4469068
4469070
4469085
4469094
4469103
4469111
4469122
4469136
4469145
4469158
4469167
4469174
4469189
4469190
4469208
4469214
4469227
4469239
4469240
4469253
4469262
4469271
4469286
4469295
4469307
4469310
4469328
4469335
4469344
4469356
4469361
4469372
4469383
4469399
4469400
4469413
4469425
4469432
4469448
4469469
4469476
4469481
4469497
4469501
4469519
4469526
4469542
4469555
4469560
4469578
4469587
4469593
4469602
4469615
4469623
4469630
4469659
4469664
4469688
4469696
4469705
4469718
4469720
4469737
4469743
4469766
4469779
4469784
4469792
4469804
4469816
4469829
4469831
4469847
4469850
4469865
4469873
4469882
4469898
4469909
4469917
4469924
4469938
4469946
4469952
4469963
4469975
4469980
4469991
4470013
4470025
4470032
4470048
4470054
4470069
4470076
4470081
4470097
4470102
4470115
4470141
4470164
4470177
4470188
4470209
4470217
4470224
4470238
4470246
4470252
4470263
4470275
4470280
4470291
4470304
4470316
4470329
4470331
4470347
4470350
4470365
4470373
4470382
4470398
4470406
4470421
4470433
4470449
4470457
4470468
4470470
4470485
4470494
4470505
4470520
4470537
4470543
4470551
4470566
4470579
4470584
4470592
4470603
4470611
4470636
4470645
4470667
4470674
4470690
4470701
4470719
4470726
4470742
4470755
4470760
4470778
4470787
4470793
4470807
4470828
4470835
4470844
4470856
4470861
4470872
4470883
4470899
4470914
4470927
4470940
4470953
4470962
4470971
4470986
4470995
4471001
4471019
4471034
4471042
4471055
4471060
4471078
4471087
4471093
4471104
4471116
4471129
4471131
4471147
4471150
4471173
4471182
4471198
4471200
4471213
4471225
4471248
4471254
4471269
4471276
4471281
4471297
4471305
4471318
4471320
4471337
4471343
4471351
4471366
4471379
4471384
4471392
4471408
4471414
4471427
4471439
4471440
4471453
4471486
4471506
4471512
4471521
4471533
4471549
4471557
4471568
4471585
4471594
4471609
4471617
4471638
4471646
4471652
4471663
4471680
4471691
4471707
4471710
4471728
4471735
4471744
4471761
4471772
4471783
4471799
4471803
4471811
4471822
4471845
4471858
4471867
4471874
4471889
4471890
4471902
4471915
4471923
4471930
4471941
4471964
4471977
4471988
4471996
4472016
4472029
4472031
4472047
4472050
4472065
4472073
4472082
4472101
4472119
4472126
4472134
4472142
4472160
4472178
4472193
4472205
4472218
4472220
4472237
4472243
4472251
4472266
4472284
4472292
4472300
4472313
4472325
4472332
4472348
4472354
4472369
4472376
4472381
4472397
4472403
4472411
4472436
4472445
4472458
4472467
4472474
4472489
4472490
4472509
4472517
4472524
4472538
4472546
4472552
4472563
4472575
4472580
4472591
4472606
4472612
4472621
4472633
4472649
4472657
4472668
4472670
4472685
4472694
4472702
4472715
4472723
4472730
4472741
4472759
4472764
4472777
4472788
4472796
4472808
4472814
4472827
4472839
4472840
4472853
4472862
4472871
4472886
4472895
4472910
4472928
4472935
4472944
4472956
4472961
4472972
4472983
4473003
4473011
4473022
4473036
4473045
4473058
4473067
4473074
4473089
4473090
4473106
4473112
4473121
4473133
4473149
4473157
4473168
4473170
4473185
4473194
4473207
4473210
4473228
4473244
4473256
4473261
4473272
4473283
4473299
4473308
4473314
4473327
4473339
4473340
4473353
4473362
4473371
4473395
4473404
4473416
4473429
4473431
4473447
4473450
4473465
4473473
4473482
4473498
4473502
4473515
4473523
4473530
4473541
4473559
4473564
4473577
4473588
4473596
4473601
4473619
4473626
4473634
4473642
4473655
4473660
4473678
4473687
4473709
4473717
4473724
4473738
4473746
4473752
4473763
4473775
4473780
4473791
4473800
4473825
4473832
4473848
4473869
4473876
4473881
4473905
4473918
4473920
4473937
4473943
4473966
4473984
4473992
4474002
4474015
4474023
4474030
4474059
4474064
4474077
4474088
4474096
4474100
4474113
4474125
4474132
4474148
4474154
4474169
4474176
4474181
4474197
4474204
4474216
4474229
4474231
4474247
4474250
4474265
4474273
4474282
4474298
4474309
4474317
4474324
4474338
4474346
4474352
4474363
4474375
4474380
4474391
4474407
4474435
4474444
4474461
4474472
4474483
4474499
4474503
4474522
4474536
4474545
4474567
4474574
4474589
4474590
4474605
4474618
4474620
4474637
4474643
4474666
4474679
4474684
4474692
4474708
4474714
4474727
4474739
4474740
4474753
4474762
4474771
4474786
4474795
4474806
4474812
4474821
4474833
4474849
4474857
4474868
4474885
4474894
4474901
4474919
4474926
4474934
4474942
4474955
4474978
4474987
4474993
4475008
4475014
4475027
4475039
4475040
4475053
4475062
4475071
4475086
4475095
4475109
4475117
4475124
4475138
4475152
4475163
4475180
4475191
4475202
4475215
4475223
4475230
4475241
4475259
4475264
4475277
4475288
4475296
4475303
4475311
4475322
4475336
4475345
4475358
4475367
4475374
4475389
4475390
4475419
4475426
4475434
4475442
4475455
4475460
4475478
4475487
4475493
4475507
4475510
4475528
4475535
4475556
4475561
4475583
4475599
4475604
4475631
4475647
4475650
4475665
4475673
4475698
4475706
4475712
4475733
4475749
4475757
4475770
4475785
4475794
4475805
4475818
4475820
4475837
4475843
4475851
4475866
4475879
4475884
4475892
4475900
4475913
4475925
4475932
4475948
4475954
4475969
4475976
4475981
4475997
4476006
4476012
4476033
4476049
4476057
4476068
4476070
4476085
4476094
4476103
4476111
4476122
4476136
4476145
4476167
4476174
4476189
4476190
4476208
4476214
4476227
4476239
4476240
4476253
4476262
4476271
4476286
4476295
4476307
4476328
4476335
4476344
4476356
4476361
4476372
4476383
4476399
4476400
4476413
4476425
4476432
4476448
4476454
4476469
4476476
4476481
4476497
4476501
4476519
4476526
4476534
4476542
4476555
4476560
4476578
4476587
4476593
4476602
4476615
4476641
4476659
4476664
4476677
4476688
4476696
4476705
4476718
4476720
4476737
4476743
4476751
4476766
4476779
4476784
4476792
4476804
4476816
4476829
4476831
4476847
4476850
4476873
4476882
4476898
4476909
4476917
4476924
4476946
4476952
4476963
4476975
4476980
4476991
4477007
4477010
4477028
4477035
4477044
4477056
4477061
4477072
4477083
4477099
4477118
4477120
4477137
4477143
4477151
4477166
4477179
4477184
4477192
4477219
4477234
4477242
4477255
4477260
4477278
4477287
4477293
4477306
4477321
4477333
4477349
4477357
4477368
4477370
4477385
4477394
4477402
4477415
4477423
4477430
4477441
4477459
4477464
4477477
4477488
4477508
4477514
4477527
4477539
4477553
4477562
4477571
4477586
4477600
4477613
4477625
4477648
4477654
4477669
4477676
4477697
4477711
4477722
4477736
4477758
4477767
4477789
4477790
4477809
4477817
4477838
4477846
4477852
4477863
4477875
4477880
4477891
4477904
4477916
4477931
4477947
4477950
4477965
4477973
4477982
4477998
4478005
4478018
4478020
4478037
4478043
4478051
4478066
4478079
4478084
4478107
4478110
4478128
4478144
4478156
4478161
4478172
4478183
4478199
4478206
4478212
4478221
4478233
4478249
4478257
4478268
4478270
4478285
4478294
4478301
4478319
4478326
4478342
4478355
4478360
4478378
4478387
4478393
4478409
4478417
4478424
4478438
4478446
4478452
4478475
4478480
4478491
4478500
4478513
4478525
4478554
4478569
4478576
4478581
4478597
4478608
4478614
4478627
4478639
4478640
4478653
4478662
4478671
4478686
4478695
4478704
4478716
4478729
4478731
4478747
4478750
4478765
4478773
4478782
4478798
4478802
4478815
4478823
4478841
4478859
4478864
4478877
4478888
4478896
4478903
4478911
4478922
4478936
4478945
4478958
4478967
4479009
4479017
4479024
4479038
4479063
4479080
4479091
4479108
4479114
4479127
4479139
4479140
4479153
4479162
4479171
4479186
4479203
4479211
4479236
4479245
4479258
4479267
4479274
4479302
4479315
4479330
4479341
4479359
4479364
4479388
4479396
4479418
4479420
4479437
4479443
4479466
4479479
4479484
4479492
4479516
4479531
4479547
4479550
4479565
4479573
4479582
4479598
4479607
4479610
4479628
4479635
4479644
4479656
4479661
4479672
4479683
4479699
4479700
4479713
4479725
4479732
4479748
4479754
4479769
4479776
4479781
4479797
4479801
4479819
4479826
4479834
4479842
4479860
4479878
4479887
4479906
4479921
4479933
4479949
4479957
4479968
4479970
4479994
4480003
4480011
4480022
4480045
4480058
4480067
4480074
4480089
4480090
4480106
4480112
4480121
4480133
4480149
4480157
4480168
4480170
4480185
4480194
4480207
4480210
4480235
4480244
4480261
4480272
4480283
4480299
4480308
4480314
4480327
4480339
4480340
4480353
4480362
4480371
4480386
4480395
4480404
4480416
4480431
4480450
4480465
4480473
4480482
4480502
4480523
4480530
4480541
4480559
4480564
4480577
4480588
4480596
4480601
4480619
4480626
4480634
4480642
4480655
4480660
4480678
4480687
4480693
4480709
4480717
4480724
4480738
4480746
4480752
4480763
4480775
4480780
4480791
4480800
4480813
4480825
4480832
4480848
4480854
4480869
4480876
4480881
4480897
4480905
4480918
4480920
4480937
4480951
4480966
4480979
4480984
4480992
4481009
4481017
4481024
4481038
4481046
4481052
4481063
4481075
4481080
4481091
4481108
4481114
4481127
4481153
4481162
4481171
4481186
4481195
4481203
4481211
4481222
4481236
4481258
4481274
4481289
4481290
4481302
4481315
4481323
4481341
4481359
4481364
4481377
4481388
4481396
4481405
4481418
4481420
4481437
4481443
4481451
4481466
4481479
4481484
4481492
4481504
4481516
4481529
4481547
4481550
4481565
4481582
4481598
4481607
4481610
4481628
4481635
4481644
4481656
4481661
4481672
4481683
4481699
4481700
4481713
4481725
4481732
4481748
4481754
4481769
4481776
4481781
4481797
4481801
4481819
4481826
4481834
4481842
4481855
4481878
4481887
4481893
4481906
4481912
4481921
4481949
4481957
4481968
4481970
4481985
4481994
4482008
4482014
4482027
4482039
4482040
4482053
4482062
4482071
4482086
4482095
4482109
4482117
4482124
4482138
4482146
4482152
4482163
4482175
4482180
4482191
4482202
4482215
4482230
4482259
4482264
4482277
4482288
4482296
4482303
4482311
4482322
4482336
4482345
4482358
4482367
4482374
4482389
4482390
4482401
4482419
4482434
4482460
4482478
4482487
4482493
4482507
4482510
4482528
4482535
4482544
4482556
4482561
4482583
4482599
4482604
4482616
4482629
4482631
4482647
4482650
4482665
4482673
4482682
4482698
4482706
4482712
4482721
4482733
4482749
4482757
4482768
4482770
4482785
4482794
4482805
4482818
4482820
4482837
4482843
4482851
4482866
4482879
4482884
4482900
4482913
4482925
4482932
4482948
4482954
4482976
4482981
4482997
4483001
4483019
4483026
4483034
4483042
4483055
4483060
4483078
4483087
4483093
4483104
4483116
4483129
4483131
4483147
4483150
4483173
4483182
4483198
4483200
4483213
4483225
4483232
4483248
4483254
4483269
4483276
4483281
4483297
4483318
4483320
4483337
4483343
4483351
4483366
4483379
4483392
4483408
4483414
4483439
4483440
4483453
4483462
4483471
4483486
4483495
4483506
4483512
4483521
4483533
4483549
4483557
4483568
4483570
4483585
4483594
4483609
4483617
4483624
4483638
4483646
4483652
4483663
4483675
4483680
4483691
4483707
4483710
4483728
4483744
4483756
4483761
4483772
4483783
4483799
4483811
4483822
4483836
4483845
4483858
4483867
4483874
4483890
4483902
4483930
4483941
4483959
4483964
4483977
4483988
4484006
4484021
4484033
4484049
4484057
4484070
4484085
4484094
4484103
4484111
4484122
4484136
4484145
4484158
4484167
4484174
4484189
4484208
4484214
4484227
4484239
4484253
4484262
4484271
4484286
4484295
4484307
4484310
4484328
4484335
4484344
4484356
4484361
4484372
4484383
4484399
4484400
4484413
4484425
4484432
4484448
4484454
4484476
4484481
4484501
4484519
4484526
4484534
4484542
4484555
4484560
4484578
4484587
4484593
4484602
4484615
4484623
4484630
4484659
4484677
4484688
4484696
4484705
4484720
4484737
4484743
4484751
4484766
4484779
4484784
4484792
4484804
4484816
4484829
4484831
4484847
4484850
4484865
4484873
4484882
4484898
4484909
4484917
4484924
4484938
4484946
4484952
4484963
4484975
4484980
4484991
4485005
4485018
4485020
4485037
4485043
4485051
4485066
4485079
4485084
4485092
4485110
4485128
4485135
4485144
4485156
4485161
4485172
4485199
4485212
4485221
4485233
4485249
4485257
4485268
4485270
4485285
4485294
4485301
4485319
4485334
4485342
4485355
4485360
4485378
4485387
4485393
4485409
4485417
4485424
4485438
4485446
4485452
4485463
4485475
4485480
4485491
4485500
4485513
4485525
4485532
4485548
4485554
4485569
4485576
4485581
4485597
4485608
4485614
4485627
4485639
4485640
4485653
4485662
4485671
4485686
4485695
4485716
4485729
4485731
4485750
4485765
4485773
4485782
4485798
4485802
4485815
4485823
4485830
4485859
4485864
4485877
4485888
4485896
4485903
4485911
4485936
4485945
4485958
4485967
4485974
4485989
4485990
4486004
4486031
4486047
4486050
4486065
4486073
4486082
4486098
4486119
4486126
4486134
4486155
4486160
4486178
4486187
4486193
4486205
4486218
4486220
4486237
4486243
4486251
4486266
4486279
4486284
4486292
4486300
4486325
4486332
4486348
4486354
4486369
4486376
4486397
4486403
4486422
4486436
4486445
4486458
4486467
4486474
4486489
4486490
4486509
4486517
4486524
4486538
4486546
4486563
4486575
4486580
4486591
4486606
4486612
4486621
4486633
4486649
4486657
4486668
4486670
4486685
4486694
4486702
4486715
4486723
4486730
4486741
4486759
4486764
4486788
4486796
4486808
4486814
4486839
4486840
4486853
4486862
4486871
4486895
4486907
4486910
4486928
4486935
4486944
4486956
4486961
4486983
4486999
4487000
4487013
4487025
4487032
4487048
4487054
4487069
4487081
4487097
4487102
4487123
4487130
4487141
4487159
4487164
4487177
4487188
4487209
4487217
4487224
4487238
4487246
4487252
4487263
4487275
4487291
4487304
4487329
4487331
4487347
4487350
4487365
4487373
4487382
4487398
4487406
4487412
4487421
4487433
4487449
4487457
4487468
4487470
4487485
4487494
4487505
4487520
4487537
4487551
4487566
4487579
4487584
4487603
4487611
4487622
4487636
4487645
4487658
4487667
4487674
4487689
4487690
4487701
4487719
4487726
4487734
4487755
4487760
4487778
4487787
4487793
4487807
4487810
4487828
4487835
4487844
4487856
4487861
4487872
4487883
4487899
4487908
4487914
4487927
4487939
4487940
4487953
4487962
4487971
4487986
4487995
4488002
4488015
4488023
4488030
4488059
4488064
4488088
4488096
4488100
4488113
4488125
4488132
4488148
4488154
4488169
4488176
4488181
4488197
4488204
4488216
4488229
4488231
4488247
4488250
4488265
4488273
4488282
4488298
4488309
4488317
4488338
4488346
4488352
4488363
4488375
4488380
4488391
4488407
4488410
4488428
4488435
4488444
4488456
4488461
4488472
4488483
4488499
4488503
4488511
4488522
4488536
4488545
4488558
4488567
4488574
4488589
4488590
4488605
4488618
4488620
4488637
4488643
4488651
4488679
4488684
4488692
4488708
4488714
4488727
4488739
4488740
4488753
4488771
4488786
4488795
4488806
4488812
4488821
4488833
4488849
4488857
4488868
4488870
4488885
4488894
4488901
4488919
4488926
4488934
4488942
4488955
4488960
4488978
4488987
4488993
4489007
4489010
4489028
4489035
4489044
4489056
4489061
4489072
4489083
4489099
4489105
4489118
4489120
4489143
4489166
4489179
4489184
4489192
4489201
4489219
4489234
4489242
4489255
4489260
4489278
4489287
4489293
4489306
4489312
4489321
4489333
4489349
4489357
4489368
4489370
4489385
4489394
4489402
4489415
4489423
4489430
4489441
4489459
4489477
4489488
4489496
4489514
4489527
4489539
4489540
4489553
4489562
4489571
4489586
4489595
4489600
4489613
4489625
4489632
4489648
4489654
4489669
4489676
4489681
4489697
4489703
4489711
4489722
4489736
4489745
4489758
4489767
4489774
4489789
4489790
4489817
4489824
4489846
4489852
4489863
4489875
4489880
4489891
4489904
4489916
4489929
4489931
4489947
4489950
4489965
4489973
4489982
4489998
4490001
4490019
4490026
4490034
4490042
4490055
4490060
4490078
4490087
4490104
4490116
4490129
4490131
4490147
4490150
4490165
4490173
4490182
4490198
4490200
4490213
4490225
4490232
4490248
4490254
4490269
4490276
4490281
4490297
4490305
4490318
4490320
4490337
4490343
4490351
4490379
4490384
4490408
4490414
4490427
4490439
4490440
4490453
4490462
4490471
4490486
4490495
4490506
4490512
4490521
4490533
4490549
4490557
4490568
4490585
4490594
4490609
4490617
4490624
4490638
4490646
4490652
4490663
4490675
4490680
4490691
4490707
4490728
4490735
4490744
4490756
4490761
4490772
4490783
4490811
4490822
4490836
4490845
4490858
4490867
4490874
4490889
4490890
4490902
4490915
4490941
4490959
4490964
4490988
4491007
4491010
4491028
4491035
4491044
4491056
4491061
4491072
4491099
4491105
4491118
4491120
4491137
4491151
4491166
4491179
4491184
4491192
4491201
4491219
4491226
4491234
4491242
4491255
4491260
4491278
4491287
4491293
4491306
4491312
4491321
4491333
4491349
4491357
4491368
4491370
4491385
4491394
4491402
4491415
4491423
4491430
4491459
4491464
4491477
4491488
4491496
4491508
4491514
4491539
4491540
4491553
4491562
4491571
4491586
4491600
4491613
4491625
4491632
4491648
4491669
4491676
4491681
4491697
4491703
4491711
4491722
4491736
4491745
4491758
4491767
4491774
4491789
4491790
4491809
4491817
4491824
4491838
4491846
4491852
4491863
4491875
4491880
4491891
4491904
4491916
4491931
4491947
4491950
4491965
4491973
4491982
4491998
4492005
4492018
4492020
4492037
4492043
4492066
4492079
4492084
4492092
4492107
4492110
4492128
4492135
4492144
4492156
4492161
4492172
4492183
4492199
4492206
4492212
4492221
4492233
4492249
4492257
4492268
4492270
4492285
4492294
4492301
4492334
4492342
4492360
4492378
4492387
4492393
4492409
4492417
4492424
4492438
4492446
4492452
4492463
4492475
4492480
4492500
4492525
4492532
4492548
4492554
4492569
4492576
4492581
4492597
4492608
4492614
4492627
4492639
4492640
4492653
4492662
4492671
4492686
4492695
4492704
4492716
4492729
4492731
4492750
4492765
4492773
4492798
4492802
4492815
4492823
4492830
4492841
4492859
4492864
4492877
4492888
4492896
4492911
4492922
4492936
4492945
4492958
4492967
4492974
4492989
4492990
4493009
4493017
4493024
4493038
4493046
4493052
4493063
4493075
4493080
4493091
4493108
4493114
4493127
4493139
4493140
4493153
4493162
4493171
4493186
4493195
4493203
4493211
4493222
4493236
4493245
4493258
4493267
4493274
4493289
4493290
4493302
4493315
4493323
4493330
4493341
4493359
4493364
4493377
4493396
4493405
4493418
4493420
4493437
4493443
4493451
4493466
4493479
4493484
4493492
4493504
4493516
4493529
4493531
4493547
4493550
4493565
4493573
4493582
4493598
4493607
4493610
4493628
4493635
4493644
4493656
4493661
4493672
4493683
4493699
4493700
4493713
4493732
4493748
4493754
4493769
4493776
4493781
4493801
4493819
4493834
4493842
4493855
4493860
4493878
4493887
4493893
4493906
4493912
4493921
4493933
4493957
4493968
4493970
4493985
4493994
4494004
4494016
4494029
4494031
4494047
4494050
4494065
4494073
4494082
4494101
4494119
4494126
4494134
4494142
4494155
4494160
4494178
4494187
4494205
4494218
4494220
4494237
4494243
4494251
4494266
4494279
4494284
4494292
4494300
4494325
4494332
4494348
4494354
4494376
4494381
4494397
4494403
4494411
4494422
4494436
4494445
4494458
4494467
4494474
4494489
4494490
4494509
4494517
4494524
4494538
4494546
4494552
4494575
4494580
4494591
4494606
4494612
4494621
4494633
4494649
4494668
4494670
4494685
4494694
4494702
4494730
4494741
4494759
4494764
4494777
4494788
4494796
4494808
4494814
4494827
4494839
4494840
4494862
4494871
4494886
4494907
4494910
4494928
4494935
4494944
4494956
4494961
4494972
4494983
4494999
4495002
4495015
4495023
4495030
4495059
4495064
4495077
4495088
4495100
4495113
4495125
4495132
4495154
4495169
4495176
4495181
4495204
4495229
4495231
4495247
4495250
4495265
4495273
4495282
4495298
4495309
4495317
4495324
4495338
4495346
4495352
4495363
4495375
4495380
4495391
4495407
4495410
4495428
4495435
4495444
4495456
4495461
4495472
4495483
4495499
4495503
4495522
4495536
4495545
4495558
4495567
4495574
4495589
4495590
4495605
4495618
4495620
4495637
4495643
4495666
4495679
4495684
4495692
4495708
4495714
4495727
4495739
4495740
4495753
4495762
4495771
4495786
4495795
4495806
4495812
4495821
4495833
4495849
4495857
4495868
4495870
4495885
4495894
4495901
4495919
4495926
4495934
4495942
4495955
4495960
4495978
4495987
4495993
4496008
4496014
4496027
4496039
4496040
4496053
4496062
4496071
4496086
4496095
4496109
4496117
4496124
4496138
4496146
4496152
4496163
4496175
4496180
4496191
4496202
4496215
4496223
4496230
4496241
4496264
4496277
4496288
4496296
4496303
4496311
4496322
4496336
4496345
4496358
4496367
4496374
4496389
4496390
4496401
4496419
4496434
4496442
4496455
4496460
4496478
4496487
4496507
4496510
4496528
4496535
4496544
4496556
4496561
4496572
4496599
4496604
4496616
4496629
4496631
4496647
4496650
4496665
4496673
4496682
4496698
4496706
4496721
4496733
4496749
4496757
4496768
4496770
4496785
4496794
4496805
4496818
4496820
4496837
4496843
4496851
4496866
4496884
4496892
4496900
4496913
4496925
4496932
4496948
4496954
4496969
4496976
4496981
4496997
4497003
4497011
4497022
4497036
4497045
4497058
4497074
4497089
4497090
4497106
4497112
4497121
4497133
4497149
4497157
4497168
4497185
4497194
4497207
4497210
4497228
4497235
4497244
4497256
4497261
4497272
4497283
4497299
4497327
4497339
4497340
4497353
4497362
4497371
4497386
4497395
4497404
4497416
4497431
4497447
4497450
4497465
4497473
4497482
4497498
4497502
4497530
4497541
4497559
4497564
4497577
4497588
4497596
4497601
4497619
4497626
4497634
4497642
4497660
4497678
4497687
4497693
4497709
4497717
4497724
4497738
4497746
4497752
4497763
4497775
4497780
4497791
4497813
4497825
4497832
4497848
4497854
4497876
4497881
4497905
4497937
4497943
4497966
4497979
4497984
4497992
4498006
4498012
4498021
4498033
4498049
4498057
4498068
4498070
4498085
4498094
4498103
4498111
4498122
4498136
4498145
4498158
4498167
4498174
4498189
4498190
4498208
4498214
4498227
4498239
4498240
4498253
4498262
4498271
4498286
4498295
4498307
4498310
4498328
4498335
4498344
4498356
4498361
4498372
4498383
4498399
4498400
4498413
4498425
4498432
4498448
4498454
4498469
4498476
4498481
4498501
4498519
4498526
4498534
4498542
4498555
4498560
4498578
4498587
4498593
4498602
4498615
4498623
4498630
4498641
4498659
4498664
4498677
4498688
4498696
4498705
4498718
4498720
4498737
4498743
4498751
4498766
4498779
4498784
4498792
4498816
4498831
4498847
4498865
4498873
4498882
4498898
4498909
4498917
4498924
4498938
4498946
4498952
4498963
4498975
4498991
4499000
4499025
4499032
4499054
4499069
4499076
4499081
4499097
4499102
4499115
4499123
4499141
4499159
4499164
4499177
4499188
4499196
4499209
4499217
4499224
4499238
4499246
4499252
4499263
4499275
4499291
4499304
4499316
4499329
4499331
4499347
4499365
4499373
4499382
4499398
4499406
4499412
4499433
4499449
4499457
4499468
4499470
4499485
4499494
4499505
4499520
4499537
4499551
4499566
4499579
4499584
4499592
4499603
4499611
4499622
4499636
4499645
4499658
4499667
4499674
4499689
4499690
4499719
4499726
4499734
4499742
4499760
4499778
4499787
4499807
4499810
4499828
4499835
4499844
4499856
4499861
4499872
4499883
4499914
4499927
4499939
4499940
4499953
4499986
4499995
