1947942
1947978
1948238
1949335
1949952
1949975
1951070
1951136
1952450
1953029
1953220
1953279
1953422
1954195
1954405
1955645
1956087
1956594
1956959
1957513
1957841
1958904
1959410
1959753
1960403
1960657
1960935
1961247
1961679
1961795
1961901
1961919
1962520
1962584
1962701
1962971
1963057
1964213
1964680
1964867
1966353
1966979
1967163
1967487
1967698
1968017
1968222
1968504
1971141
1971421
1971551
1971810
1972708
1974599
1975158
1975399
1977042
1977638
1979431
1979752
1980368
1980697
1981619
1981984
1982158
1982214
1982534
1983505
1984877
1985047
1985218
1985715
1985895
1985910
1986806
1986885
1987302
1987834
1987994
1988900
1988981
1989408
1990252
1990275
1990433
1990658
1991026
1991248
1992354
1992788
1993168
1993431
1994346
1994363
1994503
1996070
1997973
1998233
1998393
1998958
