   3 1991248
   2 1904899
   2 1905116
   2 1905200
   2 1905213
   2 1905276
   2 1906632
   2 1906676
   2 1907240
   2 1907400
   2 1907413
   2 1907476
   2 1907481
   2 1907497
   2 1907534
   2 1907593
   2 1907847
   2 1907924
   2 1907991
   2 1908074
   2 1908090
   2 1908112
   2 1908157
   2 1908170
   2 1908210
   2 1908272
   2 1908515
   2 1908523
   2 1908530
   2 1908655
   2 1908780
   2 1921186
   2 1921970
   2 1927940
   2 1937992
   2 1938085
   2 1941649
   2 1941944
   2 1947942
   2 1947978
   2 1948238
   2 1949335
   2 1949952
   2 1949975
   2 1951070
   2 1951136
   2 1952450
   2 1953029
   2 1953220
   2 1954195
   2 1954405
   2 1955645
   2 1956087
   2 1956959
   2 1957268
   2 1957513
   2 1957653
   2 1957841
   2 1958676
   2 1958758
   2 1958767
   2 1958824
   2 1958904
   2 1958950
   2 1959391
   2 1959558
   2 1959651
   2 1959753
   2 1959771
   2 1959849
   2 1959955
   2 1960101
   2 1960119
   2 1960193
   2 1960220
   2 1960266
   2 1960369
   2 1960381
   2 1960403
   2 1960552
   2 1960575
   2 1960657
   2 1960935
   2 1961247
   2 1961919
   2 1962584
   2 1962701
   2 1962971
   2 1964213
   2 1964680
   2 1964867
   2 1965929
   2 1966353
   2 1966596
   2 1966642
   2 1966660
   2 1966678
   2 1966693
   2 1966979
   2 1967124
   2 1967230
   2 1967434
   2 1967487
   2 1967493
   2 1967698
   2 1968017
   2 1968222
   2 1968504
   2 1971141
   2 1971421
   2 1971551
   2 1971810
   2 1972181
   2 1972197
   2 1972708
   2 1974599
   2 1975158
   2 1975399
   2 1977042
   2 1977638
   2 1979431
   2 1979752
   2 1980368
   2 1980697
   2 1981619
   2 1981984
   2 1982158
   2 1982214
   2 1982534
   2 1983505
   2 1984877
   2 1985047
   2 1985715
   2 1985895
   2 1986806
   2 1986885
   2 1987302
   2 1987834
   2 1987994
   2 1988900
   2 1988981
   2 1989408
   2 1990252
   2 1990275
   2 1990658
   2 1991026
   2 1992354
   2 1992788
   2 1993168
   2 1994363
   2 1994503
   2 1996070
   2 1997973
   2 1998233
   2 1998393
   2 1998958
