1900298
1901389
1901510
1901599
1901818
1902377
1902699
1902860
1903548
1904543
1904939
1905026
1905060
1905087
1905129
1905680
1906028
1906184
1906745
1907271
1907526
1907615
1907751
1907963
1908502
1908619
1909205
1909220
1909895
1910136
1910310
1910335
1910501
1910555
1911554
1912415
1913651
1913821
1914170
1914194
1914314
1914450
1914937
1914951
1915516
1916159
1916398
1917178
1917827
1917886
1918225
1918663
1918728
1919442
1919599
1920133
1920314
1920386
1920395
1920724
1920854
1921186
1921887
1921968
1921970
1923093
1923351
1923783
1924208
1924214
1924400
1925043
1925319
1925360
1925989
1926961
1927081
1927097
1927188
1928030
1928679
1929201
1929553
1929586
1929676
1930055
1930408
1930440
1931402
1931527
1931880
1931998
1932945
1933046
1933153
1933258
1933531
1933748
1934082
1934490
1935176
1935204
1935472
1935643
1936152
1936561
1936757
1937112
1937261
1937854
1938602
1938975
1940128
1940525
1940532
1940911
1940958
1942225
1942638
1942822
1943124
1943223
1943303
1943976
1944137
1944143
1946017
1946195
1946388
1946396
1946466
1946610
1948543
1948734
1950954
1952121
1952502
1952869
1955518
1955939
1957172
1959125
1959204
1959309
1959363
1960348
1960999
1963189
1964889
1965514
1965711
1966228
1969747
1974014
1974367
1975481
1975784
1976005
1976491
1977034
1977594
1978862
1980234
1982476
1982664
1982882
1983689
1983755
1984750
1984765
1986391
1992411
1993660
1993992
1994380
1994643
1994786
1995390
1996975
1997669
1998554
1998627
1999610
1999860
