5100100
5100169
5100309
5100317
5100428
5100503
5100558
5100589
5100637
5100739
5100795
5100894
5100960
5101039
5101138
5101288
5101682
5101925
5102195
5102479
5102878
5103043
5103334
5103378
5103452
5103463
5103671
5103798
5104123
5104382
5104398
5104543
5104742
5104793
5104971
5105001
5105343
5105392
5105414
5105638
5105803
5105811
5105822
5105845
5105964
5106201
5106306
5106370
5106459
5106711
5106790
5106863
5106947
5107033
5107136
5107214
5107361
5107400
5107526
5107696
5107831
5107924
5107975
5107991
5108660
5108687
5108717
5108832
5109065
5109155
5109187
5109606
5109633
5109983
5110174
5110295
5110361
5110534
5110766
5110829
5111018
5111183
5111221
5111409
5111500
5111859
5111911
5111922
5112368
5112571
5112669
5112758
5112817
5112824
5112846
5112880
5112998
5113204
5113216
5113375
5113739
5113821
5113857
5113885
5113955
5114011
5114045
5114067
5114170
5114283
5114353
5114371
5114523
5114588
5114634
5114660
5114709
5114800
5114825
5114854
5114881
5115046
5115091
5115186
5115236
5115359
5115388
5115504
5115573
5115754
5115834
5116102
5116177
5116188
5116224
5116365
5116433
5116505
5117029
5117332
5117348
5117376
5117445
5117489
5117490
5118060
5118248
5118276
5118609
5118617
5118744
5119146
5119303
5119345
5119757
5119768
5120089
5120149
5120170
5120210
5120228
5120235
5120429
5120905
5121091
5121114
5121364
5121451
5121516
5121781
5121968
5122241
5122259
5122311
5122419
5122487
5122629
5122673
5122682
5122843
5122954
5123165
5123557
5123811
5124190
5124286
5124476
5124578
5124688
5124751
5124792
5125043
5125128
5125199
5125257
5125417
5125627
5125729
5126292
5126325
5126422
5126436
5126474
5126702
5126715
5126972
5127177
5127188
5127291
5127412
5127622
5127810
5128229
5128511
5128739
5129099
5129192
5129201
5129293
5129321
5129357
5129459
5129669
5130182
5130297
5130318
5130453
5130710
5130923
5131035
5131143
5131184
5131234
5131312
5131370
5131595
5131625
5131809
5132731
5133024
5133080
5133127
5133195
5133396
5133529
5133656
5133801
5134101
5134266
5134895
5135391
5135558
5135714
5135955
5135993
5136117
5136296
5136572
5136616
5136631
5136866
5136900
5137074
5137170
5137256
5137362
5137404
5137559
5137869
5138425
5138560
5138751
5138766
5138831
5138850
5138882
5139032
5139130
5139690
5139701
5139828
5139844
5140018
5140066
5140438
5140576
5140989
5141004
5141047
5141218
5141376
5141467
5141759
5141862
5141907
5141961
5142055
5142254
5142276
5142318
5142408
5142783
5142799
5142889
5142977
5143071
5143175
5143288
5143528
5143604
5143698
5143884
5143892
5144192
5144242
5144415
5144625
5144703
5144722
5144767
5144790
5144916
5145011
5145045
5145090
5145482
5145619
5145937
5146195
5146258
5146437
5146550
5146781
5146801
5146949
5146985
5147282
5147428
5147499
5147590
5147812
5147926
5147993
5148252
5148316
5148373
5148470
5148971
5148986
5149262
5149344
5149372
5149481
5149898
5149924
5149946
5150095
5150109
5150180
5150215
5150336
5150358
5150460
5150616
5150733
5150770
5150900
5151021
5151158
5151705
5151737
5151766
5151784
5152121
5152272
5152371
5152395
5152416
5152431
5152752
5152763
5152905
5152920
5153065
5153082
5153266
5153325
5153369
5153489
5153814
5153972
5154114
5154140
5154289
5154443
5154769
5154968
5155280
5155505
5155793
5155908
5156055
5156078
5156351
5156495
5156594
5156646
5156902
5156959
5157206
5157212
5157221
5157334
5157569
5157671
5157729
5157765
5157798
5157911
5157922
5157945
5158293
5158423
5158676
5158767
5158846
5158982
5159064
5159282
5159391
5159407
5159620
5159762
5159870
5159919
5160178
5160187
5160369
5160649
5161030
5161125
5161197
5161444
5161499
5161651
5161714
5161833
5161993
5162013
5162689
5162939
5163033
5163057
5163085
5163214
5163262
5163310
5163344
5163476
5163630
5163696
5163816
5163850
5163898
5164182
5164337
5164408
5164486
5164624
5164675
5165349
5165441
5165632
5165703
5166207
5166283
5166465
5166473
5166559
5166763
5166800
5166905
5166918
5166920
5167008
5167040
5167311
5167390
5167507
5167535
5167647
5167721
5167884
5167913
5167954
5168222
5168267
5168748
5168781
5169051
5169079
5169183
5169221
5169270
5169342
5169360
5169581
5169597
5169671
5169695
5169990
5170504
5170529
5170912
5171280
5171421
5171755
5171908
5171971
5172309
5172461
5172786
5172857
5172885
5173028
5173072
5173099
5173105
5173312
5173402
5173527
5173613
5173758
5173929
5174062
5174095
5174401
5174572
5174785
5174879
5174976
5175068
5175103
5175497
5175526
5175578
5175938
5176051
5176172
5176199
5176206
5176268
5176326
5176446
5176525
5176695
5176716
5176765
5176989
5177001
5177078
5177093
5177129
5177254
5177337
5177343
5177384
5177521
5177675
5177735
5177799
5177858
5177996
5178178
5178220
5178403
5178538
5178552
5179011
5179170
5179465
5179642
5179876
5180099
5180255
5180402
5180415
5180459
5180817
5180852
5180875
5181067
5181090
5181121
5181283
5181339
5181541
5181642
5181738
5181943
5181966
5182070
5182664
5182677
5182696
5182705
5182751
5182784
5182792
5183331
5183412
5183914
5184051
5184135
5184285
5184424
5184513
5184581
5184671
5184704
5184896
5184945
5185047
5185073
5185126
5185205
5185474
5185694
5185999
5186125
5186169
5186282
5186407
5186567
5186870
5186901
5187063
5187153
5187186
5187377
5187492
5187504
5187565
5187607
5187826
5187893
5188180
5188202
5188434
5188544
5188805
5188932
5189131
5189198
5189512
5189585
5189617
5189902
5190013
5190025
5190032
5190102
5190123
5190209
5190787
5190844
5190908
5191042
5191165
5191198
5191343
5191392
5191707
5191836
5191915
5192160
5192354
5192436
5192517
5192612
5192764
5192895
5192907
5193058
5193106
5193112
5193404
5193763
5193854
5193881
5193905
5193966
5193984
5194002
5194096
5194714
5194806
5195062
5195336
5195345
5195493
5195629
5195673
5195794
5195837
5195843
5195900
5196085
5196356
5196623
5196924
5197099
5197166
5197255
5197287
5197459
5197514
5197625
5197838
5197891
5197965
5198270
5198319
5198653
5198936
5198945
5199009
5199162
5199267
5199330
5199855
