5700036
5700045
5700089
5700112
5700121
5700170
5700194
5700210
5700228
5700235
5700244
5700256
5700261
5700272
5700308
5700314
5700327
5700353
5700371
5700431
5700447
5700450
5700473
5700482
5700502
5700530
5700541
5700564
5700626
5700634
5700642
5700660
5700693
5700717
5700724
5700738
5700763
5700791
5700800
5700813
5700825
5700869
5700920
5700951
5700992
5701017
5701038
5701046
5701063
5701091
5701108
5701153
5701171
5701211
5701245
5701258
5701267
5701274
5701289
5701315
5701341
5701359
5701405
5701420
5701437
5701443
5701466
5701565
5701582
5701644
5701672
5701732
5701748
5701769
5701781
5701842
5701887
5701893
5701933
5701949
5701985
5701994
5702008
5702014
5702027
5702039
5702071
5702117
5702180
5702259
5702277
5702288
5702296
5702311
5702336
5702389
5702390
5702401
5702442
5702455
5702478
5702493
5702528
5702535
5702556
5702572
5702583
5702599
5702698
5702712
5702757
5702768
5702785
5702794
5702820
5702837
5702892
5702900
5702948
5702954
5702981
5702997
5703034
5703055
5703078
5703087
5703093
5703129
5703131
5703147
5703165
5703173
5703182
5703200
5703213
5703248
5703269
5703318
5703320
5703414
5703427
5703495
5703512
5703521
5703557
5703568
5703570
5703594
5703609
5703617
5703663
5703728
5703858
5703867
5703889
5703902
5703915
5703923
5703941
5703964
5703977
5704006
5704021
5704057
5704094
5704103
5704111
5704136
5704158
5704208
5704227
5704271
5704328
5704335
5704372
5704400
5704448
5704469
5704476
5704534
5704555
5704560
5704587
5704593
5704623
5704705
5704743
5704751
5704779
5704792
5704804
5704831
5704847
5704865
5704873
5704946
5704952
5705135
5705144
5705183
5705206
5705212
5705301
5705319
5705326
5705355
5705378
5705393
5705452
5705475
5705480
5705500
5705532
5705581
5705614
5705662
5705704
5705765
5705798
5705815
5705830
5705859
5705888
5705911
5705958
5705990
5706004
5706016
5706047
5706050
5706065
5706073
5706082
5706101
5706126
5706134
5706142
5706243
5706284
5706300
5706332
5706354
5706369
5706376
5706397
5706422
5706445
5706538
5706591
5706621
5706649
5706657
5706668
5706694
5706715
5706723
5706759
5706788
5706796
5706808
5706814
5706827
5706840
5706862
5706871
5706907
5706944
5706972
5706983
5706999
5707054
5707069
5707076
5707097
5707102
5707123
5707130
5707141
5707159
5707164
5707177
5707252
5707275
5707280
5707291
5707347
5707350
5707365
5707373
5707412
5707494
5707551
5707611
5707622
5707636
5707658
5707674
5707726
5707828
5707861
5707939
5707940
5707971
5707995
5708023
5708088
5708100
5708125
5708132
5708148
5708154
5708169
5708229
5708265
5708282
5708298
5708309
5708324
5708346
5708375
5708391
5708407
5708435
5708483
5708536
5708574
5708589
5708618
5708620
5708643
5708666
5708684
5708708
5708762
5708771
5708786
5708795
5708812
5708857
5708868
5708870
5708919
5708942
5708993
5709061
5709083
5709120
5709143
5709166
5709242
5709278
5709293
5709306
5709333
5709368
5709385
5709394
5709441
5709477
5709527
5709539
5709553
5709625
5709632
5709669
5709681
5709697
5709703
5709736
5709745
5709758
5709767
5709809
5709817
5709824
5709852
5709880
5709904
5709947
5709973
5710000
5710025
5710048
5710069
5710097
5710123
5710130
5710141
5710177
5710217
5710238
5710246
5710252
5710275
5710316
5710331
5710347
5710350
5710382
5710398
5710412
5710433
5710449
5710468
5710470
5710485
5710494
5710543
5710566
5710584
5710592
5710603
5710611
5710645
5710658
5710690
5710701
5710742
5710755
5710760
5710778
5710810
5710908
5710940
5711087
5711093
5711129
5711147
5711150
5711182
5711198
5711200
5711276
5711305
5711320
5711337
5711351
5711366
5711392
5711408
5711414
5711439
5711486
5711495
5711549
5711557
5711594
5711617
5711624
5711646
5711680
5711710
5711728
5711744
5711783
5711799
5711858
5711867
5711889
5711902
5711941
5711959
5711964
5711996
5712016
5712050
5712155
5712178
5712187
5712220
5712243
5712284
5712325
5712381
5712397
5712474
5712490
5712649
5712668
5712670
5712685
5712694
5712715
5712723
5712788
5712808
5712840
5712871
5712886
5712907
5712944
5713003
5713011
5713036
5713067
5713106
5713112
5713133
5713168
5713194
5713210
5713228
5713235
5713256
5713261
5713283
5713299
5713314
5713339
5713340
5713371
5713395
5713429
5713431
5713447
5713502
5713541
5713655
5713717
5713746
5713763
5713813
5713825
5713848
5713881
5713937
5713979
5713992
5714002
5714023
5714132
5714154
5714176
5714181
5714197
5714216
5714250
5714265
5714282
5714317
5714363
5714380
5714407
5714456
5714461
5714503
5714522
5714536
5714545
5714620
5714643
5714651
5714692
5714708
5714727
5714771
5714795
5714849
5714901
5714934
5714942
5714960
5714993
5715008
5715014
5715053
5715062
5715071
5715117
5715124
5715163
5715175
5715202
5715215
5715223
5715230
5715241
5715259
5715288
5715296
5715336
5715358
5715419
5715434
5715442
5715460
5715478
5715493
5715507
5715535
5715544
5715583
5715616
5715673
5715706
5715733
5715749
5715785
5715794
5715820
5715837
5715843
5715851
5715866
5715900
5715925
5715948
5715969
5715976
5715981
5716012
5716021
5716033
5716070
5716085
5716094
5716122
5716145
5716227
5716286
5716295
5716307
5716310
5716335
5716400
5716425
5716448
5716501
5716555
5716587
5716630
5716659
5716677
5716705
5716737
5716751
5716804
5716829
5716831
5716850
5716873
5716917
5716952
5716980
5717007
5717010
5717028
5717035
5717044
5717056
5717061
5717072
5717143
5717166
5717192
5717226
5717260
5717278
5717312
5717357
5717368
5717370
5717394
5717402
5717415
5717441
5717459
5717464
5717496
5717508
5717527
5717562
5717595
5717600
5717625
5717697
5717703
5717722
5717736
5717745
5717774
5717789
5717790
5717809
5717838
5717846
5717852
5717880
5717916
5717973
5717998
5718005
5718037
5718043
5718079
5718084
5718092
5718110
5718128
5718206
5718221
5718233
5718268
5718270
5718285
5718294
5718301
5718319
5718326
5718334
5718378
5718393
5718409
5718417
5718452
5718491
5718500
5718554
5718597
5718608
5718639
5718686
5718704
5718716
5718747
5718773
5718815
5718841
5718864
5718888
5718903
5718922
5718936
5718990
5719009
5719038
5719046
5719052
5719063
5719080
5719139
5719162
5719186
5719203
5719245
5719290
5719315
5719323
5719341
5719359
5719364
5719396
5719451
5719466
5719492
5719547
5719565
5719610
5719656
5719699
5719700
5719713
5719732
5719754
5719776
5719801
5719819
5719860
5719893
5719912
5719921
5719994
5720041
5720064
5720096
5720100
5720169
5720176
5720181
5720197
5720265
5720273
5720298
5720309
5720363
5720444
5720461
5720522
5720567
5720574
5720589
5720590
5720643
5720666
5720679
5720692
5720714
5720727
5720739
5720762
5720901
5720960
5720978
5720987
5721039
5721086
5721109
5721117
5721191
5721223
5721230
5721296
5721311
5721322
5721345
5721367
5721374
5721419
5721442
5721455
5721460
5721478
5721493
5721507
5721561
5721572
5721599
5721629
5721631
5721673
5721682
5721818
5721820
5721843
5721866
5721879
5721954
5722009
5722052
5722075
5722108
5722114
5722127
5722171
5722302
5722330
5722341
5722359
5722396
5722405
5722418
5722466
5722479
5722516
5722550
5722582
5722610
5722656
5722661
5722672
5722699
5722732
5722748
5722776
5722826
5722834
5722855
5722860
5722878
5722893
5722912
5722921
5722957
5722970
5722994
5723020
5723037
5723051
5723079
5723128
5723135
5723212
5723294
5723301
5723319
5723342
5723355
5723360
5723417
5723452
5723475
5723480
5723525
5723532
5723548
5723576
5723581
5723597
5723627
5723639
5723640
5723653
5723671
5723686
5723695
5723716
5723731
5723747
5723773
5723782
5723823
5723864
5723911
5723922
5723936
5723945
5723974
5723989
5723990
5724000
5724032
5724048
5724054
5724076
5724097
5724102
5724164
5724196
5724246
5724275
5724280
5724304
5724316
5724347
5724365
5724373
5724382
5724412
5724433
5724449
5724468
5724485
5724518
5724537
5724551
5724579
5724592
5724658
5724674
5724689
5724690
5724701
5724719
5724755
5724778
5724787
5724807
5724856
5724861
5724883
5724899
5724908
5724953
5724962
5724971
5725026
5725034
5725060
5725078
5725087
5725093
5725150
5725198
5725213
5725232
5725305
5725320
5725337
5725343
5725351
5725427
5725462
5725486
5725495
5725533
5725568
5725585
5725609
5725691
5725707
5725728
5725756
5725772
5725845
5725890
5725923
5725930
5725977
5726044
5726118
5726120
5726151
5726166
5726179
5726184
5726226
5726234
5726242
5726260
5726287
5726293
5726306
5726321
5726357
5726402
5726423
5726488
5726496
5726514
5726540
5726571
5726595
5726625
5726632
5726654
5726669
5726722
5726745
5726767
5726774
5726809
5726852
5726880
5726891
5726929
5726947
5726998
5727012
5727021
5727057
5727070
5727094
5727145
5727174
5727227
5727240
5727253
5727262
5727286
5727295
5727307
5727310
5727328
5727344
5727356
5727361
5727372
5727383
5727432
5727454
5727526
5727534
5727560
5727578
5727615
5727641
5727659
5727705
5727718
5727784
5727847
5727873
5727898
5727946
5727980
5728058
5728074
5728210
5728228
5728261
5728327
5728339
5728362
5728395
5728429
5728431
5728465
5728498
5728530
5728577
5728634
5728678
5728687
5728738
5728752
5728775
5728832
5728848
5728869
5728881
5728918
5728920
5728943
5728951
5729004
5729065
5729098
5729126
5729134
5729178
5729193
5729218
5729243
5729266
5729284
5729292
5729300
5729313
5729332
5729369
5729376
5729381
5729397
5729411
5729436
5729458
5729474
5729490
5729517
5729524
5729552
5729575
5729580
5729591
5729606
5729633
5729685
5729694
5729723
5729730
5729759
5729764
5729777
5729808
5729814
5729827
5729871
5729910
5729928
5729944
5729983
5730051
5730066
5730084
5730183
5730233
5730249
5730257
5730270
5730301
5730342
5730360
5730378
5730417
5730438
5730446
5730463
5730500
5730525
5730554
5730581
5730597
5730608
5730640
5730653
5730686
5730731
5730802
5730830
5730877
5730896
5730911
5730967
5730974
5730990
5731029
5731031
5731047
5731073
5731101
5731134
5731218
5731237
5731251
5731284
5731292
5731325
5731369
5731411
5731422
5731474
5731490
5731538
5731552
5731621
5731633
5731649
5731694
5731730
5731759
5731764
5731808
5731814
5731827
5731853
5731895
5731907
5731944
5731961
5731983
5732055
5732200
5732213
5732248
5732305
5732320
5732384
5732439
5732453
5732462
5732471
5732486
5732495
5732506
5732521
5732557
5732646
5732652
5732710
5732728
5732735
5732756
5732761
5732811
5732845
5732889
5732915
5732941
5732964
5732977
5733008
5733014
5733027
5733039
5733053
5733062
5733071
5733095
5733117
5733152
5733163
5733202
5733215
5733241
5733259
5733288
5733296
5733322
5733345
5733367
5733374
5733426
5733434
5733442
5733556
5733572
5733583
5733629
5733665
5733682
5733698
5733712
5733721
5733733
5733749
5733805
5733866
5733879
5733948
5733954
5733969
5733976
5733997
5734010
5734056
5734072
5734083
5734105
5734118
5734120
5734137
5734143
5734166
5734179
5734184
5734201
5734226
5734278
5734287
5734293
5734312
5734357
5734368
5734370
5734394
5734415
5734441
5734459
5734488
5734540
5734571
5734586
5734595
5734648
5734654
5734676
5734697
5734774
5734790
5734852
5734880
5734891
5734904
5734950
5734973
5735003
5735011
5735022
5735045
5735058
5735067
5735074
5735106
5735133
5735157
5735170
5735207
5735235
5735283
5735327
5735362
5735371
5735386
5735431
5735447
5735450
5735502
5735523
5735559
5735601
5735634
5735642
5735709
5735752
5735763
5735791
5735813
5735832
5735854
5735869
5735905
5735918
5735920
5735966
5735984
5736017
5736024
5736075
5736114
5736186
5736258
5736267
5736274
5736302
5736315
5736341
5736377
5736388
5736396
5736437
5736443
5736479
5736504
5736547
5736565
5736573
5736598
5736610
5736628
5736656
5736661
5736683
5736713
5736732
5736748
5736754
5736781
5736834
5736842
5736878
5736906
5736912
5736933
5736957
5737023
5737125
5737132
5737148
5737169
5737181
5737229
5737231
5737247
5737250
5737282
5737346
5737375
5737391
5737435
5737456
5737461
5737483
5737511
5737536
5737574
5737590
5737618
5737637
5737684
5737714
5737740
5737762
5737771
5737812
5737821
5737833
5737868
5737870
5737894
5737919
5737934
5737942
5737955
5737987
5737993
5738076
5738097
5738141
5738164
5738188
5738196
5738238
5738252
5738280
5738329
5738412
5738433
5738449
5738457
5738518
5738537
5738566
5738592
5738603
5738622
5738636
5738689
5738742
5738787
5738835
5738856
5738908
5738939
5738940
5738953
5738986
5739006
5739012
5739057
5739070
5739094
5739145
5739174
5739189
5739190
5739208
5739239
5739286
5739310
5739335
5739383
5739400
5739413
5739497
5739519
5739526
5739578
5739602
5739664
5739696
5739718
5739751
5739766
5739784
5739792
5739831
5739847
5739850
5739865
5739873
5739882
5739898
5739909
5739917
5739938
5739946
5739980
5739991
5740001
5740087
5740104
5740116
5740131
5740198
5740225
5740276
5740281
5740318
5740408
5740439
5740440
5740557
5740570
5740585
5740609
5740617
5740675
5740680
5740735
5740744
5740756
5740761
5740772
5740803
5740923
5740964
5740988
5741007
5741010
5741028
5741035
5741072
5741083
5741099
5741120
5741143
5741242
5741287
5741293
5741321
5741333
5741357
5741368
5741370
5741394
5741402
5741415
5741423
5741441
5741464
5741496
5741553
5741562
5741586
5741625
5741654
5741681
5741703
5741824
5741863
5741875
5741916
5741947
5741950
5741973
5742005
5742043
5742135
5742144
5742172
5742183
5742199
5742206
5742233
5742249
5742294
5742301
5742326
5742342
5742393
5742491
5742513
5742554
5742569
5742581
5742597
5742614
5742627
5742639
5742662
5742671
5742695
5742704
5742731
5742747
5742830
5742859
5742903
5742911
5742922
5742958
5742974
5742990
5743009
5743075
5743091
5743114
5743162
5743171
5743186
5743195
5743222
5743341
5743377
5743396
5743418
5743443
5743466
5743550
5743598
5743607
5743661
5743699
5743700
5743754
5743781
5743797
5743826
5743834
5743842
5743878
5743906
5743949
5743957
5743970
5743994
5744004
5744029
5744031
5744050
5744073
5744098
5744119
5744126
5744160
5744178
5744205
5744243
5744266
5744284
5744332
5744348
5744376
5744381
5744397
5744411
5744458
5744474
5744538
5744563
5744612
5744633
5744670
5744741
5744796
5744808
5744839
5744907
5744910
5744928
5744972
5745002
5745023
5745030
5745077
5745132
5745148
5745176
5745204
5745247
5745265
5745282
5745298
5745338
5745363
5745407
5745428
5745435
5745444
5745456
5745483
5745503
5745522
5745558
5745567
5745651
5745666
5745679
5745740
5745753
5745762
5745786
5745795
5745812
5745833
5745885
5745894
5745993
5746008
5746027
5746062
5746086
5746124
5746163
5746175
5746215
5746264
5746336
5746374
5746390
5746426
5746434
5746442
5746478
5746493
5746544
5746561
5746604
5746629
5746631
5746665
5746682
5746706
5746721
5746749
5746770
5746805
5746837
5746843
5746884
5746997
5747003
5747011
5747045
5747058
5747089
5747133
5747170
5747185
5747194
5747235
5747261
5747272
5747299
5747314
5747327
5747339
5747340
5747353
5747447
5747482
5747498
5747502
5747523
5747559
5747577
5747588
5747596
5747660
5747752
5747791
5747813
5747832
5747869
5747918
5747920
5747937
5747966
5747992
5748006
5748012
5748049
5748070
5748094
5748103
5748122
5748167
5748174
5748240
5748286
5748328
5748335
5748356
5748413
5748425
5748448
5748519
5748534
5748587
5748602
5748615
5748641
5748705
5748718
5748804
5748829
5748831
5748850
5748865
5748882
5748991
5749025
5749032
5749069
5749081
5749097
5749123
5749130
5749141
5749164
5749188
5749224
5749252
5749263
5749280
5749291
5749316
5749347
5749365
5749373
5749382
5749412
5749421
5749485
5749537
5749543
5749566
5749645
5749674
5749689
5749690
5749726
5749734
5749755
5749760
5749778
5749787
5749807
5749828
5749908
5749914
5749927
5749995
5750009
5750017
5750024
5750038
5750108
5750139
5750162
5750203
5750267
5750274
5750289
5750290
5750302
5750330
5750396
5750405
5750437
5750443
5750504
5750547
5750550
5750607
5750628
5750635
5750699
5750713
5750725
5750732
5750801
5750855
5750878
5750887
5750893
5750921
5750933
5750957
5750985
5751000
5751013
5751048
5751054
5751069
5751076
5751159
5751164
5751224
5751238
5751246
5751280
5751316
5751329
5751331
5751347
5751365
5751373
5751382
5751398
5751406
5751457
5751470
5751485
5751505
5751551
5751566
5751584
5751611
5751658
5751674
5751726
5751734
5751742
5751755
5751760
5751778
5751787
5751793
5751810
5751828
5751835
5751844
5751861
5751872
5751939
5751971
5751986
5752015
5752059
5752113
5752148
5752181
5752197
5752216
5752273
5752282
5752298
5752338
5752346
5752375
5752391
5752456
5752536
5752567
5752637
5752643
5752651
5752727
5752753
5752849
5752868
5752870
5752894
5752901
5752960
5753010
5753035
5753083
5753105
5753118
5753151
5753179
5753226
5753287
5753306
5753312
5753441
5753459
5753464
5753496
5753540
5753553
5753595
5753648
5753669
5753697
5753736
5753758
5753789
5753809
5753817
5753852
5753863
5753880
5753904
5753916
5753929
5753931
5753947
5753950
5753965
5753973
5754062
5754095
5754138
5754191
5754230
5754264
5754277
5754288
5754311
5754322
5754336
5754345
5754358
5754367
5754390
5754510
5754535
5754556
5754561
5754583
5754599
5754616
5754629
5754650
5754682
5754698
5754768
5754805
5754837
5754843
5754851
5754866
5754884
5754892
5754948
5754954
5754976
5754997
5755033
5755057
5755085
5755094
5755103
5755189
5755227
5755253
5755271
5755286
5755295
5755307
5755328
5755344
5755383
5755497
5755542
5755555
5755578
5755587
5755664
5755677
5755688
5755696
5755705
5755718
5755737
5755743
5755766
5755779
5755804
5755816
5755829
5755865
5755882
5755924
5755938
5755963
5756005
5756020
5756107
5756135
5756144
5756156
5756161
5756172
5756183
5756212
5756221
5756233
5756249
5756257
5756270
5756301
5756319
5756360
5756393
5756409
5756424
5756438
5756446
5756463
5756475
5756513
5756532
5756548
5756569
5756576
5756597
5756608
5756614
5756671
5756686
5756704
5756716
5756798
5756864
5756888
5756936
5756945
5756967
5756974
5756989
5756990
5757078
5757093
5757104
5757147
5757182
5757198
5757213
5757225
5757248
5757269
5757337
5757343
5757351
5757366
5757392
5757439
5757453
5757471
5757486
5757495
5757506
5757533
5757568
5757585
5757609
5757646
5757663
5757675
5757680
5757707
5757710
5757728
5757761
5757772
5757811
5757822
5757874
5757890
5757923
5757941
5757977
5757988
5758029
5758031
5758126
5758134
5758187
5758220
5758266
5758292
5758332
5758369
5758381
5758397
5758411
5758445
5758467
5758490
5758552
5758575
5758621
5758657
5758685
5758702
5758715
5758730
5758741
5758759
5758764
5758796
5758827
5758839
5758840
5758895
5758907
5758910
5758956
5759022
5759036
5759074
5759121
5759133
5759168
5759207
5759210
5759235
5759299
5759308
5759327
5759339
5759340
5759362
5759395
5759482
5759498
5759559
5759678
5759780
5759791
5759813
5759848
5759905
5759918
5759943
5759966
5760056
5760061
5760083
5760105
5760118
5760151
5760166
5760179
5760184
5760201
5760226
5760255
5760312
5760349
5760370
5760385
5760415
5760423
5760514
5760654
5760711
5760745
5760758
5760790
5760817
5760852
5760880
5760916
5760947
5760965
5761036
5761058
5761074
5761112
5761149
5761228
5761235
5761261
5761272
5761299
5761314
5761327
5761339
5761340
5761386
5761404
5761447
5761482
5761498
5761523
5761541
5761559
5761564
5761601
5761619
5761660
5761678
5761693
5761717
5761724
5761738
5761763
5761800
5761813
5761825
5761854
5761869
5761897
5761920
5761943
5761966
5762049
5762057
5762167
5762189
5762240
5762253
5762271
5762286
5762335
5762344
5762425
5762432
5762454
5762476
5762497
5762526
5762555
5762560
5762587
5762593
5762623
5762641
5762659
5762664
5762677
5762688
5762720
5762792
5762804
5762909
5762917
5762938
5762952
5763025
5763102
5763130
5763164
5763177
5763196
5763238
5763263
5763280
5763291
5763304
5763365
5763382
5763406
5763421
5763457
5763468
5763485
5763505
5763518
5763551
5763622
5763645
5763719
5763726
5763778
5763787
5763807
5763835
5763872
5763927
5763939
5763940
5763962
5764005
5764018
5764020
5764079
5764084
5764107
5764161
5764183
5764212
5764249
5764285
5764319
5764326
5764342
5764393
5764417
5764446
5764463
5764475
5764480
5764500
5764532
5764576
5764581
5764597
5764653
5764686
5764704
5764731
5764747
5764750
5764773
5764782
5764864
5764896
5764911
5764922
5764936
5764989
5765031
5765047
5765098
5765119
5765126
5765134
5765218
5765243
5765284
5765325
5765332
5765348
5765369
5765458
5765467
5765474
5765509
5765546
5765633
5765657
5765668
5765685
5765723
5765730
5765759
5765764
5765788
5765796
5765808
5765814
5765827
5765839
5765853
5765862
5765944
5765999
5766015
5766030
5766059
5766064
5766113
5766125
5766132
5766148
5766181
5766197
5766247
5766250
5766265
5766282
5766309
5766317
5766346
5766352
5766363
5766380
5766444
5766456
5766511
5766558
5766605
5766651
5766708
5766714
5766740
5766753
5766806
5766901
5766919
5766926
5766942
5766955
5766978
5767017
5767038
5767046
5767080
5767127
5767140
5767162
5767171
5767186
5767195
5767222
5767245
5767267
5767289
5767302
5767323
5767359
5767388
5767405
5767443
5767479
5767504
5767529
5767531
5767547
5767565
5767573
5767582
5767598
5767610
5767635
5767656
5767672
5767683
5767732
5767801
5767826
5767842
5767855
5767878
5767887
5767893
5767949
5767957
5767970
5767994
5768008
5768053
5768086
5768109
5768163
5768215
5768230
5768358
5768426
5768442
5768455
5768478
5768493
5768528
5768556
5768561
5768583
5768599
5768616
5768629
5768631
5768647
5768665
5768673
5768706
5768712
5768721
5768749
5768805
5768820
5768884
5768892
5768900
5768913
5768925
5769001
5769034
5769042
5769060
5769116
5769147
5769165
5769173
5769213
5769305
5769343
5769351
5769392
5769440
5769512
5769549
5769585
5769594
5769663
5769675
5769707
5769735
5769811
5769845
5769858
5769874
5769889
5769902
5769923
5769996
5770039
5770138
5770163
5770175
5770191
5770241
5770259
5770277
5770303
5770345
5770367
5770374
5770389
5770401
5770419
5770426
5770460
5770478
5770487
5770507
5770510
5770535
5770556
5770599
5770631
5770682
5770698
5770712
5770721
5770733
5770818
5770900
5770932
5770954
5771012
5771021
5771068
5771094
5771189
5771208
5771214
5771240
5771286
5771356
5771361
5771400
5771454
5771519
5771526
5771560
5771630
5771677
5771705
5771718
5771743
5771779
5771792
5771816
5771882
5771938
5771963
5771975
5772045
5772074
5772121
5772157
5772235
5772283
5772327
5772339
5772340
5772353
5772371
5772404
5772447
5772465
5772482
5772498
5772515
5772601
5772619
5772642
5772655
5772693
5772724
5772752
5772813
5772832
5772848
5772876
5772918
5772943
5772951
5772979
5772984
5772992
5773050
5773065
5773119
5773134
5773155
5773160
5773187
5773205
5773237
5773243
5773251
5773292
5773369
5773403
5773436
5773445
5773458
5773474
5773490
5773524
5773552
5773606
5773633
5773649
5773685
5773741
5773796
5773827
5773871
5773907
5773928
5773944
5773956
5773961
5773972
5774063
5774075
5774114
5774153
5774171
5774195
5774245
5774274
5774289
5774315
5774364
5774418
5774437
5774466
5774492
5774504
5774529
5774598
5774607
5774661
5774672
5774699
5774725
5774732
5774748
5774754
5774769
5774776
5774797
5774826
5774834
5774842
5774860
5774893
5774921
5774994
5775048
5775081
5775097
5775115
5775123
5775130
5775164
5775188
5775246
5775291
5775316
5775331
5775350
5775365
5775382
5775421
5775457
5775470
5775494
5775543
5775566
5775592
5775611
5775701
5775719
5775726
5775742
5775755
5775835
5775856
5775953
5775986
5776001
5776055
5776078
5776087
5776093
5776104
5776147
5776165
5776225
5776276
5776297
5776305
5776343
5776351
5776366
5776379
5776392
5776439
5776453
5776462
5776471
5776486
5776495
5776506
5776557
5776609
5776617
5776638
5776663
5776675
5776691
5776707
5776728
5776772
5776783
5776811
5776822
5776874
5776930
5776996
5777005
5777018
5777084
5777156
5777161
5777172
5777199
5777206
5777233
5777257
5777270
5777301
5777326
5777334
5777378
5777387
5777393
5777475
5777480
5777491
5777500
5777513
5777525
5777576
5777581
5777597
5777614
5777627
5777639
5777662
5777686
5777716
5777729
5777765
5777773
5777782
5777802
5777841
5777877
5777896
5777958
5777967
5777974
5778007
5778028
5778061
5778083
5778099
5778105
5778120
5778143
5778151
5778166
5778179
5778226
5778260
5778278
5778293
5778357
5778464
5778488
5778508
5778514
5778527
5778539
5778571
5778625
5778632
5778676
5778697
5778703
5778736
5778745
5778774
5778790
5778817
5778852
5778891
5778929
5778947
5778973
5779023
5779096
5779100
5779125
5779148
5779247
5779250
5779265
5779282
5779298
5779309
5779375
5779380
5779407
5779410
5779435
5779456
5779472
5779511
5779522
5779545
5779558
5779589
5779605
5779618
5779637
5779643
5779651
5779684
5779714
5779727
5779812
5779821
5779833
5779868
5779894
5779919
5779934
5779993
5780029
5780031
5780065
5780082
5780119
5780155
5780205
5780220
5780243
5780251
5780266
5780348
5780354
5780376
5780403
5780436
5780467
5780474
5780524
5780538
5780552
5780580
5780657
5780668
5780670
5780777
5780827
5780862
5780928
5780961
5780999
5781041
5781077
5781088
5781096
5781113
5781148
5781154
5781169
5781176
5781181
5781204
5781231
5781363
5781410
5781435
5781483
5781511
5781558
5781618
5781651
5781692
5781727
5781740
5781753
5781771
5781795
5781806
5781849
5781857
5781868
5781894
5781960
5781987
5782032
5782076
5782081
5782102
5782141
5782159
5782177
5782196
5782263
5782291
5782304
5782347
5782365
5782373
5782398
5782433
5782449
5782494
5782537
5782584
5782592
5782636
5782734
5782755
5782778
5782787
5782793
5782810
5782828
5782861
5782908
5782914
5782940
5782962
5782986
5782995
5783006
5783033
5783085
5783136
5783158
5783189
5783253
5783271
5783286
5783295
5783328
5783335
5783356
5783383
5783399
5783413
5783469
5783481
5783534
5783542
5783555
5783578
5783615
5783664
5783677
5783688
5783751
5783784
5783816
5783847
5783898
5783909
5783938
5783946
5783963
5784001
5784034
5784087
5784116
5784150
5784165
5784182
5784225
5784248
5784281
5784318
5784366
5784384
5784392
5784408
5784414
5784440
5784512
5784549
5784585
5784594
5784638
5784652
5784663
5784680
5784728
5784735
5784803
5784811
5784858
5784874
5784890
5784902
5784915
5784923
5784930
5784941
5784964
5784988
5784996
5785035
5785044
5785072
5785083
5785099
5785105
5785118
5785137
5785151
5785192
5785234
5785242
5785255
5785260
5785287
5785306
5785312
5785357
5785370
5785394
5785441
5785459
5785508
5785527
5785540
5785586
5785600
5785654
5785676
5785722
5785736
5785745
5785758
5785774
5785790
5785817
5785838
5785846
5785852
5785875
5785916
5785965
5786003
5786036
5786112
5786157
5786170
5786185
5786194
5786207
5786210
5786235
5786256
5786299
5786308
5786327
5786340
5786353
5786386
5786447
5786473
5786515
5786596
5786619
5786634
5786642
5786655
5786678
5786687
5786717
5786746
5786763
5786813
5786825
5786848
5786869
5786876
5786881
5786897
5786905
5786920
5786951
5786966
5786992
5787008
5787014
5787027
5787039
5787053
5787062
5787175
5787180
5787241
5787259
5787288
5787303
5787311
5787345
5787367
5787419
5787426
5787434
5787460
5787478
5787507
5787510
5787572
5787599
5787616
5787629
5787647
5787698
5787706
5787721
5787733
5787770
5787785
5787794
5787818
5787820
5787843
5787851
5787892
5787925
5787969
5787997
5788017
5788024
5788038
5788046
5788114
5788127
5788153
5788195
5788211
5788222
5788289
5788315
5788323
5788364
5788377
5788418
5788443
5788484
5788531
5788565
5788610
5788635
5788661
5788801
5788819
5788826
5788855
5788860
5788893
5788921
5788970
5789037
5789110
5789161
5789233
5789270
5789285
5789342
5789378
5789393
5789409
5789500
5789513
5789548
5789581
5789597
5789639
5789695
5789716
5789747
5789750
5789765
5789823
5789830
5789841
5789859
5789877
5789896
5789911
5789967
5789990
5790006
5790122
5790189
5790190
5790227
5790262
5790286
5790328
5790344
5790356
5790383
5790432
5790476
5790481
5790497
5790501
5790519
5790526
5790534
5790542
5790560
5790578
5790602
5790615
5790623
5790696
5790720
5790743
5790779
5790804
5790816
5790829
5790865
5790924
5790946
5790952
5790963
5790991
5791018
5791043
5791079
5791084
5791135
5791144
5791156
5791161
5791199
5791233
5791249
5791360
5791387
5791417
5791446
5791463
5791475
5791480
5791491
5791532
5791548
5791581
5791608
5791639
5791716
5791747
5791830
5791888
5791896
5791911
5791945
5791974
5792035
5792044
5792061
5792072
5792083
5792099
5792105
5792151
5792179
5792201
5792219
5792226
5792278
5792321
5792349
5792370
5792402
5792415
5792423
5792430
5792441
5792464
5792508
5792514
5792527
5792539
5792562
5792571
5792586
5792613
5792632
5792654
5792669
5792697
5792767
5792789
5792824
5792838
5792846
5792852
5792891
5792904
5792929
5792973
5792998
5793023
5793030
5793088
5793096
5793125
5793154
5793169
5793181
5793204
5793247
5793250
5793282
5793309
5793363
5793375
5793410
5793428
5793444
5793522
5793545
5793567
5793589
5793590
5793605
5793666
5793812
5793857
5793868
5793870
5793894
5793901
5793919
5793955
5793960
5794011
5794067
5794074
5794112
5794121
5794149
5794168
5794170
5794194
5794207
5794210
5794244
5794256
5794261
5794272
5794283
5794308
5794339
5794404
5794431
5794447
5794482
5794523
5794541
5794559
5794596
5794601
5794626
5794660
5794678
5794693
5794746
5794752
5794763
5794775
5794780
5794791
5794800
5794869
5794876
5794905
5794918
5794937
5794943
5794966
5794979
5795009
5795024
5795038
5795153
5795171
5795258
5795289
5795377
5795437
5795443
5795451
5795466
5795504
5795565
5795582
5795635
5795656
5795683
5795748
5795769
5795797
5795801
5795826
5795855
5795887
5795906
5795921
5795957
5795970
5796000
5796048
5796141
5796164
5796188
5796217
5796263
5796280
5796373
5796398
5796433
5796468
5796470
5796494
5796505
5796551
5796566
5796645
5796690
5796701
5796726
5796755
5796793
5796810
5796828
5796835
5796856
5796872
5796908
5796939
5796940
5796995
5797004
5797031
5797082
5797098
5797126
5797187
5797193
5797205
5797237
5797243
5797251
5797284
5797300
5797325
5797348
5797411
5797445
5797474
5797489
5797490
5797524
5797538
5797546
5797575
5797621
5797649
5797657
5797670
5797715
5797723
5797741
5797788
5797840
5797999
5798001
5798147
5798150
5798165
5798198
5798225
5798232
5798248
5798269
5798297
5798392
5798414
5798453
5798462
5798495
5798512
5798533
5798549
5798568
5798585
5798617
5798638
5798675
5798691
5798707
5798744
5798756
5798772
5798799
5798803
5798836
5798845
5798867
5798889
5798902
5799014
5799040
5799071
5799086
5799095
5799117
5799138
5799175
5799191
5799223
5799230
5799296
5799311
5799336
5799358
5799389
5799434
5799442
5799455
5799507
5799535
5799556
5799599
5799616
5799629
5799665
5799682
5799706
5799712
5799749
5799794
5799805
5799837
5799879
5799892
5799900
5799925
5799948
5799954
5799997
